-5371,2.68,-10787,3.09,655,3,2558,16_41_37_10_03_2025,0.06,9.69,0.02,2.33,1.69,2.23
-5228,2.67,-10480,3.07,655,3,2888,16_41_37_10_03_2025,0.07,9.71,0.03,0.00,-0.01,-0.01
-5344,2.68,-10524,3.07,656,3,2926,16_41_37_10_03_2025,0.07,9.70,0.02,0.01,-0.01,-0.01
-5380,2.68,-10488,3.07,655,3,2964,16_41_37_10_03_2025,0.06,9.70,0.02,0.01,-0.01,-0.01
-5053,2.66,-10428,3.06,655,3,3001,16_41_37_10_03_2025,0.06,9.71,0.02,0.01,-0.01,-0.01
-5181,2.67,-10363,3.06,655,3,3039,16_41_37_10_03_2025,0.07,9.70,0.02,0.01,-0.01,-0.01
-5220,2.67,-10494,3.07,655,3,3080,16_41_37_10_03_2025,0.06,9.70,0.02,0.01,-0.01,-0.01
-5391,2.68,-10398,3.06,656,3,3118,16_41_37_10_03_2025,0.06,9.71,0.02,0.01,-0.01,-0.01
-5396,2.68,-10499,3.07,655,3,3155,16_41_37_10_03_2025,0.06,9.70,0.02,0.01,-0.01,-0.01
-5288,2.67,-10408,3.06,655,3,3192,16_41_37_10_03_2025,0.07,9.70,0.02,0.01,-0.01,-0.01
-5221,2.67,-10294,3.05,656,3,3231,16_41_37_10_03_2025,0.06,9.70,0.01,0.01,-0.01,-0.01
-5195,2.67,-10458,3.07,655,3,3271,16_41_37_10_03_2025,0.07,9.69,0.03,0.01,-0.01,-0.01
-5262,2.67,-10505,3.07,655,3,3320,16_41_37_10_03_2025,0.06,9.70,0.03,0.00,-0.01,-0.01
-5360,2.68,-10474,3.07,655,3,3359,16_41_37_10_03_2025,0.06,9.70,0.02,0.01,-0.01,-0.01
-5336,2.68,-10469,3.07,656,3,3399,16_41_37_10_03_2025,0.06,9.69,0.02,0.00,-0.01,-0.01
-5245,2.67,-10253,3.05,655,3,3439,16_41_37_10_03_2025,0.07,9.71,0.03,0.01,-0.01,-0.01
-5191,2.67,-10189,3.04,656,3,3479,16_41_37_10_03_2025,0.06,9.70,0.02,0.01,-0.01,-0.01
-5212,2.67,-10355,3.06,655,3,3518,16_41_38_10_03_2025,0.08,9.70,0.03,0.00,-0.01,-0.01
-5374,2.68,-10323,3.05,655,3,3561,16_41_38_10_03_2025,0.06,9.69,0.02,0.00,-0.01,-0.01
-5231,2.67,-10368,3.06,656,3,3601,16_41_38_10_03_2025,0.07,9.70,0.03,0.00,-0.01,-0.01
-5329,2.68,-10218,3.05,656,3,3640,16_41_38_10_03_2025,0.06,9.69,0.03,0.00,-0.01,-0.01
-5233,2.67,-10340,3.06,656,3,3687,16_41_38_10_03_2025,0.07,9.69,0.02,0.01,-0.01,-0.01
-5185,2.67,-10291,3.05,655,3,3727,16_41_38_10_03_2025,0.07,9.71,0.01,0.00,-0.01,-0.01
-5211,2.67,-10333,3.06,655,3,3767,16_41_38_10_03_2025,0.07,9.70,0.02,0.00,-0.01,-0.01
-5416,2.68,-10380,3.06,655,3,3817,16_41_38_10_03_2025,0.07,9.70,0.03,0.01,-0.01,-0.01
-5400,2.68,-10290,3.05,655,3,3857,16_41_38_10_03_2025,0.07,9.71,0.02,0.01,-0.01,-0.01
-5396,2.68,-10319,3.05,655,3,3897,16_41_38_10_03_2025,0.07,9.70,0.02,0.00,-0.01,-0.01
-5318,2.68,-10273,3.05,656,3,3936,16_41_38_10_03_2025,0.06,9.69,0.03,0.01,-0.01,-0.01
-5288,2.67,-10300,3.05,656,3,3977,16_41_38_10_03_2025,0.07,9.70,0.03,0.00,-0.01,-0.01
-5320,2.68,-10244,3.05,655,3,4016,16_41_38_10_03_2025,0.06,9.69,0.01,0.00,-0.01,-0.01
-5424,2.68,-10177,3.04,655,3,4059,16_41_38_10_03_2025,0.07,9.71,0.02,0.00,-0.01,-0.01
-5297,2.67,-10231,3.05,655,3,4099,16_41_38_10_03_2025,0.07,9.70,0.02,0.01,-0.01,-0.01
-5339,2.68,-10244,3.05,655,3,4139,16_41_38_10_03_2025,0.06,9.69,0.03,0.01,-0.01,-0.01
-5301,2.67,-10308,3.05,655,3,4178,16_41_38_10_03_2025,0.07,9.70,0.02,0.01,-0.01,-0.01
-5341,2.68,-10346,3.06,656,3,4218,16_41_38_10_03_2025,0.07,9.69,0.02,0.00,-0.01,-0.01
-5193,2.67,-10388,3.06,655,3,4258,16_41_38_10_03_2025,0.07,9.70,0.03,0.01,-0.01,-0.01
-5207,2.67,-10302,3.05,655,3,4309,16_41_38_10_03_2025,0.06,9.71,0.03,0.01,-0.01,-0.01
-5425,2.68,-10105,3.04,655,3,4351,16_41_38_10_03_2025,0.06,9.70,0.02,0.00,-0.01,-0.01
-5178,2.66,-10226,3.05,655,3,4390,16_41_38_10_03_2025,0.07,9.70,0.02,0.01,-0.01,-0.01
-5224,2.67,-10196,3.05,655,3,4430,16_41_38_10_03_2025,0.06,9.69,0.03,0.00,-0.01,-0.01
-5172,2.66,-10113,3.04,655,3,4470,16_41_38_10_03_2025,0.07,9.71,0.02,0.00,-0.01,-0.01
-5200,2.67,-10083,3.04,655,3,4509,16_41_39_10_03_2025,0.06,9.69,0.03,0.00,-0.01,-0.01
-5264,2.67,-10225,3.05,655,3,4552,16_41_39_10_03_2025,0.07,9.69,0.02,0.00,-0.01,-0.01
-5338,2.68,-10055,3.03,655,3,4592,16_41_39_10_03_2025,0.06,9.71,0.02,0.00,-0.01,-0.01
-5286,2.67,-10280,3.05,655,3,4631,16_41_39_10_03_2025,0.07,9.70,0.03,0.00,-0.01,-0.01
-5208,2.67,-10229,3.05,655,3,4671,16_41_39_10_03_2025,0.06,9.71,0.02,0.01,-0.01,-0.01
-5185,2.67,-10192,3.04,656,3,4711,16_41_39_10_03_2025,0.06,9.69,0.02,0.01,-0.01,-0.01
-5303,2.67,-10040,3.03,656,3,4751,16_41_39_10_03_2025,0.07,9.69,0.02,0.00,-0.01,-0.01
-5265,2.67,-10247,3.05,656,3,4801,16_41_39_10_03_2025,0.07,9.70,0.02,0.00,-0.01,-0.01
-5240,2.67,-10248,3.05,656,3,4840,16_41_39_10_03_2025,0.06,9.71,0.02,0.01,-0.01,-0.01
-5040,2.65,-10110,3.04,656,3,4880,16_41_39_10_03_2025,0.06,9.71,0.03,0.00,-0.01,-0.01
-5264,2.67,-10086,3.04,655,3,4920,16_41_39_10_03_2025,0.06,9.70,0.03,0.01,-0.01,-0.01
-5225,2.67,-10154,3.04,655,3,4960,16_41_39_10_03_2025,0.05,9.70,0.02,0.01,-0.01,-0.01
-5251,2.67,-10166,3.04,655,3,5003,16_41_39_10_03_2025,0.06,9.69,0.02,0.00,-0.01,-0.01
-5223,2.67,-10271,3.05,656,3,5042,16_41_39_10_03_2025,0.07,9.70,0.02,0.00,-0.01,-0.01
-5225,2.67,-10095,3.04,655,3,5082,16_41_39_10_03_2025,0.06,9.70,0.01,0.00,-0.01,-0.01
-5352,2.68,-10221,3.05,655,3,5122,16_41_39_10_03_2025,0.06,9.69,0.02,0.01,-0.01,-0.01
-5288,2.67,-10096,3.04,655,3,5161,16_41_39_10_03_2025,0.06,9.70,0.02,0.00,-0.01,-0.01
-5126,2.66,-10121,3.04,656,3,5201,16_41_39_10_03_2025,0.06,9.70,0.03,0.00,-0.01,-0.01
-5293,2.67,-10084,3.04,655,3,5251,16_41_39_10_03_2025,0.07,9.70,0.02,0.00,-0.01,-0.01
-5259,2.67,-10248,3.05,655,3,5290,16_41_39_10_03_2025,0.07,9.71,0.02,0.01,-0.01,-0.01
-5363,2.68,-10324,3.05,655,3,5330,16_41_39_10_03_2025,0.06,9.71,0.03,0.01,-0.01,-0.01
-5357,2.68,-10184,3.04,655,3,5370,16_41_39_10_03_2025,0.07,9.69,0.01,0.01,-0.01,-0.01
-5423,2.68,-10215,3.05,656,3,5410,16_41_39_10_03_2025,0.06,9.70,0.03,0.00,-0.00,-0.01
-5219,2.67,-10148,3.04,656,3,5452,16_41_39_10_03_2025,0.07,9.69,0.02,0.01,-0.01,-0.01
-5136,2.66,-9975,3.03,655,3,5494,16_41_39_10_03_2025,0.06,9.70,0.03,0.00,-0.01,-0.01
-5241,2.67,-10010,3.03,655,3,5533,16_41_40_10_03_2025,0.06,9.71,0.02,0.01,-0.01,-0.01
-5250,2.67,-10023,3.03,655,3,5574,16_41_40_10_03_2025,0.06,9.70,0.02,0.00,-0.01,-0.01
-5379,2.68,-10001,3.03,655,3,5614,16_41_40_10_03_2025,0.06,9.70,0.02,0.00,-0.01,-0.01
-5252,2.67,-10153,3.04,655,3,5653,16_41_40_10_03_2025,0.07,9.70,0.02,0.00,-0.01,-0.01
-5254,2.67,-10053,3.03,656,3,5694,16_41_40_10_03_2025,0.06,9.71,0.02,0.00,-0.01,-0.01
-5232,2.67,-10059,3.03,655,3,5745,16_41_40_10_03_2025,0.06,9.69,0.02,0.01,-0.01,-0.01
-5294,2.67,-10161,3.04,656,3,5786,16_41_40_10_03_2025,0.06,9.70,0.03,0.01,-0.01,-0.01
-5412,2.68,-10021,3.03,656,3,5825,16_41_40_10_03_2025,0.07,9.71,0.02,0.00,-0.01,-0.01
-5323,2.68,-10110,3.04,655,3,5866,16_41_40_10_03_2025,0.06,9.71,0.02,0.00,-0.01,-0.01
-5174,2.66,-10074,3.04,655,3,5907,16_41_40_10_03_2025,0.07,9.69,0.02,0.01,-0.01,-0.01
-5290,2.67,-10074,3.04,655,3,5946,16_41_40_10_03_2025,0.07,9.71,0.02,0.00,-0.01,-0.01
-5303,2.67,-10142,3.04,656,3,5990,16_41_40_10_03_2025,0.07,9.70,0.02,0.00,-0.01,-0.01
-5289,2.67,-10150,3.04,655,3,6030,16_41_40_10_03_2025,0.07,9.69,0.02,0.00,-0.01,-0.01
-5232,2.67,-10202,3.05,654,3,6070,16_41_40_10_03_2025,0.06,9.70,0.02,0.00,-0.01,-0.01
-5385,2.68,-10202,3.05,655,3,6110,16_41_40_10_03_2025,0.07,9.71,0.02,0.00,-0.01,-0.01
-5434,2.68,-10105,3.04,655,3,6150,16_41_40_10_03_2025,0.07,9.70,0.03,0.00,-0.01,-0.01
-5167,2.66,-10005,3.03,655,3,6190,16_41_40_10_03_2025,0.06,9.71,0.01,0.00,-0.01,-0.01
-5265,2.67,-10104,3.04,656,3,6241,16_41_40_10_03_2025,0.07,9.69,0.02,0.01,-0.01,-0.01
-5289,2.67,-10173,3.04,656,3,6281,16_41_40_10_03_2025,0.07,9.70,0.02,0.01,-0.01,-0.01
-5054,2.66,-10024,3.03,655,3,6321,16_41_40_10_03_2025,0.06,9.70,0.02,0.00,-0.01,-0.01
-5426,2.68,-10142,3.04,656,3,6361,16_41_40_10_03_2025,0.06,9.69,0.02,0.00,-0.01,-0.01
-5423,2.68,-10001,3.03,655,3,6401,16_41_40_10_03_2025,0.06,9.71,0.02,0.01,-0.01,-0.01
-5144,2.66,-10040,3.03,655,3,6442,16_41_40_10_03_2025,0.06,9.71,0.03,0.01,-0.01,-0.01
-5141,2.66,-10291,3.05,656,3,6485,16_41_40_10_03_2025,0.06,9.71,0.03,0.00,-0.01,-0.01
-5239,2.67,-10283,3.05,656,3,6527,16_41_41_10_03_2025,0.06,9.71,0.02,0.00,-0.01,-0.01
-5427,2.68,-10022,3.03,655,3,6568,16_41_41_10_03_2025,0.06,9.69,0.01,0.01,-0.01,-0.01
-5258,2.67,-9952,3.03,655,3,6608,16_41_41_10_03_2025,0.06,9.70,0.01,0.00,-0.01,-0.01
-5192,2.67,-10231,3.05,655,3,6648,16_41_41_10_03_2025,0.06,9.69,0.02,0.01,-0.01,-0.01
-5274,2.67,-9955,3.03,656,3,6689,16_41_41_10_03_2025,0.06,9.70,0.03,0.00,-0.01,-0.01
-5231,2.67,-10057,3.03,656,3,6741,16_41_41_10_03_2025,0.07,9.70,0.03,0.00,-0.01,-0.01
-5393,2.68,-10034,3.03,655,3,6780,16_41_41_10_03_2025,0.07,9.70,0.02,0.01,-0.01,-0.01
-5497,2.69,-10011,3.03,656,3,6820,16_41_41_10_03_2025,0.07,9.71,0.02,0.01,-0.01,-0.01
-5211,2.67,-9922,3.02,655,3,6861,16_41_41_10_03_2025,0.07,9.70,0.02,0.00,-0.01,-0.01
-5408,2.68,-9978,3.03,655,3,6901,16_41_41_10_03_2025,0.06,9.69,0.02,0.00,-0.01,-0.01
-5266,2.67,-10301,3.05,656,3,6941,16_41_41_10_03_2025,0.07,9.69,0.03,0.00,-0.01,-0.01
-5270,2.67,-10052,3.03,655,3,6984,16_41_41_10_03_2025,0.07,9.70,0.02,0.00,-0.01,-0.01
-5108,2.66,-10207,3.05,654,3,7024,16_41_41_10_03_2025,0.06,9.70,0.03,0.01,-0.01,-0.01
-5202,2.67,-10152,3.04,655,3,7064,16_41_41_10_03_2025,0.05,9.71,0.02,0.01,-0.01,-0.01
-5414,2.68,-10002,3.03,656,3,7105,16_41_41_10_03_2025,0.06,9.70,0.02,0.00,-0.01,-0.01
-5228,2.67,-10138,3.04,655,3,7145,16_41_41_10_03_2025,0.07,9.70,0.02,0.01,-0.01,-0.01
-5224,2.67,-10028,3.03,655,3,7186,16_41_41_10_03_2025,0.06,9.69,0.02,0.01,-0.01,-0.01
-5359,2.68,-9852,3.02,655,3,7237,16_41_41_10_03_2025,0.06,9.70,0.01,0.01,-0.01,-0.01
-5222,2.67,-9992,3.03,656,3,7278,16_41_41_10_03_2025,0.06,9.70,0.03,0.01,-0.01,-0.01
-5167,2.66,-10016,3.03,656,3,7318,16_41_41_10_03_2025,0.07,9.70,0.02,0.00,-0.01,-0.01
-5221,2.67,-10065,3.04,656,3,7358,16_41_41_10_03_2025,0.07,9.71,0.02,0.01,-0.01,-0.01
-5287,2.67,-10197,3.05,655,3,7399,16_41_41_10_03_2025,0.07,9.69,0.03,0.01,-0.01,-0.01
-5307,2.67,-10171,3.04,655,3,7442,16_41_41_10_03_2025,0.07,9.70,0.03,0.01,-0.01,-0.01
-5339,2.68,-10038,3.03,656,3,7482,16_41_41_10_03_2025,0.06,9.70,0.02,0.01,-0.01,-0.01
-5186,2.67,-10113,3.04,655,3,7522,16_41_42_10_03_2025,0.06,9.70,0.03,0.00,-0.01,-0.01
-5229,2.67,-10101,3.04,655,3,7562,16_41_42_10_03_2025,0.07,9.70,0.02,0.00,-0.01,-0.01
-5284,2.67,-10033,3.03,655,3,7602,16_41_42_10_03_2025,0.07,9.70,0.02,0.01,-0.01,-0.01
-5246,2.67,-9960,3.03,655,3,7644,16_41_42_10_03_2025,0.06,9.70,0.01,0.00,-0.01,-0.01
-5320,2.68,-10106,3.04,655,3,7696,16_41_42_10_03_2025,0.06,9.69,0.02,0.00,-0.01,-0.01
-5279,2.67,-9941,3.03,656,3,7736,16_41_42_10_03_2025,0.06,9.71,0.02,0.00,-0.01,-0.01
-5201,2.67,-10132,3.04,655,3,7776,16_41_42_10_03_2025,0.06,9.69,0.03,0.00,-0.01,-0.01
-5272,2.67,-10089,3.04,656,3,7817,16_41_42_10_03_2025,0.07,9.70,0.02,0.01,-0.01,-0.01
-5233,2.67,-10085,3.04,655,3,7858,16_41_42_10_03_2025,0.06,9.69,0.02,0.01,-0.01,-0.01
-5286,2.67,-10050,3.03,655,3,7897,16_41_42_10_03_2025,0.06,9.69,0.02,0.01,-0.01,-0.01
-5524,2.69,-9965,3.03,655,3,7941,16_41_42_10_03_2025,0.06,9.70,0.03,0.01,-0.01,-0.01
-5265,2.67,-10154,3.04,655,3,7981,16_41_42_10_03_2025,0.07,9.70,0.03,0.01,-0.01,-0.01
-5360,2.68,-10053,3.03,655,3,8021,16_41_42_10_03_2025,0.06,9.69,0.02,0.00,-0.01,-0.01
-5266,2.67,-10115,3.04,655,3,8062,16_41_42_10_03_2025,0.07,9.70,0.02,0.01,-0.01,-0.01
-5204,2.67,-10030,3.03,655,3,8102,16_41_42_10_03_2025,0.06,9.70,0.02,0.00,-0.01,-0.01
-5440,2.68,-10050,3.03,655,3,8142,16_41_42_10_03_2025,0.07,9.69,0.01,0.00,-0.01,-0.01
-5295,2.67,-9849,3.02,655,3,8193,16_41_42_10_03_2025,0.07,9.70,0.01,0.00,-0.01,-0.01
-5124,2.66,-10008,3.03,656,3,8233,16_41_42_10_03_2025,0.07,9.70,0.02,0.00,-0.01,-0.01
-5410,2.68,-10220,3.05,655,3,8274,16_41_42_10_03_2025,0.07,9.69,0.02,0.00,-0.01,-0.01
-5271,2.67,-10062,3.04,655,3,8314,16_41_42_10_03_2025,0.07,9.69,0.02,0.01,-0.01,-0.01
-5286,2.67,-10128,3.04,655,3,8354,16_41_42_10_03_2025,0.07,9.70,0.02,0.01,-0.01,-0.01
-5126,2.66,-9855,3.02,655,3,8395,16_41_42_10_03_2025,0.06,9.70,0.02,0.00,-0.01,-0.01
-5294,2.67,-10026,3.03,655,3,8438,16_41_42_10_03_2025,0.07,9.71,0.01,0.00,-0.01,-0.01
-5129,2.66,-9958,3.03,655,3,8478,16_41_42_10_03_2025,0.06,9.70,0.02,0.00,-0.01,-0.01
-5228,2.67,-10174,3.04,655,3,8519,16_41_43_10_03_2025,0.06,9.70,0.02,0.01,-0.01,-0.01
-5247,2.67,-10061,3.03,655,3,8559,16_41_43_10_03_2025,0.06,9.69,0.02,0.00,-0.01,-0.01
-5185,2.67,-10041,3.03,655,3,8600,16_41_43_10_03_2025,0.07,9.69,0.02,0.00,-0.01,-0.01
-5309,2.67,-10100,3.04,655,3,8640,16_41_43_10_03_2025,0.06,9.70,0.01,0.01,-0.01,-0.01
-5269,2.67,-9935,3.03,655,3,8696,16_41_43_10_03_2025,0.06,9.70,0.02,0.01,-0.01,-0.01
-5202,2.67,-9945,3.03,656,3,8738,16_41_43_10_03_2025,0.07,9.70,0.03,0.01,-0.01,-0.01
-5325,2.68,-9939,3.03,656,3,8779,16_41_43_10_03_2025,0.07,9.71,0.01,0.01,-0.01,-0.01
-5179,2.67,-9884,3.02,656,3,8819,16_41_43_10_03_2025,0.07,9.70,0.02,0.00,-0.01,-0.01
-5228,2.67,-9949,3.03,656,3,8859,16_41_43_10_03_2025,0.06,9.70,0.02,0.01,-0.01,-0.01
-5229,2.67,-9881,3.02,655,3,8900,16_41_43_10_03_2025,0.06,9.70,0.03,0.00,-0.01,-0.01
-5438,2.68,-10092,3.04,655,3,8943,16_41_43_10_03_2025,0.07,9.70,0.02,0.01,-0.01,-0.01
-5392,2.68,-10009,3.03,655,3,8983,16_41_43_10_03_2025,0.06,9.71,0.02,0.01,-0.01,-0.01
-5225,2.67,-10002,3.03,656,3,9024,16_41_43_10_03_2025,0.07,9.70,0.02,0.01,-0.01,-0.01
-5297,2.67,-9993,3.03,655,3,9064,16_41_43_10_03_2025,0.06,9.71,0.01,0.01,-0.01,-0.01
-5313,2.68,-9965,3.03,655,3,9104,16_41_43_10_03_2025,0.07,9.68,0.02,0.00,-0.01,-0.01
-5307,2.67,-9999,3.03,656,3,9145,16_41_43_10_03_2025,0.06,9.70,0.02,0.01,-0.01,-0.01
-5381,2.68,-9999,3.03,655,3,9197,16_41_43_10_03_2025,0.06,9.70,0.01,0.00,-0.01,-0.01
-5391,2.68,-10161,3.04,655,3,9237,16_41_43_10_03_2025,0.06,9.71,0.02,0.01,-0.01,-0.01
-5232,2.67,-10083,3.04,655,3,9277,16_41_43_10_03_2025,0.06,9.70,0.03,0.01,-0.01,-0.01
-5371,2.68,-9956,3.03,655,3,9318,16_41_43_10_03_2025,0.06,9.70,0.02,0.00,-0.01,-0.01
-5255,2.67,-10008,3.03,655,3,9359,16_41_43_10_03_2025,0.06,9.70,0.02,0.00,-0.01,-0.01
-5268,2.67,-10019,3.03,656,3,9399,16_41_43_10_03_2025,0.07,9.70,0.01,0.01,-0.01,-0.01
-5198,2.67,-9931,3.03,656,3,9443,16_41_43_10_03_2025,0.06,9.70,0.02,0.01,-0.01,-0.01
-5243,2.67,-9926,3.02,655,3,9483,16_41_43_10_03_2025,0.06,9.70,0.02,0.00,-0.01,-0.01
-5488,2.69,-9983,3.03,655,3,9523,16_41_44_10_03_2025,0.07,9.70,0.03,0.00,-0.01,-0.01
-5268,2.67,-10061,3.03,655,3,9563,16_41_44_10_03_2025,0.07,9.70,0.02,0.01,-0.01,-0.01
-5331,2.68,-9938,3.03,655,3,9603,16_41_44_10_03_2025,0.07,9.69,0.02,0.01,-0.01,-0.01
-5309,2.67,-10017,3.03,656,3,9643,16_41_44_10_03_2025,0.06,9.69,0.02,0.01,-0.01,-0.01
-5317,2.68,-10078,3.04,656,3,9694,16_41_44_10_03_2025,0.07,9.70,0.03,0.01,-0.01,-0.01
-5123,2.66,-10128,3.04,656,3,9734,16_41_44_10_03_2025,0.06,9.70,0.02,0.00,-0.01,-0.01
-5292,2.67,-9975,3.03,656,3,9775,16_41_44_10_03_2025,0.07,9.70,0.02,0.00,-0.01,-0.01
-5212,2.67,-10086,3.04,655,3,9815,16_41_44_10_03_2025,0.06,9.71,0.03,0.00,-0.01,-0.01
-5305,2.67,-9974,3.03,654,3,9858,16_41_44_10_03_2025,0.06,9.70,0.03,0.01,-0.01,-0.01
-5314,2.68,-9962,3.03,655,3,9898,16_41_44_10_03_2025,0.06,9.70,0.02,0.01,-0.01,-0.01
-5295,2.67,-10007,3.03,655,3,9941,16_41_44_10_03_2025,0.06,9.70,0.02,0.01,-0.01,-0.01
-5140,2.66,-9920,3.02,655,3,9982,16_41_44_10_03_2025,0.06,9.70,0.01,0.00,-0.01,-0.01
-5232,2.67,-10058,3.03,655,3,10022,16_41_44_10_03_2025,0.07,9.70,0.03,0.01,-0.01,-0.01
-5304,2.67,-10086,3.04,655,3,10061,16_41_44_10_03_2025,0.06,9.70,0.03,0.00,-0.01,-0.01
-5364,2.68,-10146,3.04,655,3,10103,16_41_44_10_03_2025,0.07,9.70,0.03,0.00,-0.01,-0.01
-5250,2.67,-9913,3.02,656,3,10154,16_41_44_10_03_2025,0.06,9.70,0.02,0.01,-0.01,-0.01
-5332,2.68,-10061,3.03,656,3,10194,16_41_44_10_03_2025,0.06,9.70,0.02,0.00,-0.01,-0.01
-5407,2.68,-9972,3.03,656,3,10234,16_41_44_10_03_2025,0.07,9.70,0.02,0.00,-0.01,-0.01
-5341,2.68,-10038,3.03,655,3,10274,16_41_44_10_03_2025,0.06,9.70,0.02,0.01,-0.01,-0.01
-5178,2.66,-9854,3.02,656,3,10315,16_41_44_10_03_2025,0.07,9.69,0.02,0.00,-0.01,-0.01
-5061,2.66,-10115,3.04,655,3,10355,16_41_44_10_03_2025,0.06,9.71,0.01,0.00,-0.01,-0.01
-5157,2.66,-10002,3.03,656,3,10399,16_41_44_10_03_2025,0.07,9.69,0.01,0.00,-0.01,-0.01
-5343,2.68,-9999,3.03,655,3,10440,16_41_44_10_03_2025,0.06,9.68,0.03,0.01,-0.01,-0.01
-5339,2.68,-9902,3.02,656,3,10479,16_41_44_10_03_2025,0.06,9.70,0.01,0.00,-0.01,-0.01
-5387,2.68,-10077,3.04,655,3,10520,16_41_45_10_03_2025,0.06,9.71,0.01,0.01,-0.01,-0.01
-5365,2.68,-10065,3.04,656,3,10560,16_41_45_10_03_2025,0.07,9.70,0.02,0.01,-0.01,-0.01
-5388,2.68,-9976,3.03,655,3,10601,16_41_45_10_03_2025,0.06,9.70,0.03,0.01,-0.01,-0.01
-5250,2.67,-9871,3.02,655,3,10651,16_41_45_10_03_2025,0.06,9.71,0.02,0.01,-0.01,-0.01
-5341,2.68,-9975,3.03,656,3,10691,16_41_45_10_03_2025,0.06,9.70,0.02,0.01,-0.01,-0.01
-5183,2.67,-9964,3.03,656,3,10732,16_41_45_10_03_2025,0.06,9.70,0.02,0.01,-0.01,-0.01
-5280,2.67,-9943,3.03,655,3,10771,16_41_45_10_03_2025,0.06,9.69,0.02,0.01,-0.01,-0.01
-5224,2.67,-9943,3.03,656,3,10811,16_41_45_10_03_2025,0.07,9.70,0.02,0.01,-0.01,-0.01
-5387,2.68,-9979,3.03,655,3,10852,16_41_45_10_03_2025,0.06,9.69,0.02,0.01,-0.01,-0.01
-5203,2.67,-10107,3.04,656,3,10895,16_41_45_10_03_2025,0.06,9.70,0.02,0.00,-0.01,-0.01
-5290,2.67,-10023,3.03,656,3,10938,16_41_45_10_03_2025,0.07,9.70,0.02,0.00,-0.01,-0.01
-5309,2.67,-9915,3.02,656,3,10978,16_41_45_10_03_2025,0.07,9.70,0.03,0.01,-0.01,-0.01
-5335,2.68,-9921,3.02,655,3,11018,16_41_45_10_03_2025,0.07,9.70,0.02,0.01,-0.01,-0.01
-5338,2.68,-9953,3.03,655,3,11059,16_41_45_10_03_2025,0.06,9.70,0.02,0.00,-0.01,-0.01
-5351,2.68,-10012,3.03,655,3,11100,16_41_45_10_03_2025,0.07,9.70,0.01,0.00,-0.01,-0.01
-5264,2.67,-10123,3.04,656,3,11151,16_41_45_10_03_2025,0.07,9.70,0.02,0.00,-0.01,-0.01
-5186,2.67,-9886,3.02,655,3,11191,16_41_45_10_03_2025,0.07,9.70,0.02,0.01,-0.01,-0.01
-5229,2.67,-10033,3.03,655,3,11231,16_41_45_10_03_2025,0.07,9.70,0.03,0.01,-0.01,-0.01
-5159,2.66,-9856,3.02,655,3,11272,16_41_45_10_03_2025,0.06,9.71,0.02,0.01,-0.01,-0.01
-5294,2.67,-10024,3.03,656,3,11312,16_41_45_10_03_2025,0.06,9.70,0.01,0.01,-0.01,-0.01
-5194,2.67,-9973,3.03,655,3,11352,16_41_45_10_03_2025,0.06,9.69,0.01,0.01,-0.01,-0.01
-5275,2.67,-9849,3.02,655,3,11396,16_41_45_10_03_2025,0.07,9.70,0.02,0.00,-0.01,-0.01
-5358,2.68,-9983,3.03,655,3,11436,16_41_45_10_03_2025,0.06,9.69,0.02,0.01,-0.01,-0.01
-5346,2.68,-10136,3.04,656,3,11476,16_41_45_10_03_2025,0.07,9.70,0.02,0.01,-0.01,-0.01
-5200,2.67,-9941,3.03,655,3,11516,16_41_46_10_03_2025,0.07,9.70,0.03,0.01,-0.01,-0.01
-5364,2.68,-9997,3.03,655,3,11556,16_41_46_10_03_2025,0.07,9.71,0.03,0.01,-0.01,-0.01
-5379,2.68,-9745,3.01,655,3,11597,16_41_46_10_03_2025,0.06,9.70,0.03,0.01,-0.01,-0.01
-5383,2.68,-10093,3.04,655,3,11647,16_41_46_10_03_2025,0.07,9.70,0.01,0.01,-0.01,-0.01
-5278,2.67,-10059,3.03,655,3,11688,16_41_46_10_03_2025,0.07,9.70,0.01,0.01,-0.01,-0.01
-5152,2.66,-10123,3.04,655,3,11729,16_41_46_10_03_2025,0.06,9.69,0.02,0.00,-0.01,-0.01
-5317,2.68,-9807,3.02,655,3,11769,16_41_46_10_03_2025,0.07,9.69,0.03,0.01,-0.01,-0.01
-5217,2.67,-10138,3.04,655,3,11827,16_41_46_10_03_2025,0.06,9.70,0.02,0.01,-0.01,-0.01
-5339,2.68,-9892,3.02,656,3,11917,16_41_46_10_03_2025,0.07,9.68,0.02,0.01,-0.01,-0.01
-5104,2.66,-9962,3.03,656,3,11958,16_41_46_10_03_2025,0.06,9.71,0.03,0.01,-0.01,-0.01
-5271,2.67,-9910,3.02,655,3,12023,16_41_46_10_03_2025,0.06,9.69,0.03,0.00,-0.01,-0.01
-5202,2.67,-9970,3.03,655,3,12063,16_41_46_10_03_2025,0.06,9.70,0.03,0.00,-0.01,-0.01
-5329,2.68,-9957,3.03,655,3,12129,16_41_46_10_03_2025,0.07,9.70,0.02,0.01,-0.01,-0.01
-5166,2.66,-10043,3.03,655,3,12219,16_41_46_10_03_2025,0.06,9.69,0.03,0.01,-0.01,-0.01
-5491,2.69,-10002,3.03,656,3,12270,16_41_46_10_03_2025,0.07,9.71,0.02,0.01,-0.01,-0.01
-5351,2.68,-9873,3.02,655,3,12326,16_41_46_10_03_2025,0.06,9.70,0.02,0.01,-0.01,-0.01
-5390,2.68,-9820,3.02,655,3,12416,16_41_46_10_03_2025,0.06,9.70,0.02,0.01,-0.01,-0.01
-5222,2.67,-9940,3.03,656,3,12456,16_41_46_10_03_2025,0.06,9.70,0.02,0.00,-0.01,-0.01
-5246,2.67,-9962,3.03,655,3,12521,16_41_46_10_03_2025,0.07,9.69,0.02,0.00,-0.01,-0.01
-5329,2.68,-9981,3.03,655,3,12611,16_41_47_10_03_2025,0.07,9.70,0.02,0.00,-0.01,-0.01
-5398,2.68,-9934,3.03,655,3,12655,16_41_47_10_03_2025,0.07,9.69,0.02,0.01,-0.01,-0.01
-5216,2.67,-9874,3.02,656,3,12717,16_41_47_10_03_2025,0.06,9.69,0.02,0.00,-0.01,-0.01
-5325,2.68,-9858,3.02,655,3,12807,16_41_47_10_03_2025,0.06,9.69,0.01,0.01,-0.01,-0.01
-5430,2.68,-10021,3.03,655,3,12847,16_41_47_10_03_2025,0.07,9.70,0.02,0.00,-0.01,-0.01
-5368,2.68,-10092,3.04,655,3,12914,16_41_47_10_03_2025,0.07,9.69,0.02,0.01,-0.01,-0.01
-5268,2.67,-10346,3.06,655,3,13004,16_41_47_10_03_2025,0.06,9.70,0.02,0.00,-0.01,-0.01
-5086,2.66,-10041,3.03,655,3,13054,16_41_47_10_03_2025,0.06,9.70,0.02,0.01,-0.01,-0.01
-5265,2.67,-10041,3.03,655,3,13110,16_41_47_10_03_2025,0.06,9.69,0.01,0.01,-0.01,-0.01
-5301,2.67,-9866,3.02,655,3,13201,16_41_47_10_03_2025,0.07,9.70,0.03,0.01,-0.01,-0.01
-5225,2.67,-9980,3.03,655,3,13240,16_41_47_10_03_2025,0.07,9.70,0.02,0.00,-0.01,-0.01
-5159,2.66,-9980,3.03,655,3,13306,16_41_47_10_03_2025,0.06,9.70,0.00,0.01,-0.01,-0.01
-5331,2.68,-9834,3.02,655,3,13347,16_41_47_10_03_2025,0.07,9.70,0.01,0.01,-0.01,-0.01
-5305,2.67,-9968,3.03,655,3,13413,16_41_47_10_03_2025,0.07,9.70,0.01,0.01,-0.01,-0.01
-5174,2.66,-9751,3.01,656,3,13503,16_41_47_10_03_2025,0.07,9.70,0.03,0.00,-0.01,-0.01
-5345,2.68,-9960,3.03,656,3,13542,16_41_48_10_03_2025,0.06,9.70,0.02,0.01,-0.01,-0.01
-5136,2.66,-10075,3.04,655,3,13609,16_41_48_10_03_2025,0.07,9.70,0.02,0.01,-0.01,-0.01
-5343,2.68,-10125,3.04,655,3,13700,16_41_48_10_03_2025,0.07,9.69,0.03,0.01,-0.01,-0.01
-5323,2.68,-10203,3.05,656,3,13740,16_41_48_10_03_2025,0.07,9.71,0.02,0.01,-0.01,-0.01
-5254,2.67,-9961,3.03,655,3,13805,16_41_48_10_03_2025,0.07,9.69,0.02,0.01,-0.01,-0.01
-5206,2.67,-10024,3.03,655,3,13895,16_41_48_10_03_2025,0.07,9.70,0.02,0.01,-0.01,-0.01
-5168,2.66,-10126,3.04,655,3,13935,16_41_48_10_03_2025,0.06,9.69,0.02,0.01,-0.01,-0.01
-5246,2.67,-10031,3.03,655,3,14001,16_41_48_10_03_2025,0.07,9.70,0.02,0.00,-0.01,-0.01
-5281,2.67,-9883,3.02,656,3,14091,16_41_48_10_03_2025,0.06,9.68,0.02,0.00,-0.01,-0.01
-5278,2.67,-9969,3.03,655,3,14132,16_41_48_10_03_2025,0.06,9.69,0.03,0.01,-0.01,-0.01
-5289,2.67,-10043,3.03,656,3,14197,16_41_48_10_03_2025,0.06,9.70,0.02,0.01,-0.01,-0.01
-5328,2.68,-9981,3.03,655,3,14288,16_41_48_10_03_2025,0.06,9.69,0.02,0.00,-0.01,-0.01
-5170,2.66,-10005,3.03,656,3,14328,16_41_48_10_03_2025,0.07,9.70,0.02,0.01,-0.01,-0.01
-5190,2.67,-10047,3.03,656,3,14394,16_41_48_10_03_2025,0.06,9.70,0.03,0.01,-0.01,-0.01
-5274,2.67,-10076,3.04,656,3,14484,16_41_48_10_03_2025,0.05,9.70,0.03,0.00,-0.01,-0.01
-5256,2.67,-9969,3.03,656,3,14535,16_41_49_10_03_2025,0.07,9.70,0.03,0.00,-0.01,-0.01
-5224,2.67,-9889,3.02,656,3,14590,16_41_49_10_03_2025,0.07,9.70,0.02,0.01,-0.01,-0.01
-5308,2.67,-9908,3.02,656,3,14631,16_41_49_10_03_2025,0.06,9.71,0.02,0.01,-0.01,-0.01
-5314,2.68,-9869,3.02,655,3,14697,16_41_49_10_03_2025,0.06,9.70,0.02,0.00,-0.01,-0.01
-5462,2.69,-9983,3.03,656,3,14786,16_41_49_10_03_2025,0.06,9.70,0.02,0.01,-0.01,-0.01
-5380,2.68,-9986,3.03,655,3,14826,16_41_49_10_03_2025,0.07,9.70,0.02,0.00,-0.01,-0.01
-5404,2.68,-10024,3.03,655,3,14892,16_41_49_10_03_2025,0.07,9.69,0.02,0.00,-0.01,-0.01
-5267,2.67,-10113,3.04,656,3,14982,16_41_49_10_03_2025,0.06,9.70,0.02,0.01,-0.01,-0.01
-5312,2.68,-10086,3.04,656,3,15023,16_41_49_10_03_2025,0.08,9.70,0.02,0.00,-0.01,-0.01
-5328,2.68,-10050,3.03,656,3,15089,16_41_49_10_03_2025,0.07,9.69,0.03,0.01,-0.01,-0.01
-5275,2.67,-10087,3.04,655,3,15178,16_41_49_10_03_2025,0.07,9.70,0.02,0.00,-0.01,-0.01
-5289,2.67,-10060,3.03,656,3,15218,16_41_49_10_03_2025,0.07,9.70,0.02,0.01,-0.01,-0.01
-5369,2.68,-10040,3.03,656,3,15284,16_41_49_10_03_2025,0.06,9.71,0.03,0.01,-0.01,-0.01
-5377,2.68,-9993,3.03,655,3,15374,16_41_49_10_03_2025,0.06,9.70,0.02,0.00,-0.01,-0.01
-5464,2.69,-10032,3.03,655,3,15415,16_41_49_10_03_2025,0.07,9.71,0.02,0.00,-0.01,-0.01
-5180,2.67,-10028,3.03,655,3,15481,16_41_49_10_03_2025,0.07,9.69,0.02,0.01,-0.01,-0.01
-5230,2.67,-9847,3.02,655,3,15570,16_41_50_10_03_2025,0.07,9.70,0.01,0.00,-0.01,-0.01
-5258,2.67,-9851,3.02,656,3,15612,16_41_50_10_03_2025,0.07,9.70,0.02,0.00,-0.01,-0.00
-5321,2.68,-10122,3.04,655,3,15677,16_41_50_10_03_2025,0.06,9.70,0.02,0.00,-0.01,-0.01
-5329,2.68,-9895,3.02,655,3,15768,16_41_50_10_03_2025,0.06,9.71,0.03,0.01,-0.01,-0.01
-5216,2.67,-9922,3.02,656,3,15809,16_41_50_10_03_2025,0.06,9.70,0.02,0.00,-0.01,-0.01
-5267,2.67,-9947,3.03,655,3,15873,16_41_50_10_03_2025,0.06,9.70,0.02,0.01,-0.01,-0.01
-5279,2.67,-10083,3.04,655,3,15913,16_41_50_10_03_2025,0.06,9.72,0.03,0.01,-0.01,-0.01
-5164,2.66,-10066,3.04,655,3,15980,16_41_50_10_03_2025,0.08,9.70,0.03,0.01,-0.01,-0.01
-5171,2.66,-9967,3.03,655,3,16070,16_41_50_10_03_2025,0.07,9.70,0.02,0.01,-0.01,-0.01
-5367,2.68,-10006,3.03,655,3,16111,16_41_50_10_03_2025,0.08,9.71,0.02,0.00,-0.01,-0.01
-5264,2.67,-10037,3.03,656,3,16176,16_41_50_10_03_2025,0.06,9.71,0.02,0.01,-0.01,-0.01
-5176,2.66,-9875,3.02,655,3,16265,16_41_50_10_03_2025,0.07,9.69,0.01,0.01,-0.01,-0.01
-5234,2.67,-10117,3.04,656,3,16305,16_41_50_10_03_2025,0.06,9.70,0.02,0.00,-0.01,-0.01
-5252,2.67,-9940,3.03,656,3,16373,16_41_50_10_03_2025,0.06,9.69,0.02,0.00,-0.01,-0.01
-5269,2.67,-9969,3.03,655,3,16462,16_41_50_10_03_2025,0.07,9.71,0.02,0.00,-0.01,-0.01
-5110,2.66,-10120,3.04,655,3,16503,16_41_50_10_03_2025,0.05,9.71,0.02,0.00,-0.01,-0.01
-5288,2.67,-1,2.27,655,3,16568,16_41_51_10_03_2025,0.07,9.70,0.03,0.00,-0.01,-0.01
-5286,2.67,-9852,3.02,655,3,16658,16_41_51_10_03_2025,0.07,9.70,0.02,0.00,-0.01,-0.01
-5489,2.69,-9988,3.03,655,3,16699,16_41_51_10_03_2025,0.06,9.69,0.02,0.00,-0.01,-0.01
-5178,2.66,-10144,3.04,655,3,16765,16_41_51_10_03_2025,0.08,9.69,0.02,0.00,-0.01,-0.01
-5203,2.67,-10008,3.03,656,3,16854,16_41_51_10_03_2025,0.07,9.71,0.02,0.01,-0.01,-0.01
-5241,2.67,-9789,3.01,655,3,16894,16_41_51_10_03_2025,0.07,9.70,0.02,0.01,-0.01,-0.01
-5220,2.67,-9968,3.03,655,3,16960,16_41_51_10_03_2025,0.06,9.70,0.01,0.01,-0.01,-0.01
-5288,2.67,-9749,3.01,655,3,17052,16_41_51_10_03_2025,0.06,9.70,0.03,0.00,-0.01,-0.01
-5205,2.67,-9987,3.03,655,3,17093,16_41_51_10_03_2025,0.06,9.70,0.01,0.01,-0.01,-0.01
-5134,2.66,-9945,3.03,655,3,17157,16_41_51_10_03_2025,0.07,9.70,0.03,0.01,-0.01,-0.01
-5240,2.67,-9999,3.03,655,3,17197,16_41_51_10_03_2025,0.06,9.69,0.02,0.00,-0.01,-0.01
-5248,2.67,-9963,3.03,655,3,17263,16_41_51_10_03_2025,0.06,9.70,0.01,0.01,-0.01,-0.01
-5227,2.67,-9954,3.03,655,3,17353,16_41_51_10_03_2025,0.06,9.72,0.02,0.00,-0.01,-0.00
-5297,2.67,-10103,3.04,656,3,17393,16_41_51_10_03_2025,0.07,9.70,0.03,0.01,-0.01,-0.01
-5093,2.66,-10041,3.03,656,3,17460,16_41_51_10_03_2025,0.07,9.70,0.01,0.00,-0.01,-0.01
-5238,2.67,-10091,3.04,655,3,17549,16_41_52_10_03_2025,0.06,9.69,0.02,0.01,-0.01,-0.01
-5413,2.68,-10125,3.04,656,3,17589,16_41_52_10_03_2025,0.06,9.70,0.04,0.01,-0.01,-0.01
-5305,2.67,-9930,3.03,654,3,17655,16_41_52_10_03_2025,0.08,9.70,0.01,0.00,-0.01,-0.01
-5209,2.67,-10098,3.04,655,3,17745,16_41_52_10_03_2025,0.06,9.69,0.02,0.01,-0.01,-0.01
-5244,2.67,-10037,3.03,655,3,17786,16_41_52_10_03_2025,0.06,9.69,0.02,0.00,-0.01,-0.01
-5224,2.67,-9895,3.02,656,3,17852,16_41_52_10_03_2025,0.06,9.70,0.03,0.00,-0.01,-0.01
-5401,2.68,-10069,3.04,656,3,17941,16_41_52_10_03_2025,0.07,9.70,0.01,0.00,-0.01,-0.01
-5290,2.67,-9979,3.03,655,3,17981,16_41_52_10_03_2025,0.07,9.70,0.02,0.01,-0.01,-0.01
-5257,2.67,-9894,3.02,656,3,18048,16_41_52_10_03_2025,0.06,9.69,0.02,0.00,-0.01,-0.01
-5266,2.67,-10051,3.03,655,3,18137,16_41_52_10_03_2025,0.06,9.71,0.02,0.01,-0.01,-0.01
-5331,2.68,-10034,3.03,656,3,18178,16_41_52_10_03_2025,0.07,9.71,0.03,0.01,-0.01,-0.01
-5346,2.68,-9892,3.02,656,3,18244,16_41_52_10_03_2025,0.06,9.71,0.02,0.00,-0.01,-0.01
-5061,2.66,-9855,3.02,655,3,18335,16_41_52_10_03_2025,0.07,9.70,0.03,0.01,-0.01,-0.01
-5329,2.68,-9904,3.02,655,3,18375,16_41_52_10_03_2025,0.07,9.70,0.02,0.01,-0.01,-0.01
-5301,2.67,-9942,3.03,656,3,18441,16_41_52_10_03_2025,0.06,9.71,0.02,0.01,-0.01,-0.01
-5443,2.69,-10067,3.04,656,3,18481,16_41_52_10_03_2025,-0.57,8.91,0.27,-0.05,-0.19,-0.23
-5217,2.67,-10042,3.03,655,3,18546,16_41_53_10_03_2025,0.43,9.16,-0.24,-0.03,0.39,0.08
-5276,2.67,-9838,3.02,655,3,18636,16_41_53_10_03_2025,-0.84,9.40,1.13,-0.01,-0.39,-0.04
-5221,2.67,-10226,3.05,655,3,18680,16_41_53_10_03_2025,0.06,9.68,0.02,0.01,-0.01,-0.01
-5220,2.67,-9984,3.03,644,3,18743,16_41_53_10_03_2025,0.08,9.73,0.02,0.01,-0.01,-0.01
-5312,2.68,-9906,3.02,656,3,18834,16_41_53_10_03_2025,0.06,9.69,0.02,0.01,-0.01,-0.01
-5224,2.67,-9902,3.02,656,3,18874,16_41_53_10_03_2025,0.04,9.93,0.34,-0.02,-0.08,-0.04
-5339,2.68,-9915,3.02,655,3,18938,16_41_53_10_03_2025,-0.50,9.80,-1.45,0.11,-0.74,-0.15
-5183,2.67,-9920,3.02,656,3,19029,16_41_53_10_03_2025,-0.36,9.44,-0.83,0.04,0.51,0.07
-5282,2.67,-9980,3.03,656,3,19081,16_41_53_10_03_2025,0.28,9.71,-0.32,0.01,0.08,0.01
-5290,2.67,-10034,3.03,656,3,19136,16_41_53_10_03_2025,0.12,9.66,-0.02,0.00,0.12,-0.01
-5290,2.67,-9945,3.03,655,3,19225,16_41_53_10_03_2025,0.02,9.64,0.18,-0.02,0.07,-0.03
-5082,2.66,-9868,3.02,656,3,19265,16_41_53_10_03_2025,0.27,9.68,-0.80,-0.00,0.01,-0.00
-5263,2.67,-9822,3.02,655,3,19331,16_41_53_10_03_2025,-0.27,9.72,0.46,-0.01,-0.23,-0.02
-5220,2.67,-9812,3.02,656,3,19422,16_41_53_10_03_2025,-0.31,9.69,-0.23,0.03,0.17,0.01
-5385,2.68,-9992,3.03,656,3,19462,16_41_53_10_03_2025,0.09,9.58,0.37,-0.01,-0.25,-0.02
-5301,2.67,-10174,3.04,656,3,19528,16_41_53_10_03_2025,0.28,9.71,0.96,-0.01,-0.15,-0.02
-5229,2.67,-10027,3.03,655,3,19618,16_41_54_10_03_2025,0.16,9.68,0.36,-0.01,-0.05,-0.05
-5252,2.67,-10097,3.04,656,3,19658,16_41_54_10_03_2025,-0.09,9.68,0.07,0.01,-0.01,-0.01
-5341,2.68,-10066,3.04,656,3,19724,16_41_54_10_03_2025,0.02,9.71,0.05,0.02,-0.01,-0.01
-5340,2.68,-10025,3.03,655,3,19775,16_41_54_10_03_2025,-0.01,9.65,0.00,0.06,-0.02,-0.06
-5232,2.67,-10106,3.04,655,3,19831,16_41_54_10_03_2025,-0.04,9.64,-0.01,0.01,-0.01,-0.02
-5264,2.67,-10234,3.05,655,3,19919,16_41_54_10_03_2025,-0.02,9.68,0.03,0.01,-0.00,-0.01
-5171,2.66,-10074,3.04,656,3,19959,16_41_54_10_03_2025,-0.00,9.71,0.03,0.00,-0.01,0.00
-5282,2.67,-10199,3.05,655,3,20026,16_41_54_10_03_2025,-0.01,9.68,0.03,0.03,-0.01,-0.03
-5171,2.66,-10258,3.05,656,3,20116,16_41_54_10_03_2025,-0.04,9.65,0.03,0.01,-0.00,-0.01
-5301,2.67,-10016,3.03,656,3,20160,16_41_54_10_03_2025,0.12,9.82,0.06,-0.05,-0.01,-0.02
-5364,2.68,-10179,3.04,655,3,20222,16_41_54_10_03_2025,0.05,9.71,0.03,0.00,-0.01,-0.01
-5301,2.67,-10128,3.04,656,3,20313,16_41_54_10_03_2025,0.07,9.68,0.04,0.00,-0.01,-0.01
-5363,2.68,-9982,3.03,655,3,20353,16_41_54_10_03_2025,0.06,9.69,0.04,0.00,-0.01,-0.01
-5272,2.67,-10077,3.04,655,3,20418,16_41_54_10_03_2025,0.05,9.69,0.03,0.01,-0.01,-0.01
-5176,2.66,-10052,3.03,655,3,20509,16_41_54_10_03_2025,0.06,9.70,0.03,0.00,-0.01,-0.01
-5377,2.68,-9985,3.03,655,3,20560,16_41_55_10_03_2025,0.06,9.69,0.03,0.00,-0.01,-0.01
-5364,2.68,-10187,3.04,656,3,20615,16_41_55_10_03_2025,-0.01,9.87,0.06,0.01,-0.01,-0.00
-5156,2.66,-10298,3.05,656,3,20705,16_41_55_10_03_2025,0.06,9.64,0.02,0.01,-0.01,-0.01
-5367,2.68,-9884,3.02,656,3,20745,16_41_55_10_03_2025,0.06,9.70,0.04,0.00,-0.01,-0.01
-5220,2.67,-10129,3.04,656,3,20811,16_41_55_10_03_2025,0.06,9.74,0.04,0.01,-0.01,-0.01
-5238,2.67,-10044,3.03,655,3,20902,16_41_55_10_03_2025,0.06,9.67,0.04,0.00,-0.01,-0.01
-5233,2.67,-10157,3.04,655,3,20944,16_41_55_10_03_2025,0.06,9.72,0.04,0.00,-0.01,-0.01
-5289,2.67,-10064,3.04,656,3,21007,16_41_55_10_03_2025,0.06,9.70,0.03,0.00,-0.01,-0.01
-5232,2.67,-10095,3.04,654,3,21047,16_41_55_10_03_2025,0.07,9.67,0.03,0.00,-0.01,-0.01
-5255,2.67,-10049,3.03,655,3,21114,16_41_55_10_03_2025,0.05,9.69,0.04,0.00,-0.01,-0.01
-5227,2.67,-10171,3.04,655,3,21204,16_41_55_10_03_2025,0.05,9.68,0.03,0.00,-0.01,-0.01
-5332,2.68,-10034,3.03,656,3,21245,16_41_55_10_03_2025,0.06,9.70,0.04,0.01,-0.01,-0.01
-5341,2.68,-10173,3.04,656,3,21310,16_41_55_10_03_2025,0.06,9.70,0.03,0.01,-0.01,-0.01
-5355,2.68,-10116,3.04,655,3,21400,16_41_55_10_03_2025,0.06,9.70,0.04,0.01,-0.00,-0.01
-5265,2.67,-10208,3.05,655,3,21440,16_41_55_10_03_2025,0.05,9.70,0.04,0.00,-0.01,-0.01
-5216,2.67,-10075,3.04,655,3,21506,16_41_55_10_03_2025,0.06,9.70,0.04,0.01,-0.01,-0.01
-5241,2.67,-10158,3.04,655,3,21596,16_41_56_10_03_2025,0.06,9.70,0.02,0.01,-0.01,-0.01
-5284,2.67,-10027,3.03,656,3,21639,16_41_56_10_03_2025,0.05,9.69,0.05,0.01,-0.01,-0.01
-5292,2.67,-10201,3.05,655,3,21702,16_41_56_10_03_2025,0.06,9.73,0.01,0.01,-0.00,-0.01
-5162,2.66,-10273,3.05,655,3,21792,16_41_56_10_03_2025,0.05,9.69,0.03,0.01,0.01,-0.01
-5386,2.68,-10104,3.04,656,3,21833,16_41_56_10_03_2025,0.06,9.69,0.03,0.01,-0.01,-0.01
-5165,2.66,-10037,3.03,655,3,21899,16_41_56_10_03_2025,0.05,9.70,0.03,0.01,-0.01,-0.01
-5420,2.68,-10231,3.05,655,3,21988,16_41_56_10_03_2025,0.06,9.70,0.03,0.00,-0.01,-0.01
-5093,2.66,-10119,3.04,655,3,22039,16_41_56_10_03_2025,0.08,9.74,0.03,-0.01,-0.01,-0.05
-5252,2.67,-10066,3.04,655,3,22096,16_41_56_10_03_2025,-0.13,9.63,0.24,0.02,0.02,0.02
-5315,2.68,-10064,3.04,655,3,22186,16_41_56_10_03_2025,0.07,9.71,0.04,0.00,-0.01,-0.01
-5206,2.67,-10238,3.05,655,3,22226,16_41_56_10_03_2025,0.06,9.70,0.04,0.00,-0.01,-0.01
-5295,2.67,-10076,3.04,656,3,22291,16_41_56_10_03_2025,0.05,9.68,0.02,0.00,-0.01,-0.01
-5156,2.66,-10145,3.04,656,3,22331,16_41_56_10_03_2025,0.06,9.70,0.03,0.01,-0.01,-0.01
-5284,2.67,-10105,3.04,655,3,22397,16_41_56_10_03_2025,0.06,9.70,0.03,0.00,-0.01,-0.01
-5275,2.67,-10036,3.03,656,3,22487,16_41_56_10_03_2025,0.05,9.71,0.03,0.00,-0.01,-0.01
-5247,2.67,-10181,3.04,655,3,22528,16_41_57_10_03_2025,0.06,9.69,0.03,0.00,-0.01,-0.01
-5270,2.67,-10217,3.05,656,3,22593,16_41_57_10_03_2025,0.06,9.69,0.04,0.00,-0.01,-0.01
-5194,2.67,-10133,3.04,656,3,22683,16_41_57_10_03_2025,0.05,9.70,0.03,0.00,-0.01,-0.01
-5339,2.68,-10258,3.05,656,3,22723,16_41_57_10_03_2025,0.07,9.71,0.04,0.01,-0.01,-0.01
-5198,2.67,-10155,3.04,655,3,22790,16_41_57_10_03_2025,0.05,9.71,0.03,0.01,-0.01,-0.00
-5266,2.67,-10104,3.04,656,3,22879,16_41_57_10_03_2025,0.06,9.70,0.03,0.01,-0.01,-0.00
-5293,2.67,-10104,3.04,655,3,22920,16_41_57_10_03_2025,0.06,9.70,0.04,0.01,-0.01,-0.00
-5161,2.66,-10096,3.04,655,3,22985,16_41_57_10_03_2025,0.06,9.69,0.03,0.01,-0.01,-0.01
-5144,2.66,-10134,3.04,656,3,23076,16_41_57_10_03_2025,0.06,9.72,0.03,0.01,-0.01,-0.01
-5223,2.67,-9983,3.03,655,3,23116,16_41_57_10_03_2025,0.06,9.69,0.03,0.00,-0.01,-0.01
-5153,2.66,-10246,3.05,655,3,23182,16_41_57_10_03_2025,0.06,9.71,0.02,0.02,-0.01,-0.00
-5399,2.68,-10085,3.04,656,3,23271,16_41_57_10_03_2025,0.06,9.69,0.03,-0.01,-0.00,-0.01
-5266,2.67,-10255,3.05,655,3,23312,16_41_57_10_03_2025,0.06,9.72,0.01,0.01,-0.01,-0.01
-5231,2.67,-10149,3.04,656,3,23377,16_41_57_10_03_2025,0.07,9.70,0.02,0.00,-0.01,-0.01
-5359,2.68,-10314,3.05,655,3,23469,16_41_57_10_03_2025,0.05,9.69,0.03,0.01,-0.01,-0.01
-5207,2.67,-10040,3.03,656,3,23521,16_41_58_10_03_2025,0.07,9.71,0.01,0.01,-0.01,-0.00
-5333,2.68,-10134,3.04,655,3,23575,16_41_58_10_03_2025,0.06,9.69,0.03,0.01,-0.01,-0.00
-5179,2.67,-10245,3.05,655,3,23615,16_41_58_10_03_2025,0.08,9.71,-0.00,0.01,-0.01,-0.00
-5233,2.67,-9973,3.03,656,3,23680,16_41_58_10_03_2025,0.06,9.71,0.00,0.02,-0.01,-0.00
-5294,2.67,-10064,3.04,655,3,23770,16_41_58_10_03_2025,0.08,9.69,0.01,0.01,-0.01,-0.00
-5123,2.66,-10253,3.05,655,3,23811,16_41_58_10_03_2025,0.09,9.54,-0.01,-0.04,0.00,-0.04
-5273,2.67,-10135,3.04,655,3,23877,16_41_58_10_03_2025,0.06,9.72,0.03,0.01,-0.01,-0.01
-5326,2.68,-10150,3.04,655,3,23967,16_41_58_10_03_2025,0.07,9.69,0.02,0.00,-0.01,-0.01
-5050,2.66,-10169,3.04,656,3,24007,16_41_58_10_03_2025,0.03,9.70,0.06,-0.01,-0.08,-0.01
-5050,2.66,-10170,3.04,655,3,24072,16_41_58_10_03_2025,0.03,9.69,0.07,0.01,-0.02,-0.00
-5335,2.68,-10090,3.04,655,3,24163,16_41_58_10_03_2025,0.07,9.70,0.09,0.00,-0.02,-0.01
-5203,2.67,-10166,3.04,655,3,24204,16_41_58_10_03_2025,0.05,9.71,0.01,0.01,-0.00,-0.01
-5115,2.66,-10227,3.05,656,3,24270,16_41_58_10_03_2025,0.06,9.71,0.01,0.01,-0.01,-0.01
-5387,2.68,-10129,3.04,656,3,24359,16_41_58_10_03_2025,0.07,9.69,0.03,0.00,-0.01,-0.00
-5284,2.67,-10176,3.04,655,3,24399,16_41_58_10_03_2025,0.08,9.69,-0.02,0.00,-0.05,-0.01
-5138,2.66,-10129,3.04,656,3,24465,16_41_58_10_03_2025,-0.06,9.71,0.18,0.00,-0.07,-0.01
-5241,2.67,-10128,3.04,655,3,24556,16_41_58_10_03_2025,0.06,9.70,0.04,0.00,-0.02,-0.01
-5176,2.66,-10061,3.03,655,3,24597,16_41_59_10_03_2025,0.06,9.69,0.03,0.01,-0.01,-0.01
-5348,2.68,-10179,3.04,656,3,24661,16_41_59_10_03_2025,0.06,9.70,0.03,0.00,-0.01,-0.01
-5237,2.67,-10127,3.04,655,3,24753,16_41_59_10_03_2025,0.07,9.71,0.02,0.02,-0.01,-0.00
-5419,2.68,-10318,3.05,656,3,24793,16_41_59_10_03_2025,0.07,9.71,0.03,0.02,-0.01,-0.00
-5163,2.66,-10057,3.03,655,3,24858,16_41_59_10_03_2025,0.05,9.69,0.03,0.01,-0.01,-0.01
-5347,2.68,-10083,3.04,655,3,24899,16_41_59_10_03_2025,0.06,9.71,0.03,-0.00,-0.01,-0.01
-5266,2.67,-10141,3.04,655,3,24964,16_41_59_10_03_2025,0.08,9.82,0.03,0.00,-0.01,-0.01
-5316,2.68,-9929,3.02,655,3,25054,16_41_59_10_03_2025,0.07,9.72,0.01,0.00,-0.01,-0.01
-5208,2.67,-10169,3.04,656,3,25094,16_41_59_10_03_2025,0.05,9.68,0.04,-0.00,-0.01,-0.01
-5204,2.67,-10224,3.05,654,3,25160,16_41_59_10_03_2025,0.06,9.68,0.03,-0.01,-0.01,-0.01
-5320,2.68,-10110,3.04,656,3,25250,16_41_59_10_03_2025,0.06,9.73,0.04,0.02,-0.00,-0.01
-5348,2.68,-10126,3.04,655,3,25291,16_41_59_10_03_2025,0.06,9.70,0.03,0.01,-0.01,-0.01
-5362,2.68,-10084,3.04,656,3,25356,16_41_59_10_03_2025,0.07,9.71,0.05,0.01,-0.01,-0.01
-5254,2.67,-10185,3.04,656,3,25446,16_41_59_10_03_2025,0.07,9.71,0.02,0.01,-0.01,-0.01
-5221,2.67,-10025,3.03,655,3,25486,16_41_59_10_03_2025,0.07,9.70,0.03,0.00,-0.01,-0.01
-5356,2.68,-10151,3.04,655,3,25553,16_42_00_10_03_2025,0.07,9.69,0.02,0.02,-0.01,-0.00
-5268,2.67,-10224,3.05,656,3,25643,16_42_00_10_03_2025,0.06,9.70,0.01,-0.00,-0.01,-0.01
-5254,2.67,-10135,3.04,655,3,25684,16_42_00_10_03_2025,0.09,9.72,0.01,-0.04,0.01,-0.01
-5318,2.68,-10021,3.03,656,3,25749,16_42_00_10_03_2025,0.07,9.70,0.03,0.00,-0.01,-0.01
-5358,2.68,-10309,3.05,655,3,25839,16_42_00_10_03_2025,0.06,9.70,0.02,0.00,-0.01,-0.01
-5234,2.67,-10136,3.04,656,3,25879,16_42_00_10_03_2025,0.06,9.69,0.03,0.00,-0.01,-0.01
-5244,2.67,-9955,3.03,655,3,25946,16_42_00_10_03_2025,0.06,9.76,0.11,0.02,-0.00,-0.00
-5150,2.66,-10091,3.04,656,3,26037,16_42_00_10_03_2025,0.18,9.76,0.10,-0.01,-0.01,-0.00
-5302,2.67,-10098,3.04,653,3,26077,16_42_00_10_03_2025,0.08,9.73,0.06,-0.02,-0.00,-0.01
-5137,2.66,-10143,3.04,655,3,26141,16_42_00_10_03_2025,0.09,9.63,-0.05,0.01,-0.00,-0.01
-5487,2.69,-10052,3.03,656,3,26181,16_42_00_10_03_2025,0.13,9.70,-0.09,0.01,0.01,-0.01
-5363,2.68,-10121,3.04,656,3,26248,16_42_00_10_03_2025,0.07,9.72,0.03,0.00,-0.01,-0.01
-5144,2.66,-10176,3.04,655,3,26338,16_42_00_10_03_2025,0.08,9.72,0.02,-0.00,-0.01,-0.01
-5283,2.67,-10134,3.04,655,3,26378,16_42_00_10_03_2025,0.06,9.69,0.03,0.01,-0.01,-0.01
-5226,2.67,-10236,3.05,655,3,26443,16_42_00_10_03_2025,0.08,9.69,0.00,0.01,-0.01,-0.00
-5132,2.66,-10093,3.04,655,3,26534,16_42_00_10_03_2025,0.04,9.62,0.01,0.02,-0.01,-0.00
-5235,2.67,-10282,3.05,656,3,26574,16_42_01_10_03_2025,0.06,9.63,0.05,0.01,-0.01,-0.00
-5352,2.68,-10075,3.04,655,3,26640,16_42_01_10_03_2025,0.08,9.72,0.01,-0.00,-0.01,-0.01
-5399,2.68,-10230,3.05,656,3,26730,16_42_01_10_03_2025,0.06,9.71,0.02,0.01,-0.01,-0.01
-5206,2.67,-10147,3.04,656,3,26770,16_42_01_10_03_2025,0.06,9.71,0.03,0.00,-0.01,-0.01
-5273,2.67,-10115,3.04,655,3,26837,16_42_01_10_03_2025,0.06,9.69,0.03,0.01,-0.01,-0.01
-5215,2.67,-10129,3.04,655,3,26926,16_42_01_10_03_2025,0.06,9.72,0.02,0.00,-0.01,-0.01
-5129,2.66,-10088,3.04,655,3,26967,16_42_01_10_03_2025,0.07,9.73,0.02,0.00,-0.01,-0.01
-5309,2.67,-10254,3.05,656,3,27033,16_42_01_10_03_2025,0.08,9.69,0.03,0.01,-0.01,-0.01
-5320,2.68,-10174,3.04,656,3,27123,16_42_01_10_03_2025,0.05,9.67,0.02,0.00,-0.01,-0.01
-5378,2.68,-10274,3.05,656,3,27163,16_42_01_10_03_2025,0.08,9.71,0.01,0.02,-0.01,-0.00
-5374,2.68,-10072,3.04,656,3,27229,16_42_01_10_03_2025,0.07,9.71,0.02,0.00,-0.01,-0.01
-5265,2.67,-10167,3.04,656,3,27319,16_42_01_10_03_2025,0.08,9.68,0.01,0.01,-0.01,-0.01
-5428,2.68,-10073,3.04,655,3,27360,16_42_01_10_03_2025,0.08,9.69,0.01,0.01,-0.01,-0.01
-5344,2.68,-10073,3.04,655,3,27425,16_42_01_10_03_2025,0.08,9.71,0.01,0.01,-0.01,-0.00
-5346,2.68,-10040,3.03,656,3,27467,16_42_01_10_03_2025,0.08,9.68,0.00,0.01,-0.01,-0.01
-5128,2.66,-10313,3.05,655,3,27532,16_42_01_10_03_2025,0.07,9.69,0.00,0.01,-0.01,-0.01
-5292,2.67,-10286,3.05,656,3,27622,16_42_02_10_03_2025,0.08,9.69,-0.00,0.01,-0.01,-0.01
-5248,2.67,-10158,3.04,655,3,27662,16_42_02_10_03_2025,0.08,9.70,0.00,0.01,-0.01,-0.01
-5340,2.68,-10075,3.04,656,3,27727,16_42_02_10_03_2025,0.08,9.69,0.00,0.00,-0.01,-0.01
-5202,2.67,-10200,3.05,655,3,27818,16_42_02_10_03_2025,0.07,9.68,-0.00,0.00,-0.01,-0.01
-5310,2.67,-10030,3.03,655,3,27857,16_42_02_10_03_2025,0.08,9.70,0.00,0.01,-0.01,-0.01
-5167,2.66,-10113,3.04,655,3,27924,16_42_02_10_03_2025,0.07,9.68,0.02,-0.02,-0.00,-0.01
-5527,2.69,-9952,3.03,655,3,28014,16_42_02_10_03_2025,0.08,9.69,0.01,-0.03,-0.01,-0.01
-5287,2.67,-10140,3.04,655,3,28055,16_42_02_10_03_2025,0.07,9.66,-0.01,0.03,-0.01,-0.01
-5305,2.67,-10015,3.03,655,3,28120,16_42_02_10_03_2025,0.05,9.73,0.03,-0.00,-0.00,-0.01
-5319,2.68,-10047,3.03,655,3,28211,16_42_02_10_03_2025,0.07,9.71,0.01,0.01,-0.01,-0.01
-5349,2.68,-9927,3.02,656,3,28250,16_42_02_10_03_2025,0.07,9.68,0.01,0.02,-0.01,-0.01
-5269,2.67,-10077,3.04,655,3,28317,16_42_02_10_03_2025,0.07,9.69,0.01,0.00,-0.01,-0.01
-5342,2.68,-10106,3.04,655,3,28406,16_42_02_10_03_2025,0.07,9.68,0.00,0.01,-0.01,-0.01
-5202,2.67,-10214,3.05,655,3,28447,16_42_02_10_03_2025,0.07,9.70,0.00,0.01,-0.01,-0.01
-5226,2.67,-10157,3.04,655,3,28513,16_42_02_10_03_2025,0.08,9.74,-0.01,0.01,-0.01,-0.00
-5215,2.67,-10043,3.03,655,3,28604,16_42_03_10_03_2025,0.09,9.69,0.01,0.01,-0.01,-0.01
-5255,2.67,-10006,3.03,655,3,28645,16_42_03_10_03_2025,0.09,9.70,-0.01,0.01,-0.01,-0.01
-5131,2.66,-10119,3.04,655,3,28709,16_42_03_10_03_2025,0.08,9.71,-0.02,0.01,-0.01,-0.01
-5253,2.67,-10043,3.03,655,3,28760,16_42_03_10_03_2025,0.08,9.70,-0.01,0.01,-0.01,-0.01
-5405,2.68,-10172,3.04,655,3,28815,16_42_03_10_03_2025,0.08,9.69,-0.02,0.00,-0.01,-0.01
-5083,2.66,-10071,3.04,656,3,28905,16_42_03_10_03_2025,0.15,9.87,-0.11,0.14,-0.06,0.01
-5384,2.68,-10174,3.04,655,3,28946,16_42_03_10_03_2025,0.08,9.68,-0.02,0.02,-0.01,-0.01
-5458,2.69,-10351,3.06,654,3,29012,16_42_03_10_03_2025,0.08,9.69,-0.01,-0.00,-0.00,-0.01
-5287,2.67,-9976,3.03,656,3,29101,16_42_03_10_03_2025,0.09,9.69,-0.02,-0.00,-0.00,-0.01
-5205,2.67,-10136,3.04,656,3,29141,16_42_03_10_03_2025,0.01,9.61,0.02,0.08,-0.03,-0.01
-5265,2.67,-10091,3.04,655,3,29207,16_42_03_10_03_2025,0.11,9.76,-0.06,0.01,-0.01,-0.01
-5286,2.67,-10265,3.05,655,3,29298,16_42_03_10_03_2025,0.09,9.70,-0.03,0.02,-0.01,-0.01
-5254,2.67,-10271,3.05,655,3,29338,16_42_03_10_03_2025,0.08,9.71,-0.04,-0.00,-0.00,-0.01
-5196,2.67,-10123,3.04,656,3,29404,16_42_03_10_03_2025,0.08,9.69,-0.01,-0.00,-0.00,-0.01
-5218,2.67,-10094,3.04,656,3,29493,16_42_03_10_03_2025,0.08,9.69,-0.01,0.01,-0.01,-0.01
-5345,2.68,-10319,3.05,655,3,29533,16_42_04_10_03_2025,0.09,9.69,-0.03,0.00,-0.00,-0.01
-5173,2.66,-10064,3.04,655,3,29600,16_42_04_10_03_2025,0.08,9.69,-0.02,0.01,-0.01,-0.01
-5391,2.68,-10131,3.04,655,3,29689,16_42_04_10_03_2025,0.09,9.71,-0.04,0.01,-0.01,-0.01
-5372,2.68,-10057,3.03,655,3,29730,16_42_04_10_03_2025,0.07,9.68,-0.03,0.01,-0.01,-0.01
-5402,2.68,-9983,3.03,655,3,29796,16_42_04_10_03_2025,0.08,9.70,-0.03,0.00,-0.01,-0.01
-5335,2.68,-10233,3.05,656,3,29888,16_42_04_10_03_2025,0.09,9.69,-0.03,0.01,-0.01,-0.01
-5197,2.67,-10037,3.03,656,3,29928,16_42_04_10_03_2025,0.08,9.69,-0.04,0.01,-0.01,-0.01
-5160,2.66,-10096,3.04,656,3,29992,16_42_04_10_03_2025,0.08,9.70,-0.03,0.00,-0.01,-0.01
-5288,2.67,-10097,3.04,656,3,30033,16_42_04_10_03_2025,0.08,9.71,-0.04,0.00,-0.01,-0.01
-5311,2.68,-10124,3.04,655,3,30099,16_42_04_10_03_2025,0.05,9.61,0.03,-0.04,0.01,-0.01
-5394,2.68,-10188,3.04,656,3,30189,16_42_04_10_03_2025,0.09,9.70,-0.03,0.01,-0.01,-0.01
-5244,2.67,-10133,3.04,655,3,30240,16_42_04_10_03_2025,0.09,9.70,-0.03,0.00,-0.01,-0.01
-5264,2.67,-9960,3.03,655,3,30295,16_42_04_10_03_2025,0.08,9.70,-0.02,0.01,-0.01,-0.01
-5508,2.69,-10128,3.04,654,3,30385,16_42_04_10_03_2025,0.08,9.70,-0.01,0.00,-0.01,-0.01
-5266,2.67,-10246,3.05,655,3,30426,16_42_04_10_03_2025,0.09,9.71,-0.03,0.00,-0.01,-0.01
-5289,2.67,-10139,3.04,656,3,30490,16_42_04_10_03_2025,0.09,9.70,-0.03,0.01,-0.01,-0.01
-5353,2.68,-10147,3.04,656,3,30581,16_42_05_10_03_2025,0.09,9.69,-0.01,0.00,-0.01,-0.01
-5319,2.68,-10137,3.04,655,3,30621,16_42_05_10_03_2025,0.09,9.70,-0.02,0.01,-0.01,-0.01
-5287,2.67,-10100,3.04,655,3,30688,16_42_05_10_03_2025,0.08,9.70,-0.02,0.01,-0.01,-0.01
-5171,2.66,-10364,3.06,655,3,30777,16_42_05_10_03_2025,0.10,9.70,-0.02,0.00,-0.01,-0.01
-5166,2.66,-10356,3.06,655,3,30818,16_42_05_10_03_2025,0.08,9.69,-0.02,0.00,-0.00,-0.01
-5258,2.67,-10124,3.04,655,3,30884,16_42_05_10_03_2025,0.09,9.70,-0.02,0.01,-0.01,-0.01
-5164,2.66,-10050,3.03,655,3,30973,16_42_05_10_03_2025,0.09,9.70,-0.01,0.00,-0.01,-0.01
-5160,2.66,-10109,3.04,653,3,31014,16_42_05_10_03_2025,0.08,9.69,-0.02,0.01,-0.01,-0.01
-5358,2.68,-10243,3.05,656,3,31080,16_42_05_10_03_2025,0.08,9.70,-0.02,0.00,-0.01,-0.01
-5213,2.67,-10187,3.04,655,3,31170,16_42_05_10_03_2025,0.09,9.70,-0.03,0.01,-0.01,-0.01
-5172,2.66,-10090,3.04,656,3,31210,16_42_05_10_03_2025,0.09,9.69,-0.01,0.00,-0.01,-0.01
-5142,2.66,-10018,3.03,655,3,31276,16_42_05_10_03_2025,0.05,9.67,-0.00,0.00,-0.01,-0.01
-5307,2.67,-10100,3.04,655,3,31319,16_42_05_10_03_2025,0.09,9.73,-0.03,0.01,-0.01,-0.01
-5197,2.67,-9825,3.02,655,3,31382,16_42_05_10_03_2025,0.14,9.74,-0.03,0.02,-0.01,-0.01
-5378,2.68,-10104,3.04,655,3,31472,16_42_05_10_03_2025,0.08,9.70,-0.03,0.01,-0.01,-0.01
-5112,2.66,-10101,3.04,655,3,31512,16_42_05_10_03_2025,0.09,9.71,-0.03,0.00,-0.01,-0.01
-5150,2.66,-10137,3.04,656,3,31578,16_42_06_10_03_2025,0.08,9.69,-0.03,0.01,-0.01,-0.01
-5270,2.67,-10094,3.04,656,3,31668,16_42_06_10_03_2025,0.09,9.70,-0.02,0.00,-0.01,-0.01
-5270,2.67,-10130,3.04,656,3,31719,16_42_06_10_03_2025,0.09,9.71,-0.03,0.00,-0.01,-0.01
-5320,2.68,-10073,3.04,655,3,31775,16_42_06_10_03_2025,0.08,9.71,-0.04,0.01,-0.01,-0.01
-5177,2.66,-10168,3.04,656,3,31864,16_42_06_10_03_2025,0.08,9.69,-0.02,0.01,-0.01,-0.01
-5075,2.66,-10167,3.04,655,3,31904,16_42_06_10_03_2025,0.08,9.70,-0.03,0.01,-0.01,-0.01
-5268,2.67,-10151,3.04,655,3,31971,16_42_06_10_03_2025,0.08,9.69,-0.03,0.01,-0.01,-0.01
-5345,2.68,-10151,3.04,655,3,32060,16_42_06_10_03_2025,0.09,9.70,-0.03,0.01,-0.01,-0.01
-5334,2.68,-10024,3.03,655,3,32101,16_42_06_10_03_2025,0.07,9.69,-0.05,0.01,-0.01,-0.01
-5317,2.68,-10040,3.03,655,3,32167,16_42_06_10_03_2025,0.09,9.71,-0.05,0.00,-0.01,-0.01
-5190,2.67,-10020,3.03,655,3,32257,16_42_06_10_03_2025,0.08,9.69,-0.05,0.01,-0.01,-0.01
-5215,2.67,-10148,3.04,655,3,32297,16_42_06_10_03_2025,0.07,9.70,-0.04,0.01,-0.01,-0.01
-5169,2.66,-10274,3.05,655,3,32363,16_42_06_10_03_2025,0.09,9.71,-0.05,0.00,-0.01,-0.01
-5351,2.68,-10017,3.03,656,3,32455,16_42_06_10_03_2025,0.08,9.70,-0.05,0.00,-0.01,-0.01
-5351,2.68,-10302,3.05,655,3,32496,16_42_06_10_03_2025,0.08,9.70,-0.05,0.01,-0.01,-0.01
-5290,2.67,-10015,3.03,655,3,32559,16_42_07_10_03_2025,0.07,9.70,-0.04,0.01,-0.01,-0.01
-5462,2.69,-10183,3.04,656,3,32599,16_42_07_10_03_2025,0.09,9.68,-0.04,-0.00,-0.00,-0.00
-5424,2.68,-10029,3.03,655,3,32666,16_42_07_10_03_2025,0.08,9.71,-0.04,-0.02,-0.00,-0.00
-5330,2.68,-10127,3.04,655,3,32756,16_42_07_10_03_2025,0.09,9.70,-0.03,0.00,-0.01,-0.01
-5356,2.68,-10184,3.04,655,3,32799,16_42_07_10_03_2025,0.08,9.71,-0.02,0.01,-0.01,-0.01
-5370,2.68,-10001,3.03,655,3,32862,16_42_07_10_03_2025,0.08,9.69,-0.02,0.00,-0.01,-0.01
-5172,2.66,-10061,3.03,655,3,32952,16_42_07_10_03_2025,0.09,9.70,-0.02,0.01,-0.01,-0.01
-5306,2.67,-10145,3.04,655,3,32992,16_42_07_10_03_2025,0.08,9.69,-0.03,0.00,-0.01,-0.01
-5374,2.68,-10029,3.03,655,3,33058,16_42_07_10_03_2025,0.09,9.70,-0.03,0.01,-0.01,-0.01
-5162,2.66,-10092,3.04,656,3,33149,16_42_07_10_03_2025,0.08,9.71,-0.03,0.00,-0.01,-0.01
-5194,2.67,-10286,3.05,656,3,33200,16_42_07_10_03_2025,0.08,9.69,-0.03,0.00,-0.01,-0.01
-5206,2.67,-10109,3.04,656,3,33254,16_42_07_10_03_2025,0.08,9.70,-0.03,0.00,-0.01,-0.01
-5297,2.67,-10124,3.04,655,3,33344,16_42_07_10_03_2025,0.08,9.70,-0.03,0.01,-0.01,-0.01
-5249,2.67,-10246,3.05,655,3,33384,16_42_07_10_03_2025,0.08,9.71,-0.03,0.01,-0.01,-0.01
-5355,2.68,-10132,3.04,655,3,33452,16_42_07_10_03_2025,0.08,9.71,-0.03,0.00,-0.01,-0.01
-5274,2.67,-10210,3.05,656,3,33540,16_42_07_10_03_2025,0.09,9.69,-0.02,0.01,-0.01,-0.01
-5263,2.67,-10166,3.04,655,3,33580,16_42_08_10_03_2025,0.09,9.69,-0.01,0.01,-0.01,-0.01
-5094,2.66,-10040,3.03,656,3,33646,16_42_08_10_03_2025,0.08,9.70,-0.02,0.00,-0.01,-0.01
-5060,2.66,-10140,3.04,647,3,33738,16_42_08_10_03_2025,0.06,9.63,0.00,0.01,-0.01,-0.01
-5299,2.67,-10175,3.04,648,3,33779,16_42_08_10_03_2025,0.08,9.70,-0.03,0.01,-0.01,-0.01
-5228,2.67,-10242,3.05,648,3,33843,16_42_08_10_03_2025,0.09,9.70,-0.02,0.00,-0.00,-0.01
-5239,2.67,-10006,3.03,650,3,33894,16_42_08_10_03_2025,0.09,9.69,-0.03,0.01,-0.01,-0.01
-5237,2.67,-10218,3.05,649,3,33949,16_42_08_10_03_2025,0.09,9.70,-0.04,0.01,-0.01,-0.01
-5267,2.67,-10240,3.05,649,3,34039,16_42_08_10_03_2025,0.08,9.70,-0.03,0.01,-0.01,-0.01
-5267,2.67,-10057,3.03,649,3,34080,16_42_08_10_03_2025,0.08,9.69,-0.04,0.01,-0.01,-0.01
-5173,2.66,-10074,3.04,648,3,34146,16_42_08_10_03_2025,0.08,9.70,-0.04,0.00,-0.01,-0.01
-5339,2.68,-10173,3.04,649,3,34235,16_42_08_10_03_2025,0.09,9.69,-0.03,0.01,-0.01,-0.01
-5287,2.67,-10085,3.04,649,3,34280,16_42_08_10_03_2025,0.09,9.71,-0.03,0.01,-0.01,-0.01
-5428,2.68,-10012,3.03,649,3,34344,16_42_08_10_03_2025,0.08,9.69,-0.04,0.00,-0.01,-0.01
-5370,2.68,-10031,3.03,650,3,34432,16_42_08_10_03_2025,0.08,9.70,-0.04,0.01,-0.01,-0.01
-5469,2.69,-10196,3.05,648,3,34472,16_42_08_10_03_2025,0.09,9.70,-0.04,0.00,-0.01,-0.01
-5265,2.67,-10115,3.04,650,3,34537,16_42_08_10_03_2025,0.08,9.72,-0.05,0.01,-0.01,-0.01
-5234,2.67,-10096,3.04,649,3,34628,16_42_09_10_03_2025,0.09,9.69,-0.04,0.00,-0.01,-0.01
-5365,2.68,-10078,3.04,650,3,34679,16_42_09_10_03_2025,0.07,9.69,-0.04,0.00,-0.01,-0.01
-5276,2.67,-10077,3.04,653,3,34734,16_42_09_10_03_2025,0.08,9.68,-0.04,0.00,-0.01,-0.01
-5243,2.67,-10208,3.05,649,3,34824,16_42_09_10_03_2025,0.09,9.70,-0.04,0.01,-0.01,-0.01
-5210,2.67,-10169,3.04,648,3,34865,16_42_09_10_03_2025,0.08,9.69,-0.04,0.00,-0.01,-0.01
-5188,2.67,-10175,3.04,648,3,34931,16_42_09_10_03_2025,0.09,9.70,-0.03,0.01,-0.01,-0.01
-5150,2.66,-9967,3.03,649,3,35022,16_42_09_10_03_2025,0.08,9.68,-0.05,0.01,-0.01,-0.01
-5454,2.69,-10146,3.04,655,3,35059,16_42_09_10_03_2025,0.16,9.87,-0.11,-0.00,-0.01,-0.01
-5333,2.68,-10187,3.04,655,3,35128,16_42_09_10_03_2025,0.10,9.65,-0.04,0.01,-0.01,-0.01
-5327,2.68,-10342,3.06,655,3,35398,16_42_09_10_03_2025,0.06,9.69,-0.01,-0.00,-0.00,-0.01
-5200,2.67,-9905,3.02,655,3,35593,16_42_10_10_03_2025,0.09,9.70,-0.02,0.01,-0.01,-0.01
-5320,2.68,-10169,3.04,656,3,35634,16_42_10_10_03_2025,0.09,9.69,-0.03,0.00,-0.01,-0.01
-5351,2.68,-9909,3.02,655,3,35685,16_42_10_10_03_2025,0.09,9.69,-0.03,0.01,-0.01,-0.01
-5282,2.67,-10028,3.03,656,3,35725,16_42_10_10_03_2025,0.09,9.68,-0.03,0.00,-0.01,-0.01
-5232,2.67,-10320,3.05,656,3,35766,16_42_10_10_03_2025,0.09,9.70,-0.02,0.00,-0.01,-0.01
-5399,2.68,-10194,3.05,655,3,35806,16_42_10_10_03_2025,0.09,9.69,-0.03,0.00,-0.01,-0.01
-5325,2.68,-9924,3.02,656,3,35847,16_42_10_10_03_2025,0.09,9.70,-0.02,0.00,-0.01,-0.01
-5325,2.68,-10243,3.05,656,3,35887,16_42_10_10_03_2025,0.08,9.71,-0.02,0.01,-0.01,-0.01
-5325,2.68,-10237,3.05,655,3,35930,16_42_10_10_03_2025,0.08,9.70,-0.03,0.01,-0.01,-0.01
-5358,2.68,-10190,3.04,655,3,35971,16_42_10_10_03_2025,0.09,9.70,-0.04,0.01,-0.01,-0.01
-5342,2.68,-9939,3.03,656,3,36011,16_42_10_10_03_2025,0.08,9.71,-0.03,0.00,-0.01,-0.01
-5339,2.68,-10275,3.05,655,3,36052,16_42_10_10_03_2025,0.09,9.69,-0.02,0.01,-0.01,-0.01
-5409,2.68,-10221,3.05,655,3,36093,16_42_10_10_03_2025,0.09,9.69,-0.03,0.00,-0.01,-0.01
-5175,2.66,-10063,3.04,656,3,36133,16_42_10_10_03_2025,0.09,9.69,-0.02,0.00,-0.01,-0.01
-5287,2.67,-10137,3.04,656,3,36185,16_42_10_10_03_2025,0.08,9.70,-0.03,0.01,-0.01,-0.01
-5290,2.67,-10023,3.03,656,3,36225,16_42_10_10_03_2025,0.09,9.69,-0.03,0.01,-0.00,-0.01
-5293,2.67,-10188,3.04,655,3,36305,16_42_10_10_03_2025,0.08,9.70,-0.02,-0.01,-0.00,-0.01
-5381,2.68,-10084,3.04,655,3,36345,16_42_10_10_03_2025,0.08,9.71,-0.03,0.01,-0.01,-0.01
-5285,2.67,-10228,3.05,655,3,36410,16_42_10_10_03_2025,0.09,9.70,-0.03,0.00,-0.01,-0.01
-5276,2.67,-10039,3.03,655,3,36451,16_42_10_10_03_2025,0.09,9.70,-0.04,-0.00,-0.00,-0.01
-5150,2.66,-9987,3.03,655,3,36517,16_42_10_10_03_2025,0.09,9.69,-0.03,-0.00,-0.00,-0.01
-5223,2.67,-10122,3.04,655,3,36606,16_42_11_10_03_2025,0.08,9.69,-0.04,-0.00,-0.00,-0.01
-5349,2.68,-10073,3.04,655,3,36646,16_42_11_10_03_2025,0.09,9.70,-0.03,0.01,-0.01,-0.01
-5277,2.67,-10096,3.04,656,3,36712,16_42_11_10_03_2025,0.09,9.71,-0.04,0.01,-0.01,-0.01
-5385,2.68,-10074,3.04,656,3,36802,16_42_11_10_03_2025,0.09,9.69,-0.05,0.01,-0.01,-0.01
-5350,2.68,-10153,3.04,656,3,36853,16_42_11_10_03_2025,0.08,9.68,-0.04,0.00,-0.01,-0.01
-5238,2.67,-10102,3.04,655,3,36909,16_42_11_10_03_2025,0.08,9.69,-0.03,0.01,-0.01,-0.01
-5445,2.69,-10179,3.04,656,3,36999,16_42_11_10_03_2025,0.09,9.70,-0.03,0.01,-0.01,-0.01
-5218,2.67,-10179,3.04,655,3,37038,16_42_11_10_03_2025,0.07,9.69,-0.03,0.01,-0.01,-0.01
-5217,2.67,-10167,3.04,656,3,37105,16_42_11_10_03_2025,0.09,9.70,-0.05,0.00,-0.01,-0.01
-5301,2.67,-10098,3.04,655,3,37195,16_42_11_10_03_2025,0.09,9.69,-0.04,0.01,-0.01,-0.01
-5278,2.67,-10223,3.05,656,3,37238,16_42_11_10_03_2025,0.09,9.70,-0.05,0.01,-0.01,-0.01
-5416,2.68,-10140,3.04,655,3,37301,16_42_11_10_03_2025,0.08,9.70,-0.04,0.01,-0.01,-0.01
-5218,2.67,-10200,3.05,656,3,37391,16_42_11_10_03_2025,0.08,9.70,-0.04,0.01,-0.01,-0.01
-5500,2.69,-10049,3.03,655,3,37431,16_42_11_10_03_2025,0.08,9.70,-0.04,0.00,-0.01,-0.01
-5294,2.67,-10138,3.04,656,3,37498,16_42_11_10_03_2025,0.08,9.68,-0.04,0.00,-0.01,-0.01
-5346,2.68,-10110,3.04,656,3,37589,16_42_12_10_03_2025,0.09,9.70,-0.05,0.01,-0.01,-0.01
-5221,2.67,-10093,3.04,656,3,37640,16_42_12_10_03_2025,0.08,9.69,-0.04,0.01,-0.01,-0.01
-5291,2.67,-10165,3.04,656,3,37694,16_42_12_10_03_2025,0.08,9.70,-0.04,0.01,-0.01,-0.01
-5304,2.67,-10191,3.04,655,3,37734,16_42_12_10_03_2025,0.08,9.69,-0.03,0.01,-0.01,-0.01
-5453,2.69,-10170,3.04,655,3,37800,16_42_12_10_03_2025,0.08,9.71,-0.06,0.00,-0.01,-0.01
-5198,2.67,-10075,3.04,655,3,37891,16_42_12_10_03_2025,0.09,9.70,-0.03,0.00,-0.01,-0.01
-5176,2.66,-10231,3.05,655,3,37932,16_42_12_10_03_2025,0.09,9.70,-0.04,0.01,-0.01,-0.01
-5337,2.68,-10153,3.04,655,3,37996,16_42_12_10_03_2025,0.09,9.70,-0.04,0.01,-0.01,-0.01
-5286,2.67,-10177,3.04,656,3,38086,16_42_12_10_03_2025,0.08,9.69,-0.04,0.01,-0.01,-0.01
-5306,2.67,-10056,3.03,655,3,38126,16_42_12_10_03_2025,0.08,9.70,-0.05,0.00,-0.01,-0.01
-5174,2.66,-10197,3.05,655,3,38192,16_42_12_10_03_2025,0.09,9.69,-0.03,0.00,-0.01,-0.01
-5208,2.67,-10046,3.03,656,3,38282,16_42_12_10_03_2025,0.10,9.70,-0.04,0.01,-0.01,-0.01
-5192,2.67,-10213,3.05,655,3,38333,16_42_12_10_03_2025,0.09,9.69,-0.02,0.01,-0.01,-0.01
-5266,2.67,-10154,3.04,656,3,38388,16_42_12_10_03_2025,0.09,9.70,-0.04,0.01,-0.01,-0.01
-5341,2.68,-10257,3.05,655,3,38478,16_42_12_10_03_2025,0.08,9.70,-0.02,0.01,-0.01,-0.01
-5352,2.68,-10122,3.04,655,3,38519,16_42_13_10_03_2025,0.07,9.69,-0.06,0.06,-0.02,-0.02
-5335,2.68,-10218,3.05,655,3,38585,16_42_13_10_03_2025,0.08,9.72,-0.04,-0.00,-0.00,-0.00
-5142,2.66,-10184,3.04,655,3,38674,16_42_13_10_03_2025,0.08,9.69,-0.03,0.00,-0.01,-0.00
-5220,2.67,-10332,3.06,656,3,38717,16_42_13_10_03_2025,0.09,9.70,-0.04,0.00,-0.01,-0.01
-5159,2.66,-10268,3.05,655,3,38781,16_42_13_10_03_2025,0.09,9.70,-0.03,0.01,-0.01,-0.01
-5419,2.68,-10234,3.05,655,3,38872,16_42_13_10_03_2025,0.08,9.69,-0.03,0.00,-0.01,-0.01
-5244,2.67,-10002,3.03,655,3,38912,00_85_03_20_11_2000,0.09,9.72,-0.05,-0.00,-0.01,-0.00
-5238,2.67,-10232,3.05,656,3,38977,16_42_13_10_03_2025,0.07,9.68,-0.02,0.00,-0.01,-0.01
-5240,2.67,-10251,3.05,655,3,39017,16_42_13_10_03_2025,0.09,9.69,-0.03,0.01,-0.01,-0.01
-5257,2.67,-10112,3.04,655,3,39083,16_42_13_10_03_2025,0.09,9.69,-0.04,0.00,-0.01,-0.01
-5322,2.68,-10235,3.05,656,3,39173,16_42_13_10_03_2025,0.09,9.69,-0.03,0.00,-0.01,-0.01
-5451,2.69,-10167,3.04,654,3,39213,00_85_03_20_11_2000,0.09,9.70,-0.03,-0.03,0.00,0.00
-5299,2.67,-10235,3.05,656,3,39280,16_42_13_10_03_2025,0.08,9.70,-0.02,0.00,-0.01,-0.01
-5470,2.69,-10062,3.04,656,3,39369,16_42_13_10_03_2025,0.09,9.69,-0.03,0.01,-0.01,-0.01
-5266,2.67,-10294,3.05,656,3,39409,16_42_13_10_03_2025,0.09,9.70,-0.04,0.00,-0.01,-0.01
-5199,2.67,-10128,3.04,655,3,39476,16_42_13_10_03_2025,0.07,9.68,-0.03,0.01,-0.01,-0.01
-5132,2.66,-10214,3.05,655,3,39566,16_42_14_10_03_2025,0.09,9.70,-0.02,0.00,-0.01,-0.01
-5473,2.69,-10226,3.05,655,3,39607,16_42_14_10_03_2025,0.09,9.69,-0.03,0.00,-0.01,-0.01
-5256,2.67,-10255,3.05,656,3,39672,16_42_14_10_03_2025,0.09,9.69,-0.03,0.01,-0.01,-0.01
-5305,2.67,-10056,3.03,655,3,39762,16_42_14_10_03_2025,0.08,9.70,-0.04,0.01,-0.01,-0.01
-5243,2.67,-10411,3.06,656,3,39814,16_42_14_10_03_2025,0.08,9.70,-0.03,0.00,-0.01,-0.01
-5308,2.67,-9878,3.02,655,3,39869,16_42_14_10_03_2025,0.09,9.70,-0.03,0.00,-0.01,-0.01
-5203,2.67,-9957,3.03,655,3,39959,16_42_14_10_03_2025,0.08,9.71,-0.03,0.00,-0.01,-0.01
-5264,2.67,-10193,3.04,655,3,39999,16_42_14_10_03_2025,0.09,9.71,-0.03,0.01,-0.01,-0.01
-5358,2.68,-10115,3.04,655,3,40065,16_42_14_10_03_2025,0.09,9.70,-0.02,0.01,-0.01,-0.01
-5314,2.68,-10348,3.06,656,3,40156,16_42_14_10_03_2025,0.09,9.69,-0.03,0.00,-0.01,-0.01
-5291,2.67,-10082,3.04,656,3,40200,16_42_14_10_03_2025,0.09,9.71,-0.04,0.00,-0.00,-0.01
-5344,2.68,-10330,3.06,655,3,40262,16_42_14_10_03_2025,0.08,9.69,-0.03,0.00,-0.00,-0.01
-5233,2.67,-10189,3.04,655,3,40303,16_42_14_10_03_2025,0.09,9.69,-0.01,-0.00,-0.00,-0.01
-5220,2.67,-10222,3.05,655,3,40366,16_42_14_10_03_2025,0.09,9.70,-0.03,0.00,-0.01,-0.01
-5281,2.67,-10110,3.04,655,3,40457,16_42_14_10_03_2025,0.08,9.69,-0.02,0.00,-0.01,-0.01
-5335,2.68,-10061,3.03,655,3,40497,16_42_14_10_03_2025,0.09,9.69,-0.02,0.01,-0.01,-0.01
-5340,2.68,-10202,3.05,656,3,40563,16_42_15_10_03_2025,0.09,9.69,-0.01,0.01,-0.01,-0.01
-5200,2.67,-10282,3.05,656,3,40653,16_42_15_10_03_2025,0.09,9.69,-0.04,0.01,-0.01,-0.01
-5244,2.67,-10213,3.05,655,3,40693,16_42_15_10_03_2025,0.10,9.71,-0.03,0.01,-0.01,-0.01
-5277,2.67,-10131,3.04,656,3,40759,16_42_15_10_03_2025,0.08,9.73,-0.02,0.00,-0.01,-0.01
-5330,2.68,-10229,3.05,655,3,40849,16_42_15_10_03_2025,0.09,9.67,-0.03,0.01,-0.01,-0.01
-5312,2.68,-10129,3.04,656,3,40890,16_42_15_10_03_2025,0.08,9.69,-0.02,0.00,-0.01,-0.01
-5225,2.67,-10200,3.05,656,3,40956,16_42_15_10_03_2025,0.08,9.69,-0.02,0.00,-0.01,-0.01
-5289,2.67,-10136,3.04,655,3,41045,16_42_15_10_03_2025,0.08,9.70,-0.02,0.01,-0.01,-0.01
-5215,2.67,-10209,3.05,656,3,41085,16_42_15_10_03_2025,0.09,9.70,-0.04,0.01,-0.01,-0.01
-5267,2.67,-10098,3.04,656,3,41152,16_42_15_10_03_2025,0.09,9.69,-0.03,0.00,-0.01,-0.01
-5346,2.68,-9967,3.03,656,3,41242,16_42_15_10_03_2025,0.09,9.71,-0.03,0.00,-0.00,-0.01
-5294,2.67,-10295,3.05,656,3,41293,16_42_15_10_03_2025,0.09,9.70,-0.02,0.01,-0.01,-0.01
-5300,2.67,-10010,3.03,656,3,41348,16_42_15_10_03_2025,0.10,9.70,-0.04,0.00,-0.01,-0.01
-5410,2.68,-10079,3.04,655,3,41439,16_42_15_10_03_2025,0.08,9.70,-0.03,0.01,-0.01,-0.01
-5288,2.67,-10040,3.03,655,3,41479,16_42_15_10_03_2025,0.08,9.70,-0.04,0.00,-0.01,-0.01
-5244,2.67,-10098,3.04,656,3,41544,16_42_16_10_03_2025,0.09,9.71,-0.03,-0.00,-0.01,-0.01
-5288,2.67,-10145,3.04,656,3,41585,16_42_16_10_03_2025,0.09,9.70,-0.02,0.00,-0.01,-0.01
-5251,2.67,-10099,3.04,656,3,41651,16_42_16_10_03_2025,0.09,9.69,-0.02,-0.00,-0.00,-0.01
-5301,2.67,-10109,3.04,656,3,41741,16_42_16_10_03_2025,0.07,9.69,-0.02,0.00,-0.01,-0.01
-5399,2.68,-10060,3.03,655,3,41781,16_42_16_10_03_2025,0.09,9.68,-0.02,0.00,-0.01,-0.01
-5134,2.66,-10087,3.04,655,3,41847,16_42_16_10_03_2025,0.08,9.70,-0.02,0.01,-0.01,-0.01
-5216,2.67,-10209,3.05,656,3,41937,16_42_16_10_03_2025,0.09,9.69,-0.02,0.01,-0.01,-0.01
-5237,2.67,-10108,3.04,655,3,41978,16_42_16_10_03_2025,0.08,9.71,-0.02,0.01,-0.01,-0.01
-5200,2.67,-10214,3.05,656,3,42043,16_42_16_10_03_2025,0.09,9.70,-0.02,0.01,-0.01,-0.01
-5202,2.67,-10044,3.03,656,3,42133,16_42_16_10_03_2025,0.09,9.69,-0.03,0.00,-0.01,-0.01
-5355,2.68,-10348,3.06,655,3,42173,16_42_16_10_03_2025,0.10,9.70,-0.03,0.00,-0.01,-0.01
-5384,2.68,-9923,3.02,656,3,42239,16_42_16_10_03_2025,0.09,9.70,-0.03,0.01,-0.01,-0.01
-5262,2.67,-10101,3.04,655,3,42330,16_42_16_10_03_2025,0.09,9.69,-0.03,0.01,-0.01,-0.01
-5170,2.66,-10206,3.05,656,3,42370,16_42_16_10_03_2025,0.09,9.68,-0.03,0.00,-0.01,-0.01
-5319,2.68,-10079,3.04,655,3,42435,16_42_16_10_03_2025,0.08,9.70,-0.03,0.01,-0.01,-0.01
-5404,2.68,-10014,3.03,655,3,42526,16_42_16_10_03_2025,0.08,9.69,-0.01,0.01,-0.01,-0.01
-5265,2.67,-10177,3.04,656,3,42566,16_42_17_10_03_2025,0.09,9.69,-0.02,0.00,-0.01,-0.01
-5192,2.67,-10098,3.04,655,3,42633,16_42_17_10_03_2025,0.10,9.69,-0.03,0.01,-0.01,-0.01
-5398,2.68,-10174,3.04,655,3,42723,16_42_17_10_03_2025,0.08,9.70,-0.02,0.01,-0.01,-0.01
-5140,2.66,-10242,3.05,656,3,42774,16_42_17_10_03_2025,0.09,9.70,-0.02,0.00,-0.01,-0.01
-5113,2.66,-10150,3.04,655,3,42828,16_42_17_10_03_2025,0.09,9.70,-0.03,0.01,-0.01,-0.01
-5282,2.67,-10240,3.05,655,3,42868,16_42_17_10_03_2025,0.09,9.68,-0.04,0.00,-0.01,-0.01
-5294,2.67,-10046,3.03,655,3,42935,16_42_17_10_03_2025,0.10,9.69,-0.03,0.00,-0.01,-0.01
-5447,2.69,-10061,3.03,656,3,43025,16_42_17_10_03_2025,0.09,9.69,-0.03,0.00,-0.01,-0.01
-5246,2.67,-10111,3.04,655,3,43065,16_42_17_10_03_2025,0.09,9.70,-0.04,0.01,-0.01,-0.01
-5345,2.68,-10150,3.04,656,3,43130,16_42_17_10_03_2025,0.08,9.70,-0.02,0.00,-0.01,-0.01
-5326,2.68,-10163,3.04,656,3,43220,16_42_17_10_03_2025,0.09,9.70,-0.03,0.00,-0.01,-0.01
-5198,2.67,-10112,3.04,656,3,43261,16_42_17_10_03_2025,0.09,9.69,-0.03,0.01,-0.01,-0.01
-5274,2.67,-10085,3.04,655,3,43328,16_42_17_10_03_2025,0.09,9.69,-0.03,0.01,-0.01,-0.01
-5387,2.68,-10129,3.04,656,3,43417,16_42_17_10_03_2025,0.08,9.70,-0.03,0.00,-0.01,-0.01
-5322,2.68,-10330,3.06,655,3,43457,16_42_17_10_03_2025,0.08,9.69,-0.03,0.00,-0.01,-0.01
-5258,2.67,-10066,3.04,656,3,43522,16_42_17_10_03_2025,0.10,9.70,-0.03,0.00,-0.01,-0.01
-5206,2.67,-10354,3.06,655,3,43613,16_42_18_10_03_2025,0.08,9.68,-0.02,0.00,-0.01,-0.01
-5411,2.68,-10252,3.05,655,3,43653,16_42_18_10_03_2025,0.08,9.70,-0.03,0.01,-0.01,-0.01
-5249,2.67,-9971,3.03,656,3,43720,16_42_18_10_03_2025,0.09,9.70,-0.03,0.01,-0.01,-0.01
-5316,2.68,-10142,3.04,656,3,43809,16_42_18_10_03_2025,0.09,9.70,-0.03,0.01,-0.01,-0.01
-5428,2.68,-10106,3.04,655,3,43849,16_42_18_10_03_2025,0.09,9.69,-0.03,0.01,-0.01,-0.01
-5274,2.67,-10072,3.04,655,3,43915,16_42_18_10_03_2025,0.08,9.70,-0.03,0.01,-0.01,-0.01
-5366,2.68,-10114,3.04,656,3,44006,16_42_18_10_03_2025,0.09,9.69,-0.03,0.01,-0.01,-0.01
-5349,2.68,-10155,3.04,656,3,44046,16_42_18_10_03_2025,0.09,9.69,-0.04,0.01,-0.01,-0.01
-5171,2.66,-10260,3.05,656,3,44111,16_42_18_10_03_2025,0.10,9.70,-0.03,0.00,-0.01,-0.01
-5362,2.68,-10125,3.04,656,3,44151,16_42_18_10_03_2025,0.08,9.71,-0.03,0.00,-0.01,-0.01
-5390,2.68,-10022,3.03,655,3,44217,16_42_18_10_03_2025,0.09,9.69,-0.03,0.00,-0.01,-0.01
-5227,2.67,-10146,3.04,655,3,44308,16_42_18_10_03_2025,0.09,9.70,-0.03,0.01,-0.01,-0.01
-5322,2.68,-10169,3.04,655,3,44349,16_42_18_10_03_2025,0.09,9.68,-0.03,0.01,-0.01,-0.01
-5322,2.68,-9928,3.02,656,3,44413,16_42_18_10_03_2025,0.09,9.71,-0.04,0.01,-0.01,-0.01
-5228,2.67,-10011,3.03,655,3,44504,16_42_18_10_03_2025,0.08,9.69,-0.04,0.01,-0.01,-0.01
-5173,2.66,-10134,3.04,655,3,44544,16_42_19_10_03_2025,0.09,9.70,-0.04,0.00,-0.00,-0.01
-5086,2.66,-10068,3.04,656,3,44609,16_42_19_10_03_2025,0.09,9.70,-0.03,0.00,-0.01,-0.01
-5224,2.67,-10154,3.04,655,3,44700,16_42_19_10_03_2025,0.09,9.68,-0.04,0.01,-0.01,-0.01
-5370,2.68,-10170,3.04,655,3,44741,16_42_19_10_03_2025,0.09,9.71,-0.02,0.00,-0.01,-0.01
-5378,2.68,-10128,3.04,655,3,44806,16_42_19_10_03_2025,0.08,9.69,-0.03,0.01,-0.01,-0.01
-5253,2.67,-10026,3.03,655,3,44896,16_42_19_10_03_2025,0.09,9.70,-0.03,0.01,-0.01,-0.01
-5374,2.68,-10007,3.03,655,3,44936,16_42_19_10_03_2025,0.09,9.70,-0.03,0.01,-0.01,-0.01
-5285,2.67,-10090,3.04,655,3,45003,16_42_19_10_03_2025,0.08,9.69,-0.03,0.00,-0.01,-0.01
-5310,2.67,-10035,3.03,655,3,45093,16_42_19_10_03_2025,0.08,9.69,-0.03,0.00,-0.01,-0.01
-5342,2.68,-10136,3.04,655,3,45134,16_42_19_10_03_2025,0.08,9.70,-0.04,0.00,-0.01,-0.01
-5304,2.67,-10056,3.03,655,3,45198,16_42_19_10_03_2025,0.09,9.69,-0.03,0.01,-0.01,-0.01
-5233,2.67,-10220,3.05,653,3,45289,16_42_19_10_03_2025,0.09,9.70,-0.03,0.01,-0.01,-0.01
-5285,2.67,-10082,3.04,656,3,45330,16_42_19_10_03_2025,0.10,9.69,-0.03,0.00,-0.01,-0.01
-5222,2.67,-10067,3.04,655,3,45396,16_42_19_10_03_2025,0.08,9.70,-0.04,0.01,-0.01,-0.01
-5426,2.68,-10113,3.04,655,3,45436,16_42_19_10_03_2025,0.09,9.70,-0.03,0.00,-0.01,-0.01
-5343,2.68,-10182,3.04,655,3,45501,16_42_19_10_03_2025,0.09,9.69,-0.03,0.00,-0.01,-0.01
-5266,2.67,-10196,3.05,655,3,45592,16_42_20_10_03_2025,0.08,9.71,-0.04,0.00,-0.01,-0.01
-5309,2.67,-10133,3.04,656,3,45632,16_42_20_10_03_2025,0.08,9.70,-0.03,0.01,-0.01,-0.01
-5303,2.67,-10238,3.05,655,3,45698,16_42_20_10_03_2025,0.09,9.70,-0.04,0.01,-0.01,-0.01
-5237,2.67,-10031,3.03,655,3,45787,16_42_20_10_03_2025,0.10,9.71,-0.03,0.00,-0.01,-0.01
-5261,2.67,-10190,3.04,656,3,45827,16_42_20_10_03_2025,0.09,9.69,-0.04,0.00,-0.01,-0.01
-5273,2.67,-10180,3.04,655,3,45893,16_42_20_10_03_2025,0.09,9.70,-0.04,0.01,-0.01,-0.01
-5378,2.68,-10180,3.04,656,3,45984,16_42_20_10_03_2025,0.09,9.69,-0.03,0.00,-0.01,-0.01
-5294,2.67,-10190,3.04,655,3,46024,16_42_20_10_03_2025,0.09,9.70,-0.03,0.00,-0.01,-0.01
-5303,2.67,-10155,3.04,656,3,46090,16_42_20_10_03_2025,0.09,9.69,-0.03,0.01,-0.01,-0.01
-5337,2.68,-10161,3.04,655,3,46180,16_42_20_10_03_2025,0.10,9.72,-0.04,0.00,-0.01,-0.01
-5347,2.68,-10101,3.04,655,3,46220,16_42_20_10_03_2025,0.09,9.69,-0.03,0.00,-0.01,-0.01
-5341,2.68,-10056,3.03,656,3,46286,16_42_20_10_03_2025,0.09,9.70,-0.03,0.00,-0.01,-0.01
-5399,2.68,-10183,3.04,655,3,46376,16_42_20_10_03_2025,0.08,9.70,-0.03,0.00,-0.01,-0.01
-5163,2.66,-10136,3.04,656,3,46417,16_42_20_10_03_2025,0.09,9.70,-0.03,0.00,-0.01,-0.01
-5337,2.68,-9978,3.03,655,3,46482,16_42_20_10_03_2025,0.09,9.70,-0.03,0.01,-0.01,-0.01
-5322,2.68,-10085,3.04,655,3,46575,16_42_21_10_03_2025,0.08,9.70,-0.03,0.01,-0.01,-0.01
-5257,2.67,-9988,3.03,656,3,46615,16_42_21_10_03_2025,0.09,9.69,-0.03,0.01,-0.01,-0.01
-5177,2.66,-10204,3.05,656,3,46679,16_42_21_10_03_2025,0.09,9.70,-0.03,0.00,-0.01,-0.01
-5336,2.68,-10164,3.04,655,3,46720,16_42_21_10_03_2025,0.10,9.69,-0.04,0.00,-0.01,-0.01
-5170,2.66,-10049,3.03,655,3,46785,16_42_21_10_03_2025,0.08,9.70,-0.03,0.01,-0.01,-0.01
-5226,2.67,-10139,3.04,655,3,46875,16_42_21_10_03_2025,0.08,9.69,-0.02,0.00,-0.01,-0.01
-5343,2.68,-10052,3.03,655,3,46915,16_42_21_10_03_2025,0.08,9.70,-0.03,0.01,-0.01,-0.01
-5357,2.68,-10050,3.03,654,3,46981,16_42_21_10_03_2025,0.10,9.71,-0.04,0.01,-0.01,-0.01
-5327,2.68,-10178,3.04,655,3,47072,16_42_21_10_03_2025,0.09,9.69,-0.03,0.01,-0.01,-0.01
-5121,2.66,-10195,3.05,655,3,47115,16_42_21_10_03_2025,0.10,9.73,-0.03,-0.02,-0.00,-0.01
-5282,2.67,-10045,3.03,655,3,47177,16_42_21_10_03_2025,0.06,9.57,0.03,-0.05,0.01,-0.02
-5406,2.68,-10048,3.03,655,3,47267,16_42_21_10_03_2025,-0.02,9.68,0.09,-0.01,-0.01,-0.03
-5430,2.68,-10117,3.04,655,3,47307,16_42_21_10_03_2025,0.07,9.69,0.03,0.00,-0.01,-0.01
-5086,2.66,-10358,3.06,655,3,47375,16_42_21_10_03_2025,0.07,9.70,0.03,0.00,-0.01,-0.01
-5238,2.67,-10199,3.05,656,3,47464,16_42_21_10_03_2025,0.07,9.69,0.02,0.00,-0.01,-0.01
-5218,2.67,-10140,3.04,655,3,47505,16_42_21_10_03_2025,0.07,9.72,0.02,0.00,-0.01,-0.01
-5332,2.68,-10032,3.03,655,3,47570,16_42_22_10_03_2025,0.07,9.69,0.01,0.00,-0.01,-0.01
-5390,2.68,-10075,3.04,655,3,47660,16_42_22_10_03_2025,0.07,9.71,0.01,0.00,-0.01,-0.01
-5424,2.68,-10172,3.04,655,3,47700,16_42_22_10_03_2025,0.07,9.69,0.02,0.01,-0.01,-0.01
-5313,2.68,-10102,3.04,655,3,47767,16_42_22_10_03_2025,0.07,9.70,0.02,0.00,-0.01,-0.01
-5128,2.66,-10070,3.04,656,3,47857,16_42_22_10_03_2025,0.08,9.69,0.02,0.00,-0.01,-0.01
-5271,2.67,-10116,3.04,656,3,47897,16_42_22_10_03_2025,0.07,9.69,0.02,0.01,-0.01,-0.01
-5288,2.67,-9944,3.03,655,3,47962,16_42_22_10_03_2025,0.06,9.69,0.01,0.01,-0.01,-0.01
-5151,2.66,-10086,3.04,655,3,48003,16_42_22_10_03_2025,0.08,9.63,0.01,0.00,-0.01,-0.01
-5369,2.68,-10122,3.04,655,3,48069,16_42_22_10_03_2025,0.08,9.61,0.00,0.01,-0.01,-0.00
-5295,2.67,-9965,3.03,655,3,48158,16_42_22_10_03_2025,0.07,9.69,0.02,0.00,-0.01,-0.01
-5190,2.67,-10204,3.05,655,3,48198,16_42_22_10_03_2025,0.07,9.68,0.02,0.00,-0.01,-0.01
-5370,2.68,-10169,3.04,655,3,48264,16_42_22_10_03_2025,0.07,9.67,0.02,0.00,-0.01,-0.01
-5356,2.68,-10190,3.04,656,3,48355,16_42_22_10_03_2025,0.08,9.69,0.01,0.01,-0.01,-0.01
-5372,2.68,-10051,3.03,655,3,48396,16_42_22_10_03_2025,0.07,9.69,0.02,0.00,-0.01,-0.01
-5223,2.67,-10138,3.04,655,3,48461,16_42_22_10_03_2025,0.07,9.70,0.02,0.01,-0.01,-0.01
-5285,2.67,-10184,3.04,656,3,48551,16_42_22_10_03_2025,0.07,9.70,0.03,0.00,-0.01,-0.01
-5205,2.67,-10140,3.04,655,3,48591,16_42_23_10_03_2025,0.08,9.70,0.02,0.01,-0.01,-0.01
-5191,2.67,-10246,3.05,655,3,48656,16_42_23_10_03_2025,0.06,9.70,0.03,0.01,-0.01,-0.01
-5224,2.67,-10288,3.05,656,3,48747,16_42_23_10_03_2025,0.07,9.69,0.02,0.01,-0.01,-0.01
-5145,2.66,-10183,3.04,655,3,48790,16_42_23_10_03_2025,0.06,9.71,0.02,0.01,-0.01,-0.01
-5278,2.67,-10076,3.04,656,3,48854,16_42_23_10_03_2025,0.07,9.71,0.02,0.01,-0.01,-0.01
-5349,2.68,-10109,3.04,655,3,48943,16_42_23_10_03_2025,0.07,9.70,0.01,0.00,-0.01,-0.01
-5296,2.67,-10046,3.03,656,3,48983,16_42_23_10_03_2025,0.07,9.70,0.02,0.01,-0.01,-0.01
-5297,2.67,-10074,3.04,655,3,49049,16_42_23_10_03_2025,0.07,9.68,0.02,0.00,-0.01,-0.01
-5213,2.67,-10070,3.04,655,3,49141,16_42_23_10_03_2025,0.07,9.71,0.02,0.00,-0.01,-0.01
-5285,2.67,-10185,3.04,656,3,49181,16_42_23_10_03_2025,0.07,9.70,0.02,0.00,-0.01,-0.01
-5350,2.68,-10173,3.04,655,3,49246,16_42_23_10_03_2025,0.07,9.69,0.02,0.01,-0.01,-0.01
-5157,2.66,-10171,3.04,655,3,49286,16_42_23_10_03_2025,0.07,9.67,0.02,0.00,-0.01,-0.01
-5379,2.68,-10112,3.04,655,3,49353,16_42_23_10_03_2025,0.07,9.68,0.01,0.00,-0.01,-0.01
-5161,2.66,-10150,3.04,654,3,49443,16_42_23_10_03_2025,0.08,9.70,0.00,0.00,-0.00,-0.01
-5292,2.67,-10077,3.04,655,3,49484,16_42_23_10_03_2025,0.06,9.70,0.01,0.01,-0.01,-0.01
-5182,2.67,-10204,3.05,656,3,49548,16_42_24_10_03_2025,0.06,9.73,0.02,0.00,-0.01,-0.01
-5291,2.67,-10055,3.03,656,3,49638,16_42_24_10_03_2025,0.07,9.71,0.03,0.00,-0.01,-0.01
-5280,2.67,-10114,3.04,655,3,49678,16_42_24_10_03_2025,0.07,9.71,0.02,0.00,-0.01,-0.01
-5256,2.67,-10222,3.05,655,3,49745,16_42_24_10_03_2025,0.07,9.68,0.02,0.01,-0.01,-0.01
-5273,2.67,-10008,3.03,656,3,49835,16_42_24_10_03_2025,0.07,9.71,0.03,0.01,-0.01,-0.01
-5327,2.68,-10092,3.04,656,3,49875,16_42_24_10_03_2025,0.07,9.68,0.02,0.01,-0.01,-0.01
-5181,2.67,-10258,3.05,655,3,49940,16_42_24_10_03_2025,0.07,9.67,0.02,0.01,-0.01,-0.01
-5198,2.67,-9940,3.03,656,3,50031,16_42_24_10_03_2025,0.07,9.71,0.03,0.00,-0.01,-0.01
-5195,2.67,-10165,3.04,655,3,50071,16_42_24_10_03_2025,0.08,9.67,0.01,0.00,-0.01,-0.01
-5143,2.66,-10034,3.03,655,3,50138,16_42_24_10_03_2025,0.07,9.66,0.02,0.01,-0.01,-0.01
-5266,2.67,-10017,3.03,656,3,50227,16_42_24_10_03_2025,0.07,9.71,0.02,0.01,-0.01,-0.01
-5350,2.68,-10178,3.04,655,3,50267,16_42_24_10_03_2025,0.07,9.68,0.01,0.00,-0.01,-0.01
-5140,2.66,-10133,3.04,655,3,50333,16_42_24_10_03_2025,0.08,9.71,0.02,0.00,-0.01,-0.01
-5314,2.68,-10162,3.04,653,3,50424,16_42_24_10_03_2025,0.07,9.70,0.03,0.00,-0.01,-0.01
-5260,2.67,-10262,3.05,655,3,50465,16_42_24_10_03_2025,0.07,9.70,0.03,0.00,-0.01,-0.01
-5315,2.68,-10160,3.04,655,3,50530,16_42_24_10_03_2025,0.07,9.69,0.03,0.01,-0.01,-0.01
-5207,2.67,-10134,3.04,656,3,50573,16_42_25_10_03_2025,0.07,9.70,0.02,0.00,-0.01,-0.01
-5288,2.67,-10184,3.04,655,3,50636,16_42_25_10_03_2025,0.06,9.71,0.03,0.00,-0.01,-0.01
-5238,2.67,-9928,3.02,656,3,50726,16_42_25_10_03_2025,0.07,9.70,0.03,0.00,-0.01,-0.01
-5030,2.65,-10111,3.04,656,3,50766,16_42_25_10_03_2025,0.06,9.69,0.03,0.00,-0.01,-0.01
-5262,2.67,-10139,3.04,655,3,50833,16_42_25_10_03_2025,0.06,9.69,0.03,0.00,-0.01,-0.01
-5206,2.67,-10179,3.04,655,3,50922,16_42_25_10_03_2025,0.07,9.69,0.02,0.00,-0.01,-0.01
-5299,2.67,-10163,3.04,655,3,50974,16_42_25_10_03_2025,0.07,9.68,0.03,0.00,-0.01,-0.01
-5264,2.67,-10163,3.04,655,3,51028,16_42_25_10_03_2025,0.05,9.71,0.03,0.01,-0.01,-0.01
-5206,2.67,-9947,3.03,656,3,51118,16_42_25_10_03_2025,0.06,9.70,0.04,0.00,-0.01,-0.01
-5365,2.68,-10041,3.03,655,3,51159,16_42_25_10_03_2025,0.06,9.70,0.03,0.01,-0.01,-0.01
-5349,2.68,-10114,3.04,655,3,51225,16_42_25_10_03_2025,0.06,9.73,0.04,0.01,-0.01,-0.01
-5354,2.68,-10050,3.03,655,3,51314,16_42_25_10_03_2025,0.06,9.69,0.03,0.00,-0.01,-0.01
-5171,2.66,-10084,3.04,655,3,51354,16_42_25_10_03_2025,0.06,9.70,0.03,0.01,-0.01,-0.01
-5150,2.66,-10187,3.04,655,3,51420,16_42_25_10_03_2025,0.06,9.71,0.02,0.01,-0.01,-0.00
-5283,2.67,-9978,3.03,655,3,51510,16_42_25_10_03_2025,0.06,9.69,0.03,0.01,-0.01,-0.01
-5303,2.67,-10103,3.04,656,3,51551,16_42_26_10_03_2025,0.05,9.70,0.04,0.00,-0.01,-0.01
-5127,2.66,-10174,3.04,655,3,51616,16_42_26_10_03_2025,0.07,9.71,0.03,0.00,-0.01,-0.01
-5392,2.68,-10011,3.03,656,3,51708,16_42_26_10_03_2025,0.76,10.50,0.13,-0.01,0.00,-0.06
-5245,2.67,-10069,3.04,655,3,51748,16_42_26_10_03_2025,-0.01,8.78,-1.68,-0.03,-0.12,-0.02
-5287,2.67,-10006,3.03,654,3,51813,16_42_26_10_03_2025,0.30,10.09,-0.20,0.04,-0.05,0.06
-5395,2.68,-10020,3.03,656,3,51854,16_42_26_10_03_2025,-0.04,9.68,0.10,0.04,-0.08,-0.04
-5169,2.66,-10240,3.05,656,3,51918,16_42_26_10_03_2025,1.16,10.14,0.55,0.07,0.03,0.17
-5273,2.67,-10037,3.03,656,3,52009,16_42_26_10_03_2025,0.07,9.66,-0.02,0.01,-0.11,-0.01
-5178,2.66,-10088,3.04,656,3,52052,16_42_26_10_03_2025,0.07,9.68,0.01,0.01,-0.01,-0.00
-5300,2.67,-10102,3.04,655,3,52116,16_42_26_10_03_2025,0.10,9.71,-0.03,0.03,0.11,-0.01
-5181,2.67,-10147,3.04,655,3,52206,16_42_26_10_03_2025,0.02,9.70,0.02,0.01,0.05,-0.01
-5287,2.67,-10077,3.04,655,3,52247,16_42_26_10_03_2025,0.06,9.68,-0.03,-0.00,0.12,-0.01
-5396,2.68,-10006,3.03,655,3,52311,16_42_26_10_03_2025,0.03,9.71,0.00,0.01,0.07,-0.01
-5272,2.67,-10064,3.04,655,3,52402,16_42_26_10_03_2025,0.03,9.70,-0.01,-0.01,-0.00,-0.00
-5369,2.68,-10021,3.03,655,3,52453,16_42_26_10_03_2025,0.08,9.72,-0.01,0.02,-0.02,-0.01
-5148,2.66,-10145,3.04,656,3,52508,16_42_26_10_03_2025,0.06,9.69,-0.02,0.03,-0.02,-0.01
-5253,2.67,-10218,3.05,655,3,52598,16_42_27_10_03_2025,0.07,9.70,-0.06,0.01,-0.01,-0.01
-5337,2.68,-9922,3.02,655,3,52638,16_42_27_10_03_2025,0.05,9.70,-0.02,0.01,-0.01,-0.01
