-5009,2.65,-8644,2.93,651,3,10803,16_49_30_10_03_2025,0.05,9.69,0.10,0.53,0.33,1.04
-5141,2.66,-8789,2.94,651,3,11133,16_49_31_10_03_2025,0.05,9.70,0.08,0.00,-0.01,-0.01
-5000,2.65,-8701,2.93,651,3,11171,16_49_31_10_03_2025,0.04,9.70,0.09,0.01,-0.01,-0.01
-5008,2.65,-8668,2.93,651,3,11209,16_49_31_10_03_2025,0.05,9.70,0.09,0.00,-0.01,-0.01
-5169,2.66,-8762,2.94,650,3,11247,16_49_31_10_03_2025,0.05,9.70,0.09,0.01,-0.01,-0.01
-4841,2.64,-8838,2.94,650,3,11287,16_49_31_10_03_2025,0.05,9.69,0.08,0.01,-0.01,-0.01
-4945,2.65,-8649,2.93,651,3,11329,16_49_31_10_03_2025,0.05,9.70,0.10,0.01,-0.01,-0.01
-5049,2.66,-8778,2.94,651,3,11367,16_49_31_10_03_2025,0.06,9.70,0.08,0.00,-0.01,-0.01
-4943,2.65,-8793,2.94,651,3,11404,16_49_31_10_03_2025,0.05,9.70,0.10,0.01,-0.01,-0.01
-4956,2.65,-8760,2.94,650,3,11443,16_49_31_10_03_2025,0.05,9.71,0.09,0.01,-0.01,-0.01
-4959,2.65,-8573,2.92,651,3,11481,16_49_31_10_03_2025,0.05,9.69,0.09,0.00,-0.01,-0.01
-5015,2.65,-8507,2.92,650,3,11519,16_49_31_10_03_2025,0.05,9.70,0.09,0.01,-0.01,-0.01
-4898,2.64,-8603,2.92,651,3,11569,16_49_31_10_03_2025,0.05,9.69,0.10,0.00,-0.01,-0.01
-4872,2.64,-8514,2.92,650,3,11609,16_49_31_10_03_2025,0.05,9.70,0.09,0.00,-0.01,-0.01
-4726,2.63,-8702,2.93,651,3,11648,16_49_31_10_03_2025,0.05,9.69,0.09,0.01,-0.01,-0.01
-4898,2.64,-8689,2.93,651,3,11689,16_49_31_10_03_2025,0.06,9.70,0.10,0.00,-0.01,-0.01
-5026,2.65,-8594,2.92,650,3,11729,16_49_31_10_03_2025,0.05,9.70,0.09,0.00,-0.01,-0.01
-4844,2.64,-8477,2.91,651,3,11769,16_49_31_10_03_2025,0.05,9.70,0.09,0.00,-0.01,-0.01
-5037,2.65,-8572,2.92,651,3,11812,16_49_31_10_03_2025,0.05,9.70,0.11,0.01,-0.01,-0.01
-5023,2.65,-8701,2.93,651,3,11853,16_49_31_10_03_2025,0.05,9.70,0.10,0.00,-0.00,-0.01
-4880,2.64,-8623,2.93,651,3,11893,16_49_31_10_03_2025,0.05,9.69,0.10,0.00,-0.01,-0.01
-4855,2.64,-8544,2.92,651,3,11934,16_49_31_10_03_2025,0.05,9.70,0.09,0.01,-0.01,-0.01
-5064,2.66,-8627,2.93,650,3,11974,16_49_32_10_03_2025,0.06,9.70,0.10,0.01,-0.01,-0.01
-5133,2.66,-8505,2.92,651,3,12014,16_49_32_10_03_2025,0.05,9.71,0.11,0.00,-0.01,-0.01
-5086,2.66,-8532,2.92,651,3,12065,16_49_32_10_03_2025,0.06,9.70,0.10,0.01,-0.01,-0.01
-5049,2.66,-8406,2.91,651,3,12106,16_49_32_10_03_2025,0.05,9.70,0.10,0.01,-0.01,-0.01
-4792,2.64,-8455,2.91,651,3,12146,16_49_32_10_03_2025,0.04,9.70,0.09,0.01,-0.01,-0.01
-4833,2.64,-8497,2.92,651,3,12186,16_49_32_10_03_2025,0.05,9.69,0.10,0.01,-0.01,-0.01
-4607,2.62,-8389,2.91,652,3,12227,16_49_32_10_03_2025,0.04,9.69,0.10,0.00,-0.01,-0.01
-4750,2.63,-8515,2.92,651,3,12267,16_49_32_10_03_2025,0.05,9.70,0.09,0.00,-0.01,-0.01
-4749,2.63,-8488,2.92,651,3,12310,16_49_32_10_03_2025,0.05,9.70,0.10,0.00,-0.01,-0.01
-4909,2.64,-8440,2.91,651,3,12352,16_49_32_10_03_2025,0.05,9.69,0.10,0.01,-0.01,-0.01
-4707,2.63,-8435,2.91,651,3,12392,16_49_32_10_03_2025,0.05,9.70,0.11,0.01,-0.01,-0.01
-4808,2.64,-8402,2.91,651,3,12433,16_49_32_10_03_2025,0.04,9.70,0.09,0.00,-0.01,-0.01
-4888,2.64,-8370,2.91,651,3,12473,16_49_32_10_03_2025,0.05,9.70,0.11,0.01,-0.01,-0.01
-4674,2.63,-8474,2.91,651,3,12513,16_49_32_10_03_2025,0.05,9.69,0.09,0.01,-0.01,-0.01
-4814,2.64,-8334,2.90,651,3,12564,16_49_32_10_03_2025,0.06,9.69,0.10,0.00,-0.01,-0.01
-4727,2.63,-8474,2.91,651,3,12604,16_49_32_10_03_2025,0.05,9.69,0.09,0.00,-0.01,-0.01
-4855,2.64,-8561,2.92,651,3,12645,16_49_32_10_03_2025,0.06,9.70,0.10,0.00,-0.01,-0.01
-4952,2.65,-8498,2.92,651,3,12685,16_49_32_10_03_2025,0.05,9.70,0.10,0.00,-0.01,-0.01
-4613,2.62,-8602,2.92,651,3,12725,16_49_32_10_03_2025,0.05,9.70,0.10,0.00,-0.01,-0.01
-4853,2.64,-8562,2.92,651,3,12765,16_49_32_10_03_2025,0.05,9.70,0.10,0.01,-0.01,-0.01
-4826,2.64,-8368,2.91,651,3,12808,16_49_32_10_03_2025,0.05,9.69,0.08,0.01,-0.01,-0.01
-4821,2.64,-8603,2.92,651,3,12848,16_49_32_10_03_2025,0.07,9.70,0.09,0.00,-0.01,-0.01
-4672,2.63,-8374,2.91,650,3,12889,16_49_32_10_03_2025,0.05,9.69,0.09,0.01,-0.01,-0.01
-4725,2.63,-8389,2.91,650,3,12929,16_49_32_10_03_2025,0.05,9.71,0.10,0.01,-0.01,-0.01
-4608,2.62,-8449,2.91,651,3,12968,16_49_32_10_03_2025,0.05,9.70,0.10,0.01,-0.01,-0.01
-4673,2.63,-8325,2.90,651,3,13009,16_49_33_10_03_2025,0.05,9.70,0.11,0.00,-0.01,-0.01
-4929,2.65,-8502,2.92,651,3,13060,16_49_33_10_03_2025,0.05,9.70,0.11,0.01,-0.01,-0.01
-4776,2.63,-8416,2.91,651,3,13101,16_49_33_10_03_2025,0.05,9.70,0.11,0.00,-0.01,-0.01
-4857,2.64,-8239,2.90,651,3,13141,16_49_33_10_03_2025,0.05,9.70,0.10,0.01,-0.01,-0.01
-4647,2.62,-8182,2.89,651,3,13181,16_49_33_10_03_2025,0.05,9.70,0.10,0.01,-0.01,-0.01
-4755,2.63,-8336,2.90,651,3,13221,16_49_33_10_03_2025,0.04,9.71,0.10,0.01,-0.01,-0.01
-4831,2.64,-8393,2.91,651,3,13264,16_49_33_10_03_2025,0.06,9.70,0.10,0.01,-0.01,-0.01
-4703,2.63,-8397,2.91,651,3,13305,16_49_33_10_03_2025,0.05,9.70,0.10,0.01,-0.01,-0.01
-4703,2.63,-8516,2.92,651,3,13346,16_49_33_10_03_2025,0.06,9.70,0.10,0.00,-0.01,-0.01
-4639,2.62,-8404,2.91,651,3,13386,16_49_33_10_03_2025,0.05,9.70,0.09,0.00,-0.01,-0.01
-4754,2.63,-8432,2.91,651,3,13426,16_49_33_10_03_2025,0.05,9.69,0.10,0.00,-0.01,-0.01
-4897,2.64,-8624,2.93,651,3,13468,16_49_33_10_03_2025,0.06,9.69,0.11,0.00,-0.01,-0.01
-4744,2.63,-8593,2.92,651,3,13519,16_49_33_10_03_2025,0.05,9.70,0.10,0.01,-0.01,-0.01
-4762,2.63,-8237,2.90,651,3,13559,16_49_33_10_03_2025,0.05,9.70,0.10,0.01,-0.01,-0.01
-4886,2.64,-8296,2.90,651,3,13599,16_49_33_10_03_2025,0.05,9.70,0.10,0.00,-0.01,-0.01
-4743,2.63,-8390,2.91,650,3,13640,16_49_33_10_03_2025,0.05,9.69,0.10,0.01,-0.01,-0.01
-4621,2.62,-8240,2.90,650,3,13680,16_49_33_10_03_2025,0.05,9.71,0.10,0.01,-0.01,-0.01
-4765,2.63,-8286,2.90,652,3,13719,16_49_33_10_03_2025,0.06,9.70,0.10,0.01,-0.01,-0.01
-4812,2.64,-8396,2.91,651,3,13763,16_49_33_10_03_2025,0.05,9.70,0.10,0.01,-0.01,-0.01
-4757,2.63,-8395,2.91,651,3,13803,16_49_33_10_03_2025,0.05,9.70,0.10,0.01,-0.01,-0.01
-4764,2.63,-8438,2.91,651,3,13844,16_49_33_10_03_2025,0.04,9.70,0.11,0.00,-0.01,-0.01
-4757,2.63,-8416,2.91,651,3,13885,16_49_33_10_03_2025,0.05,9.70,0.10,0.01,-0.01,-0.01
-4927,2.65,-8341,2.90,650,3,13925,16_49_33_10_03_2025,0.05,9.72,0.10,0.01,-0.01,-0.01
-4696,2.63,-8347,2.91,651,3,13965,16_49_33_10_03_2025,0.05,9.69,0.10,0.01,-0.01,-0.01
-4630,2.62,-8384,2.91,651,3,14016,16_49_34_10_03_2025,0.06,9.70,0.11,0.01,-0.01,-0.01
-4661,2.63,-8351,2.91,651,3,14057,16_49_34_10_03_2025,0.04,9.70,0.11,0.01,-0.01,-0.01
-4954,2.65,-8448,2.91,651,3,14097,16_49_34_10_03_2025,0.05,9.71,0.11,0.00,-0.01,-0.01
-4775,2.63,-8380,2.91,650,3,14137,16_49_34_10_03_2025,0.05,9.70,0.10,0.01,-0.01,-0.01
-4694,2.63,-8261,2.90,651,3,14178,16_49_34_10_03_2025,0.05,9.70,0.10,0.01,-0.01,-0.01
-4797,2.64,-8423,2.91,651,3,14218,16_49_34_10_03_2025,0.05,9.70,0.11,0.01,-0.01,-0.01
-4653,2.63,-8245,2.90,650,3,14260,16_49_34_10_03_2025,0.04,9.74,0.10,0.00,-0.01,-0.01
-4696,2.63,-8446,2.91,651,3,14301,16_49_34_10_03_2025,0.06,9.71,0.10,0.00,-0.01,-0.01
-4811,2.64,-8428,2.91,651,3,14341,16_49_34_10_03_2025,0.05,9.71,0.11,0.01,-0.01,-0.01
-4769,2.63,-8454,2.91,651,3,14381,16_49_34_10_03_2025,0.05,9.69,0.11,0.00,-0.01,-0.01
-4716,2.63,-8436,2.91,650,3,14421,16_49_34_10_03_2025,0.04,9.70,0.11,0.01,-0.01,-0.01
-4713,2.63,-8362,2.91,651,3,14461,16_49_34_10_03_2025,0.05,9.70,0.11,0.01,-0.01,-0.01
-4680,2.63,-8349,2.91,651,3,14512,16_49_34_10_03_2025,0.05,9.70,0.10,0.01,-0.01,-0.01
-4810,2.64,-8440,2.91,650,3,14554,16_49_34_10_03_2025,0.05,9.69,0.11,0.00,-0.01,-0.01
-4720,2.63,-8295,2.90,650,3,14595,16_49_34_10_03_2025,0.04,9.71,0.10,0.00,-0.01,-0.01
-4909,2.64,-8419,2.91,650,3,14635,16_49_34_10_03_2025,0.05,9.71,0.10,0.01,-0.01,-0.01
-4713,2.63,-8383,2.91,651,3,14675,16_49_34_10_03_2025,0.04,9.69,0.10,0.00,-0.01,-0.01
-4672,2.63,-8494,2.92,651,3,14716,16_49_34_10_03_2025,0.05,9.70,0.11,0.01,-0.01,-0.01
-4747,2.63,-8410,2.91,650,3,14758,16_49_34_10_03_2025,0.05,9.69,0.09,0.01,-0.01,-0.01
-4860,2.64,-8470,2.91,651,3,14799,16_49_34_10_03_2025,0.05,9.70,0.10,0.00,-0.01,-0.01
-4771,2.63,-8388,2.91,651,3,14839,16_49_34_10_03_2025,0.05,9.69,0.11,0.00,-0.01,-0.01
-4972,2.65,-8227,2.90,651,3,14879,16_49_34_10_03_2025,0.05,9.71,0.11,0.00,-0.01,-0.01
-4688,2.63,-8406,2.91,651,3,14919,16_49_34_10_03_2025,0.05,9.70,0.11,0.01,-0.01,-0.01
-4833,2.64,-8413,2.91,651,3,14960,16_49_34_10_03_2025,0.06,9.70,0.10,0.01,-0.01,-0.01
-4833,2.64,-8289,2.90,651,3,15011,16_49_35_10_03_2025,0.04,9.71,0.10,0.01,-0.01,-0.01
-4791,2.64,-8191,2.89,651,3,15051,16_49_35_10_03_2025,0.04,9.70,0.11,0.00,-0.01,-0.01
-4739,2.63,-8257,2.90,651,3,15092,16_49_35_10_03_2025,0.05,9.70,0.11,0.00,-0.01,-0.01
-4832,2.64,-8456,2.91,651,3,15132,16_49_35_10_03_2025,0.05,9.70,0.10,0.01,-0.01,-0.01
-4722,2.63,-8355,2.91,651,3,15173,16_49_35_10_03_2025,0.05,9.70,0.10,0.00,-0.01,-0.01
-4615,2.62,-8465,2.91,651,3,15213,16_49_35_10_03_2025,0.04,9.70,0.11,0.01,-0.01,-0.01
-4844,2.64,-8346,2.90,650,3,15256,16_49_35_10_03_2025,0.05,9.71,0.09,0.00,-0.01,-0.01
-4682,2.63,-8436,2.91,651,3,15297,16_49_35_10_03_2025,0.06,9.70,0.10,0.01,-0.01,-0.01
-4758,2.63,-8329,2.90,651,3,15337,16_49_35_10_03_2025,0.05,9.71,0.11,0.01,-0.01,-0.01
-4685,2.63,-8236,2.90,651,3,15378,16_49_35_10_03_2025,0.05,9.70,0.11,0.01,-0.01,-0.01
-4887,2.64,-8438,2.91,651,3,15418,16_49_35_10_03_2025,0.05,9.70,0.10,0.00,-0.01,-0.01
-4873,2.64,-8237,2.90,650,3,15469,16_49_35_10_03_2025,0.05,9.71,0.10,0.00,-0.01,-0.01
-4762,2.63,-8385,2.91,650,3,15509,16_49_35_10_03_2025,0.05,9.70,0.11,0.01,-0.01,-0.01
-4816,2.64,-8333,2.90,651,3,15549,16_49_35_10_03_2025,0.05,9.70,0.10,0.01,-0.01,-0.01
-4728,2.63,-8329,2.90,651,3,15590,16_49_35_10_03_2025,0.05,9.70,0.10,0.00,-0.01,-0.01
-4679,2.63,-8335,2.90,650,3,15630,16_49_35_10_03_2025,0.05,9.71,0.11,0.01,-0.01,-0.01
-4857,2.64,-8347,2.91,651,3,15671,16_49_35_10_03_2025,0.06,9.70,0.11,0.00,-0.01,-0.01
-4790,2.64,-8368,2.91,651,3,15715,16_49_35_10_03_2025,0.05,9.69,0.11,0.01,-0.01,-0.01
-4680,2.63,-8482,2.92,651,3,15755,16_49_35_10_03_2025,0.05,9.71,0.11,0.00,-0.01,-0.01
-4739,2.63,-8278,2.90,651,3,15795,16_49_35_10_03_2025,0.06,9.70,0.11,0.01,-0.01,-0.01
-4733,2.63,-8351,2.91,651,3,15837,16_49_35_10_03_2025,0.05,9.70,0.11,0.00,-0.01,-0.01
-4713,2.63,-8318,2.90,650,3,15877,16_49_35_10_03_2025,0.05,9.70,0.09,0.01,-0.01,-0.01
-4745,2.63,-8253,2.90,651,3,15918,16_49_35_10_03_2025,0.05,9.70,0.10,0.00,-0.01,-0.01
-4739,2.63,-8401,2.91,651,3,15969,16_49_35_10_03_2025,0.05,9.70,0.10,0.00,-0.01,-0.01
-4853,2.64,-8367,2.91,650,3,16010,16_49_36_10_03_2025,0.04,9.70,0.11,0.00,-0.01,-0.01
-4978,2.65,-8358,2.91,651,3,16049,16_49_36_10_03_2025,0.05,9.70,0.10,0.01,-0.01,-0.01
-4798,2.64,-8291,2.90,651,3,16090,16_49_36_10_03_2025,0.06,9.70,0.10,0.00,-0.01,-0.01
-4930,2.65,-8247,2.90,651,3,16130,16_49_36_10_03_2025,0.05,9.70,0.11,0.01,-0.01,-0.01
-4762,2.63,-8073,2.88,651,3,16171,16_49_36_10_03_2025,0.05,9.71,0.10,0.00,-0.01,-0.01
-4690,2.63,-8485,2.92,651,3,16214,16_49_36_10_03_2025,0.05,9.68,0.10,0.00,-0.01,-0.01
-5045,2.65,-7945,2.87,651,3,16255,16_49_36_10_03_2025,0.06,9.67,0.14,0.00,-0.01,-0.01
-4849,2.64,-8543,2.92,651,3,16294,16_49_36_10_03_2025,0.06,9.73,0.05,0.01,-0.01,-0.01
-4688,2.63,-8195,2.89,650,3,16335,16_49_36_10_03_2025,0.04,9.71,0.08,0.00,-0.01,-0.01
-4726,2.63,-8394,2.91,651,3,16376,16_49_36_10_03_2025,0.05,9.70,0.10,0.00,-0.01,-0.01
-4675,2.63,-8187,2.89,651,3,16415,16_49_36_10_03_2025,0.05,9.70,0.11,0.00,-0.01,-0.01
-4842,2.64,-8334,2.90,651,3,16467,16_49_36_10_03_2025,0.05,9.71,0.11,0.00,-0.01,-0.01
-4572,2.62,-8307,2.90,651,3,16507,16_49_36_10_03_2025,0.05,9.71,0.11,0.01,-0.01,-0.01
-4853,2.64,-8462,2.91,651,3,16547,16_49_36_10_03_2025,0.05,9.73,0.10,0.01,-0.01,-0.00
-4661,2.63,-8389,2.91,651,3,16587,16_49_36_10_03_2025,0.05,9.70,0.20,0.01,-0.01,-0.00
-4802,2.64,-8488,2.92,651,3,16627,16_49_36_10_03_2025,0.05,9.90,0.07,0.01,-0.00,-0.01
-4843,2.64,-8224,2.90,651,3,16668,16_49_36_10_03_2025,0.08,9.76,0.05,0.01,-0.01,-0.01
-4843,2.64,-8091,2.89,651,3,16711,16_49_36_10_03_2025,0.04,9.70,0.12,0.01,-0.01,-0.01
-4550,2.62,-8249,2.90,650,3,16753,16_49_36_10_03_2025,0.07,9.65,0.14,0.00,-0.01,-0.01
-4806,2.64,-8310,2.90,650,3,16794,16_49_36_10_03_2025,0.03,9.69,0.14,0.00,-0.01,-0.01
-4859,2.64,-8532,2.92,651,3,16834,16_49_36_10_03_2025,0.06,9.77,0.13,0.01,-0.01,-0.01
-4841,2.64,-8410,2.91,650,3,16874,16_49_36_10_03_2025,0.01,9.70,0.04,0.01,-0.03,-0.01
-4836,2.64,-8347,2.91,651,3,16915,16_49_36_10_03_2025,0.06,9.73,0.11,0.00,-0.01,-0.01
-4816,2.64,-8210,2.89,651,3,16967,16_49_36_10_03_2025,0.06,9.70,0.11,0.00,-0.01,-0.01
-4801,2.64,-8286,2.90,651,3,17007,16_49_37_10_03_2025,0.04,9.72,0.10,0.00,-0.01,-0.01
-4970,2.65,-8157,2.89,651,3,17047,16_49_37_10_03_2025,0.06,9.69,0.09,0.01,-0.01,-0.01
-4920,2.65,-8301,2.90,651,3,17088,16_49_37_10_03_2025,0.06,9.69,0.11,0.01,-0.01,-0.01
-4695,2.63,-8189,2.89,651,3,17128,16_49_37_10_03_2025,0.06,9.69,0.11,0.01,-0.01,-0.01
-4973,2.65,-8211,2.89,651,3,17168,16_49_37_10_03_2025,0.06,9.68,0.10,0.00,-0.01,-0.01
-5067,2.66,-8179,2.89,650,3,17212,16_49_37_10_03_2025,0.13,10.58,-0.06,0.03,-0.05,-0.02
-4915,2.65,-8130,2.89,651,3,17252,16_49_37_10_03_2025,-0.00,9.78,0.17,0.01,-0.01,-0.01
-4999,2.65,-8312,2.90,651,3,17293,16_49_37_10_03_2025,0.04,9.81,0.06,0.01,-0.01,-0.01
-4998,2.65,-8475,2.91,650,3,17333,16_49_37_10_03_2025,0.05,9.74,0.11,0.00,-0.01,-0.01
-4871,2.64,-8244,2.90,650,3,17373,16_49_37_10_03_2025,0.06,9.73,0.10,0.00,-0.01,-0.01
-4681,2.63,-8392,2.91,651,3,17414,16_49_37_10_03_2025,0.04,9.69,0.11,0.00,-0.01,-0.01
-4767,2.63,-8325,2.90,651,3,17458,16_49_37_10_03_2025,0.05,9.69,0.10,0.00,-0.01,-0.01
-5060,2.66,-8601,2.92,651,3,17498,16_49_37_10_03_2025,0.04,9.71,0.10,0.01,-0.01,-0.01
-5028,2.65,-8663,2.93,650,3,17538,16_49_37_10_03_2025,0.05,9.69,0.09,0.00,-0.01,-0.01
-4539,2.62,-8645,2.93,651,3,17578,16_49_37_10_03_2025,0.06,9.71,0.08,0.00,-0.01,-0.01
-4866,2.64,-8626,2.93,650,3,17618,16_49_37_10_03_2025,0.05,9.70,0.09,0.00,-0.01,-0.01
-4818,2.64,-8691,2.93,650,3,17662,16_49_37_10_03_2025,0.05,9.69,0.10,0.01,-0.01,-0.01
-4817,2.64,-8652,2.93,650,3,17702,16_49_37_10_03_2025,0.06,9.71,0.09,0.00,-0.01,-0.01
-4863,2.64,-8640,2.93,650,3,17742,16_49_37_10_03_2025,0.05,9.72,0.10,0.01,-0.01,-0.01
-5388,2.68,-8596,2.92,650,3,17782,16_49_37_10_03_2025,0.05,9.71,0.10,0.00,-0.01,-0.01
-5247,2.67,-8596,2.92,651,3,17822,16_49_37_10_03_2025,0.06,9.70,0.11,0.00,-0.01,-0.01
-5520,2.69,-8470,2.91,650,3,17863,16_49_37_10_03_2025,0.05,9.71,0.09,0.01,-0.01,-0.01
-5669,2.70,-8624,2.93,650,3,17915,16_49_37_10_03_2025,0.07,9.69,0.09,0.01,-0.01,-0.01
-5389,2.68,-8780,2.94,651,3,17956,16_49_37_10_03_2025,0.05,9.69,0.11,0.00,-0.01,-0.01
-4916,2.65,-8570,2.92,651,3,17997,16_49_38_10_03_2025,0.04,9.71,0.09,0.01,-0.01,-0.01
-3686,2.55,-8769,2.94,651,3,18037,16_49_38_10_03_2025,0.06,9.69,0.09,0.01,-0.01,-0.01
-3387,2.53,-8804,2.94,650,3,18078,16_49_38_10_03_2025,0.04,9.70,0.10,0.01,-0.01,-0.01
-3139,2.51,-8835,2.94,651,3,18118,16_49_38_10_03_2025,0.03,9.78,0.06,0.01,-0.01,-0.01
-2302,2.45,-8580,2.92,651,3,18160,16_49_38_10_03_2025,0.06,9.68,0.09,0.00,-0.01,-0.01
-1897,2.42,-8172,2.89,650,3,18201,16_49_38_10_03_2025,0.04,9.71,0.12,0.01,-0.01,-0.01
-2631,2.47,-8172,2.89,651,3,18241,16_49_38_10_03_2025,0.05,9.70,0.09,0.00,-0.01,-0.01
-3117,2.51,-8252,2.90,650,3,18281,16_49_38_10_03_2025,0.04,9.71,0.10,0.00,-0.01,-0.01
-3450,2.53,-8471,2.91,651,3,18321,16_49_38_10_03_2025,0.02,9.72,0.14,0.00,-0.01,-0.01
-2568,2.47,-8772,2.94,651,3,18361,16_49_38_10_03_2025,0.03,9.72,0.11,0.01,-0.01,-0.01
-2359,2.45,-8796,2.94,651,3,18413,16_49_38_10_03_2025,0.04,9.70,0.11,0.00,-0.01,-0.01
-1834,2.41,-8535,2.92,650,3,18452,16_49_38_10_03_2025,0.06,9.71,0.11,0.01,-0.01,-0.01
-3608,2.55,-8683,2.93,650,3,18493,16_49_38_10_03_2025,0.03,9.68,0.14,0.00,-0.01,-0.01
-3352,2.53,-8151,2.89,651,3,18534,16_49_38_10_03_2025,0.06,9.71,0.08,0.01,-0.01,-0.01
817,2.21,-8435,2.91,651,3,18573,16_49_38_10_03_2025,0.05,9.71,0.09,0.00,-0.00,-0.01
2202,2.11,-8844,2.94,651,3,18614,16_49_38_10_03_2025,0.05,9.70,0.10,0.01,-0.01,-0.01
2382,2.09,-8601,2.92,651,3,18657,16_49_38_10_03_2025,0.05,9.69,0.10,0.00,-0.01,-0.01
541,2.23,-8695,2.93,651,3,18697,16_49_38_10_03_2025,0.06,9.69,0.10,0.01,-0.01,-0.01
-2350,2.45,-8526,2.92,651,3,18738,16_49_38_10_03_2025,0.06,9.68,0.10,0.01,-0.01,-0.00
-3228,2.52,-8724,2.93,650,3,18778,16_49_38_10_03_2025,0.07,9.68,0.09,0.00,-0.01,-0.01
-3619,2.55,-8258,2.90,651,3,18818,16_49_38_10_03_2025,0.05,9.68,0.10,0.00,-0.01,-0.01
-3588,2.54,-8172,2.89,651,3,18858,16_49_38_10_03_2025,0.05,9.73,0.11,0.01,-0.01,-0.01
-4560,2.62,-8303,2.90,651,3,18909,16_49_38_10_03_2025,0.05,9.73,0.09,0.00,-0.01,-0.01
-5002,2.65,-8377,2.91,651,3,18952,16_49_38_10_03_2025,0.06,9.70,0.10,0.01,-0.01,-0.01
-4406,2.61,-8252,2.90,650,3,18991,16_49_39_10_03_2025,0.06,9.75,0.10,0.00,-0.01,-0.01
-3366,2.53,-8089,2.89,651,3,19032,16_49_39_10_03_2025,0.06,9.70,0.09,0.00,-0.01,-0.01
-5487,2.69,-8211,2.89,651,3,19073,16_49_39_10_03_2025,0.05,9.69,0.09,0.00,-0.01,-0.01
-20203,3.80,-8504,2.92,650,3,19113,16_49_39_10_03_2025,0.04,9.70,0.10,0.00,-0.01,-0.01
-51887,6.20,-7805,2.86,651,3,19156,16_49_39_10_03_2025,0.05,9.67,0.11,0.00,-0.01,-0.01
-79050,8.26,-8205,2.89,651,3,19197,16_49_39_10_03_2025,0.05,9.68,0.12,0.00,-0.01,-0.01
-95422,9.50,-7675,2.85,651,3,19237,16_49_39_10_03_2025,0.05,9.72,0.10,0.00,-0.01,-0.01
-93633,9.37,-7657,2.85,650,3,19278,16_49_39_10_03_2025,0.06,9.72,0.10,0.01,-0.01,-0.01
-84571,8.68,-8190,2.89,651,3,19318,16_49_39_10_03_2025,0.05,9.67,0.10,0.00,-0.01,-0.01
-66567,7.32,-8423,2.91,651,3,19358,16_49_39_10_03_2025,0.05,9.69,0.10,0.01,-0.01,-0.01
-24186,4.11,-8521,2.92,651,3,19409,16_49_39_10_03_2025,0.06,9.69,0.09,0.01,-0.01,-0.01
-9313,2.98,-8703,2.93,650,3,19449,16_49_39_10_03_2025,0.05,9.68,0.10,0.01,-0.01,-0.01
-2419,2.46,-8638,2.93,651,3,19489,16_49_39_10_03_2025,0.05,9.69,0.09,0.00,-0.01,-0.01
10,2.27,-8505,2.92,651,3,19530,16_49_39_10_03_2025,0.06,9.73,0.09,0.01,-0.01,-0.01
2575,2.08,-8458,2.91,651,3,19570,16_49_39_10_03_2025,0.06,9.69,0.10,0.00,-0.01,-0.01
2174,2.11,-8562,2.92,651,3,19613,16_49_39_10_03_2025,0.06,9.68,0.09,0.01,-0.01,-0.01
-2832,2.49,-8283,2.90,650,3,19653,16_49_39_10_03_2025,0.05,9.70,0.10,0.01,-0.01,-0.01
-8811,2.94,-8088,2.89,651,3,19694,16_49_39_10_03_2025,0.06,9.68,0.10,0.00,-0.01,-0.01
-21645,3.91,-8087,2.89,651,3,19734,16_49_39_10_03_2025,0.05,9.68,0.09,0.01,-0.01,-0.01
-40384,5.33,-8056,2.88,651,3,19774,16_49_39_10_03_2025,0.05,9.73,0.10,0.00,-0.01,-0.01
-67383,7.38,-8365,2.91,651,3,19827,16_49_39_10_03_2025,0.04,9.69,0.09,0.01,-0.01,-0.01
-97503,9.66,-7924,2.87,651,3,19918,16_49_39_10_03_2025,0.05,9.73,0.11,0.01,-0.01,-0.01
-122572,11.56,-7989,2.88,650,3,19958,16_49_39_10_03_2025,0.05,9.70,0.10,0.01,-0.01,-0.01
-133702,12.40,-8110,2.89,651,3,20027,16_49_40_10_03_2025,0.04,9.69,0.11,0.00,-0.01,-0.01
-99131,9.78,-8326,2.90,651,3,20116,16_49_40_10_03_2025,0.04,9.70,0.10,0.01,-0.01,-0.01
-39442,5.26,-8454,2.91,651,3,20157,16_49_40_10_03_2025,0.05,9.71,0.09,0.01,-0.01,-0.01
-12845,3.25,-8544,2.92,651,3,20222,16_49_40_10_03_2025,0.06,9.70,0.09,0.00,-0.01,-0.01
-6032,2.73,-8154,2.89,651,3,20312,16_49_40_10_03_2025,0.05,9.68,0.10,0.01,-0.01,-0.01
-4074,2.58,-7896,2.87,651,3,20353,16_49_40_10_03_2025,0.06,9.73,0.10,0.01,-0.01,-0.01
-4735,2.63,-8298,2.90,651,3,20419,16_49_40_10_03_2025,0.05,9.69,0.09,0.00,-0.01,-0.01
-3251,2.52,-7918,2.87,650,3,20510,16_49_40_10_03_2025,0.05,9.69,0.10,0.01,-0.01,-0.01
-8171,2.89,-8040,2.88,651,3,20550,16_49_40_10_03_2025,0.04,9.69,0.09,0.00,-0.01,-0.01
-22192,3.95,-8198,2.89,651,3,20615,16_49_40_10_03_2025,0.06,9.69,0.09,0.01,-0.01,-0.00
-51783,6.20,-8081,2.88,651,3,20666,16_49_40_10_03_2025,0.05,9.69,0.11,0.00,-0.01,-0.01
-75772,8.01,-8276,2.90,650,3,20721,16_49_40_10_03_2025,0.06,9.68,0.10,0.00,-0.01,-0.01
-98875,9.76,-7877,2.87,651,3,20811,16_49_40_10_03_2025,0.06,9.71,0.11,0.00,-0.01,-0.01
-137412,12.68,-8508,2.92,651,3,20851,16_49_40_10_03_2025,0.05,9.72,0.11,0.00,-0.01,-0.01
-144312,13.21,-8199,2.89,651,3,20918,16_49_40_10_03_2025,0.05,9.67,0.10,0.01,-0.01,-0.01
-136155,12.59,-8202,2.89,650,3,21010,16_49_40_10_03_2025,0.05,9.71,0.10,0.00,-0.01,-0.01
-77319,8.13,-8512,2.92,650,3,21102,16_49_41_10_03_2025,0.06,9.70,0.10,0.00,-0.01,-0.01
-15894,3.48,-8570,2.92,651,3,21142,16_49_41_10_03_2025,0.04,9.72,0.09,0.00,-0.01,-0.01
-6963,2.80,-8516,2.92,651,3,21207,16_49_41_10_03_2025,0.05,9.69,0.10,0.01,-0.01,-0.01
-4379,2.60,-8338,2.90,651,3,21247,16_49_41_10_03_2025,0.04,9.70,0.09,0.01,-0.01,-0.01
-3496,2.54,-8073,2.88,651,3,21313,16_49_41_10_03_2025,0.05,9.68,0.09,0.01,-0.01,-0.01
-3468,2.54,-8151,2.89,651,3,21403,16_49_41_10_03_2025,0.06,9.70,0.08,0.01,-0.01,-0.01
-8116,2.89,-8058,2.88,651,3,21454,16_49_41_10_03_2025,0.05,9.72,0.10,0.01,-0.01,-0.01
-15168,3.42,-8081,2.88,651,3,21509,16_49_41_10_03_2025,0.06,9.70,0.10,0.01,-0.01,-0.01
-35819,4.99,-8086,2.89,651,3,21600,16_49_41_10_03_2025,0.05,9.68,0.10,0.01,-0.01,-0.01
-79985,8.33,-7915,2.87,650,3,21640,16_49_41_10_03_2025,0.05,9.72,0.09,0.01,-0.01,-0.01
-94797,9.45,-8121,2.89,650,3,21706,16_49_41_10_03_2025,0.05,9.69,0.10,0.01,-0.01,-0.01
-115821,11.05,-8437,2.91,650,3,21797,16_49_41_10_03_2025,0.05,9.68,0.08,0.00,-0.01,-0.01
-128925,12.04,-8400,2.91,650,3,21838,16_49_41_10_03_2025,0.04,9.71,0.10,0.00,-0.01,-0.01
-131332,12.22,-7982,2.88,651,3,21905,16_49_41_10_03_2025,0.05,9.69,0.10,0.00,-0.01,-0.01
-136502,12.61,-8183,2.89,651,3,21996,16_49_41_10_03_2025,0.05,9.71,0.10,0.00,-0.01,-0.01
-141772,13.01,-8052,2.88,650,3,22089,16_49_42_10_03_2025,0.04,9.70,0.10,0.01,-0.01,-0.01
-143537,13.15,-8282,2.90,651,3,22131,16_49_42_10_03_2025,0.05,9.71,0.10,0.01,-0.01,-0.01
-129455,12.08,-8082,2.88,651,3,22197,16_49_42_10_03_2025,0.05,9.70,0.10,0.00,-0.01,-0.01
-89767,9.07,-8523,2.92,651,3,22287,16_49_42_10_03_2025,0.05,9.71,0.11,0.00,-0.01,-0.01
-13378,3.29,-8431,2.91,650,3,22327,16_49_42_10_03_2025,0.04,9.76,0.10,0.01,-0.01,-0.01
-2471,2.46,-7789,2.86,650,3,22393,16_49_42_10_03_2025,0.05,9.70,0.11,0.01,-0.01,-0.01
-4604,2.62,-7810,2.86,651,3,22484,16_49_42_10_03_2025,0.05,9.70,0.09,0.01,-0.01,-0.01
-5046,2.65,-7907,2.87,650,3,22524,16_49_42_10_03_2025,0.06,9.74,0.06,0.01,-0.01,-0.01
-5520,2.69,-7772,2.86,650,3,22589,16_49_42_10_03_2025,0.04,9.74,0.08,0.01,-0.01,-0.01
-5572,2.69,-8006,2.88,651,3,22629,16_49_42_10_03_2025,0.06,9.68,0.09,0.01,-0.01,-0.01
-5175,2.66,-8188,2.89,651,3,22695,16_49_42_10_03_2025,0.07,9.69,0.08,0.01,-0.01,-0.01
-5368,2.68,-8090,2.89,650,3,22785,16_49_42_10_03_2025,0.05,9.71,0.09,0.01,-0.01,-0.01
-5346,2.68,-8206,2.89,651,3,22826,16_49_42_10_03_2025,0.05,9.70,0.10,0.00,-0.01,-0.01
-5299,2.67,-8034,2.88,651,3,22891,16_49_42_10_03_2025,0.05,9.70,0.10,0.00,-0.01,-0.01
-5245,2.67,-8034,2.88,651,3,22981,16_49_42_10_03_2025,0.06,9.64,0.13,0.00,-0.01,-0.01
-5163,2.66,-8114,2.89,651,3,23021,16_49_43_10_03_2025,0.05,9.69,0.10,0.00,-0.01,-0.01
-5455,2.69,-1,2.27,650,3,23088,16_49_43_10_03_2025,0.06,9.68,0.10,0.01,-0.01,-0.01
-5128,2.66,-8078,2.88,650,3,23177,16_49_43_10_03_2025,0.05,9.68,0.10,0.00,-0.01,-0.01
-4961,2.65,-7885,2.87,651,3,23218,16_49_43_10_03_2025,0.05,9.73,0.10,0.00,-0.01,-0.01
-4808,2.64,-8622,2.93,651,3,23283,16_49_43_10_03_2025,0.05,9.72,0.09,0.01,-0.01,-0.01
-5052,2.66,-9932,3.03,650,3,23373,16_49_43_10_03_2025,0.05,9.67,0.10,0.00,-0.01,-0.01
-5235,2.67,-10102,3.04,651,3,23414,16_49_43_10_03_2025,0.06,9.71,0.07,0.00,-0.01,-0.01
-5121,2.66,-10730,3.09,650,3,23480,16_49_43_10_03_2025,0.05,9.71,0.10,0.00,-0.01,-0.01
-5158,2.66,-8687,2.93,650,3,23570,16_49_43_10_03_2025,0.05,9.71,0.10,0.01,-0.01,-0.01
-5210,2.67,-8486,2.92,650,3,23609,16_49_43_10_03_2025,0.05,9.69,0.09,0.01,-0.01,-0.01
-5295,2.67,-8438,2.91,651,3,23675,16_49_43_10_03_2025,0.06,9.69,0.09,0.01,-0.01,-0.01
-5168,2.66,-9158,2.97,650,3,23767,16_49_43_10_03_2025,0.05,9.70,0.09,0.00,-0.01,-0.01
-5213,2.67,-10027,3.03,650,3,23808,16_49_43_10_03_2025,0.05,9.71,0.10,0.01,-0.01,-0.01
-5173,2.66,-10644,3.08,650,3,23871,16_49_43_10_03_2025,0.05,9.71,0.09,0.01,-0.01,-0.01
-5063,2.66,-10226,3.05,651,3,23911,16_49_43_10_03_2025,0.06,9.68,0.10,0.00,-0.01,-0.01
-5311,2.68,-9546,3.00,650,3,23978,16_49_43_10_03_2025,0.05,9.70,0.10,0.00,-0.01,-0.01
-5265,2.67,-11041,3.11,650,3,24068,16_49_44_10_03_2025,0.06,9.71,0.11,0.01,-0.01,-0.01
-5212,2.67,-13153,3.27,650,3,24109,16_49_44_10_03_2025,0.06,9.64,0.09,0.00,-0.01,-0.01
-5187,2.67,-13796,3.32,650,3,24175,16_49_44_10_03_2025,0.05,9.70,0.08,0.01,-0.01,-0.01
-5301,2.67,-13751,3.31,651,3,24264,16_49_44_10_03_2025,0.06,9.68,0.10,0.01,-0.01,-0.01
-5374,2.68,-12733,3.24,650,3,24304,16_49_44_10_03_2025,0.05,9.71,0.10,0.00,-0.01,-0.01
-5265,2.67,-10957,3.10,650,3,24370,16_49_44_10_03_2025,0.05,9.70,0.10,0.01,-0.01,-0.01
-5169,2.66,-7892,2.87,650,3,24460,16_49_44_10_03_2025,0.06,9.69,0.10,0.00,-0.01,-0.01
-5235,2.67,-26820,4.30,650,3,24500,16_49_44_10_03_2025,0.05,9.72,0.11,0.00,-0.01,-0.01
-5069,2.66,-74547,7.92,651,3,24566,16_49_44_10_03_2025,0.05,9.70,0.11,0.00,-0.01,-0.01
-4947,2.65,-114189,10.92,650,3,24657,16_49_44_10_03_2025,0.04,9.77,0.12,0.00,-0.01,-0.00
-5214,2.67,-63829,7.11,651,3,24697,16_49_44_10_03_2025,0.05,9.63,0.10,0.00,-0.01,-0.01
-4987,2.65,-23424,4.05,651,3,24765,16_49_44_10_03_2025,0.05,9.68,0.10,0.01,-0.01,-0.01
-5141,2.66,-6405,2.76,651,3,24855,16_49_44_10_03_2025,0.04,9.69,0.11,0.00,-0.01,-0.01
-5176,2.66,-3913,2.57,651,3,24896,16_49_44_10_03_2025,0.04,9.68,0.12,0.01,-0.01,-0.01
-5409,2.68,-3604,2.55,650,3,24959,16_49_44_10_03_2025,0.06,9.71,0.09,0.00,-0.01,-0.01
-5241,2.67,-2446,2.46,650,3,25049,16_49_45_10_03_2025,0.05,9.69,0.10,0.01,-0.01,-0.01
-5186,2.67,-68471,7.46,650,3,25090,16_49_45_10_03_2025,0.05,9.74,0.12,0.01,-0.01,-0.01
-5350,2.68,-113521,10.87,650,3,25157,16_49_45_10_03_2025,0.06,9.75,0.09,0.00,-0.01,-0.00
-4896,2.64,-80454,8.37,651,3,25247,16_49_45_10_03_2025,0.05,9.74,0.12,0.00,-0.01,-0.01
-5265,2.67,-23307,4.04,650,3,25288,16_49_45_10_03_2025,0.05,9.69,0.08,0.01,-0.01,-0.01
-5029,2.65,-14780,3.39,651,3,25353,16_49_45_10_03_2025,0.05,9.72,0.10,0.01,-0.01,-0.01
-5061,2.66,-4397,2.61,650,3,25444,16_49_45_10_03_2025,0.05,9.70,0.09,0.01,-0.01,-0.01
-4867,2.64,-2765,2.48,650,3,25485,16_49_45_10_03_2025,0.06,9.70,0.09,0.00,-0.01,-0.01
-5166,2.66,-4714,2.63,651,3,25550,16_49_45_10_03_2025,0.05,9.72,0.10,0.00,-0.01,-0.01
-5015,2.65,-9521,2.99,651,3,25593,16_49_45_10_03_2025,0.05,9.70,0.09,0.00,-0.01,-0.01
-5272,2.67,-21541,3.90,651,3,25656,16_49_45_10_03_2025,0.05,9.71,0.10,0.01,-0.01,-0.01
-5325,2.68,-53379,6.32,650,3,25746,16_49_45_10_03_2025,0.05,9.70,0.09,0.01,-0.01,-0.01
-5042,2.65,-105580,10.27,651,3,25787,16_49_45_10_03_2025,0.06,9.68,0.10,0.00,-0.01,-0.01
-5428,2.68,-133852,12.41,650,3,25853,16_49_45_10_03_2025,0.06,9.66,0.10,0.00,-0.01,-0.01
-5381,2.68,-161392,14.50,651,3,25945,16_49_45_10_03_2025,0.06,9.71,0.10,0.00,-0.01,-0.01
-4912,2.64,-77354,8.13,651,3,26037,16_49_46_10_03_2025,0.06,9.62,0.10,0.00,-0.01,-0.01
-5022,2.65,-24791,4.15,651,3,26077,16_49_46_10_03_2025,0.04,9.71,0.10,0.01,-0.01,-0.01
-5008,2.65,-12563,3.22,651,3,26142,16_49_46_10_03_2025,0.06,9.69,0.11,0.00,-0.01,-0.01
-4908,2.64,-5473,2.69,651,3,26183,16_49_46_10_03_2025,0.06,9.73,0.10,0.00,-0.01,-0.01
-5037,2.65,-3275,2.52,651,3,26248,16_49_46_10_03_2025,0.06,9.70,0.08,0.01,-0.01,-0.01
-4970,2.65,368,2.24,651,3,26338,16_49_46_10_03_2025,0.05,9.69,0.09,0.01,-0.01,-0.01
-5240,2.67,1939,2.13,651,3,26378,16_49_46_10_03_2025,0.06,9.68,0.09,0.01,-0.01,-0.01
-4884,2.64,-2396,2.45,650,3,26444,16_49_46_10_03_2025,0.05,9.71,0.10,0.01,-0.01,-0.01
-4769,2.63,-24667,4.14,650,3,26535,16_49_46_10_03_2025,0.05,9.71,0.10,0.01,-0.01,-0.01
-5019,2.65,-70058,7.58,651,3,26576,16_49_46_10_03_2025,0.05,9.69,0.09,0.01,-0.01,-0.01
-5181,2.67,-91558,9.21,650,3,26640,16_49_46_10_03_2025,0.05,9.69,0.10,0.01,-0.01,-0.01
-5290,2.67,-119276,11.31,651,3,26732,16_49_46_10_03_2025,0.04,9.71,0.10,0.00,-0.01,-0.01
-5494,2.69,-133689,12.40,651,3,26772,16_49_46_10_03_2025,0.05,9.68,0.09,0.01,-0.01,-0.01
-5661,2.70,-141552,13.00,650,3,26840,16_49_46_10_03_2025,0.06,9.72,0.10,0.01,-0.01,-0.01
-5036,2.65,-116689,11.11,651,3,26931,16_49_46_10_03_2025,0.06,9.72,0.10,0.01,-0.01,-0.01
-4884,2.64,-61553,6.94,650,3,26971,16_49_46_10_03_2025,0.06,9.70,0.10,0.01,-0.01,-0.01
-5131,2.66,-34522,4.89,650,3,27038,16_49_47_10_03_2025,0.05,9.70,0.10,0.00,-0.01,-0.01
-5261,2.67,-7371,2.83,650,3,27127,16_49_47_10_03_2025,0.05,9.71,0.11,0.01,-0.01,-0.01
-5026,2.65,-4095,2.58,651,3,27168,16_49_47_10_03_2025,0.06,9.70,0.09,0.00,-0.01,-0.01
-5104,2.66,-3255,2.52,650,3,27234,16_49_47_10_03_2025,0.05,9.72,0.10,0.01,-0.01,-0.01
-4975,2.65,414,2.24,650,3,27324,16_49_47_10_03_2025,0.04,9.71,0.09,0.00,-0.01,-0.01
-4861,2.64,3317,2.02,651,3,27364,16_49_47_10_03_2025,0.05,9.71,0.10,0.01,-0.01,-0.01
-4903,2.64,1446,2.16,650,3,27430,16_49_47_10_03_2025,0.05,9.70,0.09,0.00,-0.01,-0.01
-4816,2.64,-9273,2.98,650,3,27520,16_49_47_10_03_2025,0.05,9.70,0.10,0.00,-0.01,-0.01
-5409,2.68,-34344,4.87,651,3,27561,16_49_47_10_03_2025,0.05,9.70,0.09,0.01,-0.01,-0.01
-5402,2.68,-46458,5.79,651,3,27626,16_49_47_10_03_2025,0.05,9.70,0.10,0.01,-0.01,-0.01
-5518,2.69,-74671,7.93,651,3,27717,16_49_47_10_03_2025,0.04,9.70,0.10,0.00,-0.01,-0.01
-5530,2.69,-107423,10.41,650,3,27757,16_49_47_10_03_2025,0.05,9.72,0.10,0.00,-0.01,-0.01
-5414,2.68,-107423,10.41,648,3,27825,16_49_47_10_03_2025,0.05,9.71,0.10,0.01,-0.01,-0.01
-5618,2.70,-127780,11.95,651,3,27916,16_49_47_10_03_2025,0.05,9.71,0.10,0.00,-0.01,-0.01
-5536,2.69,-134065,12.43,651,3,27961,16_49_47_10_03_2025,0.05,9.68,0.10,0.00,-0.01,-0.01
-5286,2.67,-137451,12.69,650,3,28024,16_49_48_10_03_2025,0.06,9.68,0.08,0.01,-0.01,-0.01
-5272,2.67,-138595,12.77,651,3,28116,16_49_48_10_03_2025,0.05,9.69,0.10,0.01,-0.01,-0.01
-5486,2.69,-144838,13.25,651,3,28208,16_49_48_10_03_2025,0.06,9.69,0.09,0.01,-0.01,-0.01
-5464,2.69,-149260,13.58,650,3,28259,16_49_48_10_03_2025,0.06,9.71,0.10,0.00,-0.01,-0.01
-5480,2.69,-149614,13.61,650,3,28314,16_49_48_10_03_2025,0.07,9.68,0.09,0.00,-0.01,-0.01
-5304,2.67,-152061,13.79,650,3,28407,16_49_48_10_03_2025,0.04,9.72,0.10,0.00,-0.01,-0.01
-5416,2.68,-154397,13.97,650,3,28447,16_49_48_10_03_2025,0.05,9.69,0.09,0.00,-0.01,-0.01
-5331,2.68,-153540,13.90,651,3,28515,16_49_48_10_03_2025,0.05,9.72,0.09,0.00,-0.01,-0.01
-5489,2.69,-158663,14.29,651,3,28608,16_49_48_10_03_2025,0.06,9.70,0.09,0.00,-0.01,-0.01
-5359,2.68,-158073,14.25,651,3,28651,16_49_48_10_03_2025,0.05,9.69,0.09,0.01,-0.00,-0.01
-5233,2.67,-159038,14.32,650,3,28715,16_49_48_10_03_2025,0.05,9.68,0.09,0.00,-0.01,-0.01
-5471,2.69,-160168,14.41,651,3,28807,16_49_48_10_03_2025,0.05,9.69,0.10,0.01,-0.01,-0.01
-5295,2.67,-161474,14.51,651,3,28899,16_49_48_10_03_2025,0.04,9.70,0.10,0.01,-0.01,-0.01
-5472,2.69,-162431,14.58,651,3,28942,16_49_48_10_03_2025,0.04,9.72,0.10,0.00,-0.01,-0.01
-5217,2.67,-156250,14.11,651,3,29006,16_49_49_10_03_2025,0.06,9.70,0.10,0.00,-0.01,-0.01
-5472,2.69,-148902,13.55,651,3,29098,16_49_49_10_03_2025,0.05,9.71,0.10,0.00,-0.01,-0.01
-5177,2.66,-123140,11.60,650,3,29138,16_49_49_10_03_2025,0.05,9.73,0.12,0.00,-0.01,-0.01
-5025,2.65,-93846,9.38,650,3,29206,16_49_49_10_03_2025,0.04,9.77,0.09,0.00,-0.01,-0.01
-5195,2.67,-45327,5.71,650,3,29296,16_49_49_10_03_2025,0.06,9.65,0.09,0.00,-0.01,-0.01
-4695,2.63,-7101,2.81,651,3,29337,16_49_49_10_03_2025,0.04,9.69,0.11,0.00,-0.01,-0.01
-4912,2.64,-6451,2.76,651,3,29401,16_49_49_10_03_2025,0.05,9.71,0.11,0.00,-0.01,-0.01
-5092,2.66,-7295,2.83,650,3,29491,16_49_49_10_03_2025,0.06,9.68,0.09,0.00,-0.01,-0.01
-5194,2.67,-7295,2.83,650,3,29531,16_49_49_10_03_2025,0.05,9.68,0.10,0.01,-0.01,-0.01
-5116,2.66,-7342,2.83,651,3,29598,16_49_49_10_03_2025,0.05,9.61,0.10,0.00,-0.01,-0.01
-5079,2.66,-7137,2.81,650,3,29688,16_49_49_10_03_2025,0.06,9.72,0.11,0.00,-0.01,-0.01
-5073,2.66,-7089,2.81,650,3,29728,16_49_49_10_03_2025,0.06,9.70,0.09,0.01,-0.01,-0.01
-5149,2.66,-7387,2.83,650,3,29794,16_49_49_10_03_2025,0.05,9.71,0.09,0.00,-0.01,-0.01
-5165,2.66,-7332,2.83,650,3,29835,16_49_49_10_03_2025,0.05,9.73,0.11,0.01,-0.01,-0.01
-5084,2.66,-7196,2.82,651,3,29900,16_49_49_10_03_2025,0.06,9.72,0.08,0.01,-0.01,-0.01
-5181,2.67,-7602,2.85,651,3,29990,16_49_49_10_03_2025,0.06,9.70,0.09,0.01,-0.01,-0.01
-5009,2.65,-8218,2.90,650,3,30030,16_49_50_10_03_2025,0.07,9.70,0.10,0.00,-0.01,-0.01
-5244,2.67,-8252,2.90,651,3,30096,16_49_50_10_03_2025,0.05,9.71,0.10,0.01,-0.01,-0.01
-5066,2.66,-8174,2.89,651,3,30187,16_49_50_10_03_2025,0.05,9.69,0.10,0.01,-0.01,-0.01
-5111,2.66,-8111,2.89,650,3,30227,16_49_50_10_03_2025,0.05,9.67,0.09,0.01,-0.01,-0.01
-5128,2.66,-7995,2.88,651,3,30293,16_49_50_10_03_2025,0.06,9.71,0.10,0.01,-0.01,-0.01
-5071,2.66,-7995,2.88,650,3,30382,16_49_50_10_03_2025,0.06,9.70,0.10,0.01,-0.01,-0.01
-4958,2.65,-8083,2.89,651,3,30422,16_49_50_10_03_2025,0.04,9.70,0.10,0.01,-0.01,-0.01
-4907,2.64,-7928,2.87,650,3,30488,16_49_50_10_03_2025,0.05,9.70,0.09,0.00,-0.01,-0.01
-5067,2.66,-8000,2.88,650,3,30579,16_49_50_10_03_2025,0.05,9.71,0.10,0.00,-0.01,-0.01
-5155,2.66,-7963,2.88,650,3,30619,16_49_50_10_03_2025,0.05,9.69,0.09,0.01,-0.01,-0.01
-4929,2.65,-8030,2.88,650,3,30685,16_49_50_10_03_2025,0.07,9.71,0.09,0.00,-0.01,-0.01
-5155,2.66,-7990,2.88,650,3,30775,16_49_50_10_03_2025,0.05,9.72,0.09,0.01,-0.01,-0.01
-5137,2.66,-7920,2.87,650,3,30815,16_49_50_10_03_2025,0.06,9.70,0.10,0.00,-0.01,-0.01
-5127,2.66,-7969,2.88,651,3,30881,16_49_50_10_03_2025,0.05,9.70,0.10,0.01,-0.01,-0.01
-5112,2.66,-7863,2.87,650,3,30972,16_49_50_10_03_2025,0.06,9.71,0.10,0.01,-0.01,-0.01
-5125,2.66,-8006,2.88,650,3,31012,16_49_51_10_03_2025,0.05,9.70,0.10,0.00,-0.01,-0.01
-5070,2.66,-7965,2.88,650,3,31077,16_49_51_10_03_2025,0.05,9.70,0.10,0.01,-0.01,-0.01
-5046,2.65,-7952,2.88,650,3,31117,16_49_51_10_03_2025,0.06,9.68,0.09,0.01,-0.01,-0.01
-4858,2.64,-7818,2.87,650,3,31184,16_49_51_10_03_2025,0.05,9.68,0.10,0.00,-0.01,-0.01
-4996,2.65,-7805,2.86,651,3,31273,16_49_51_10_03_2025,0.05,9.70,0.09,0.01,-0.01,-0.01
-4897,2.64,-7866,2.87,650,3,31324,16_49_51_10_03_2025,0.05,9.71,0.09,0.01,-0.01,-0.01
-4874,2.64,-7684,2.85,650,3,31379,16_49_51_10_03_2025,0.05,9.70,0.09,0.01,-0.01,-0.01
-5034,2.65,-7888,2.87,651,3,31469,16_49_51_10_03_2025,0.09,9.71,0.10,0.01,-0.00,-0.01
-5236,2.67,-8006,2.88,650,3,31509,16_49_51_10_03_2025,0.06,9.70,0.09,0.00,-0.01,-0.01
-5096,2.66,-7889,2.87,650,3,31576,16_49_51_10_03_2025,0.05,9.70,0.09,0.00,-0.01,-0.01
-5131,2.66,-7684,2.85,651,3,31666,16_49_51_10_03_2025,0.05,9.69,0.10,0.00,-0.01,-0.01
-5097,2.66,-7712,2.86,650,3,31709,16_49_51_10_03_2025,0.06,9.68,0.09,0.01,-0.01,-0.01
-5182,2.67,-7931,2.87,651,3,31771,16_49_51_10_03_2025,0.06,9.70,0.07,0.02,-0.00,-0.00
-5134,2.66,-7772,2.86,651,3,31862,16_49_51_10_03_2025,0.04,9.69,0.08,-0.00,-0.01,-0.01
-5325,2.68,-7678,2.85,650,3,31902,16_49_51_10_03_2025,0.06,9.71,0.07,0.00,-0.01,-0.00
-5263,2.67,-7872,2.87,650,3,31968,16_49_51_10_03_2025,0.06,9.71,0.08,-0.01,-0.01,-0.01
-4989,2.65,-7871,2.87,651,3,32057,16_49_52_10_03_2025,0.05,9.71,0.10,0.00,-0.01,-0.01
-5043,2.65,-7865,2.87,651,3,32108,16_49_52_10_03_2025,0.06,9.71,0.08,0.01,-0.00,-0.00
-5123,2.66,-7955,2.88,650,3,32164,16_49_52_10_03_2025,0.03,9.70,0.12,0.02,-0.01,0.01
-5036,2.65,-8079,2.88,651,3,32255,16_49_52_10_03_2025,0.05,9.69,0.10,0.00,-0.00,-0.01
-5041,2.65,-7895,2.87,651,3,32298,16_49_52_10_03_2025,0.06,9.71,0.07,0.01,-0.01,-0.01
-5041,2.65,-7770,2.86,650,3,32361,16_49_52_10_03_2025,0.06,9.70,0.09,0.01,-0.00,-0.01
-5071,2.66,-7870,2.87,650,3,32401,16_49_52_10_03_2025,0.09,9.76,0.05,-0.00,-0.01,-0.03
-5177,2.66,-7832,2.87,651,3,32466,16_49_52_10_03_2025,0.04,9.69,0.11,-0.00,-0.01,-0.01
-5113,2.66,-7738,2.86,651,3,32556,16_49_52_10_03_2025,0.07,9.74,0.06,0.01,-0.00,0.01
-5108,2.66,-7858,2.87,651,3,32597,16_49_52_10_03_2025,0.00,9.74,-0.07,-0.01,0.08,0.01
-5027,2.65,-7801,2.86,650,3,32663,16_49_52_10_03_2025,-0.05,11.75,0.48,-0.35,0.01,-0.05
-5038,2.65,-7756,2.86,650,3,32753,16_49_52_10_03_2025,0.12,9.33,-0.05,-0.07,-0.05,0.09
-5153,2.66,-7798,2.86,651,3,32805,16_49_52_10_03_2025,0.25,8.34,0.37,0.16,0.07,0.06
-5190,2.67,-7991,2.88,650,3,32859,16_49_52_10_03_2025,0.02,9.92,0.40,0.20,0.04,0.02
-5004,2.65,-7931,2.87,650,3,32948,16_49_52_10_03_2025,0.01,9.16,0.15,0.08,0.09,0.05
-5241,2.67,-7971,2.88,651,3,32989,16_49_53_10_03_2025,-0.09,8.79,0.38,0.03,-0.04,0.10
-5293,2.67,-7946,2.87,650,3,33055,16_49_53_10_03_2025,-0.09,9.67,-0.16,0.01,0.02,0.14
-5174,2.66,-7983,2.88,650,3,33145,16_49_53_10_03_2025,-0.21,12.02,0.42,0.10,-0.04,-0.05
-5160,2.66,-7786,2.86,651,3,33188,16_49_53_10_03_2025,-0.03,8.99,0.64,0.52,-0.08,0.31
-5061,2.66,-7927,2.87,650,3,33250,16_49_53_10_03_2025,0.56,9.62,-0.19,0.00,-0.03,0.07
-5049,2.66,-7850,2.87,650,3,33341,16_49_53_10_03_2025,0.20,9.45,0.27,-0.25,0.15,-0.12
-5120,2.66,-7872,2.87,650,3,33382,16_49_53_10_03_2025,0.07,10.31,0.44,-0.02,0.06,0.11
-5247,2.67,-7936,2.87,650,3,33446,16_49_53_10_03_2025,-0.08,9.68,0.45,-0.15,-0.02,-0.12
-4929,2.65,-7876,2.87,650,3,33538,16_49_53_10_03_2025,0.26,9.84,0.31,0.03,0.06,-0.14
-5278,2.67,-7839,2.87,651,3,33590,16_49_53_10_03_2025,-0.28,12.60,0.62,0.24,-0.03,-0.01
-5310,2.67,-7970,2.88,650,3,33643,16_49_53_10_03_2025,-0.41,8.42,0.94,-0.07,-0.29,0.03
-5114,2.66,-7798,2.86,651,3,33684,16_49_53_10_03_2025,0.53,7.72,0.13,0.18,0.10,-0.07
-4953,2.65,-7787,2.86,650,3,33749,16_49_53_10_03_2025,0.02,10.98,0.22,-0.02,0.09,-0.07
-5003,2.65,-7940,2.87,650,3,33839,16_49_53_10_03_2025,-0.16,9.04,0.26,0.05,0.03,0.05
-5082,2.66,-7863,2.87,650,3,33879,16_49_53_10_03_2025,0.13,9.47,-0.09,-0.02,0.05,0.01
-5090,2.66,-7802,2.86,650,3,33946,16_49_53_10_03_2025,-0.06,9.97,0.17,-0.01,0.00,0.02
-5030,2.65,-7977,2.88,650,3,34036,16_49_54_10_03_2025,0.17,9.54,0.18,-0.05,0.09,-0.08
-5088,2.66,-7991,2.88,651,3,34077,16_49_54_10_03_2025,-0.13,10.42,-0.06,0.16,-0.00,0.29
-5207,2.67,-7986,2.88,650,3,34141,16_49_54_10_03_2025,-0.36,11.56,0.17,-0.03,-0.06,0.00
-5300,2.67,-7843,2.87,651,3,34231,16_49_54_10_03_2025,0.07,6.22,-0.09,-0.10,-0.06,-0.23
-5064,2.66,-7890,2.87,650,3,34271,16_49_54_10_03_2025,-0.17,10.27,0.43,-0.05,-0.04,-0.13
-5115,2.66,-7867,2.87,650,3,34339,16_49_54_10_03_2025,-0.11,9.10,0.10,-0.08,0.04,0.07
-5194,2.67,-7853,2.87,650,3,34428,16_49_54_10_03_2025,0.20,9.53,0.08,-0.10,0.01,-0.07
-5187,2.67,-7753,2.86,651,3,34468,16_49_54_10_03_2025,-0.08,9.31,0.30,-0.03,-0.01,-0.05
-4972,2.65,-7708,2.86,650,3,34534,16_49_54_10_03_2025,0.13,10.02,0.29,0.03,-0.01,0.01
-5001,2.65,-7764,2.86,650,3,34624,16_49_54_10_03_2025,-0.08,9.88,0.15,0.03,0.00,-0.08
-5278,2.67,-7865,2.87,651,3,34665,16_49_54_10_03_2025,0.06,9.47,0.11,0.02,0.01,-0.04
-5175,2.66,-7837,2.87,650,3,34731,16_49_54_10_03_2025,0.19,9.82,0.11,0.12,-0.03,-0.04
-5115,2.66,-7897,2.87,650,3,34822,16_49_54_10_03_2025,-0.10,9.53,0.22,0.10,0.00,0.03
-5173,2.66,-7749,2.86,650,3,34862,16_49_54_10_03_2025,0.07,9.47,-0.04,0.01,0.02,-0.02
-5217,2.67,-7985,2.88,650,3,34926,16_49_54_10_03_2025,0.01,9.71,0.08,-0.00,-0.02,-0.00
-5099,2.66,-7792,2.86,651,3,34967,16_49_54_10_03_2025,0.02,9.69,0.13,0.01,-0.01,0.00
-5086,2.66,-7724,2.86,650,3,35033,16_49_55_10_03_2025,0.03,9.69,0.11,0.01,-0.01,-0.01
-5190,2.67,-7812,2.86,650,3,35123,16_49_55_10_03_2025,0.08,9.69,0.12,0.00,0.02,-0.00
-5192,2.67,-7773,2.86,651,3,35163,16_49_55_10_03_2025,0.02,9.70,0.10,0.00,-0.01,-0.01
-5273,2.67,-7764,2.86,650,3,35228,16_49_55_10_03_2025,0.02,9.69,0.09,0.01,-0.01,-0.01
-5116,2.66,-7885,2.87,650,3,35319,16_49_55_10_03_2025,0.02,9.70,0.11,0.02,-0.01,-0.01
-5178,2.66,-7764,2.86,650,3,35360,16_49_55_10_03_2025,0.03,9.69,0.07,0.01,-0.01,-0.01
-5184,2.67,-7821,2.87,650,3,35425,16_49_55_10_03_2025,0.04,9.72,0.07,0.00,-0.01,-0.01
-4952,2.65,-7692,2.86,650,3,35515,16_49_55_10_03_2025,0.04,9.70,0.08,0.00,-0.00,-0.01
-5056,2.66,-7806,2.86,650,3,35554,16_49_55_10_03_2025,0.00,9.70,0.44,0.01,0.00,-0.00
-5304,2.67,-8031,2.88,651,3,35621,16_49_55_10_03_2025,-0.06,9.71,1.46,0.07,-0.15,-0.02
-5070,2.66,-7758,2.86,650,3,35711,16_49_55_10_03_2025,0.14,9.77,-0.55,-0.02,-0.46,0.00
-5139,2.66,-7648,2.85,650,3,35753,16_49_55_10_03_2025,0.26,9.70,0.19,0.00,0.35,-0.03
-5197,2.67,-7796,2.86,650,3,35817,16_49_55_10_03_2025,-0.04,9.62,0.49,-0.02,-0.01,-0.02
-5157,2.66,-7796,2.86,650,3,35907,16_49_55_10_03_2025,-0.04,9.70,0.32,0.03,0.07,0.01
-5038,2.65,-7858,2.87,651,3,35947,16_49_55_10_03_2025,-0.00,9.69,-0.47,-0.01,0.02,-0.03
-5118,2.66,-7762,2.86,650,3,36013,16_49_56_10_03_2025,0.05,9.71,0.21,0.01,0.09,-0.01
-5189,2.67,-7878,2.87,650,3,36105,16_49_56_10_03_2025,-0.10,9.69,-0.09,0.01,0.10,0.00
-5103,2.66,-7970,2.88,650,3,36146,16_49_56_10_03_2025,0.58,9.67,2.85,-0.02,-0.20,0.05
-5133,2.66,-7926,2.87,650,3,36209,16_49_56_10_03_2025,-0.64,9.63,-2.98,0.00,-0.34,-0.01
-5054,2.66,-7794,2.86,651,3,36249,16_49_56_10_03_2025,0.07,9.73,-1.16,0.04,0.33,0.01
-5238,2.67,-7909,2.87,651,3,36316,16_49_56_10_03_2025,0.03,9.65,0.06,-0.03,-0.01,-0.06
-5202,2.67,-7850,2.87,650,3,36407,16_49_56_10_03_2025,-0.37,9.66,1.01,0.01,0.05,0.01
-5249,2.67,-7913,2.87,650,3,36447,16_49_56_10_03_2025,0.11,9.71,0.06,0.00,0.05,0.00
-5056,2.66,-7960,2.88,651,3,36512,16_49_56_10_03_2025,0.03,9.70,0.03,0.01,0.16,-0.01
-4998,2.65,-7762,2.86,651,3,36601,16_49_56_10_03_2025,-0.10,9.69,0.27,0.01,0.11,0.00
-5101,2.66,-7881,2.87,650,3,36641,16_49_56_10_03_2025,-0.40,9.49,2.88,-0.02,-0.17,-0.07
-4971,2.65,-7848,2.87,650,3,36709,16_49_56_10_03_2025,0.45,9.73,-0.10,-0.02,-0.27,-0.00
-5090,2.66,-7810,2.86,651,3,36798,16_49_56_10_03_2025,0.10,9.79,-0.08,-0.11,0.04,-0.01
-5314,2.68,-7834,2.87,650,3,36838,16_49_56_10_03_2025,0.01,9.76,0.74,0.01,0.12,-0.02
-5131,2.66,-7821,2.87,650,3,36904,16_49_56_10_03_2025,0.01,9.76,0.30,-0.00,-0.04,-0.00
-5003,2.65,-7835,2.87,650,3,36994,16_49_56_10_03_2025,0.06,9.72,0.10,0.01,-0.06,0.00
-5148,2.66,-7747,2.86,651,3,37034,16_49_57_10_03_2025,0.16,9.68,0.16,0.01,0.20,-0.01
-5051,2.66,-7974,2.88,650,3,37101,16_49_57_10_03_2025,0.02,9.70,0.15,0.00,0.11,-0.01
-5180,2.67,-7799,2.86,650,3,37190,16_49_57_10_03_2025,0.16,9.70,0.18,0.08,-0.03,-0.01
-5015,2.65,-7816,2.86,650,3,37230,16_49_57_10_03_2025,-0.46,9.67,-3.10,0.03,-0.12,0.00
-4969,2.65,-7828,2.87,650,3,37296,16_49_57_10_03_2025,0.03,9.78,-1.59,-0.29,0.13,0.02
-5202,2.67,-7960,2.88,651,3,37388,16_49_57_10_03_2025,-0.04,9.62,0.71,-0.02,0.09,-0.03
-5117,2.66,-7987,2.88,650,3,37429,16_49_57_10_03_2025,-0.06,9.69,0.13,0.03,-0.08,0.01
-4906,2.64,-8059,2.88,650,3,37492,16_49_57_10_03_2025,0.21,9.71,0.18,0.02,-0.08,-0.00
-5071,2.66,-7801,2.86,651,3,37532,16_49_57_10_03_2025,0.04,9.71,0.07,0.00,-0.00,-0.01
-5107,2.66,-7943,2.87,650,3,37598,16_49_57_10_03_2025,0.04,9.70,0.07,0.00,-0.00,-0.01
-5021,2.65,-7832,2.87,650,3,37689,16_49_57_10_03_2025,0.03,9.71,0.06,0.00,-0.01,-0.01
-5032,2.65,-7860,2.87,650,3,37733,16_49_57_10_03_2025,0.03,9.71,0.08,0.01,-0.01,-0.00
-4992,2.65,-7953,2.88,650,3,37795,16_49_57_10_03_2025,0.03,9.70,0.07,0.01,-0.00,-0.00
-5044,2.65,-7897,2.87,650,3,37885,16_49_57_10_03_2025,0.04,9.70,0.07,-0.00,-0.01,-0.01
-5044,2.65,-7855,2.87,650,3,37924,16_49_57_10_03_2025,0.05,9.71,0.05,0.01,-0.01,-0.01
-5032,2.65,-7861,2.87,651,3,37991,16_49_57_10_03_2025,0.03,9.71,0.08,-0.00,-0.01,-0.01
-5120,2.66,-7819,2.87,651,3,38081,16_49_58_10_03_2025,0.03,9.70,0.08,-0.00,-0.01,-0.00
-5189,2.67,-7913,2.87,650,3,38132,16_49_58_10_03_2025,0.03,9.71,0.07,0.01,-0.01,0.00
-4885,2.64,-7820,2.87,650,3,38187,16_49_58_10_03_2025,0.13,9.69,0.25,-0.01,-0.13,-0.00
-4973,2.65,-7920,2.87,651,3,38277,16_49_58_10_03_2025,-0.14,9.70,0.07,0.02,-0.01,0.00
-5055,2.66,-7909,2.87,650,3,38317,16_49_58_10_03_2025,-0.11,9.70,0.02,0.01,0.04,0.00
-4959,2.65,-7743,2.86,650,3,38384,16_49_58_10_03_2025,0.17,9.68,0.15,0.01,0.06,-0.01
-5013,2.65,-7946,2.87,650,3,38474,16_49_58_10_03_2025,1.82,9.60,0.64,-0.04,0.01,-0.04
-5197,2.67,-8076,2.88,651,3,38518,16_49_58_10_03_2025,-2.16,9.74,0.55,-0.00,-0.36,-0.01
-5119,2.66,-7895,2.87,650,3,38580,16_49_58_10_03_2025,-0.48,9.64,0.09,-0.02,0.17,-0.01
-5131,2.66,-7607,2.85,650,3,38671,16_49_58_10_03_2025,-0.52,9.72,0.05,0.03,0.14,0.00
-5040,2.65,-7898,2.87,650,3,38711,16_49_58_10_03_2025,-0.10,9.68,0.05,0.00,-0.06,-0.01
-5096,2.66,-7980,2.88,651,3,38776,16_49_58_10_03_2025,-0.33,9.70,0.03,0.01,0.09,0.00
-4751,2.63,-7853,2.87,650,3,38827,16_49_58_10_03_2025,0.57,9.68,0.22,0.00,0.21,-0.02
-4929,2.65,-7864,2.87,650,3,38881,16_49_58_10_03_2025,1.00,9.68,-0.58,0.01,0.12,-0.01
-4980,2.65,-7877,2.87,651,3,38971,16_49_58_10_03_2025,1.93,9.68,-0.66,-0.00,-0.08,-0.01
-5152,2.66,-7835,2.87,650,3,39011,16_49_59_10_03_2025,-1.33,9.65,-0.03,0.02,-0.02,-0.01
-4961,2.65,-7957,2.88,650,3,39078,16_49_59_10_03_2025,-1.95,9.66,-0.14,0.03,-0.01,-0.00
-5163,2.66,-7904,2.87,650,3,39169,16_49_59_10_03_2025,0.58,9.65,-0.08,-0.01,-0.01,-0.01
-4982,2.65,-7724,2.86,650,3,39212,16_49_59_10_03_2025,-0.24,9.72,0.02,0.03,0.08,0.03
-5070,2.66,-7853,2.87,651,3,39274,16_49_59_10_03_2025,-0.30,9.67,0.09,0.00,0.13,-0.01
-4955,2.65,-7912,2.87,650,3,39364,16_49_59_10_03_2025,0.21,9.70,0.22,0.01,0.09,-0.01
-5086,2.66,-7894,2.87,651,3,39405,16_49_59_10_03_2025,0.13,9.69,0.61,0.01,0.01,-0.02
-4951,2.65,-8006,2.88,650,3,39471,16_49_59_10_03_2025,1.52,9.72,-0.25,0.01,-0.05,-0.01
-5024,2.65,-7866,2.87,651,3,39560,16_49_59_10_03_2025,-2.28,9.74,0.43,0.01,-0.15,-0.01
-5089,2.66,-8110,2.89,650,3,39611,16_49_59_10_03_2025,-0.01,9.74,0.02,0.02,0.11,0.02
-5114,2.66,-8003,2.88,650,3,39666,16_49_59_10_03_2025,0.17,9.70,-0.24,0.00,0.03,0.00
-5185,2.67,-7981,2.88,651,3,39756,16_49_59_10_03_2025,0.15,9.69,0.08,0.01,0.08,-0.00
-5082,2.66,-8005,2.88,650,3,39797,16_49_59_10_03_2025,0.05,9.69,0.14,0.01,0.02,-0.00
-4997,2.65,-7995,2.88,650,3,39862,16_49_59_10_03_2025,0.27,9.70,0.26,0.00,0.03,-0.01
-4997,2.65,-7934,2.87,650,3,39953,16_49_59_10_03_2025,3.39,9.78,0.72,-0.04,0.01,-0.03
-5179,2.67,-7867,2.87,650,3,39996,16_50_00_10_03_2025,-2.70,9.76,0.62,0.02,-0.30,-0.02
-5198,2.67,-8017,2.88,651,3,40059,16_50_00_10_03_2025,-0.29,9.70,-0.51,0.03,0.10,-0.00
-5154,2.66,-8092,2.89,651,3,40100,16_50_00_10_03_2025,0.12,9.72,-0.30,-0.02,0.27,-0.02
-4903,2.64,-8138,2.89,650,3,40165,16_50_00_10_03_2025,0.80,9.70,-0.31,-0.01,0.08,-0.01
-4978,2.65,-7923,2.87,651,3,40254,16_50_00_10_03_2025,0.17,9.67,0.24,0.02,-0.08,0.00
-5099,2.66,-7954,2.88,650,3,40294,16_50_00_10_03_2025,0.21,9.70,0.09,0.01,0.04,-0.01
-5133,2.66,-7893,2.87,651,3,40361,16_50_00_10_03_2025,0.05,9.71,0.03,0.00,-0.01,-0.01
-5121,2.66,-8125,2.89,651,3,40451,16_50_00_10_03_2025,-0.00,9.63,0.16,-0.01,-0.01,-0.02
-5098,2.66,-8054,2.88,651,3,40492,16_50_00_10_03_2025,0.04,9.71,0.06,-0.02,-0.01,-0.01
-5057,2.66,-8027,2.88,650,3,40557,16_50_00_10_03_2025,0.03,9.71,0.07,-0.00,-0.01,-0.01
-5171,2.66,-7873,2.87,651,3,40647,16_50_00_10_03_2025,0.07,9.80,0.00,-0.11,-0.16,-0.02
-5109,2.66,-7912,2.87,651,3,40687,16_50_00_10_03_2025,0.16,9.99,0.44,-0.55,0.03,-0.10
-5080,2.66,-8015,2.88,650,3,40753,16_50_00_10_03_2025,-0.11,9.91,0.61,-0.26,-0.05,-0.00
-4996,2.65,-8130,2.89,651,3,40845,16_50_00_10_03_2025,0.10,9.81,0.96,-0.06,-0.09,-0.10
-5026,2.65,-7888,2.87,650,3,40886,16_50_00_10_03_2025,-0.04,9.56,0.61,-0.01,0.03,-0.00
-5026,2.65,-8055,2.88,650,3,40949,16_50_00_10_03_2025,-0.04,9.80,0.85,-0.02,0.01,-0.06
-5018,2.65,-7889,2.87,650,3,41039,16_50_01_10_03_2025,-0.07,9.76,0.72,-0.11,-0.05,-0.02
-5204,2.67,-8115,2.89,650,3,41079,16_50_01_10_03_2025,0.10,9.73,-0.73,4.01,-0.13,0.40
-5196,2.67,-8132,2.89,650,3,41146,16_50_01_10_03_2025,0.14,8.57,-1.68,3.57,-0.09,0.06
-5095,2.66,-7892,2.87,650,3,41237,16_50_01_10_03_2025,-0.21,9.45,-2.42,-2.10,-0.01,-0.20
-5062,2.66,-7891,2.87,650,3,41278,16_50_01_10_03_2025,-0.13,10.15,-0.51,-1.61,-0.13,-0.17
-5012,2.65,-8118,2.89,650,3,41342,16_50_01_10_03_2025,-0.09,9.57,-0.01,-1.50,-0.04,-0.21
-5078,2.66,-8006,2.88,650,3,41382,16_50_01_10_03_2025,-0.04,9.46,0.84,-0.63,-0.04,0.06
-4989,2.65,-8056,2.88,651,3,41448,16_50_01_10_03_2025,-0.13,9.66,0.83,-0.07,-0.03,0.08
-5153,2.66,-7949,2.87,651,3,41539,16_50_01_10_03_2025,-0.08,10.03,0.48,2.44,0.10,0.17
-5114,2.66,-8139,2.89,650,3,41579,16_50_01_10_03_2025,0.37,8.80,-2.66,0.62,0.16,-0.13
-5176,2.66,-8011,2.88,650,3,41644,16_50_01_10_03_2025,-0.45,9.89,-1.71,-1.49,-0.00,-0.21
-5176,2.66,-7934,2.87,650,3,41734,16_50_01_10_03_2025,-0.18,9.77,-0.45,-1.91,-0.12,-0.07
-5083,2.66,-7889,2.87,650,3,41775,16_50_01_10_03_2025,-0.01,9.70,0.63,-0.78,-0.03,-0.04
-4839,2.64,-7893,2.87,650,3,41841,16_50_01_10_03_2025,0.03,9.56,0.86,-0.23,-0.05,-0.04
-5017,2.65,-8062,2.88,650,3,41930,16_50_01_10_03_2025,-0.15,9.91,0.85,0.58,0.05,0.05
-4959,2.65,-7961,2.88,650,3,41970,16_50_01_10_03_2025,-0.23,8.68,-1.75,3.15,-0.04,0.11
-5094,2.66,-7853,2.87,650,3,42036,16_50_02_10_03_2025,-0.13,8.81,-2.94,-0.18,0.10,-0.25
-5038,2.65,-7961,2.88,650,3,42127,16_50_02_10_03_2025,0.02,9.41,-2.02,-1.74,-0.12,-0.08
-4772,2.63,-8051,2.88,650,3,42168,16_50_02_10_03_2025,-0.04,9.69,-0.17,-1.25,-0.03,-0.11
-5112,2.66,-7942,2.87,650,3,42233,16_50_02_10_03_2025,-0.14,9.93,0.57,-0.53,-0.07,0.02
-5079,2.66,-7997,2.88,650,3,42322,16_50_02_10_03_2025,-0.21,9.71,0.37,0.34,-0.02,0.11
-5118,2.66,-7969,2.88,650,3,42362,16_50_02_10_03_2025,0.74,9.90,-1.77,4.15,0.08,0.48
-5038,2.65,-7982,2.88,650,3,42429,16_50_02_10_03_2025,0.14,8.60,-3.19,1.95,0.20,0.23
-5148,2.66,-8184,2.89,651,3,42520,16_50_02_10_03_2025,0.30,9.50,-3.04,-1.82,-0.08,-0.15
-4994,2.65,-7740,2.86,651,3,42562,16_50_02_10_03_2025,-0.06,10.02,-0.60,-1.09,-0.10,0.00
-4868,2.64,-8043,2.88,650,3,42625,16_50_02_10_03_2025,0.17,9.55,-0.25,-0.71,-0.05,0.04
-5091,2.66,-8030,2.88,650,3,42665,16_50_02_10_03_2025,-0.03,9.52,-0.20,-0.14,0.00,-0.01
-4856,2.64,-8012,2.88,650,3,42731,16_50_02_10_03_2025,-0.02,9.77,-0.15,0.05,0.04,0.02
-5027,2.65,-8061,2.88,650,3,42821,16_50_02_10_03_2025,-0.01,9.71,-0.17,0.04,-0.01,0.06
-5146,2.66,-8172,2.89,650,3,42862,16_50_02_10_03_2025,0.12,9.54,-0.30,0.04,0.02,0.11
-5195,2.67,-7988,2.88,651,3,42928,16_50_02_10_03_2025,0.19,9.94,-0.12,0.03,0.01,0.14
-5113,2.66,-7898,2.87,651,3,43017,16_50_02_10_03_2025,0.37,9.60,-0.33,0.03,0.02,0.11
-5004,2.65,-8111,2.89,650,3,43057,16_50_03_10_03_2025,0.45,11.48,-0.54,-0.31,-0.12,-0.49
-4968,2.65,-7966,2.88,650,3,43123,16_50_03_10_03_2025,-0.75,10.74,-0.55,-0.92,0.01,-2.78
-5131,2.66,-8112,2.89,650,3,43214,16_50_03_10_03_2025,-1.28,8.16,1.45,-0.07,-0.06,-0.65
-4922,2.65,-8016,2.88,650,3,43255,16_50_03_10_03_2025,-0.79,9.44,-0.98,-0.07,0.02,0.88
-5000,2.65,-8014,2.88,650,3,43320,16_50_03_10_03_2025,-0.72,9.05,-0.03,-0.08,-0.10,0.33
-5115,2.66,-8008,2.88,651,3,43410,16_50_03_10_03_2025,-0.09,9.78,0.47,0.25,0.15,1.25
-5012,2.65,-8016,2.88,651,3,43450,16_50_03_10_03_2025,0.33,10.92,-0.36,-0.31,-0.15,-0.35
-5062,2.66,-8122,2.89,650,3,43517,16_50_03_10_03_2025,-0.30,8.92,-0.59,-0.67,0.01,-2.48
-5099,2.66,-8116,2.89,650,3,43606,16_50_03_10_03_2025,-1.34,8.77,1.21,0.18,0.13,-0.29
-5061,2.66,-8001,2.88,650,3,43647,16_50_03_10_03_2025,-0.94,9.68,0.05,0.19,0.00,0.60
-4840,2.64,-8047,2.88,650,3,43712,16_50_03_10_03_2025,-0.50,9.24,0.01,0.17,0.01,0.61
-5087,2.66,-7976,2.88,650,3,43803,16_50_03_10_03_2025,0.19,10.12,-0.07,0.22,0.04,0.96
-5116,2.66,-7973,2.88,651,3,43843,16_50_03_10_03_2025,0.49,10.08,-0.32,0.04,-0.02,0.04
-5016,2.65,-8221,2.90,650,3,43909,16_50_03_10_03_2025,0.51,12.43,0.06,-0.62,-0.16,-1.77
-5182,2.67,-8009,2.88,650,3,43949,16_50_03_10_03_2025,-1.44,7.17,-0.28,0.18,0.28,-2.20
-4974,2.65,-7943,2.87,650,3,44014,16_50_04_10_03_2025,-1.69,9.16,1.26,0.50,0.24,1.00
-4951,2.65,-8077,2.88,650,3,44104,16_50_04_10_03_2025,-0.78,9.79,-0.92,-0.07,-0.29,0.81
-5169,2.66,-7896,2.87,651,3,44147,16_50_04_10_03_2025,0.02,9.13,-0.42,0.25,0.16,1.04
-4961,2.65,-8017,2.88,651,3,44211,16_50_04_10_03_2025,0.43,10.19,-0.53,0.13,0.07,0.99
-5014,2.65,-8190,2.89,650,3,44300,16_50_04_10_03_2025,0.34,9.83,0.19,0.08,0.01,0.36
-4994,2.65,-7950,2.88,651,3,44340,16_50_04_10_03_2025,-0.58,9.09,-1.21,-0.96,0.06,-3.35
-4942,2.65,-7968,2.88,650,3,44406,16_50_04_10_03_2025,-1.64,6.67,0.88,-0.76,-0.10,-2.69
-5051,2.66,-8002,2.88,651,3,44497,16_50_04_10_03_2025,-1.47,10.67,0.32,0.62,0.10,1.19
-5183,2.67,-8010,2.88,651,3,44538,16_50_04_10_03_2025,-0.75,8.88,0.19,0.15,-0.08,0.49
-4968,2.65,-7834,2.87,650,3,44603,16_50_04_10_03_2025,-0.38,9.29,-0.24,0.18,0.10,0.52
-4956,2.65,-7940,2.87,651,3,44693,16_50_04_10_03_2025,-0.42,9.88,0.14,0.06,-0.07,0.25
-4950,2.65,-7914,2.87,650,3,44732,16_50_04_10_03_2025,-0.48,10.07,-0.02,-0.14,-0.09,0.05
-5070,2.66,-8036,2.88,650,3,44799,16_50_04_10_03_2025,-0.24,9.53,0.07,-0.04,-0.03,0.01
-5002,2.65,-8034,2.88,650,3,44889,16_50_04_10_03_2025,-0.15,9.77,-0.12,0.03,0.03,-0.12
-5164,2.66,-8019,2.88,650,3,44930,16_50_04_10_03_2025,-0.29,10.00,0.08,0.06,0.00,0.03
-4887,2.64,-7995,2.88,651,3,44995,16_50_04_10_03_2025,-0.28,9.79,0.02,0.02,-0.03,0.02
-4866,2.64,-7970,2.88,651,3,45086,16_50_05_10_03_2025,-0.13,9.69,-0.15,0.00,-0.04,0.00
-5105,2.66,-8113,2.89,650,3,45126,16_50_05_10_03_2025,-0.24,9.76,0.12,-0.04,-0.03,-0.01
-5170,2.66,-7831,2.87,651,3,45191,16_50_05_10_03_2025,-0.33,9.82,0.08,-0.01,-0.05,-0.02
-5116,2.66,-7887,2.87,650,3,45235,16_50_05_10_03_2025,-0.14,9.63,0.01,0.02,-0.01,-0.03
-5106,2.66,-7981,2.88,650,3,45297,16_50_05_10_03_2025,-0.28,9.81,0.02,-0.03,-0.02,-0.01
-4934,2.65,-8005,2.88,650,3,45387,16_50_05_10_03_2025,-0.22,9.73,0.05,0.03,0.02,-0.00
-4967,2.65,-7981,2.88,650,3,45427,16_50_05_10_03_2025,-0.31,9.80,0.06,0.00,-0.01,0.01
-4994,2.65,-8018,2.88,650,3,45493,16_50_05_10_03_2025,-0.21,9.70,0.01,0.01,0.00,-0.01
-5006,2.65,-7964,2.88,650,3,45584,16_50_05_10_03_2025,-0.25,9.79,0.05,-0.02,-0.03,0.01
-4948,2.65,-8178,2.89,651,3,45628,16_50_05_10_03_2025,-0.14,9.70,0.01,0.00,0.01,0.03
-5054,2.66,-8003,2.88,650,3,45690,16_50_05_10_03_2025,-0.17,9.67,0.04,-0.00,-0.00,-0.00
-4972,2.65,-8042,2.88,650,3,45780,16_50_05_10_03_2025,-0.28,9.68,0.17,-0.03,-0.02,-0.01
-4955,2.65,-7937,2.87,650,3,45820,16_50_05_10_03_2025,-0.18,9.72,0.04,0.02,0.00,0.01
-5014,2.65,-7956,2.88,650,3,45886,16_50_05_10_03_2025,-0.22,9.66,0.06,0.00,-0.02,-0.03
-4955,2.65,-8095,2.89,650,3,45976,16_50_05_10_03_2025,-0.28,9.83,0.08,-0.02,0.00,-0.02
-5013,2.65,-7845,2.87,650,3,46017,16_50_06_10_03_2025,-0.19,9.75,0.12,0.02,-0.01,-0.01
-5199,2.67,-8030,2.88,650,3,46082,16_50_06_10_03_2025,-0.25,9.69,0.01,-0.03,-0.02,-0.03
-4939,2.65,-8049,2.88,650,3,46172,16_50_06_10_03_2025,-0.20,9.81,0.07,-0.01,-0.01,-0.02
-4972,2.65,-8000,2.88,650,3,46212,16_50_06_10_03_2025,-0.20,9.72,-0.02,0.01,-0.02,0.02
-5130,2.66,-8056,2.88,650,3,46278,16_50_06_10_03_2025,-0.22,9.66,0.04,-0.00,0.01,-0.02
-5059,2.66,-7926,2.87,651,3,46370,16_50_06_10_03_2025,-0.29,9.74,0.11,0.03,0.02,-0.03
-5039,2.65,-7929,2.87,650,3,46410,16_50_06_10_03_2025,-0.25,9.65,0.10,0.02,-0.00,-0.04
-5230,2.67,-7940,2.87,651,3,46474,16_50_06_10_03_2025,-0.25,9.72,0.08,0.02,-0.01,0.01
-5039,2.65,-8076,2.88,650,3,46515,16_50_06_10_03_2025,-0.27,9.53,0.07,-0.01,-0.02,-0.02
-5055,2.66,-8031,2.88,650,3,46581,16_50_06_10_03_2025,-0.32,9.73,0.08,0.01,0.00,-0.02
-4981,2.65,-8062,2.88,650,3,46671,16_50_06_10_03_2025,-0.27,9.66,0.08,0.01,-0.01,-0.03
-5178,2.66,-8000,2.88,651,3,46714,16_50_06_10_03_2025,-0.28,9.72,0.10,0.01,-0.01,0.01
-5038,2.65,-8106,2.89,651,3,46776,16_50_06_10_03_2025,-0.35,9.72,0.14,0.00,-0.02,-0.02
-5044,2.65,-7905,2.87,650,3,46867,16_50_06_10_03_2025,-0.29,9.69,0.05,0.01,-0.01,-0.01
-5036,2.65,-7939,2.87,650,3,46908,16_50_06_10_03_2025,-0.31,9.71,0.14,0.00,-0.06,-0.01
-5060,2.66,-8055,2.88,650,3,46973,16_50_06_10_03_2025,-0.40,9.58,0.10,-0.05,-0.08,0.01
-5106,2.66,-8136,2.89,651,3,47064,16_50_07_10_03_2025,-0.25,9.60,0.16,-0.02,-0.08,-0.01
-4925,2.65,-7988,2.88,650,3,47115,16_50_07_10_03_2025,-1.12,9.50,0.75,0.27,0.61,0.16
-5135,2.66,-8006,2.88,650,3,47168,16_50_07_10_03_2025,-0.73,9.94,-0.89,1.45,2.97,0.51
-4939,2.65,-8101,2.89,650,3,47258,16_50_07_10_03_2025,1.05,9.50,-0.41,-0.10,0.90,0.18
-4974,2.65,-7964,2.88,651,3,47299,16_50_07_10_03_2025,0.47,9.89,-0.95,-0.64,-1.70,-0.38
-5322,2.68,-7827,2.87,650,3,47365,16_50_07_10_03_2025,-0.36,8.89,-0.23,-0.26,-1.49,-0.04
-5084,2.66,-7935,2.87,650,3,47455,16_50_07_10_03_2025,-0.02,9.96,0.54,-0.15,-0.74,-0.01
-5071,2.66,-8044,2.88,650,3,47498,16_50_07_10_03_2025,-0.31,9.70,0.39,-0.08,-0.49,0.04
-4972,2.65,-8060,2.88,650,3,47561,16_50_07_10_03_2025,-0.22,9.63,0.79,-0.16,-0.35,0.04
-5079,2.66,-8003,2.88,651,3,47652,16_50_07_10_03_2025,-0.69,10.17,-0.26,0.29,2.56,0.14
-5103,2.66,-8108,2.89,651,3,47693,16_50_07_10_03_2025,1.23,9.64,-0.00,0.15,0.09,-0.01
-5103,2.66,-8077,2.88,650,3,47757,16_50_07_10_03_2025,0.45,9.96,0.18,0.04,-1.40,-0.00
-5039,2.65,-7925,2.87,651,3,47809,16_50_07_10_03_2025,-0.24,9.47,0.56,0.13,-1.09,0.06
-4933,2.65,-8023,2.88,650,3,47864,16_50_07_10_03_2025,-0.14,9.62,0.22,-0.19,-0.67,-0.23
-5148,2.66,-8023,2.88,650,3,47953,16_50_07_10_03_2025,-0.13,9.63,0.25,-0.05,-0.34,-0.19
-5193,2.67,-7906,2.87,651,3,47994,16_50_08_10_03_2025,-1.29,10.17,0.01,0.59,2.96,0.50
-5328,2.68,-7923,2.87,651,3,48060,16_50_08_10_03_2025,1.13,9.15,-2.20,0.22,1.77,0.23
-5081,2.66,-8024,2.88,650,3,48150,16_50_08_10_03_2025,0.81,9.63,0.36,-0.39,-0.68,-0.21
-5013,2.65,-8001,2.88,650,3,48193,16_50_08_10_03_2025,-0.39,9.30,0.41,0.14,-1.09,0.03
-5176,2.66,-8095,2.89,650,3,48257,16_50_08_10_03_2025,-0.19,9.89,0.63,-0.14,-0.85,0.01
-5048,2.66,-8046,2.88,651,3,48347,16_50_08_10_03_2025,-0.19,9.65,0.58,0.00,-0.50,-0.15
-5081,2.66,-8073,2.88,651,3,48388,16_50_08_10_03_2025,-1.61,10.05,0.81,0.56,3.19,0.27
-4997,2.65,-8236,2.90,651,3,48452,16_50_08_10_03_2025,1.28,8.95,-2.63,0.52,1.76,0.10
-4898,2.64,-8031,2.88,650,3,48542,16_50_08_10_03_2025,0.85,9.81,-0.10,-0.46,-0.55,-0.19
-5024,2.65,-7811,2.86,650,3,48594,16_50_08_10_03_2025,-0.30,9.19,0.38,0.07,-0.72,0.05
-5056,2.66,-7892,2.87,650,3,48649,16_50_08_10_03_2025,-0.20,9.96,0.17,-0.05,-0.54,0.02
-5093,2.66,-7967,2.88,650,3,48738,16_50_08_10_03_2025,-0.07,9.59,0.15,-0.12,-0.24,-0.11
-5252,2.67,-7895,2.87,650,3,48778,16_50_08_10_03_2025,-0.20,9.57,0.07,-0.02,-0.16,-0.05
-5087,2.66,-8046,2.88,650,3,48844,16_50_08_10_03_2025,-0.16,9.78,0.24,-0.00,-0.09,-0.01
-5122,2.66,-8075,2.88,650,3,48935,16_50_08_10_03_2025,-0.25,9.64,0.22,-0.05,-0.07,-0.02
-4892,2.64,-7954,2.88,650,3,48979,16_50_09_10_03_2025,-0.20,9.54,0.24,0.05,-0.01,-0.04
-5156,2.66,-8043,2.88,651,3,49041,16_50_09_10_03_2025,-0.49,10.19,0.50,0.17,-0.03,0.12
-5139,2.66,-7952,2.88,650,3,49081,16_50_09_10_03_2025,-0.05,9.76,0.15,0.13,0.01,0.12
-5138,2.66,-8164,2.89,650,3,49147,16_50_09_10_03_2025,-0.11,9.73,-0.02,0.00,0.02,0.03
-5055,2.66,-7953,2.88,650,3,49237,16_50_09_10_03_2025,-0.00,9.74,0.06,-0.08,0.03,0.09
-4963,2.65,-7917,2.87,650,3,49278,16_50_09_10_03_2025,-0.03,9.63,0.14,-0.00,-0.00,0.00
-5069,2.66,-7872,2.87,650,3,49343,16_50_09_10_03_2025,0.01,9.68,0.10,0.00,-0.01,-0.00
-5218,2.67,-7964,2.88,650,3,49433,16_50_09_10_03_2025,0.04,9.70,0.12,0.00,-0.01,-0.01
-5078,2.66,-8041,2.88,650,3,49473,16_50_09_10_03_2025,0.04,9.70,0.10,0.01,-0.01,-0.01
-5207,2.67,-7948,2.87,650,3,49539,16_50_09_10_03_2025,0.05,9.71,0.10,0.01,-0.01,-0.01
-5124,2.66,-7879,2.87,650,3,49629,16_50_09_10_03_2025,0.04,9.70,0.10,0.01,-0.01,-0.01
-5164,2.66,-7926,2.87,651,3,49670,16_50_09_10_03_2025,0.04,9.69,0.09,0.01,-0.01,-0.01
-5115,2.66,-7992,2.88,650,3,49735,16_50_09_10_03_2025,0.04,9.71,0.10,0.01,-0.01,-0.01
-5148,2.66,-8012,2.88,650,3,49825,16_50_09_10_03_2025,0.04,9.73,0.09,0.00,-0.01,-0.01
-5093,2.66,-8006,2.88,651,3,49865,16_50_09_10_03_2025,0.04,9.71,0.10,0.00,-0.01,-0.01
-5080,2.66,-7960,2.88,650,3,49931,16_50_09_10_03_2025,0.04,9.69,0.09,0.00,-0.01,-0.01
-5144,2.66,-8073,2.88,650,3,50021,16_50_09_10_03_2025,0.03,9.70,0.09,0.01,-0.01,-0.01
-5072,2.66,-7895,2.87,650,3,50063,16_50_10_10_03_2025,0.04,9.70,0.10,0.01,-0.01,-0.01
-5032,2.65,-7938,2.87,650,3,50127,16_50_10_10_03_2025,0.03,9.69,0.09,0.00,-0.01,-0.01
-5055,2.66,-8049,2.88,650,3,50219,16_50_10_10_03_2025,0.04,9.71,0.09,0.01,-0.01,-0.01
-5101,2.66,-8067,2.88,651,3,50258,16_50_10_10_03_2025,0.04,9.70,0.09,0.01,-0.01,-0.01
-5004,2.65,-7988,2.88,651,3,50323,16_50_10_10_03_2025,0.03,9.70,0.10,0.00,-0.01,-0.01
-5056,2.66,-7905,2.87,650,3,50364,16_50_10_10_03_2025,0.04,9.71,0.10,0.00,-0.01,-0.01
-5139,2.66,-8042,2.88,650,3,50430,16_50_10_10_03_2025,0.03,9.70,0.09,0.01,-0.01,-0.01
-4976,2.65,-8015,2.88,650,3,50519,16_50_10_10_03_2025,0.03,9.71,0.09,0.01,-0.01,-0.01
-5202,2.67,-7874,2.87,651,3,50559,16_50_10_10_03_2025,0.04,9.71,0.10,0.01,-0.01,-0.01
-5140,2.66,-7943,2.87,650,3,50627,16_50_10_10_03_2025,0.03,9.71,0.09,0.01,-0.01,-0.01
-5036,2.65,-7959,2.88,650,3,50716,16_50_10_10_03_2025,0.04,9.70,0.09,0.00,-0.01,-0.01
-5031,2.65,-7947,2.87,650,3,50757,16_50_10_10_03_2025,0.03,9.71,0.10,0.00,-0.01,-0.01
-4911,2.64,-7922,2.87,650,3,50822,16_50_10_10_03_2025,0.03,9.70,0.11,0.00,-0.01,-0.01
-5090,2.66,-8052,2.88,651,3,50912,16_50_10_10_03_2025,0.04,9.71,0.10,0.00,-0.01,-0.01
-5058,2.66,-7940,2.87,650,3,50952,16_50_10_10_03_2025,0.04,9.69,0.10,0.00,-0.01,-0.01
-4992,2.65,-7974,2.88,650,3,51018,16_50_11_10_03_2025,0.03,9.70,0.11,0.01,-0.01,-0.01
-5237,2.67,-8064,2.88,650,3,51108,16_50_11_10_03_2025,0.04,9.70,0.10,0.01,-0.01,-0.01
-4958,2.65,-7875,2.87,650,3,51149,16_50_11_10_03_2025,0.04,9.69,0.09,0.00,-0.01,-0.01
-5009,2.65,-7939,2.87,650,3,51214,16_50_11_10_03_2025,0.03,9.69,0.09,0.01,-0.01,-0.01
-5050,2.66,-8015,2.88,651,3,51304,16_50_11_10_03_2025,0.04,9.70,0.11,0.01,-0.01,-0.01
-5092,2.66,-8056,2.88,650,3,51345,16_50_11_10_03_2025,0.03,9.71,0.11,0.00,-0.01,-0.01
-5142,2.66,-8003,2.88,651,3,51410,16_50_11_10_03_2025,0.04,9.68,0.10,0.01,-0.01,-0.01
-5086,2.66,-8081,2.88,650,3,51501,16_50_11_10_03_2025,0.04,9.70,0.10,0.01,-0.01,-0.01
-5023,2.65,-7945,2.87,650,3,51541,16_50_11_10_03_2025,0.05,9.71,0.10,0.01,-0.01,-0.01
-5226,2.67,-7865,2.87,650,3,51606,16_50_11_10_03_2025,0.04,9.71,0.10,0.01,-0.01,-0.01
-4900,2.64,-7994,2.88,650,3,51647,16_50_11_10_03_2025,0.05,9.70,0.10,0.00,-0.01,-0.01
-4910,2.64,-8017,2.88,651,3,51713,16_50_11_10_03_2025,0.04,9.68,0.10,0.00,-0.01,-0.01
-4977,2.65,-8044,2.88,650,3,51802,16_50_11_10_03_2025,0.04,9.69,0.10,0.01,-0.01,-0.01
-4911,2.64,-7980,2.88,650,3,51842,16_50_11_10_03_2025,0.04,9.70,0.09,0.01,-0.01,-0.01
-5068,2.66,-7863,2.87,650,3,51908,16_50_11_10_03_2025,0.04,9.69,0.10,0.01,-0.01,-0.01
-5217,2.67,-7806,2.86,650,3,51999,16_50_11_10_03_2025,0.05,9.70,0.10,0.01,-0.01,-0.01
-5335,2.68,-8003,2.88,651,3,52040,16_50_12_10_03_2025,0.04,9.69,0.09,0.01,-0.01,-0.01
-5070,2.66,-8110,2.89,650,3,52106,16_50_12_10_03_2025,0.03,9.70,0.10,0.00,-0.01,-0.01
-5069,2.66,-8108,2.89,650,3,52196,16_50_12_10_03_2025,0.04,9.70,0.09,0.00,-0.01,-0.01
-4983,2.65,-7972,2.88,650,3,52235,16_50_12_10_03_2025,0.03,9.70,0.10,0.01,-0.01,-0.01
-4885,2.64,-8003,2.88,650,3,52301,16_50_12_10_03_2025,0.04,9.69,0.10,0.00,-0.01,-0.01
-4988,2.65,-8004,2.88,650,3,52392,16_50_12_10_03_2025,0.04,9.69,0.10,0.01,-0.01,-0.01
-4978,2.65,-7851,2.87,650,3,52433,16_50_12_10_03_2025,0.05,9.70,0.10,0.01,-0.01,-0.01
-4987,2.65,-7873,2.87,650,3,52497,16_50_12_10_03_2025,0.04,9.69,0.10,0.00,-0.01,-0.01
-4987,2.65,-7816,2.86,650,3,52587,16_50_12_10_03_2025,0.04,9.71,0.11,0.00,-0.01,-0.01
-5046,2.65,-8055,2.88,650,3,52627,16_50_12_10_03_2025,0.05,9.69,0.11,0.00,-0.01,-0.01
-5062,2.66,-7918,2.87,651,3,52693,16_50_12_10_03_2025,0.04,9.69,0.11,0.01,-0.01,-0.01
-5063,2.66,-7918,2.87,650,3,52786,16_50_12_10_03_2025,0.03,9.70,0.10,0.00,-0.01,-0.01
-5016,2.65,-8012,2.88,650,3,52827,16_50_12_10_03_2025,0.04,9.70,0.11,0.01,-0.01,-0.01
-4903,2.64,-7785,2.86,651,3,52889,16_50_12_10_03_2025,0.03,9.69,0.10,0.00,-0.01,-0.01
-5269,2.67,-7893,2.87,650,3,52929,16_50_12_10_03_2025,0.04,9.70,0.10,0.01,-0.01,-0.01
-5093,2.66,-7827,2.87,650,3,52997,16_50_12_10_03_2025,0.04,9.70,0.09,0.00,-0.01,-0.01
-5174,2.66,-8026,2.88,651,3,53086,16_50_13_10_03_2025,0.04,9.70,0.09,0.01,-0.01,-0.01
-5159,2.66,-7949,2.87,650,3,53137,16_50_13_10_03_2025,0.04,9.70,0.11,0.01,-0.01,-0.01
-5035,2.65,-7968,2.88,650,3,53192,16_50_13_10_03_2025,0.03,9.70,0.10,0.00,-0.01,-0.01
-5199,2.67,-7929,2.87,650,3,53282,16_50_13_10_03_2025,0.03,9.70,0.10,0.01,-0.01,-0.01
-5092,2.66,-8120,2.89,650,3,53322,16_50_13_10_03_2025,0.04,9.70,0.11,0.01,-0.01,-0.01
-5021,2.65,-7799,2.86,651,3,53389,16_50_13_10_03_2025,0.04,9.70,0.09,0.01,-0.01,-0.01
-5046,2.65,-7812,2.86,651,3,53479,16_50_13_10_03_2025,0.04,9.69,0.10,0.01,-0.01,-0.01
-5075,2.66,-7890,2.87,650,3,53521,16_50_13_10_03_2025,0.05,9.70,0.10,0.00,-0.01,-0.01
-4992,2.65,-8056,2.88,650,3,53584,16_50_13_10_03_2025,0.04,9.71,0.10,0.01,-0.01,-0.01
-5079,2.66,-7773,2.86,650,3,53674,16_50_13_10_03_2025,0.04,9.70,0.10,0.00,-0.01,-0.01
-5064,2.66,-7995,2.88,651,3,53714,16_50_13_10_03_2025,0.04,9.70,0.10,0.00,-0.01,-0.01
-5069,2.66,-7820,2.87,650,3,53781,16_50_13_10_03_2025,0.04,9.71,0.10,0.00,-0.01,-0.01
-4920,2.65,-7788,2.86,650,3,53870,16_50_13_10_03_2025,0.04,9.70,0.10,0.01,-0.01,-0.01
-5093,2.66,-7862,2.87,650,3,53910,16_50_13_10_03_2025,0.04,9.69,0.09,0.00,-0.01,-0.01
-5133,2.66,-8010,2.88,650,3,53977,16_50_13_10_03_2025,0.03,9.72,0.11,0.01,-0.01,-0.01
-5028,2.65,-8037,2.88,651,3,54068,16_50_14_10_03_2025,0.04,9.69,0.09,0.00,-0.01,-0.01
-5037,2.65,-7956,2.88,651,3,54109,16_50_14_10_03_2025,0.04,9.70,0.10,0.01,-0.01,-0.01
-5109,2.66,-7840,2.87,650,3,54173,16_50_14_10_03_2025,0.04,9.71,0.10,0.00,-0.01,-0.01
-5019,2.65,-7755,2.86,650,3,54215,16_50_14_10_03_2025,0.03,9.69,0.09,0.00,-0.01,-0.01
-4956,2.65,-7921,2.87,650,3,54279,16_50_14_10_03_2025,0.04,9.70,0.10,0.00,-0.01,-0.01
-4969,2.65,-7965,2.88,650,3,54369,16_50_14_10_03_2025,0.04,9.70,0.10,0.00,-0.01,-0.01
-5037,2.65,-8120,2.89,650,3,54412,16_50_14_10_03_2025,0.04,9.70,0.11,0.01,-0.01,-0.01
-5058,2.66,-8130,2.89,650,3,54475,16_50_14_10_03_2025,0.04,9.70,0.09,0.01,-0.01,-0.01
-5144,2.66,-7984,2.88,650,3,54565,16_50_14_10_03_2025,0.04,9.69,0.11,0.01,-0.01,-0.01
-4902,2.64,-7958,2.88,651,3,54617,16_50_14_10_03_2025,0.03,9.70,0.10,0.00,-0.01,-0.01
-5053,2.66,-8099,2.89,651,3,54671,16_50_14_10_03_2025,0.04,9.70,0.11,-0.00,-0.01,-0.01
-5005,2.65,-8058,2.88,651,3,54761,16_50_14_10_03_2025,0.03,9.70,0.11,0.00,-0.01,-0.01
-5198,2.67,-7866,2.87,650,3,54802,16_50_14_10_03_2025,0.04,9.71,0.09,0.00,-0.01,-0.00
-5088,2.66,-7918,2.87,650,3,54868,16_50_14_10_03_2025,0.04,9.70,0.10,-0.00,-0.01,-0.01
-5072,2.66,-8033,2.88,650,3,54958,16_50_14_10_03_2025,0.02,9.63,0.19,0.01,-0.01,-0.02
-5163,2.66,-7943,2.87,651,3,55001,16_50_15_10_03_2025,0.04,9.69,0.09,0.01,-0.01,-0.01
-5226,2.67,-7993,2.88,650,3,55064,16_50_15_10_03_2025,0.04,9.70,0.10,0.00,-0.01,-0.01
-5183,2.67,-7816,2.86,651,3,55154,16_50_15_10_03_2025,0.03,9.69,0.10,0.00,-0.01,-0.01
-4965,2.65,-7899,2.87,650,3,55195,16_50_15_10_03_2025,0.04,9.71,0.09,0.00,-0.01,-0.01
-5004,2.65,-8030,2.88,650,3,55260,16_50_15_10_03_2025,0.03,9.73,0.11,0.00,-0.01,-0.01
-5095,2.66,-7984,2.88,650,3,55351,16_50_15_10_03_2025,0.04,9.71,0.10,0.01,-0.01,-0.01
-4972,2.65,-8010,2.88,650,3,55403,16_50_15_10_03_2025,0.04,9.69,0.09,0.00,-0.01,-0.01
-5267,2.67,-7928,2.87,650,3,55457,16_50_15_10_03_2025,0.05,9.69,0.10,0.01,-0.01,-0.01
-5148,2.66,-7901,2.87,650,3,55498,16_50_15_10_03_2025,0.04,9.67,0.10,0.00,-0.01,-0.01
-5150,2.66,-7984,2.88,651,3,55563,16_50_15_10_03_2025,0.03,9.70,0.10,0.01,-0.01,-0.01
-5015,2.65,-7913,2.87,650,3,55652,16_50_15_10_03_2025,0.04,9.71,0.09,0.01,-0.01,-0.01
-5083,2.66,-8125,2.89,651,3,55692,16_50_15_10_03_2025,0.04,9.69,0.10,0.00,-0.01,-0.01
-5144,2.66,-7810,2.86,650,3,55759,16_50_15_10_03_2025,0.04,9.68,0.09,0.01,-0.01,-0.01
-5004,2.65,-7864,2.87,650,3,55849,16_50_15_10_03_2025,0.03,9.69,0.10,0.00,-0.01,-0.01
-4984,2.65,-7889,2.87,650,3,55890,16_50_15_10_03_2025,0.04,9.70,0.10,0.00,-0.01,-0.01
-5175,2.66,-7858,2.87,651,3,55954,16_50_15_10_03_2025,0.03,9.70,0.10,0.01,-0.01,-0.01
-5168,2.66,-7799,2.86,649,3,56045,16_50_16_10_03_2025,0.03,9.69,0.12,-0.00,-0.01,-0.01
-5121,2.66,-7885,2.87,650,3,56085,16_50_16_10_03_2025,0.03,9.71,0.12,-0.00,-0.01,-0.03
-5081,2.66,-8020,2.88,651,3,56151,16_50_16_10_03_2025,0.17,9.72,-0.02,0.05,-0.01,0.03
-5033,2.65,-8005,2.88,650,3,56240,16_50_16_10_03_2025,0.23,9.71,-0.19,0.24,-0.41,0.01
-5094,2.66,-7940,2.87,651,3,56280,16_50_16_10_03_2025,-0.01,9.89,-0.20,0.57,0.05,0.00
-4961,2.65,-7890,2.87,651,3,56346,16_50_16_10_03_2025,0.18,9.55,-1.03,0.76,0.18,-0.02
-5186,2.67,-7899,2.87,651,3,56437,16_50_16_10_03_2025,-0.20,9.84,-1.25,0.91,0.16,-0.00
-4988,2.65,-7801,2.86,650,3,56478,16_50_16_10_03_2025,0.20,9.62,-1.14,0.49,-0.06,-0.01
-5024,2.65,-7907,2.87,650,3,56543,16_50_16_10_03_2025,0.22,9.40,-2.10,0.62,-0.03,0.00
-5114,2.66,-7949,2.87,650,3,56634,16_50_16_10_03_2025,-0.56,9.52,-2.73,0.84,0.06,0.10
-4873,2.64,-7893,2.87,650,3,56674,16_50_16_10_03_2025,0.57,9.27,-2.65,0.85,0.30,-0.23
-5051,2.66,-7898,2.87,650,3,56739,16_50_16_10_03_2025,0.16,9.13,-3.16,0.73,0.18,-0.10
-5059,2.66,-8064,2.88,650,3,56780,16_50_16_10_03_2025,0.14,8.59,-4.27,0.77,0.10,-0.08
-5086,2.66,-8006,2.88,650,3,56846,16_50_16_10_03_2025,0.09,8.64,-4.17,0.76,0.04,-0.02
-5095,2.66,-7886,2.87,650,3,56935,16_50_16_10_03_2025,-0.03,8.33,-4.68,0.77,0.10,-0.05
-5179,2.67,-7962,2.88,650,3,56975,16_50_17_10_03_2025,0.09,8.12,-5.14,0.56,-0.00,0.01
-5046,2.65,-7929,2.87,650,3,57042,16_50_17_10_03_2025,0.07,8.13,-5.16,0.43,-0.05,0.05
-5171,2.66,-7886,2.87,650,3,57131,16_50_17_10_03_2025,0.14,7.91,-5.47,0.26,-0.01,0.01
-5046,2.65,-8063,2.88,650,3,57172,16_50_17_10_03_2025,0.14,7.60,-5.84,0.22,-0.03,-0.02
-5031,2.65,-7987,2.88,651,3,57238,16_50_17_10_03_2025,0.13,7.73,-5.74,0.30,-0.09,0.04
-5191,2.67,-7849,2.87,650,3,57327,16_50_17_10_03_2025,0.06,7.63,-5.84,0.19,0.00,-0.02
-5218,2.67,-7828,2.87,650,3,57367,16_50_17_10_03_2025,0.10,7.71,-5.80,0.23,-0.01,-0.00
-5012,2.65,-8031,2.88,651,3,57433,16_50_17_10_03_2025,0.11,7.52,-6.01,0.38,-0.01,-0.01
-5187,2.67,-7940,2.87,651,3,57524,16_50_17_10_03_2025,0.11,7.16,-6.41,0.39,-0.01,-0.01
-5068,2.66,-7886,2.87,650,3,57565,16_50_17_10_03_2025,0.09,7.16,-6.42,0.34,-0.04,0.02
-4959,2.65,-7975,2.88,650,3,57629,16_50_17_10_03_2025,0.08,7.21,-6.41,0.31,-0.06,0.03
-4979,2.65,-7836,2.87,650,3,57720,16_50_17_10_03_2025,0.05,6.92,-6.62,0.27,-0.04,0.02
-5191,2.67,-8047,2.88,651,3,57760,16_50_17_10_03_2025,0.10,6.93,-6.69,0.21,-0.00,0.00
-5252,2.67,-8099,2.89,650,3,57878,16_50_17_10_03_2025,0.07,6.99,-6.63,0.08,0.00,-0.01
-4891,2.64,-8085,2.89,650,3,57919,16_50_17_10_03_2025,0.09,6.75,-6.85,0.17,-0.01,-0.00
-4949,2.65,-8020,2.88,650,3,57960,16_50_17_10_03_2025,0.09,6.68,-6.91,0.17,-0.01,0.00
-5203,2.67,-7812,2.86,651,3,58022,16_50_18_10_03_2025,0.12,6.65,-6.93,0.26,-0.05,0.04
-5029,2.65,-7961,2.88,650,3,58062,16_50_18_10_03_2025,0.17,6.52,-7.06,0.23,-0.05,0.04
-5020,2.65,-7984,2.88,651,3,58129,16_50_18_10_03_2025,0.13,6.55,-7.03,0.16,-0.02,0.00
-5091,2.66,-7959,2.88,651,3,58219,16_50_18_10_03_2025,0.12,6.42,-7.16,0.13,-0.02,0.01
-5073,2.66,-8026,2.88,651,3,58260,16_50_18_10_03_2025,0.11,6.28,-7.27,0.08,-0.01,-0.01
-5027,2.65,-7883,2.87,650,3,58325,16_50_18_10_03_2025,0.10,6.36,-7.20,0.06,-0.01,-0.00
-4898,2.64,-7817,2.86,649,3,58414,16_50_18_10_03_2025,0.10,6.30,-7.24,0.03,-0.01,-0.00
-4898,2.64,-8026,2.88,650,3,58454,16_50_18_10_03_2025,0.10,6.33,-7.21,0.00,-0.01,0.00
-5091,2.66,-8016,2.88,650,3,58521,16_50_18_10_03_2025,0.16,6.24,-7.33,0.06,-0.01,-0.00
-4981,2.65,-8011,2.88,649,3,58611,16_50_18_10_03_2025,0.10,6.26,-7.30,0.05,-0.01,-0.01
-4970,2.65,-8100,2.89,649,3,58651,16_50_18_10_03_2025,0.10,6.23,-7.30,-0.00,-0.01,-0.01
-5135,2.66,-8074,2.88,650,3,58716,16_50_18_10_03_2025,0.10,6.28,-7.27,0.00,-0.00,-0.01
-5138,2.66,-7788,2.86,650,3,58807,16_50_18_10_03_2025,0.11,6.30,-7.26,0.02,-0.00,-0.01
-4918,2.65,-7995,2.88,650,3,58848,16_50_18_10_03_2025,0.12,6.21,-7.34,0.05,-0.01,-0.00
-5025,2.65,-7990,2.88,650,3,58913,16_50_18_10_03_2025,0.10,6.19,-7.34,0.04,-0.01,-0.01
-5098,2.66,-7968,2.88,651,3,59003,16_50_18_10_03_2025,0.10,6.20,-7.34,-0.00,-0.01,-0.01
-4930,2.65,-7951,2.88,651,3,59043,16_50_19_10_03_2025,0.11,6.20,-7.34,0.02,-0.01,-0.00
-5110,2.66,-7899,2.87,650,3,59109,16_50_19_10_03_2025,0.09,6.22,-7.31,0.01,-0.00,-0.01
-4997,2.65,-8045,2.88,650,3,59200,16_50_19_10_03_2025,0.11,6.22,-7.33,0.03,-0.01,-0.00
-5102,2.66,-8019,2.88,650,3,59241,16_50_19_10_03_2025,0.10,6.24,-7.31,0.01,-0.01,-0.00
-5016,2.65,-7823,2.87,651,3,59306,16_50_19_10_03_2025,0.12,6.22,-7.34,0.03,-0.01,-0.00
-4899,2.64,-8010,2.88,651,3,59346,16_50_19_10_03_2025,0.12,6.15,-7.37,0.00,-0.01,-0.01
-5053,2.66,-7874,2.87,650,3,59411,16_50_19_10_03_2025,0.10,6.22,-7.33,-0.02,-0.00,-0.01
-4904,2.64,-7851,2.87,650,3,59502,16_50_19_10_03_2025,0.11,6.20,-7.33,-0.01,-0.00,-0.01
-4980,2.65,-7923,2.87,650,3,59544,16_50_19_10_03_2025,0.10,6.18,-7.35,0.03,-0.01,-0.01
-5145,2.66,-7946,2.87,650,3,59608,16_50_19_10_03_2025,0.12,6.17,-7.35,0.02,-0.01,-0.00
-4856,2.64,-8012,2.88,650,3,59697,16_50_19_10_03_2025,0.10,6.19,-7.36,0.02,-0.01,-0.01
-5080,2.66,-7856,2.87,650,3,59737,16_50_19_10_03_2025,0.11,6.20,-7.35,-0.03,-0.01,-0.01
-5118,2.66,-8004,2.88,650,3,59804,16_50_19_10_03_2025,0.11,6.20,-7.34,0.00,-0.01,-0.01
-5114,2.66,-7853,2.87,650,3,59893,16_50_19_10_03_2025,0.10,6.19,-7.34,0.04,-0.01,-0.01
-4985,2.65,-7920,2.87,651,3,59934,16_50_19_10_03_2025,0.11,6.14,-7.39,0.03,-0.01,-0.01
-5015,2.65,-8014,2.88,650,3,60000,16_50_20_10_03_2025,0.11,6.14,-7.39,0.01,-0.01,-0.01
-5195,2.67,-8041,2.88,650,3,60090,16_50_20_10_03_2025,0.11,6.15,-7.40,-0.01,-0.00,-0.01
-5025,2.65,-8115,2.89,650,3,60130,16_50_20_10_03_2025,0.12,6.15,-7.38,-0.01,-0.01,-0.01
-5052,2.66,-7963,2.88,650,3,60197,16_50_20_10_03_2025,0.09,6.20,-7.35,0.03,-0.01,-0.00
-5065,2.66,-7983,2.88,650,3,60287,16_50_20_10_03_2025,0.10,6.19,-7.34,0.00,-0.01,-0.01
-5207,2.67,-7892,2.87,650,3,60328,16_50_20_10_03_2025,0.11,6.12,-7.39,-0.00,-0.01,-0.01
-5009,2.65,-8040,2.88,650,3,60392,16_50_20_10_03_2025,0.10,6.19,-7.36,0.00,-0.01,-0.01
-5113,2.66,-7882,2.87,650,3,60483,16_50_20_10_03_2025,0.11,6.15,-7.38,0.02,-0.01,-0.01
-5093,2.66,-8015,2.88,650,3,60523,16_50_20_10_03_2025,0.11,6.12,-7.40,0.02,-0.01,-0.00
-5014,2.65,-7871,2.87,649,3,60589,16_50_20_10_03_2025,0.10,6.13,-7.38,0.02,-0.01,-0.00
-5182,2.67,-7719,2.86,650,3,60640,16_50_20_10_03_2025,0.10,6.17,-7.36,0.02,-0.01,-0.01
-4982,2.65,-8036,2.88,650,3,60694,16_50_20_10_03_2025,0.10,6.14,-7.39,0.01,-0.01,-0.01
-5026,2.65,-7924,2.87,650,3,60784,16_50_20_10_03_2025,0.10,6.14,-7.38,-0.01,-0.01,-0.01
-5004,2.65,-7826,2.87,650,3,60824,16_50_20_10_03_2025,0.11,6.16,-7.39,-0.00,-0.01,-0.00
-5319,2.68,-7968,2.88,651,3,60891,16_50_20_10_03_2025,0.11,6.11,-7.42,0.00,-0.01,-0.00
-5091,2.66,-7849,2.87,650,3,60981,16_50_20_10_03_2025,0.10,6.15,-7.38,0.01,-0.00,-0.01
-5169,2.66,-7961,2.88,650,3,61020,16_50_21_10_03_2025,0.11,6.15,-7.36,0.02,-0.01,-0.01
-4981,2.65,-7961,2.88,650,3,61086,16_50_21_10_03_2025,0.11,6.11,-7.42,-0.01,-0.01,-0.01
-5052,2.66,-7798,2.86,650,3,61177,16_50_21_10_03_2025,0.10,6.15,-7.38,-0.01,-0.01,-0.01
-4992,2.65,-7864,2.87,650,3,61218,16_50_21_10_03_2025,0.09,6.13,-7.40,0.02,-0.01,-0.01
-4998,2.65,-7944,2.87,650,3,61284,16_50_21_10_03_2025,0.10,6.16,-7.38,0.01,-0.01,-0.01
-5018,2.65,-7828,2.87,650,3,61373,16_50_21_10_03_2025,0.11,6.15,-7.38,-0.01,-0.00,-0.01
-5079,2.66,-8017,2.88,651,3,61413,16_50_21_10_03_2025,0.11,6.13,-7.40,-0.01,-0.01,-0.01
-5031,2.65,-7947,2.87,651,3,61479,16_50_21_10_03_2025,0.12,6.13,-7.40,-0.01,-0.01,-0.01
-5124,2.66,-7811,2.86,651,3,61569,16_50_21_10_03_2025,0.11,6.14,-7.39,-0.00,-0.01,-0.01
-5030,2.65,-7887,2.87,650,3,61611,16_50_21_10_03_2025,0.10,6.14,-7.37,0.01,-0.01,-0.01
-4853,2.64,-7991,2.88,650,3,61675,16_50_21_10_03_2025,0.11,6.19,-7.34,-0.02,-0.01,-0.01
-5099,2.66,-7885,2.87,651,3,61766,16_50_21_10_03_2025,0.12,6.18,-7.35,-0.01,-0.01,-0.01
-5094,2.66,-7881,2.87,650,3,61807,16_50_21_10_03_2025,0.10,6.18,-7.35,0.00,-0.01,-0.01
-5057,2.66,-8062,2.88,650,3,61871,16_50_21_10_03_2025,0.12,6.21,-7.34,-0.00,-0.01,-0.01
-5154,2.66,-7840,2.87,650,3,61912,16_50_21_10_03_2025,0.11,6.28,-7.28,-0.01,-0.01,-0.00
-4955,2.65,-8069,2.88,650,3,61978,16_50_21_10_03_2025,0.11,6.20,-7.34,0.01,-0.01,-0.01
-5121,2.66,-7925,2.87,650,3,62067,16_50_22_10_03_2025,0.12,6.18,-7.36,0.00,-0.01,-0.01
-5119,2.66,-7910,2.87,650,3,62119,16_50_22_10_03_2025,0.11,6.20,-7.35,-0.01,-0.00,-0.01
-5087,2.66,-7918,2.87,650,3,62173,16_50_22_10_03_2025,0.10,6.20,-7.35,0.01,-0.01,-0.01
-4874,2.64,-8084,2.89,650,3,62264,16_50_22_10_03_2025,0.10,6.22,-7.34,0.00,-0.01,-0.01
-5044,2.65,-7831,2.87,650,3,62305,16_50_22_10_03_2025,0.10,6.22,-7.32,-0.01,-0.01,-0.01
-4990,2.65,-7911,2.87,650,3,62370,16_50_22_10_03_2025,0.13,6.17,-7.36,-0.00,-0.01,-0.01
-4979,2.65,-8041,2.88,650,3,62460,16_50_22_10_03_2025,0.11,6.16,-7.37,-0.00,-0.01,-0.01
-5031,2.65,-7848,2.87,650,3,62503,16_50_22_10_03_2025,0.11,6.20,-7.35,0.01,-0.01,-0.01
-5123,2.66,-7788,2.86,650,3,62566,16_50_22_10_03_2025,0.11,6.22,-7.31,0.00,-0.01,-0.01
-4956,2.65,-7924,2.87,650,3,62657,16_50_22_10_03_2025,0.10,6.25,-7.29,0.00,-0.01,-0.01
-4927,2.65,-7786,2.86,650,3,62698,16_50_22_10_03_2025,0.12,6.20,-7.35,-0.01,-0.01,-0.01
-4947,2.65,-7913,2.87,651,3,62762,16_50_22_10_03_2025,0.10,6.24,-7.31,0.01,-0.01,-0.01
-5062,2.66,-7913,2.87,650,3,62852,16_50_22_10_03_2025,0.12,6.25,-7.30,0.00,-0.01,-0.00
-5004,2.65,-7948,2.87,650,3,62892,16_50_22_10_03_2025,0.11,6.23,-7.30,-0.05,-0.00,-0.01
-5096,2.66,-7986,2.88,651,3,62959,16_50_22_10_03_2025,0.11,6.27,-7.29,-0.02,-0.00,-0.01
-4992,2.65,-7754,2.86,650,3,63049,16_50_23_10_03_2025,0.10,6.29,-7.27,-0.02,-0.01,-0.01
-5063,2.66,-7802,2.86,650,3,63090,16_50_23_10_03_2025,0.12,6.25,-7.30,-0.05,-0.01,-0.00
-5011,2.65,-7985,2.88,651,3,63154,16_50_23_10_03_2025,0.12,6.28,-7.26,-0.06,-0.01,-0.00
-4930,2.65,-7908,2.87,649,3,63198,16_50_23_10_03_2025,0.13,6.18,-7.36,-0.11,-0.01,-0.00
-5058,2.66,-7821,2.87,650,3,63261,16_50_23_10_03_2025,0.12,6.43,-7.12,-0.20,-0.01,-0.00
-5027,2.65,-8035,2.88,650,3,63352,16_50_23_10_03_2025,0.12,6.33,-7.23,-0.16,-0.01,-0.01
-4982,2.65,-7778,2.86,650,3,63392,16_50_23_10_03_2025,0.12,6.43,-7.13,-0.39,-0.02,-0.01
-5028,2.65,-7979,2.88,650,3,63457,16_50_23_10_03_2025,0.10,6.92,-6.66,-0.50,-0.09,0.06
-5041,2.65,-7945,2.87,650,3,63547,16_50_23_10_03_2025,0.08,7.18,-6.45,-0.63,-0.05,0.02
-4947,2.65,-7940,2.87,650,3,63599,16_50_23_10_03_2025,0.07,7.32,-6.20,-0.73,-0.06,0.04
-4923,2.65,-7740,2.86,650,3,63654,16_50_23_10_03_2025,0.10,7.73,-5.71,-0.82,-0.11,0.07
-4817,2.64,-7999,2.88,650,3,63742,16_50_23_10_03_2025,0.15,7.71,-5.72,-0.66,-0.17,0.11
-5002,2.65,-8016,2.88,650,3,63783,16_50_23_10_03_2025,0.07,8.14,-5.12,-0.54,-0.10,0.04
-4933,2.65,-7891,2.87,651,3,63849,16_50_23_10_03_2025,0.11,8.17,-5.10,-0.53,-0.01,-0.01
-5086,2.66,-7980,2.88,650,3,63939,16_50_23_10_03_2025,0.08,8.46,-4.61,-0.35,-0.04,-0.00
-5013,2.65,-7945,2.87,651,3,63983,16_50_24_10_03_2025,0.02,8.63,-4.18,-0.59,-0.06,-0.06
-5019,2.65,-8025,2.88,650,3,64046,16_50_24_10_03_2025,-0.24,8.86,-3.88,-0.36,-0.10,-0.05
-4792,2.64,-8035,2.88,650,3,64135,16_50_24_10_03_2025,-0.09,8.83,-4.34,0.01,-0.10,-0.16
-4972,2.65,-7934,2.87,650,3,64175,16_50_24_10_03_2025,-0.30,8.75,-4.21,0.05,-0.19,-0.37
-4924,2.65,-7890,2.87,650,3,64241,16_50_24_10_03_2025,-0.42,8.87,-4.13,0.05,-0.19,-0.40
-4890,2.64,-8112,2.89,650,3,64333,16_50_24_10_03_2025,-0.74,8.62,-4.31,0.06,-0.13,-0.54
-4804,2.64,-7922,2.87,650,3,64387,16_50_24_10_03_2025,-1.15,8.46,-4.29,0.15,-0.19,-0.39
-5016,2.65,-8011,2.88,650,3,64437,16_50_24_10_03_2025,-1.40,8.53,-4.29,0.14,-0.07,-0.35
-4906,2.64,-7881,2.87,650,3,64477,16_50_24_10_03_2025,-1.61,8.46,-4.39,0.30,-0.16,-0.29
-4997,2.65,-7802,2.86,650,3,64544,16_50_24_10_03_2025,-1.82,8.27,-4.54,0.27,-0.10,-0.40
-4844,2.64,-7864,2.87,651,3,64634,16_50_24_10_03_2025,-2.08,8.22,-4.28,0.05,-0.14,-0.36
-5136,2.66,-7864,2.87,650,3,64678,16_50_24_10_03_2025,-2.14,8.09,-4.62,0.16,-0.09,-0.28
-4876,2.64,-7958,2.88,650,3,64740,16_50_24_10_03_2025,-2.22,8.04,-4.60,0.18,-0.11,-0.22
-4861,2.64,-7937,2.87,650,3,64830,16_50_24_10_03_2025,-2.51,7.90,-4.78,0.10,-0.13,-0.22
-4785,2.64,-7933,2.87,650,3,64870,16_50_24_10_03_2025,-2.61,7.77,-4.55,0.06,-0.09,-0.29
-4845,2.64,-7832,2.87,650,3,64937,16_50_24_10_03_2025,-2.81,7.73,-4.65,0.16,-0.05,-0.18
-4834,2.64,-8013,2.88,650,3,65027,16_50_25_10_03_2025,-2.94,7.91,-4.81,0.13,-0.05,-0.08
-5017,2.65,-7973,2.88,650,3,65078,16_50_25_10_03_2025,-2.91,7.71,-4.94,0.19,0.03,0.01
-4736,2.63,-7826,2.87,650,3,65132,16_50_25_10_03_2025,-3.03,7.75,-5.00,0.18,0.05,-0.06
-5022,2.65,-7858,2.87,650,3,65222,16_50_25_10_03_2025,-2.98,7.72,-5.00,0.11,0.02,-0.09
-4810,2.64,-7929,2.87,650,3,65265,16_50_25_10_03_2025,-2.84,7.53,-5.31,0.14,-0.05,-0.13
-4948,2.65,-7815,2.86,650,3,65329,16_50_25_10_03_2025,-2.94,7.56,-5.30,0.06,-0.08,-0.11
-5071,2.66,-8003,2.88,651,3,65418,16_50_25_10_03_2025,-3.14,7.47,-5.12,0.02,-0.03,-0.17
-4931,2.65,-7979,2.88,650,3,65463,16_50_25_10_03_2025,-3.31,7.41,-5.06,-0.03,-0.08,-0.16
-4787,2.64,-7992,2.88,650,3,65525,16_50_25_10_03_2025,-3.31,7.32,-5.23,-0.01,-0.05,-0.13
-4867,2.64,-7780,2.86,651,3,65616,16_50_25_10_03_2025,-3.42,7.36,-5.02,-0.04,-0.05,-0.10
-5013,2.65,-7955,2.88,650,3,65659,16_50_25_10_03_2025,-3.50,7.26,-5.01,-0.00,0.01,-0.03
-4926,2.65,-8109,2.89,650,3,65722,16_50_25_10_03_2025,-3.42,7.35,-5.08,0.04,0.07,0.01
-4804,2.64,-7883,2.87,650,3,65764,16_50_25_10_03_2025,-3.35,7.29,-5.29,0.05,0.05,0.04
-4976,2.65,-7852,2.87,650,3,65826,16_50_25_10_03_2025,-3.33,7.37,-5.20,0.00,-0.05,0.04
-5061,2.66,-7948,2.87,650,3,65916,16_50_25_10_03_2025,-3.32,7.44,-5.20,-0.03,0.00,-0.01
-5002,2.65,-7862,2.87,650,3,65959,16_50_25_10_03_2025,-3.34,7.34,-5.25,-0.00,-0.03,-0.01
-4865,2.64,-7937,2.87,650,3,66024,16_50_26_10_03_2025,-3.41,7.42,-5.05,-0.04,-0.01,-0.02
-4906,2.64,-7888,2.87,650,3,66113,16_50_26_10_03_2025,-3.38,7.33,-5.15,0.01,-0.01,-0.01
-4868,2.64,-7894,2.87,650,3,66158,16_50_26_10_03_2025,-3.35,7.47,-5.18,-0.04,-0.04,0.02
-5076,2.66,-7871,2.87,650,3,66219,16_50_26_10_03_2025,-3.40,7.44,-5.00,0.01,0.01,0.02
-4744,2.63,-8005,2.88,650,3,66309,16_50_26_10_03_2025,-3.36,7.43,-5.09,0.01,-0.01,0.01
-4881,2.64,-7762,2.86,650,3,66354,16_50_26_10_03_2025,-3.34,7.42,-5.12,0.00,-0.00,-0.01
-5052,2.66,-7665,2.85,650,3,66415,16_50_26_10_03_2025,-3.34,7.42,-5.14,0.00,-0.01,-0.01
-4967,2.65,-7976,2.88,650,3,66505,16_50_26_10_03_2025,-3.35,7.40,-5.09,0.01,-0.01,-0.01
-4923,2.65,-7740,2.86,650,3,66559,16_50_26_10_03_2025,-3.35,7.42,-5.09,-0.02,-0.02,-0.01
-4894,2.64,-7908,2.87,650,3,66612,16_50_26_10_03_2025,-3.37,7.40,-5.08,0.01,0.00,-0.00
-4794,2.64,-7971,2.88,650,3,66702,16_50_26_10_03_2025,-3.33,7.42,-5.11,0.00,-0.00,0.01
-5052,2.66,-7978,2.88,650,3,66745,16_50_26_10_03_2025,-3.33,7.39,-5.16,0.00,-0.02,-0.00
-4906,2.64,-7870,2.87,650,3,66808,16_50_26_10_03_2025,-3.33,7.42,-5.10,0.00,-0.01,-0.00
-4882,2.64,-7812,2.86,650,3,66899,16_50_26_10_03_2025,-3.32,7.42,-5.13,0.01,-0.01,-0.00
-4995,2.65,-8046,2.88,651,3,66944,16_50_26_10_03_2025,-3.38,7.47,-4.93,0.00,-0.00,-0.00
-4930,2.65,-7767,2.86,650,3,67004,16_50_27_10_03_2025,-3.34,7.41,-5.08,0.04,0.01,0.01
-5026,2.65,-7847,2.87,650,3,67047,16_50_27_10_03_2025,-3.30,7.40,-5.16,-0.00,0.00,0.01
-4911,2.64,-7950,2.88,650,3,67111,16_50_27_10_03_2025,-3.31,7.45,-5.09,0.01,0.00,0.01
-5076,2.66,-7871,2.87,650,3,67200,16_50_27_10_03_2025,-3.28,7.46,-5.10,-0.00,-0.02,0.01
-4983,2.65,-7906,2.87,650,3,67242,16_50_27_10_03_2025,-3.28,7.45,-5.13,0.00,-0.01,-0.01
-4740,2.63,-7912,2.87,650,3,67307,16_50_27_10_03_2025,-3.29,7.44,-5.16,0.02,-0.00,-0.00
-4819,2.64,-7891,2.87,650,3,67397,16_50_27_10_03_2025,-3.30,7.45,-5.09,0.02,0.01,-0.01
-4942,2.65,-7736,2.86,651,3,67440,16_50_27_10_03_2025,-3.30,7.48,-5.07,-0.01,-0.02,0.01
-5108,2.66,-7936,2.87,650,3,67502,16_50_27_10_03_2025,-3.32,7.45,-5.01,-0.01,-0.01,0.01
-5009,2.65,-7871,2.87,650,3,67593,16_50_27_10_03_2025,-3.28,7.46,-5.11,0.02,0.00,0.01
-4841,2.64,-7900,2.87,650,3,67639,16_50_27_10_03_2025,-3.29,7.45,-5.07,0.02,-0.02,-0.00
-4947,2.65,-7839,2.87,650,3,67699,16_50_27_10_03_2025,-3.27,7.44,-5.13,-0.00,-0.02,-0.01
-5157,2.66,-7892,2.87,650,3,67790,16_50_27_10_03_2025,-3.29,7.42,-5.06,-0.02,-0.03,-0.01
-4973,2.65,-7969,2.88,650,3,67832,16_50_27_10_03_2025,-3.29,7.44,-5.08,0.01,-0.01,-0.00
-4763,2.63,-7846,2.87,651,3,67894,16_50_27_10_03_2025,-3.35,7.26,-5.05,-0.02,-0.01,0.02
-4911,2.64,-7854,2.87,650,3,67985,16_50_27_10_03_2025,-3.30,7.45,-4.97,-0.07,0.01,0.05
-4943,2.65,-7937,2.87,650,3,68041,16_50_28_10_03_2025,-3.19,7.53,-5.01,-0.02,0.07,0.09
-4987,2.65,-8030,2.88,650,3,68091,16_50_28_10_03_2025,-1.13,5.58,-4.64,-0.17,0.08,0.20
-4917,2.65,-7903,2.87,651,3,68182,16_50_28_10_03_2025,-2.81,7.63,-4.67,-0.02,0.18,0.64
-4825,2.64,-7920,2.87,650,3,68225,16_50_28_10_03_2025,-2.54,7.73,-4.99,-0.22,0.05,0.29
-4920,2.65,-7867,2.87,650,3,68287,16_50_28_10_03_2025,-2.36,7.84,-4.81,-0.30,0.11,0.30
-4913,2.64,-8006,2.88,650,3,68330,16_50_28_10_03_2025,-2.04,8.10,-4.79,-0.35,0.08,0.31
-5049,2.66,-7839,2.87,650,3,68394,16_50_28_10_03_2025,-2.04,8.37,-4.42,-0.29,0.06,0.32
-5077,2.66,-7872,2.87,650,3,68483,16_50_28_10_03_2025,-1.83,8.47,-4.07,-0.80,0.04,0.36
-5016,2.65,-7795,2.86,650,3,68526,16_50_28_10_03_2025,-1.49,8.88,-3.91,-0.61,0.09,0.23
-4781,2.63,-7903,2.87,650,3,68590,16_50_28_10_03_2025,-1.46,8.90,-3.81,-0.35,0.06,0.19
-5066,2.66,-7977,2.88,650,3,68680,16_50_28_10_03_2025,-1.26,8.90,-3.27,-0.43,0.05,0.31
-4992,2.65,-7723,2.86,650,3,68723,16_50_28_10_03_2025,-1.06,9.14,-3.10,-0.24,-0.05,0.24
-5035,2.65,-7855,2.87,650,3,68786,16_50_28_10_03_2025,-1.06,9.22,-2.97,-0.27,-0.04,0.16
-4860,2.64,-7727,2.86,651,3,68875,16_50_28_10_03_2025,-1.00,9.27,-2.85,-0.44,0.06,0.13
-4960,2.65,-7913,2.87,650,3,68918,16_50_28_10_03_2025,-0.66,9.36,-2.24,-0.59,0.11,0.12
-4882,2.64,-7943,2.87,650,3,68982,16_50_28_10_03_2025,-0.66,9.31,-2.23,-0.53,0.14,0.15
-5126,2.66,-7865,2.87,651,3,69072,16_50_29_10_03_2025,-0.63,9.60,-1.79,-0.29,0.05,0.12
-4901,2.64,-7929,2.87,650,3,69116,16_50_29_10_03_2025,-0.50,9.55,-1.59,-0.21,0.02,0.13
-4866,2.64,-8100,2.89,650,3,69178,16_50_29_10_03_2025,-0.39,9.49,-1.54,-0.14,0.07,0.08
-4869,2.64,-7815,2.86,650,3,69268,16_50_29_10_03_2025,-0.29,9.35,-1.36,-0.17,0.03,0.09
-4935,2.65,-7855,2.87,650,3,69310,16_50_29_10_03_2025,-0.31,9.60,-1.20,-0.28,0.02,0.11
-4880,2.64,-8020,2.88,650,3,69374,16_50_29_10_03_2025,-0.23,9.77,-1.20,-0.17,0.03,0.08
-4847,2.64,-7940,2.87,650,3,69465,16_50_29_10_03_2025,-0.12,9.44,-1.23,-0.09,-0.01,0.02
-4963,2.65,-7795,2.86,650,3,69518,16_50_29_10_03_2025,-0.07,9.77,-0.85,-0.07,0.02,0.01
-4897,2.64,-7786,2.86,650,3,69571,16_50_29_10_03_2025,-0.08,9.60,-0.88,-0.03,-0.01,-0.00
-4900,2.64,-7895,2.87,650,3,69613,16_50_29_10_03_2025,-0.08,9.56,-0.74,-0.16,0.03,-0.01
-5052,2.66,-7848,2.87,650,3,69677,16_50_29_10_03_2025,-0.05,9.68,-0.76,-0.21,0.05,0.00
-4781,2.63,-7812,2.86,650,3,69768,16_50_29_10_03_2025,-0.02,9.74,-0.62,-0.17,0.01,0.01
-4675,2.63,-7921,2.87,650,3,69811,16_50_29_10_03_2025,-0.06,9.70,-0.37,-0.19,-0.02,0.00
-4965,2.65,-7795,2.86,651,3,69873,16_50_29_10_03_2025,-0.07,9.65,-0.32,-0.21,-0.01,0.00
-4847,2.64,-8002,2.88,649,3,69962,16_50_29_10_03_2025,-0.03,9.78,-0.10,-0.09,-0.01,0.01
-4974,2.65,-7778,2.86,650,3,70005,16_50_30_10_03_2025,-0.05,9.71,-0.05,-0.11,-0.01,0.00
-4997,2.65,-7908,2.87,650,3,70069,16_50_30_10_03_2025,-0.03,9.70,-0.07,-0.08,-0.01,0.00
-4996,2.65,-7936,2.87,650,3,70159,16_50_30_10_03_2025,-0.02,9.72,0.02,-0.03,-0.01,0.01
-4921,2.65,-7907,2.87,650,3,70202,16_50_30_10_03_2025,-0.03,9.69,0.05,-0.01,-0.00,0.00
-4955,2.65,-7944,2.87,651,3,70265,16_50_30_10_03_2025,-0.01,9.69,0.04,0.00,-0.00,-0.00
-4879,2.64,-7740,2.86,650,3,70355,16_50_30_10_03_2025,-0.01,9.69,0.05,0.01,-0.01,-0.00
-5073,2.66,-7984,2.88,650,3,70398,16_50_30_10_03_2025,-0.01,9.68,0.04,-0.00,-0.00,0.00
-4910,2.64,-7640,2.85,650,3,70462,16_50_30_10_03_2025,0.04,9.75,0.07,-0.01,-0.00,0.02
-5066,2.66,-7825,2.87,650,3,70551,16_50_30_10_03_2025,0.01,9.69,0.08,0.00,-0.00,-0.00
-4977,2.65,-8084,2.89,650,3,70593,16_50_30_10_03_2025,0.05,9.69,0.11,-0.01,-0.01,0.05
-5051,2.66,-7790,2.86,650,3,70657,16_50_30_10_03_2025,-0.18,9.41,0.24,-0.02,-0.02,-0.04
-5065,2.66,-7904,2.87,650,3,70748,16_50_30_10_03_2025,-0.03,9.76,0.24,0.00,-0.06,-0.01
-4895,2.64,-7806,2.86,651,3,70792,16_50_30_10_03_2025,0.02,9.70,0.07,0.00,-0.01,-0.01
-4908,2.64,-7919,2.87,650,3,70854,16_50_30_10_03_2025,0.02,9.69,0.07,0.00,-0.01,-0.01
-5009,2.65,-7928,2.87,650,3,70897,16_50_30_10_03_2025,0.02,9.69,0.08,0.00,-0.01,-0.01
-4928,2.65,-7968,2.88,650,3,70959,16_50_30_10_03_2025,0.01,9.70,0.08,0.00,-0.01,-0.01
-4879,2.64,-7772,2.86,650,3,71049,16_50_31_10_03_2025,0.03,9.70,0.08,0.00,-0.01,-0.01
-4990,2.65,-7831,2.87,650,3,71093,16_50_31_10_03_2025,0.02,9.70,0.08,0.00,-0.01,-0.01
-4839,2.64,-7885,2.87,650,3,71156,16_50_31_10_03_2025,0.03,9.70,0.08,0.00,-0.01,-0.01
-5033,2.65,-7807,2.86,651,3,71246,16_50_31_10_03_2025,0.01,9.70,0.08,0.01,-0.01,-0.01
-5070,2.66,-7799,2.86,650,3,71288,16_50_31_10_03_2025,0.02,9.70,0.08,0.00,-0.01,-0.01
-4928,2.65,-7791,2.86,650,3,71351,16_50_31_10_03_2025,0.02,9.71,0.09,0.01,-0.01,-0.01
-5151,2.66,-7952,2.88,650,3,71441,16_50_31_10_03_2025,0.02,9.71,0.08,0.00,-0.01,-0.01
-5107,2.66,-7978,2.88,650,3,71485,16_50_31_10_03_2025,0.02,9.69,0.08,0.00,-0.01,-0.01
-4928,2.65,-7753,2.86,650,3,71549,16_50_31_10_03_2025,0.02,9.69,0.08,0.00,-0.01,-0.01
-4911,2.64,-7944,2.87,650,3,71638,16_50_31_10_03_2025,0.03,9.71,0.08,0.01,-0.01,-0.01
-5075,2.66,-7935,2.87,650,3,71680,16_50_31_10_03_2025,0.03,9.68,0.08,0.01,-0.01,-0.01
-4932,2.65,-7726,2.86,650,3,71744,16_50_31_10_03_2025,0.03,9.71,0.08,0.00,-0.01,-0.01
-4945,2.65,-7868,2.87,650,3,71833,16_50_31_10_03_2025,0.03,9.68,0.08,0.00,-0.01,-0.01
-5129,2.66,-7914,2.87,650,3,71877,16_50_31_10_03_2025,0.03,9.70,0.07,0.01,-0.01,-0.01
-5002,2.65,-7895,2.87,650,3,71940,16_50_31_10_03_2025,0.02,9.69,0.09,0.00,-0.01,-0.01
-4833,2.64,-7943,2.87,651,3,72032,16_50_32_10_03_2025,0.02,9.70,0.09,0.01,-0.01,-0.01
-5127,2.66,-7789,2.86,651,3,72075,16_50_32_10_03_2025,0.03,9.70,0.08,0.01,-0.01,-0.01
-5255,2.67,-7951,2.88,650,3,72137,16_50_32_10_03_2025,0.02,9.74,0.09,0.00,-0.01,-0.01
-4974,2.65,-7924,2.87,650,3,72181,16_50_32_10_03_2025,0.02,9.70,0.07,0.01,-0.01,-0.01
-4942,2.65,-7959,2.88,650,3,72243,16_50_32_10_03_2025,0.03,9.71,0.08,0.01,-0.01,-0.01
-4881,2.64,-7728,2.86,650,3,72333,16_50_32_10_03_2025,0.03,9.70,0.08,0.00,-0.01,-0.01
-4972,2.65,-7844,2.87,651,3,72376,16_50_32_10_03_2025,0.02,9.71,0.09,0.01,-0.01,-0.01
-4942,2.65,-7809,2.86,650,3,72440,16_50_32_10_03_2025,0.01,9.71,0.08,0.01,-0.01,-0.01
-4875,2.64,-7824,2.87,650,3,72529,16_50_32_10_03_2025,0.02,9.69,0.08,0.00,-0.01,-0.01
-5027,2.65,-7660,2.85,651,3,72572,16_50_32_10_03_2025,0.02,9.69,0.08,0.00,-0.01,-0.01
-4960,2.65,-7858,2.87,650,3,72635,16_50_32_10_03_2025,0.02,9.69,0.07,0.01,-0.01,-0.01
-4954,2.65,-7877,2.87,651,3,72725,16_50_32_10_03_2025,0.03,9.69,0.07,0.01,-0.01,-0.01
-4770,2.63,-7783,2.86,650,3,72769,16_50_32_10_03_2025,0.03,9.70,0.08,0.01,-0.01,-0.01
-4909,2.64,-7902,2.87,650,3,72832,16_50_32_10_03_2025,0.02,9.72,0.09,0.00,-0.01,-0.01
-4980,2.65,-7906,2.87,651,3,72921,16_50_32_10_03_2025,0.02,9.70,0.08,0.01,-0.01,-0.01
-5085,2.66,-7849,2.87,650,3,72964,16_50_32_10_03_2025,0.02,9.69,0.09,0.00,-0.01,-0.01
-5009,2.65,-7787,2.86,650,3,73028,16_50_33_10_03_2025,0.03,9.69,0.08,0.00,-0.01,-0.01
-4989,2.65,-7888,2.87,650,3,73276,16_50_33_10_03_2025,0.03,9.71,0.08,0.01,-0.01,-0.01
-5049,2.66,-8028,2.88,650,3,75752,16_50_33_10_03_2025,0.02,9.69,0.09,0.00,-0.01,-0.01
-4940,2.65,-7991,2.88,649,3,78231,16_50_35_10_03_2025,0.03,9.70,0.08,0.00,-0.01,-0.01
