-4302,2.60,-10919,3.10,649,3,35375,12_41_35_10_04_2025,-1.28,-9.31,-3.18,0.51,0.33,1.05
-4279,2.60,-10720,3.08,650,3,35711,12_41_35_10_04_2025,-1.25,-9.27,-3.20,0.00,-0.01,-0.01
-4144,2.59,-10813,3.09,650,3,35749,12_41_35_10_04_2025,-1.25,-9.25,-3.20,0.01,-0.01,-0.01
-4250,2.59,-10754,3.09,650,3,35786,12_41_35_10_04_2025,-1.33,-9.30,-3.19,0.01,-0.01,-0.01
-4193,2.59,-10825,3.09,650,3,35822,12_41_35_10_04_2025,-1.25,-9.26,-3.20,0.00,-0.01,-0.01
-4163,2.59,-10678,3.08,650,3,35858,12_41_35_10_04_2025,-1.26,-9.30,-3.19,0.01,-0.01,-0.01
-4197,2.59,-10911,3.10,650,3,35899,12_41_35_10_04_2025,-1.23,-9.26,-3.20,0.00,-0.01,-0.01
-4405,2.61,-10546,3.07,650,3,35936,12_41_35_10_04_2025,-1.26,-9.28,-3.20,0.00,-0.00,-0.01
-4407,2.61,-10694,3.08,650,3,35972,12_41_35_10_04_2025,-1.28,-9.30,-3.18,0.00,-0.01,-0.01
-4297,2.60,-10539,3.07,649,3,36008,12_41_35_10_04_2025,-1.24,-9.27,-3.21,0.01,-0.01,-0.01
-4384,2.60,-10409,3.06,649,3,36044,12_41_35_10_04_2025,-1.25,-9.29,-3.19,0.01,-0.01,-0.01
-4430,2.61,-10668,3.08,649,3,36081,12_41_35_10_04_2025,-1.25,-9.27,-3.20,0.00,-0.01,-0.01
-4452,2.61,-10603,3.08,649,3,36128,12_41_36_10_04_2025,-1.26,-9.28,-3.20,0.00,-0.01,-0.00
-4544,2.62,-10579,3.07,649,3,36167,12_41_36_10_04_2025,-1.29,-9.29,-3.19,0.01,-0.01,-0.01
-4525,2.62,-10690,3.08,649,3,36206,12_41_36_10_04_2025,-1.26,-9.25,-3.21,0.01,-0.01,-0.01
-4364,2.60,-10643,3.08,650,3,36244,12_41_36_10_04_2025,-1.27,-9.27,-3.20,0.00,-0.00,-0.01
-4501,2.61,-10495,3.07,649,3,36282,12_41_36_10_04_2025,-1.28,-9.30,-3.17,0.00,-0.01,-0.01
-4333,2.60,-10619,3.08,649,3,36324,12_41_36_10_04_2025,-1.28,-9.29,-3.20,0.01,-0.01,-0.01
-4452,2.61,-10468,3.07,649,3,36361,12_41_36_10_04_2025,-1.25,-9.27,-3.20,0.01,-0.01,-0.01
-4320,2.60,-10547,3.07,649,3,36400,12_41_36_10_04_2025,-1.25,-9.29,-3.20,0.00,-0.01,-0.01
-4603,2.62,-10464,3.07,649,3,36441,12_41_36_10_04_2025,-1.26,-9.29,-3.19,0.00,-0.01,-0.01
-4414,2.61,-10580,3.07,649,3,36479,12_41_36_10_04_2025,-1.24,-9.29,-3.20,0.01,-0.01,-0.01
-4407,2.61,-10587,3.07,650,3,36517,12_41_36_10_04_2025,-1.25,-9.28,-3.19,0.01,-0.01,-0.01
-4579,2.62,-10503,3.07,650,3,36567,12_41_36_10_04_2025,-1.27,-9.25,-3.20,0.00,-0.01,-0.01
-4566,2.62,-10592,3.08,649,3,36605,12_41_36_10_04_2025,-1.25,-9.28,-3.18,0.01,-0.01,-0.01
-4710,2.63,-10553,3.07,649,3,36643,12_41_36_10_04_2025,-1.28,-9.30,-3.18,0.00,-0.01,-0.01
-4563,2.62,-10594,3.08,649,3,36682,12_41_36_10_04_2025,-1.27,-9.27,-3.19,0.00,-0.01,-0.01
-4596,2.62,-10464,3.07,649,3,36720,12_41_36_10_04_2025,-1.27,-9.26,-3.18,0.00,-0.01,-0.01
-4574,2.62,-10592,3.08,649,3,36758,12_41_36_10_04_2025,-1.27,-9.29,-3.19,0.01,-0.01,-0.00
-4617,2.62,-10429,3.06,650,3,36800,12_41_36_10_04_2025,-1.28,-9.29,-3.19,0.00,-0.01,-0.01
-4531,2.62,-10429,3.06,649,3,36838,12_41_36_10_04_2025,-1.26,-9.27,-3.19,0.00,-0.01,-0.01
-4445,2.61,-10546,3.07,649,3,36876,12_41_36_10_04_2025,-1.25,-9.28,-3.19,0.00,-0.01,-0.01
-4438,2.61,-10498,3.07,650,3,36914,12_41_36_10_04_2025,-1.26,-9.29,-3.18,0.00,-0.01,-0.01
-4475,2.61,-10574,3.07,650,3,36954,12_41_36_10_04_2025,-1.27,-9.28,-3.19,0.00,-0.01,-0.01
-4648,2.62,-10413,3.06,649,3,37002,12_41_36_10_04_2025,-1.28,-9.28,-3.19,0.01,-0.01,-0.01
-4503,2.61,-10450,3.06,649,3,37041,12_41_36_10_04_2025,-1.28,-9.24,-3.19,0.00,-0.01,-0.01
-4359,2.60,-10545,3.07,649,3,37079,12_41_36_10_04_2025,-1.32,-9.27,-3.20,0.01,-0.00,-0.01
-4548,2.62,-10533,3.07,649,3,37117,12_41_37_10_04_2025,-1.22,-9.29,-3.22,0.01,-0.01,-0.01
-4267,2.60,-10528,3.07,648,3,37156,12_41_37_10_04_2025,-1.22,-9.27,-3.19,0.00,-0.01,-0.01
-4421,2.61,-10417,3.06,649,3,37195,12_41_37_10_04_2025,-1.25,-9.29,-3.19,0.01,-0.01,-0.01
-4361,2.60,-10344,3.06,649,3,37236,12_41_37_10_04_2025,-1.26,-9.33,-3.18,0.01,-0.01,-0.01
-4301,2.60,-10487,3.07,650,3,37274,12_41_37_10_04_2025,-1.29,-9.31,-3.19,0.01,-0.01,-0.01
-4204,2.59,-10358,3.06,650,3,37314,12_41_37_10_04_2025,-1.21,-9.26,-3.19,0.01,-0.01,-0.01
-4257,2.60,-10450,3.06,650,3,37352,12_41_37_10_04_2025,-1.23,-9.31,-3.20,0.00,-0.01,-0.01
-4378,2.60,-10394,3.06,649,3,37390,12_41_37_10_04_2025,-1.28,-9.31,-3.19,0.00,-0.01,-0.01
-4322,2.60,-10382,3.06,649,3,37429,12_41_37_10_04_2025,-1.24,-9.28,-3.19,0.01,-0.01,-0.01
-4446,2.61,-10381,3.06,649,3,37482,12_41_37_10_04_2025,-1.28,-9.26,-3.20,0.00,-0.01,-0.01
-4534,2.62,-10379,3.06,650,3,37521,12_41_37_10_04_2025,-1.25,-9.26,-3.19,0.01,-0.01,-0.01
-4380,2.60,-10372,3.06,649,3,37559,12_41_37_10_04_2025,-1.25,-9.27,-3.18,0.00,-0.01,-0.01
-4354,2.60,-10298,3.05,649,3,37597,12_41_37_10_04_2025,-1.27,-9.31,-3.18,0.01,-0.01,-0.01
-4364,2.60,-10245,3.05,649,3,37635,12_41_37_10_04_2025,-1.26,-9.28,-3.19,0.00,-0.01,-0.01
-4472,2.61,-10468,3.07,649,3,37677,12_41_37_10_04_2025,-1.25,-9.28,-3.19,0.01,-0.01,-0.01
-4473,2.61,-10289,3.05,650,3,37716,12_41_37_10_04_2025,-1.25,-9.29,-3.19,0.00,-0.01,-0.01
-4462,2.61,-10175,3.04,649,3,37754,12_41_37_10_04_2025,-1.26,-9.27,-3.19,0.01,-0.01,-0.01
-4373,2.60,-10372,3.06,649,3,37793,12_41_37_10_04_2025,-1.27,-9.28,-3.19,0.00,-0.01,-0.01
-4381,2.60,-10372,3.06,649,3,37830,12_41_37_10_04_2025,-1.26,-9.28,-3.18,0.00,-0.01,-0.01
-4356,2.60,-10311,3.05,650,3,37868,12_41_37_10_04_2025,-1.27,-9.28,-3.19,0.00,-0.01,-0.01
-4575,2.62,-10298,3.05,650,3,37917,12_41_37_10_04_2025,-1.27,-9.27,-3.19,0.00,-0.01,-0.01
-4320,2.60,-10423,3.06,649,3,37956,12_41_37_10_04_2025,-1.26,-9.28,-3.19,0.00,-0.01,-0.01
-4563,2.62,-10379,3.06,649,3,37994,12_41_37_10_04_2025,-1.26,-9.28,-3.19,0.00,-0.01,-0.01
-4382,2.60,-10400,3.06,649,3,38032,12_41_37_10_04_2025,-1.26,-9.27,-3.19,0.01,-0.01,-0.01
-4427,2.61,-10453,3.06,649,3,38070,12_41_37_10_04_2025,-1.26,-9.28,-3.19,0.00,-0.01,-0.01
-4266,2.60,-10308,3.05,649,3,38111,12_41_38_10_04_2025,-1.26,-9.27,-3.18,0.01,-0.01,-0.01
-4473,2.61,-10342,3.06,650,3,38150,12_41_38_10_04_2025,-1.28,-9.26,-3.19,0.01,-0.01,-0.01
-4287,2.60,-10280,3.05,649,3,38186,12_41_38_10_04_2025,-1.29,-9.33,-3.18,0.00,-0.01,-0.01
-4448,2.61,-10325,3.05,649,3,38224,12_41_38_10_04_2025,-1.27,-9.27,-3.20,0.01,-0.01,-0.01
-4343,2.60,-10183,3.04,650,3,38262,12_41_38_10_04_2025,-1.26,-9.24,-3.20,0.00,-0.01,-0.01
-4315,2.60,-10444,3.06,649,3,38301,12_41_38_10_04_2025,-1.25,-9.27,-3.19,0.00,-0.01,-0.01
-4371,2.60,-10417,3.06,649,3,38349,12_41_38_10_04_2025,-1.28,-9.27,-3.19,0.01,-0.01,-0.01
-4285,2.60,-10470,3.07,650,3,38388,12_41_38_10_04_2025,-1.28,-9.28,-3.19,0.00,-0.01,-0.01
-4286,2.60,-10288,3.05,649,3,38427,12_41_38_10_04_2025,-1.26,-9.29,-3.18,0.01,-0.01,-0.01
-4298,2.60,-10405,3.06,650,3,38465,12_41_38_10_04_2025,-1.25,-9.28,-3.19,0.00,-0.01,-0.01
-4292,2.60,-10411,3.06,649,3,38504,12_41_38_10_04_2025,-1.27,-9.27,-3.19,0.01,-0.01,-0.01
-4479,2.61,-10484,3.07,650,3,38546,12_41_38_10_04_2025,-1.25,-9.27,-3.19,0.00,-0.01,-0.01
-4417,2.61,-10184,3.04,649,3,38589,12_41_38_10_04_2025,-1.27,-9.28,-3.18,0.00,-0.01,-0.00
-4515,2.61,-10413,3.06,649,3,38628,12_41_38_10_04_2025,-1.26,-9.28,-3.18,0.01,-0.01,-0.01
-4557,2.62,-10457,3.06,649,3,38667,12_41_38_10_04_2025,-1.27,-9.28,-3.18,0.00,-0.01,-0.01
-4495,2.61,-10413,3.06,650,3,38705,12_41_38_10_04_2025,-1.28,-9.27,-3.18,0.01,-0.01,-0.01
-4361,2.60,-10234,3.05,650,3,38743,12_41_38_10_04_2025,-1.29,-9.27,-3.19,0.00,-0.01,-0.01
-4352,2.60,-10501,3.07,650,3,38792,12_41_38_10_04_2025,-1.26,-9.30,-3.17,0.01,-0.01,-0.01
-4532,2.62,-10355,3.06,649,3,38830,12_41_38_10_04_2025,-1.28,-9.25,-3.20,0.00,-0.01,-0.01
-4513,2.61,-10166,3.04,649,3,38869,12_41_38_10_04_2025,-1.27,-9.26,-3.19,0.00,-0.01,-0.01
-4353,2.60,-10166,3.04,649,3,38907,12_41_38_10_04_2025,-1.27,-9.27,-3.19,0.00,-0.01,-0.01
-4468,2.61,-10289,3.05,650,3,38946,12_41_38_10_04_2025,-1.26,-9.29,-3.19,0.00,-0.01,-0.01
-4456,2.61,-10235,3.05,650,3,38984,12_41_38_10_04_2025,-1.26,-9.28,-3.19,0.00,-0.01,-0.01
-4416,2.61,-10378,3.06,649,3,39026,12_41_38_10_04_2025,-1.26,-9.28,-3.19,0.01,-0.01,-0.01
-4446,2.61,-10257,3.05,650,3,39064,12_41_38_10_04_2025,-1.24,-9.28,-3.18,0.00,-0.01,-0.01
-4579,2.62,-10375,3.06,650,3,39100,12_41_38_10_04_2025,-1.26,-9.29,-3.19,0.01,-0.01,-0.01
-4569,2.62,-10414,3.06,650,3,39138,12_41_39_10_04_2025,-1.25,-9.29,-3.18,0.00,-0.01,-0.01
-4629,2.62,-10349,3.06,649,3,39177,12_41_39_10_04_2025,-1.27,-9.29,-3.18,0.00,-0.01,-0.01
-4633,2.62,-10219,3.05,649,3,39215,12_41_39_10_04_2025,-1.27,-9.27,-3.19,0.00,-0.01,-0.01
-4599,2.62,-10522,3.07,650,3,39264,12_41_39_10_04_2025,-1.25,-9.29,-3.17,0.00,-0.01,-0.01
-4661,2.63,-10305,3.05,650,3,39302,12_41_39_10_04_2025,-1.27,-9.29,-3.20,0.00,-0.01,-0.01
-4546,2.62,-10340,3.06,650,3,39340,12_41_39_10_04_2025,-1.25,-9.32,-3.17,0.00,-0.01,-0.01
-4486,2.61,-10201,3.05,650,3,39379,12_41_39_10_04_2025,-1.27,-9.27,-3.19,0.00,-0.01,-0.01
-4441,2.61,-10433,3.06,649,3,39417,12_41_39_10_04_2025,-1.24,-9.24,-3.18,0.00,-0.01,-0.01
-4304,2.60,-10296,3.05,649,3,39458,12_41_39_10_04_2025,-1.81,-9.52,-3.76,-0.04,0.07,-0.03
-4930,2.65,-10247,3.05,649,3,39496,12_41_39_10_04_2025,-0.83,-9.22,-3.02,0.00,0.07,-0.02
-4536,2.62,-10621,3.08,649,3,39535,12_41_39_10_04_2025,-1.26,-9.37,-2.91,0.01,-0.01,-0.00
-4905,2.64,-10397,3.06,650,3,39575,12_41_39_10_04_2025,-1.21,-9.21,-3.43,-0.01,-0.01,-0.01
-4238,2.59,-10464,3.07,649,3,39613,12_41_39_10_04_2025,-1.42,-9.23,-3.01,0.05,-0.01,-0.01
-4440,2.61,-10539,3.07,650,3,39652,12_41_39_10_04_2025,-1.11,-9.15,-3.19,-0.01,-0.01,0.00
-4377,2.60,-10401,3.06,649,3,39701,12_41_39_10_04_2025,-1.01,-9.13,-3.20,0.08,-0.05,0.00
-4272,2.60,-10461,3.07,649,3,39739,12_41_39_10_04_2025,-1.17,-9.50,-2.82,-0.04,-0.05,0.04
-3451,2.53,-10475,3.07,649,3,39777,12_41_39_10_04_2025,-1.08,-9.27,-3.37,0.04,0.01,-0.02
-4034,2.58,-10549,3.07,649,3,39816,12_41_39_10_04_2025,-1.32,-9.24,-2.83,-0.04,-0.02,-0.00
-3919,2.57,-10402,3.06,650,3,39854,12_41_39_10_04_2025,-1.25,-9.25,-3.77,-0.02,0.01,-0.00
-4107,2.58,-10491,3.07,650,3,39896,12_41_39_10_04_2025,-1.31,-9.36,-2.91,0.02,-0.00,-0.00
-4082,2.58,-10304,3.05,649,3,39934,12_41_39_10_04_2025,-1.28,-9.20,-3.34,-0.02,-0.01,-0.01
-4145,2.59,-10442,3.06,649,3,39972,12_41_39_10_04_2025,-1.23,-9.30,-3.29,0.04,0.00,-0.01
-4162,2.59,-10565,3.07,650,3,40011,12_41_39_10_04_2025,-1.19,-9.35,-3.14,-0.02,-0.00,-0.00
-4262,2.60,-10202,3.05,649,3,40050,12_41_39_10_04_2025,-1.36,-9.31,-3.22,0.03,-0.01,-0.01
-4312,2.60,-10281,3.05,649,3,40088,12_41_39_10_04_2025,-1.23,-9.16,-3.06,0.00,-0.01,-0.01
-3647,2.55,-10432,3.06,650,3,40138,12_41_40_10_04_2025,-1.26,-9.29,-3.29,0.02,-0.00,-0.01
-3722,2.55,-10388,3.06,649,3,40176,12_41_40_10_04_2025,-1.27,-9.20,-3.11,-0.00,-0.01,-0.00
-3796,2.56,-10438,3.06,649,3,40214,12_41_40_10_04_2025,-1.28,-9.28,-3.31,0.01,-0.00,-0.01
-3802,2.56,-10378,3.06,649,3,40253,12_41_40_10_04_2025,-1.22,-9.31,-3.11,0.01,-0.01,-0.01
-3791,2.56,-10463,3.07,650,3,40292,12_41_40_10_04_2025,-1.21,-9.28,-3.26,-0.00,-0.01,-0.01
-3753,2.56,-10278,3.05,649,3,40330,12_41_40_10_04_2025,-1.24,-9.27,-3.14,0.01,-0.01,-0.01
-3654,2.55,-10318,3.05,649,3,40372,12_41_40_10_04_2025,-1.23,-9.28,-3.24,-0.00,-0.01,-0.01
-3909,2.57,-10390,3.06,650,3,40410,12_41_40_10_04_2025,-1.28,-9.24,-3.18,0.01,-0.01,-0.01
-3861,2.57,-10377,3.06,649,3,40448,12_41_40_10_04_2025,-1.26,-9.28,-3.20,0.00,-0.01,-0.01
-3782,2.56,-10287,3.05,648,3,40486,12_41_40_10_04_2025,-1.20,-9.26,-3.25,0.01,-0.01,-0.01
-3764,2.56,-10283,3.05,649,3,40525,12_41_40_10_04_2025,-1.25,-9.27,-3.17,0.00,-0.00,-0.01
-3847,2.56,-10312,3.05,649,3,40574,12_41_40_10_04_2025,-1.23,-9.27,-3.23,0.01,-0.01,-0.01
-3804,2.56,-10337,3.06,649,3,40616,12_41_40_10_04_2025,-1.26,-9.28,-3.17,0.00,-0.01,-0.00
-3814,2.56,-10500,3.07,649,3,40656,12_41_40_10_04_2025,-1.28,-9.29,-3.22,0.01,-0.01,-0.01
-3889,2.57,-10571,3.07,649,3,40694,12_41_40_10_04_2025,-1.21,-9.27,-3.18,0.01,-0.01,-0.01
-3826,2.56,-10304,3.05,649,3,40733,12_41_40_10_04_2025,-1.26,-9.27,-3.23,0.00,-0.01,-0.01
-3789,2.56,-10519,3.07,650,3,40771,12_41_40_10_04_2025,-1.30,-9.28,-3.18,0.01,-0.01,-0.01
-3997,2.58,-10315,3.05,649,3,40812,12_41_40_10_04_2025,-1.32,-9.29,-3.21,0.00,-0.01,-0.01
-3903,2.57,-10247,3.05,649,3,40850,12_41_40_10_04_2025,-1.21,-9.30,-3.34,0.02,-0.01,-0.01
-3986,2.57,-10509,3.07,650,3,40889,12_41_40_10_04_2025,-1.17,-9.25,-3.16,0.02,-0.01,-0.01
-4337,2.60,-10556,3.07,649,3,40927,12_41_40_10_04_2025,-1.29,-9.32,-3.08,0.01,-0.00,-0.01
-3929,2.57,-10313,3.05,649,3,40965,12_41_40_10_04_2025,-1.10,-9.13,-3.36,-0.07,-0.01,-0.01
-3952,2.57,-10174,3.04,649,3,41004,12_41_40_10_04_2025,-1.27,-9.20,-3.41,0.05,-0.01,-0.02
-3979,2.57,-10437,3.06,650,3,41053,12_41_40_10_04_2025,-1.18,-9.31,-3.29,-0.03,-0.01,-0.00
-4322,2.60,-10474,3.07,649,3,41092,12_41_40_10_04_2025,-1.24,-9.30,-3.29,0.05,-0.00,-0.01
-4332,2.60,-10878,3.10,649,3,41130,12_41_41_10_04_2025,-1.23,-9.30,-2.99,0.01,-0.01,-0.01
-4393,2.61,-10479,3.07,649,3,41168,12_41_41_10_04_2025,-1.24,-9.29,-3.30,-0.01,-0.00,-0.00
-4321,2.60,-10459,3.07,649,3,41207,12_41_41_10_04_2025,-1.25,-9.27,-3.10,0.01,-0.01,-0.01
-4149,2.59,-10675,3.08,650,3,41248,12_41_41_10_04_2025,-1.24,-9.28,-3.24,-0.00,-0.01,-0.00
-3994,2.58,-10149,3.04,649,3,41286,12_41_41_10_04_2025,-1.23,-9.26,-3.19,0.00,-0.01,-0.01
-4126,2.59,-10226,3.05,650,3,41324,12_41_41_10_04_2025,-1.26,-9.26,-3.23,0.01,-0.01,-0.01
-4377,2.60,-10248,3.05,649,3,41363,12_41_41_10_04_2025,-1.27,-9.29,-3.12,0.01,-0.01,-0.01
-4274,2.60,-10459,3.07,650,3,41401,12_41_41_10_04_2025,-1.23,-9.28,-3.18,-0.01,-0.01,-0.00
-4334,2.60,-10183,3.04,649,3,41439,12_41_41_10_04_2025,-1.28,-9.29,-3.25,0.01,-0.01,-0.01
-4320,2.60,-10165,3.04,649,3,41488,12_41_41_10_04_2025,-1.27,-9.30,-3.15,0.01,-0.01,-0.01
-4295,2.60,-10236,3.05,649,3,41526,12_41_41_10_04_2025,-1.24,-9.28,-3.20,0.00,-0.00,-0.01
-4129,2.59,-10101,3.04,649,3,41564,12_41_41_10_04_2025,-1.26,-9.28,-3.20,0.01,-0.01,-0.01
-4301,2.60,-10244,3.05,650,3,41603,12_41_41_10_04_2025,-1.25,-9.27,-3.21,0.01,-0.01,-0.01
-4276,2.60,-10187,3.04,650,3,41641,12_41_41_10_04_2025,-1.26,-9.29,-3.16,0.01,-0.01,-0.01
-4390,2.61,-10291,3.05,649,3,41686,12_41_41_10_04_2025,-1.26,-9.29,-3.18,0.00,-0.01,-0.00
-4423,2.61,-10078,3.04,649,3,41725,12_41_41_10_04_2025,-1.23,-9.28,-3.21,0.00,-0.01,-0.01
-4378,2.60,-10321,3.05,649,3,41763,12_41_41_10_04_2025,-1.28,-9.30,-3.20,0.01,-0.01,-0.01
-4336,2.60,-10133,3.04,649,3,41801,12_41_41_10_04_2025,-1.25,-9.29,-3.17,0.01,-0.01,-0.01
-4315,2.60,-10458,3.07,649,3,41840,12_41_41_10_04_2025,-1.24,-9.27,-3.17,0.01,-0.01,-0.01
-4400,2.61,-10361,3.06,649,3,41879,12_41_41_10_04_2025,-1.25,-9.27,-3.16,0.00,-0.00,-0.01
-4288,2.60,-10335,3.06,649,3,41929,12_41_41_10_04_2025,-1.28,-9.29,-3.21,0.01,-0.01,-0.01
-4230,2.59,-10343,3.06,649,3,41968,12_41_41_10_04_2025,-1.24,-9.28,-3.14,0.00,-0.01,-0.01
-4212,2.59,-10098,3.04,649,3,42006,12_41_41_10_04_2025,-1.27,-9.29,-3.26,0.00,-0.01,-0.01
-4265,2.60,-10417,3.06,649,3,42044,12_41_41_10_04_2025,-1.25,-9.27,-3.13,0.02,-0.01,-0.01
-4196,2.59,-10418,3.06,650,3,42083,12_41_41_10_04_2025,-1.25,-9.28,-3.21,-0.01,-0.01,-0.00
-4425,2.61,-10354,3.06,649,3,42122,12_41_42_10_04_2025,-1.27,-9.29,-3.10,-0.00,-0.00,-0.00
-4027,2.58,-10151,3.04,649,3,42163,12_41_42_10_04_2025,-1.24,-9.24,-3.32,-0.02,-0.01,-0.00
-4026,2.58,-10198,3.05,649,3,42201,12_41_42_10_04_2025,-1.21,-9.30,-3.18,0.01,-0.01,-0.01
-4062,2.58,-10400,3.06,649,3,42239,12_41_42_10_04_2025,-1.26,-9.31,-3.16,-0.00,-0.00,-0.01
-4376,2.60,-10346,3.06,648,3,42277,12_41_42_10_04_2025,-1.27,-9.28,-3.27,0.01,-0.01,-0.01
-4388,2.61,-10165,3.04,649,3,42316,12_41_42_10_04_2025,-1.28,-9.34,-3.14,0.03,-0.01,-0.01
-4523,2.62,-10361,3.06,649,3,42365,12_41_42_10_04_2025,-1.38,-9.32,-3.29,-0.02,-0.01,-0.00
-4288,2.60,-10484,3.07,649,3,42403,12_41_42_10_04_2025,-1.14,-9.20,-3.11,0.01,-0.00,-0.01
-4170,2.59,-10581,3.07,649,3,42441,12_41_42_10_04_2025,-1.42,-9.39,-3.24,-0.00,-0.01,-0.00
-4411,2.61,-10312,3.05,649,3,42479,12_41_42_10_04_2025,-1.15,-9.25,-3.16,0.01,-0.01,-0.01
-4173,2.59,-10482,3.07,649,3,42518,12_41_42_10_04_2025,-1.27,-9.24,-3.27,-0.00,-0.00,-0.01
-4392,2.61,-10458,3.07,650,3,42556,12_41_42_10_04_2025,-1.25,-9.27,-3.15,0.01,-0.01,-0.01
-4417,2.61,-10548,3.07,650,3,42597,12_41_42_10_04_2025,-1.19,-9.26,-3.27,-0.00,-0.01,-0.01
-4419,2.61,-10385,3.06,649,3,42636,12_41_42_10_04_2025,-1.30,-9.33,-3.13,0.01,-0.01,-0.01
-4360,2.60,-10385,3.06,650,3,42674,12_41_42_10_04_2025,-1.22,-9.25,-3.25,-0.01,-0.01,-0.00
-4396,2.61,-10667,3.08,649,3,42716,12_41_42_10_04_2025,-1.27,-9.34,-3.19,0.02,-0.01,-0.01
-4439,2.61,-10453,3.06,649,3,42754,12_41_42_10_04_2025,-1.11,-9.26,-3.15,-0.01,-0.01,-0.01
-4512,2.61,-10697,3.08,649,3,42804,12_41_42_10_04_2025,-1.29,-9.28,-3.25,0.02,-0.00,-0.00
-4554,2.62,-10422,3.06,649,3,42842,12_41_42_10_04_2025,-1.28,-9.29,-3.19,-0.01,-0.01,-0.01
-4306,2.60,-10374,3.06,649,3,42880,12_41_42_10_04_2025,-1.24,-9.24,-3.29,0.02,-0.01,-0.01
-4505,2.61,-10437,3.06,650,3,42919,12_41_42_10_04_2025,-1.29,-9.31,-3.07,0.01,-0.01,-0.01
-4517,2.61,-10547,3.07,649,3,42958,12_41_42_10_04_2025,-1.23,-9.26,-3.30,0.00,-0.01,-0.01
-4459,2.61,-10491,3.07,649,3,42996,12_41_42_10_04_2025,-1.23,-9.27,-3.14,0.00,-0.01,-0.01
-4687,2.63,-10548,3.07,649,3,43038,12_41_42_10_04_2025,-1.21,-9.25,-3.29,0.00,-0.01,-0.01
-4633,2.62,-10346,3.06,649,3,43077,12_41_42_10_04_2025,-1.34,-9.36,-3.12,0.02,-0.01,-0.01
-4877,2.64,-10608,3.08,649,3,43112,12_41_43_10_04_2025,-1.20,-9.27,-3.25,-0.00,-0.01,-0.00
-4639,2.62,-10526,3.07,649,3,43150,12_41_43_10_04_2025,-1.26,-9.27,-3.23,0.02,-0.01,-0.01
-5042,2.65,-10670,3.08,649,3,43188,12_41_43_10_04_2025,-1.26,-9.27,-3.12,0.02,-0.01,-0.01
-4881,2.64,-10688,3.08,650,3,43227,12_41_43_10_04_2025,-1.25,-9.26,-3.16,0.00,-0.01,-0.00
-4850,2.64,-10356,3.06,649,3,43275,12_41_43_10_04_2025,-1.27,-9.29,-3.21,0.01,-0.01,-0.01
-4818,2.64,-10487,3.07,649,3,43314,12_41_43_10_04_2025,-1.24,-9.29,-3.13,0.01,-0.01,-0.01
-4801,2.64,-10656,3.08,650,3,43352,12_41_43_10_04_2025,-1.25,-9.28,-3.21,-0.00,-0.01,-0.01
-4843,2.64,-10534,3.07,649,3,43390,12_41_43_10_04_2025,-1.25,-9.28,-3.17,0.01,-0.01,-0.01
-4718,2.63,-10545,3.07,649,3,43429,12_41_43_10_04_2025,-1.24,-9.28,-3.16,-0.01,-0.01,-0.00
-4417,2.61,-10475,3.07,650,3,43469,12_41_43_10_04_2025,-1.26,-9.26,-3.21,-0.00,-0.01,-0.00
-4491,2.61,-10357,3.06,649,3,43507,12_41_43_10_04_2025,-1.24,-9.27,-3.22,0.01,-0.01,-0.01
-4449,2.61,-10463,3.07,650,3,43546,12_41_43_10_04_2025,-1.26,-9.29,-3.16,0.01,-0.01,-0.01
-4438,2.61,-10487,3.07,649,3,43584,12_41_43_10_04_2025,-1.26,-9.30,-3.17,0.00,-0.01,-0.00
-4663,2.63,-10336,3.06,649,3,43623,12_41_43_10_04_2025,-1.26,-9.25,-3.21,-0.00,-0.01,-0.00
-4322,2.60,-10145,3.04,649,3,43661,12_41_43_10_04_2025,-1.25,-9.27,-3.23,0.01,-0.00,-0.01
-4161,2.59,-10258,3.05,650,3,43710,12_41_43_10_04_2025,-1.24,-9.24,-3.27,0.00,-0.01,-0.01
-4422,2.61,-10660,3.08,649,3,43751,12_41_43_10_04_2025,-1.28,-9.27,-3.20,0.03,-0.01,-0.01
-4522,2.62,-10713,3.08,649,3,43790,12_41_43_10_04_2025,-1.30,-9.31,-3.11,0.03,-0.01,-0.01
-4760,2.63,-10499,3.07,649,3,43828,12_41_43_10_04_2025,-1.28,-9.27,-3.31,0.03,-0.01,-0.01
-4376,2.60,-10501,3.07,649,3,43867,12_41_43_10_04_2025,-1.22,-9.27,-3.10,0.05,-0.01,-0.01
-4808,2.64,-10710,3.08,649,3,43909,12_41_43_10_04_2025,-1.25,-9.34,-3.06,0.01,-0.01,-0.01
-4674,2.63,-10577,3.07,649,3,43947,12_41_43_10_04_2025,-1.23,-9.29,-3.18,-0.01,-0.00,-0.00
-4587,2.62,-10421,3.06,649,3,43986,12_41_43_10_04_2025,-1.28,-9.30,-3.19,-0.00,-0.01,-0.01
-4430,2.61,-10324,3.05,649,3,44024,12_41_43_10_04_2025,-1.23,-9.29,-3.10,-0.00,-0.00,-0.00
-4276,2.60,-9999,3.03,650,3,44063,12_41_43_10_04_2025,-1.26,-9.28,-3.26,-0.03,-0.01,-0.00
-4212,2.59,-10165,3.04,649,3,44102,12_41_43_10_04_2025,-1.26,-9.29,-3.19,0.02,-0.01,-0.01
-4276,2.60,-10063,3.04,649,3,44151,12_41_44_10_04_2025,-1.25,-9.27,-3.18,-0.00,-0.01,-0.01
-4466,2.61,-10193,3.04,650,3,44189,12_41_44_10_04_2025,-1.25,-9.28,-3.13,0.02,-0.01,-0.01
-4621,2.62,-10257,3.05,649,3,44228,12_41_44_10_04_2025,-1.23,-9.28,-3.15,-0.01,-0.01,-0.00
-4478,2.61,-10278,3.05,649,3,44266,12_41_44_10_04_2025,-1.26,-9.28,-3.26,0.01,-0.01,-0.01
-4493,2.61,-10394,3.06,649,3,44305,12_41_44_10_04_2025,-1.25,-9.31,-2.97,0.00,-0.00,-0.00
-4409,2.61,-10225,3.05,649,3,44344,12_41_44_10_04_2025,-1.29,-9.27,-3.41,-0.01,-0.01,-0.00
-4485,2.61,-10118,3.04,649,3,44385,12_41_44_10_04_2025,-1.15,-9.24,-3.16,0.03,-0.01,-0.02
-4391,2.61,-10309,3.05,649,3,44424,12_41_44_10_04_2025,-1.25,-9.26,-3.29,-0.03,-0.01,-0.00
-4850,2.64,-9886,3.02,649,3,44462,12_41_44_10_04_2025,-1.31,-9.37,-3.17,0.03,-0.01,-0.01
-4372,2.60,-10328,3.06,649,3,44501,12_41_44_10_04_2025,-1.23,-9.25,-3.06,-0.01,-0.00,-0.00
-4624,2.62,-10057,3.03,649,3,44540,12_41_44_10_04_2025,-1.37,-9.35,-3.27,0.01,-0.01,-0.01
-4615,2.62,-10226,3.05,649,3,44589,12_41_44_10_04_2025,-1.28,-9.35,-3.10,-0.01,-0.01,-0.00
-4586,2.62,-10198,3.05,649,3,44627,12_41_44_10_04_2025,-1.25,-9.26,-3.26,0.01,-0.01,-0.01
-4610,2.62,-10438,3.06,649,3,44666,12_41_44_10_04_2025,-1.38,-9.55,-3.07,0.05,-0.00,0.00
-4887,2.64,-10633,3.08,649,3,44704,12_41_44_10_04_2025,-1.16,-9.22,-3.31,-0.02,-0.02,-0.00
-4662,2.63,-10530,3.07,650,3,44743,12_41_44_10_04_2025,-1.21,-9.12,-3.07,0.01,-0.00,-0.01
-4593,2.62,-10644,3.08,649,3,44782,12_41_44_10_04_2025,-1.33,-9.28,-3.27,0.00,-0.01,-0.01
-4663,2.63,-10497,3.07,649,3,44826,12_41_44_10_04_2025,-1.24,-9.34,-3.03,0.01,-0.01,-0.01
-4811,2.64,-10643,3.08,649,3,44864,12_41_44_10_04_2025,-1.24,-9.32,-3.18,-0.02,-0.00,0.00
-4406,2.61,-10343,3.06,650,3,44900,12_41_44_10_04_2025,-1.22,-9.29,-3.15,-0.02,-0.00,-0.00
-4537,2.62,-10062,3.04,649,3,44939,12_41_44_10_04_2025,-1.25,-9.30,-3.33,-0.01,-0.01,-0.01
-4501,2.61,-10345,3.06,649,3,44977,12_41_44_10_04_2025,-1.28,-9.26,-3.08,0.03,-0.01,-0.01
-4343,2.60,-10570,3.07,649,3,45026,12_41_44_10_04_2025,-1.24,-9.21,-3.26,0.00,-0.00,-0.01
-4552,2.62,-10507,3.07,649,3,45064,12_41_44_10_04_2025,-1.30,-9.30,-3.10,-0.00,-0.00,-0.00
-4570,2.62,-10428,3.06,650,3,45102,12_41_44_10_04_2025,-1.27,-9.30,-3.21,0.01,-0.01,-0.01
-4684,2.63,-10315,3.05,649,3,45141,12_41_45_10_04_2025,-1.24,-9.26,-3.13,0.01,-0.01,-0.00
-4355,2.60,-10298,3.05,649,3,45180,12_41_45_10_04_2025,-1.25,-9.27,-3.24,-0.01,-0.01,-0.00
-4586,2.62,-10241,3.05,649,3,45218,12_41_45_10_04_2025,-1.29,-9.32,-3.23,0.01,-0.01,-0.01
-4758,2.63,-10353,3.06,649,3,45259,12_41_45_10_04_2025,-1.28,-9.27,-3.16,0.01,-0.01,-0.01
-4720,2.63,-10212,3.05,649,3,45298,12_41_45_10_04_2025,-1.26,-9.26,-3.18,0.00,-0.01,-0.00
-4833,2.64,-10116,3.04,649,3,45336,12_41_45_10_04_2025,-1.27,-9.29,-3.22,0.01,-0.01,-0.01
-4716,2.63,-10365,3.06,650,3,45374,12_41_45_10_04_2025,-1.25,-9.27,-3.15,-0.00,-0.01,-0.00
-4619,2.62,-10137,3.04,649,3,45414,12_41_45_10_04_2025,-1.28,-9.31,-3.28,-0.00,-0.01,-0.00
-4817,2.64,-10429,3.06,650,3,45452,12_41_45_10_04_2025,-1.23,-9.27,-3.19,0.02,-0.01,-0.01
-4628,2.62,-10045,3.03,649,3,45501,12_41_45_10_04_2025,-1.26,-9.24,-3.26,-0.01,-0.01,-0.00
-4881,2.64,-10156,3.04,649,3,45540,12_41_45_10_04_2025,-1.29,-9.41,-3.00,0.01,0.00,0.01
-4841,2.64,-10520,3.07,649,3,45578,12_41_45_10_04_2025,-1.31,-9.48,-3.64,0.09,-0.03,-0.02
-4083,2.58,-10154,3.04,649,3,45616,12_41_45_10_04_2025,-1.09,-9.29,-2.76,-0.01,-0.01,-0.01
-4376,2.60,-10283,3.05,649,3,45655,12_41_45_10_04_2025,-1.36,-9.41,-3.57,-0.02,-0.01,-0.01
-4440,2.61,-10110,3.04,649,3,45697,12_41_45_10_04_2025,-1.21,-9.30,-2.86,0.05,-0.00,-0.02
-4151,2.59,-10203,3.05,649,3,45735,12_41_45_10_04_2025,-1.36,-9.27,-3.41,-0.04,-0.01,0.00
-4446,2.61,-10007,3.03,649,3,45774,12_41_45_10_04_2025,-1.23,-9.27,-3.12,0.05,-0.00,-0.01
-4394,2.61,-10406,3.06,649,3,45813,12_41_45_10_04_2025,-1.29,-9.30,-3.06,-0.02,-0.01,-0.00
-4533,2.62,-10283,3.05,649,3,45854,12_41_45_10_04_2025,-1.23,-9.25,-3.27,0.04,-0.01,-0.01
-4291,2.60,-10239,3.05,650,3,45892,12_41_45_10_04_2025,-1.26,-9.29,-3.02,-0.01,-0.00,-0.00
-4439,2.61,-10240,3.05,649,3,45941,12_41_45_10_04_2025,-1.28,-9.29,-3.32,0.02,-0.01,-0.01
-4329,2.60,-10281,3.05,649,3,45981,12_41_45_10_04_2025,-1.23,-9.27,-3.08,-0.01,-0.01,-0.01
-4381,2.60,-10259,3.05,649,3,46019,12_41_45_10_04_2025,-1.30,-9.30,-3.32,0.01,-0.01,-0.01
-4247,2.59,-10247,3.05,649,3,46062,12_41_45_10_04_2025,-1.24,-9.28,-3.05,0.00,-0.01,-0.01
-4287,2.60,-10136,3.04,649,3,46101,12_41_45_10_04_2025,-1.28,-9.29,-3.29,-0.00,-0.01,-0.01
-4494,2.61,-10239,3.05,649,3,46142,12_41_46_10_04_2025,-1.23,-9.22,-3.11,-0.00,-0.01,-0.01
-4279,2.60,-10122,3.04,649,3,46180,12_41_46_10_04_2025,-1.24,-9.23,-3.28,-0.00,-0.00,-0.00
-4316,2.60,-10205,3.05,650,3,46219,12_41_46_10_04_2025,-1.34,-9.37,-3.16,0.03,-0.01,-0.01
-4303,2.60,-10223,3.05,649,3,46258,12_41_46_10_04_2025,-1.18,-9.20,-3.16,-0.01,-0.01,-0.00
-4495,2.61,-10219,3.05,649,3,46296,12_41_46_10_04_2025,-1.16,-9.21,-3.23,0.02,-0.00,-0.01
-4467,2.61,-10350,3.06,649,3,46335,12_41_46_10_04_2025,-1.32,-9.34,-3.11,-0.00,-0.01,-0.01
-4311,2.60,-10245,3.05,649,3,46384,12_41_46_10_04_2025,-1.28,-9.30,-3.26,0.02,-0.01,-0.01
-4263,2.60,-10356,3.06,649,3,46423,12_41_46_10_04_2025,-1.25,-9.29,-3.13,-0.01,-0.01,-0.00
-4411,2.61,-10283,3.05,649,3,46462,12_41_46_10_04_2025,-1.27,-9.26,-3.25,0.01,-0.01,-0.01
-4302,2.60,-10208,3.05,649,3,46500,12_41_46_10_04_2025,-1.23,-9.27,-3.12,0.01,-0.01,-0.01
-4364,2.60,-10299,3.05,649,3,46539,12_41_46_10_04_2025,-1.29,-9.31,-3.25,-0.00,-0.01,-0.01
-4459,2.61,-10216,3.05,649,3,46578,12_41_46_10_04_2025,-1.23,-9.27,-3.13,0.01,-0.01,-0.01
-4281,2.60,-10381,3.06,649,3,46619,12_41_46_10_04_2025,-1.27,-9.29,-3.23,-0.00,-0.01,-0.01
-4462,2.61,-10275,3.05,649,3,46657,12_41_46_10_04_2025,-1.26,-9.27,-3.15,0.01,-0.01,-0.01
-4281,2.60,-10171,3.04,649,3,46695,12_41_46_10_04_2025,-1.28,-9.28,-3.20,-0.00,-0.01,-0.01
-4374,2.60,-10240,3.05,650,3,46734,12_41_46_10_04_2025,-1.26,-9.30,-3.20,0.01,-0.01,-0.01
-4247,2.59,-10211,3.05,649,3,46772,12_41_46_10_04_2025,-1.22,-9.26,-3.16,0.00,-0.01,-0.01
-4233,2.59,-10222,3.05,650,3,46822,12_41_46_10_04_2025,-1.25,-9.26,-3.19,0.01,-0.01,-0.01
-4254,2.60,-10135,3.04,649,3,46861,12_41_46_10_04_2025,-1.26,-9.28,-3.18,0.00,-0.01,-0.01
-4238,2.59,-10090,3.04,650,3,46902,12_41_46_10_04_2025,-1.27,-9.29,-3.19,0.01,-0.01,-0.01
-4399,2.61,-10039,3.03,650,3,46943,12_41_46_10_04_2025,-1.25,-9.28,-3.16,0.00,-0.01,-0.01
-4280,2.60,-10154,3.04,650,3,46981,12_41_46_10_04_2025,-1.26,-9.27,-3.21,0.00,-0.01,-0.01
-4607,2.62,-10314,3.05,650,3,47019,12_41_46_10_04_2025,-1.20,-9.38,-3.37,0.06,-0.01,-0.02
-4321,2.60,-10243,3.05,649,3,47061,12_41_46_10_04_2025,-1.01,-9.23,-3.02,-0.04,-0.01,-0.01
-4099,2.58,-10026,3.03,649,3,47099,12_41_46_10_04_2025,-1.38,-9.35,-3.36,-0.02,-0.01,-0.01
-4146,2.59,-10194,3.05,650,3,47137,12_41_47_10_04_2025,-1.07,-9.14,-2.72,-0.03,0.04,0.02
-3818,2.56,-10083,3.04,649,3,47176,12_41_47_10_04_2025,-1.36,-9.24,-4.33,-0.29,0.30,-0.01
-2676,2.48,-10380,3.06,649,3,47215,12_41_47_10_04_2025,-1.24,-9.57,-2.86,0.17,0.32,0.04
-2378,2.45,-10515,3.07,649,3,47253,12_41_47_10_04_2025,-1.48,-9.17,-2.64,-0.24,0.42,0.18
-2486,2.46,-10037,3.03,650,3,47303,12_41_47_10_04_2025,-1.24,-8.54,-5.99,-0.43,0.74,0.26
-2599,2.47,-10445,3.06,649,3,47341,12_41_47_10_04_2025,-1.86,-8.15,-4.27,0.13,0.38,0.09
-2767,2.48,-10364,3.06,649,3,47380,12_41_47_10_04_2025,-2.02,-9.15,-3.59,0.13,0.27,-0.07
-3139,2.51,-10657,3.08,649,3,47419,12_41_47_10_04_2025,-0.76,-9.55,-2.69,0.45,0.39,-0.04
-4108,2.58,-10818,3.09,649,3,47458,12_41_47_10_04_2025,-0.31,-8.34,-2.84,0.50,0.18,-0.06
-3240,2.52,-10773,3.09,649,3,47499,12_41_47_10_04_2025,-1.46,-9.22,-2.23,-0.12,0.14,-0.07
-2731,2.48,-10581,3.07,650,3,47537,12_41_47_10_04_2025,-1.03,-9.17,-3.61,-0.18,0.10,-0.03
-3279,2.52,-10796,3.09,649,3,47576,12_41_47_10_04_2025,-1.17,-9.38,-4.41,0.18,0.00,-0.22
-4041,2.58,-10799,3.09,649,3,47614,12_41_47_10_04_2025,-1.14,-9.21,-2.82,0.38,-0.08,-0.16
-4641,2.62,-10820,3.09,650,3,47653,12_41_47_10_04_2025,-1.43,-9.11,-1.87,-0.05,0.00,-0.08
-5488,2.69,-11054,3.11,650,3,47692,12_41_47_10_04_2025,-1.23,-9.62,-2.80,-0.31,0.01,-0.12
-5672,2.70,-10876,3.10,649,3,47741,12_41_47_10_04_2025,-0.63,-8.93,-4.34,-0.21,0.11,-0.07
-6132,2.74,-11247,3.12,649,3,47779,12_41_47_10_04_2025,-1.26,-8.95,-5.68,0.28,-0.04,-0.11
-6285,2.75,-11198,3.12,649,3,47818,12_41_47_10_04_2025,-1.78,-9.43,-3.81,0.71,-0.22,-0.19
-7404,2.83,-11262,3.13,649,3,47856,12_41_47_10_04_2025,-1.34,-10.29,-2.11,0.62,-0.05,-0.42
-5491,2.69,-11391,3.14,649,3,47894,12_41_47_10_04_2025,-0.03,-7.61,-3.75,-0.35,0.30,0.05
-6228,2.74,-11002,3.11,649,3,47933,12_41_47_10_04_2025,-0.26,-6.64,3.97,0.99,0.29,0.07
-7814,2.86,-9926,3.02,649,3,47977,12_41_47_10_04_2025,-3.42,-12.18,-5.66,-0.71,-0.05,-0.11
-6854,2.79,-11120,3.12,650,3,48015,12_41_47_10_04_2025,0.81,-12.47,0.09,0.86,0.04,-0.01
-8590,2.92,-17275,3.58,649,3,48054,12_41_47_10_04_2025,-1.38,-10.11,-1.11,-0.20,0.05,0.03
-9419,2.99,-17717,3.61,649,3,48093,12_41_47_10_04_2025,-0.21,-9.36,-5.08,-0.60,-0.01,-0.05
-9958,3.03,-18696,3.69,649,3,48131,12_41_48_10_04_2025,-1.08,-9.94,-3.52,0.50,-0.01,-0.04
-12257,3.20,-16810,3.55,649,3,48183,12_41_48_10_04_2025,-1.13,-9.64,-2.95,0.19,0.01,-0.12
-15068,3.41,-18214,3.65,649,3,48221,12_41_48_10_04_2025,-0.44,-9.35,-2.33,0.15,0.36,-0.07
-17780,3.62,-20295,3.81,649,3,48260,12_41_48_10_04_2025,0.08,-9.10,-0.77,-0.01,0.25,0.00
-24132,4.10,-24946,4.16,649,3,48298,12_41_48_10_04_2025,-0.34,-9.50,-4.47,-0.41,0.03,0.11
-27599,4.36,-26732,4.30,649,3,48336,12_41_48_10_04_2025,-1.54,-10.16,-1.98,0.18,0.24,-0.06
-28177,4.41,-26365,4.27,649,3,48375,12_41_48_10_04_2025,-0.33,-9.28,-3.48,0.06,0.09,-0.06
-28985,4.47,-26020,4.24,649,3,48417,12_41_48_10_04_2025,0.24,-8.92,-2.38,0.11,0.19,0.04
-30912,4.61,-28142,4.40,649,3,48455,12_41_48_10_04_2025,-0.80,-9.68,-2.44,-0.16,0.08,0.01
-33347,4.80,-28323,4.42,650,3,48493,12_41_48_10_04_2025,-0.92,-9.77,-3.57,-0.20,0.18,0.13
-33870,4.84,-27805,4.38,649,3,48532,12_41_48_10_04_2025,-0.83,-8.96,-3.25,0.22,0.02,0.17
-33458,4.81,-29286,4.49,650,3,48570,12_41_48_10_04_2025,-0.10,-9.57,-1.06,0.03,-0.02,0.00
-33727,4.83,-30911,4.61,650,3,48620,12_41_48_10_04_2025,-0.14,-9.28,-3.60,-0.31,0.06,0.07
-33668,4.82,-32915,4.77,650,3,48659,12_41_48_10_04_2025,-0.32,-9.27,-2.96,-0.23,0.09,-0.02
-35718,4.98,-35966,5.00,649,3,48697,12_41_48_10_04_2025,-0.61,-9.43,-2.38,-0.31,0.06,0.00
-38295,5.17,-42871,5.52,649,3,48735,12_41_48_10_04_2025,-0.62,-9.27,-2.92,-0.55,0.10,0.02
-41124,5.39,-50294,6.08,649,3,48774,12_41_48_10_04_2025,-0.46,-9.69,-3.88,-0.53,0.00,0.06
-42480,5.49,-52840,6.28,650,3,48813,12_41_48_10_04_2025,-0.78,-9.06,-4.97,-0.33,-0.00,0.03
-44842,5.67,-54706,6.42,650,3,48854,12_41_48_10_04_2025,-0.79,-9.02,-3.79,-0.02,0.01,0.03
-45173,5.69,-55901,6.51,649,3,48893,12_41_48_10_04_2025,-0.88,-9.01,-4.52,-0.02,-0.06,-0.02
-46046,5.76,-52613,6.26,649,3,48931,12_41_48_10_04_2025,-0.46,-8.96,-3.71,0.22,-0.01,-0.01
-47738,5.89,-54970,6.44,649,3,48969,12_41_48_10_04_2025,-0.45,-8.91,-2.48,-0.02,0.02,-0.01
-49238,6.00,-57862,6.66,649,3,49011,12_41_48_10_04_2025,-0.50,-9.13,-3.77,-0.22,0.02,-0.02
-51068,6.14,-63154,7.06,649,3,49049,12_41_48_10_04_2025,-0.52,-8.84,-4.66,-0.16,-0.00,-0.01
-57529,6.63,-68675,7.48,649,3,49099,12_41_48_10_04_2025,-0.63,-8.95,-3.44,0.00,0.09,0.01
-61543,6.94,-74826,7.94,649,3,49138,12_41_49_10_04_2025,-0.38,-8.84,-4.24,-0.11,0.11,0.01
-64892,7.19,-79429,8.29,649,3,49176,12_41_49_10_04_2025,-0.97,-9.33,-3.37,-0.09,0.05,0.00
-68971,7.50,-85882,8.78,649,3,49215,12_41_49_10_04_2025,-0.39,-8.84,-4.37,-0.23,0.07,-0.02
-72636,7.78,-93960,9.39,649,3,49254,12_41_49_10_04_2025,-0.52,-8.93,-4.32,0.02,-0.03,0.02
-74955,7.95,-100458,9.88,649,3,49295,12_41_49_10_04_2025,-0.78,-8.64,-4.34,-0.04,0.08,-0.02
-80278,8.35,-106456,10.34,649,3,49333,12_41_49_10_04_2025,-1.83,-9.80,-4.00,-0.01,-0.13,0.02
-80866,8.40,-106097,10.31,649,3,49372,12_41_49_10_04_2025,-1.09,-8.95,-4.62,-0.16,-0.06,0.00
-78983,8.26,-103791,10.14,649,3,49411,12_41_49_10_04_2025,0.67,-8.61,-5.55,0.27,0.03,-0.03
-82827,8.55,-103334,10.10,649,3,49449,12_41_49_10_04_2025,-0.40,-9.05,-2.02,0.13,-0.04,0.01
-85409,8.74,-104379,10.18,649,3,49487,12_41_49_10_04_2025,-1.07,-9.19,-5.30,-0.13,-0.00,0.00
-73851,7.87,-96425,9.58,649,3,49536,12_41_49_10_04_2025,-1.46,-9.47,-3.82,0.26,0.00,-0.01
-58368,6.69,-72371,7.76,650,3,49574,12_41_49_10_04_2025,-1.52,-9.49,-3.80,0.16,-0.02,-0.01
-45827,5.74,-56282,6.54,650,3,49613,12_41_49_10_04_2025,0.63,-6.80,-5.21,0.10,0.01,0.06
-37606,5.12,-46199,5.77,649,3,49651,12_41_49_10_04_2025,-0.92,-9.57,-3.62,0.41,-0.16,-0.10
-30765,4.60,-33367,4.80,649,3,49689,12_41_49_10_04_2025,-1.11,-8.85,-3.33,0.53,-0.19,0.08
-25782,4.23,-20621,3.83,649,3,49731,12_41_49_10_04_2025,-0.17,-8.77,-2.74,0.30,-0.04,0.11
-20706,3.84,-16337,3.51,649,3,49769,12_41_49_10_04_2025,-0.31,-8.72,-3.52,0.13,-0.14,0.19
-19104,3.72,-13927,3.33,649,3,49805,12_41_49_10_04_2025,-1.06,-10.21,-1.77,0.05,-0.05,-0.17
-21598,3.91,-16839,3.55,649,3,49843,12_41_49_10_04_2025,-1.44,-9.52,-3.01,-0.39,0.01,-0.01
-26132,4.25,-22065,3.94,649,3,49882,12_41_49_10_04_2025,-0.55,-9.21,-4.19,-0.37,0.09,-0.07
-32015,4.70,-22065,3.94,649,3,49920,12_41_49_10_04_2025,-0.52,-9.43,-3.18,-0.02,0.10,-0.03
-38223,5.17,-41281,5.40,649,3,49970,12_41_49_10_04_2025,-0.60,-9.30,-3.83,-0.48,0.01,-0.01
-41804,5.44,-49487,6.02,649,3,50008,12_41_49_10_04_2025,-0.08,-9.06,-4.47,-0.29,0.05,-0.07
-48892,5.98,-61988,6.97,650,3,50049,12_41_49_10_04_2025,0.24,-8.30,-3.16,-0.11,-0.03,0.02
-58331,6.69,-82139,8.50,649,3,50089,12_41_49_10_04_2025,-0.60,-9.04,-4.16,-0.43,0.02,-0.05
-71779,7.71,-96910,9.61,649,3,50128,12_41_50_10_04_2025,-1.67,-9.44,-5.31,-0.15,-0.03,0.01
-76417,8.06,-102165,10.01,649,3,50171,12_41_50_10_04_2025,-1.28,-9.21,-4.74,0.13,0.02,-0.02
-80630,8.38,-106450,10.34,649,3,50210,12_41_50_10_04_2025,-0.18,-8.78,-3.30,0.14,0.01,-0.00
-81531,8.45,-106585,10.35,650,3,50248,12_41_50_10_04_2025,-0.56,-8.96,-4.58,-0.04,-0.05,-0.02
-81012,8.41,-106640,10.35,649,3,50287,12_41_50_10_04_2025,-0.80,-9.00,-4.06,0.06,-0.04,-0.02
-78400,8.21,-105841,10.29,650,3,50325,12_41_50_10_04_2025,-0.29,-8.84,-4.32,0.00,-0.00,-0.00
-76673,8.08,-103632,10.12,649,3,50364,12_41_50_10_04_2025,-0.89,-9.14,-3.89,0.02,-0.02,0.01
-66548,7.31,-95111,9.48,649,3,50413,12_41_50_10_04_2025,-0.99,-9.21,-4.47,0.06,-0.05,-0.01
-58137,6.68,-85357,8.74,649,3,50452,12_41_50_10_04_2025,-0.29,-8.68,-4.38,0.12,0.04,-0.01
-53283,6.31,-77057,8.11,649,3,50490,12_41_50_10_04_2025,-0.87,-8.92,-3.84,0.07,-0.05,-0.06
-48748,5.97,-67533,7.39,650,3,50528,12_41_50_10_04_2025,-0.84,-9.09,-4.94,0.17,-0.05,-0.05
-42042,5.46,-52829,6.27,649,3,50567,12_41_50_10_04_2025,-0.77,-9.43,-3.87,0.39,-0.02,-0.03
-37624,5.12,-46879,5.82,649,3,50606,12_41_50_10_04_2025,1.09,-9.24,-2.57,0.16,0.02,-0.06
-35236,4.94,-43917,5.60,649,3,50648,12_41_50_10_04_2025,-0.77,-9.24,-4.21,0.03,-0.11,0.05
-33247,4.79,-43917,5.60,649,3,50686,12_41_50_10_04_2025,-1.52,-9.67,-4.37,0.15,-0.11,-0.00
-32407,4.73,-33585,4.82,649,3,50724,12_41_50_10_04_2025,-0.39,-8.70,-2.53,0.08,0.13,-0.07
-33922,4.84,-36267,5.02,649,3,50762,12_41_50_10_04_2025,-0.16,-8.86,-3.34,-0.03,-0.05,0.01
-39016,5.23,-42214,5.47,649,3,50801,12_41_50_10_04_2025,-0.38,-9.10,-3.03,-0.36,-0.03,0.04
-46131,5.77,-55923,6.51,649,3,50850,12_41_50_10_04_2025,-0.32,-8.73,-4.41,-0.17,-0.04,0.05
-53584,6.33,-65264,7.22,648,3,50888,12_41_50_10_04_2025,-1.16,-9.39,-4.52,-0.05,0.02,0.03
-59263,6.76,-74874,7.95,650,3,50927,12_41_50_10_04_2025,-0.49,-9.18,-3.40,0.03,0.06,-0.02
-65457,7.23,-85613,8.76,649,3,50966,12_41_50_10_04_2025,0.02,-8.70,-3.59,-0.21,-0.01,-0.02
-74169,7.89,-95011,9.47,649,3,51004,12_41_50_10_04_2025,-0.93,-9.28,-4.63,-0.15,0.00,0.01
-81354,8.44,-102350,10.03,649,3,51042,12_41_50_10_04_2025,-1.42,-9.54,-3.84,0.05,-0.05,0.01
-90244,9.11,-111463,10.72,649,3,51087,12_41_50_10_04_2025,-0.30,-8.63,-4.66,-0.14,0.01,0.02
-96556,9.59,-118789,11.27,650,3,51125,12_41_51_10_04_2025,-0.47,-9.43,-3.38,0.11,-0.05,-0.02
-100917,9.92,-127300,11.92,649,3,51163,12_41_51_10_04_2025,-0.47,-8.57,-4.00,-0.15,-0.10,-0.02
-103034,10.08,-132915,12.34,649,3,51203,12_41_51_10_04_2025,-1.34,-9.45,-5.09,0.02,-0.06,0.04
-103589,10.12,-132915,12.34,649,3,51241,12_41_51_10_04_2025,-0.36,-8.56,-4.45,-0.00,-0.04,-0.00
-102403,10.03,-127114,11.90,649,3,51291,12_41_51_10_04_2025,-0.84,-9.19,-3.48,0.16,0.01,0.01
-92513,9.28,-122520,11.55,649,3,51330,12_41_51_10_04_2025,-0.49,-8.70,-4.87,-0.16,-0.06,0.02
-85647,8.76,-112653,10.81,649,3,51368,12_41_51_10_04_2025,-0.95,-9.16,-4.61,0.20,0.08,0.03
-73467,7.84,-104715,10.21,649,3,51407,12_41_51_10_04_2025,-0.75,-9.15,-3.65,0.04,0.03,-0.09
-62751,7.03,-95598,9.52,649,3,51445,12_41_51_10_04_2025,-0.59,-8.74,-4.48,0.10,0.01,0.01
-56298,6.54,-83516,8.60,650,3,51483,12_41_51_10_04_2025,-1.33,-9.13,-3.93,0.20,0.02,-0.01
-47864,5.90,-67299,7.37,649,3,51525,12_41_51_10_04_2025,-1.20,-9.20,-4.58,0.11,-0.04,-0.11
-40914,5.37,-53409,6.32,649,3,51564,12_41_51_10_04_2025,0.08,-9.11,-4.51,0.32,-0.05,-0.15
-36842,5.06,-43331,5.56,649,3,51602,12_41_51_10_04_2025,0.63,-8.69,-1.98,0.50,0.04,-0.05
-33332,4.80,-39381,5.26,649,3,51640,12_41_51_10_04_2025,-0.65,-9.18,-2.41,-0.05,-0.19,0.09
-31470,4.66,-34445,4.88,648,3,51679,12_41_51_10_04_2025,-0.97,-9.42,-4.45,-0.10,-0.12,0.07
-30098,4.55,-30689,4.60,650,3,51728,12_41_51_10_04_2025,-0.64,-9.19,-2.71,0.07,0.07,-0.07
-33576,4.82,-35708,4.98,648,3,51767,12_41_51_10_04_2025,0.33,-8.89,-2.73,-0.11,0.04,-0.00
-41198,5.39,-48039,5.91,649,3,51806,12_41_51_10_04_2025,-0.02,-8.56,-3.29,-0.54,0.16,-0.04
-45932,5.75,-60905,6.89,649,3,51844,12_41_51_10_04_2025,-1.16,-9.62,-5.29,-0.36,-0.06,0.03
-49306,6.01,-69221,7.52,649,3,51882,12_41_51_10_04_2025,-1.06,-9.11,-3.99,0.03,-0.01,0.07
-51668,6.19,-73644,7.85,649,3,51921,12_41_51_10_04_2025,-0.61,-8.93,-4.28,-0.10,-0.05,-0.03
-52100,6.22,-74505,7.92,649,3,51963,12_41_51_10_04_2025,-0.87,-9.03,-4.29,0.11,-0.06,-0.02
-50645,6.11,-69837,7.56,649,3,52001,12_41_51_10_04_2025,-0.79,-9.30,-3.52,0.12,0.01,0.01
-47882,5.90,-66094,7.28,649,3,52037,12_41_51_10_04_2025,0.21,-8.57,-3.25,0.04,-0.02,-0.01
-47366,5.86,-66290,7.29,649,3,52075,12_41_51_10_04_2025,-0.90,-9.28,-4.70,-0.07,-0.02,0.01
-49523,6.02,-66991,7.35,649,3,52113,12_41_52_10_04_2025,-0.55,-9.17,-3.65,0.13,0.02,-0.02
-56381,6.54,-74178,7.89,650,3,52168,12_41_52_10_04_2025,-0.36,-8.90,-3.96,-0.17,0.01,0.01
-60135,6.83,-82785,8.54,649,3,52206,12_41_52_10_04_2025,-0.56,-9.18,-4.43,-0.04,0.08,-0.00
-66467,7.31,-88674,8.99,649,3,52244,12_41_52_10_04_2025,-0.34,-9.08,-2.74,-0.10,0.01,-0.01
-68019,7.43,-97780,9.68,649,3,52283,12_41_52_10_04_2025,-0.51,-9.05,-4.61,-0.26,-0.04,0.00
-71397,7.68,-103818,10.14,649,3,52321,12_41_52_10_04_2025,-1.14,-9.12,-5.02,0.00,-0.05,-0.01
-76186,8.04,-106468,10.34,650,3,52360,12_41_52_10_04_2025,-0.64,-8.95,-3.90,0.08,-0.01,-0.02
-79274,8.28,-109971,10.60,649,3,52402,12_41_52_10_04_2025,-0.86,-9.06,-4.33,-0.04,-0.06,0.00
-80890,8.40,-108805,10.52,649,3,52440,12_41_52_10_04_2025,-0.59,-9.03,-4.24,0.12,0.02,-0.00
-82525,8.52,-109546,10.57,649,3,52476,12_41_52_10_04_2025,-0.15,-8.89,-3.10,-0.02,0.01,-0.02
-82815,8.55,-113352,10.86,649,3,52514,12_41_52_10_04_2025,-0.67,-9.09,-4.88,-0.13,0.00,0.02
-81467,8.44,-113614,10.88,649,3,52553,12_41_52_10_04_2025,-1.16,-9.10,-3.94,0.06,0.03,0.04
-67057,7.35,-106028,10.31,649,3,52602,12_41_52_10_04_2025,-0.55,-9.19,-4.21,0.10,0.03,0.02
-57464,6.63,-96967,9.62,649,3,52640,12_41_52_10_04_2025,-0.78,-8.90,-3.25,0.01,-0.08,-0.04
-52326,6.24,-89901,9.08,649,3,52679,12_41_52_10_04_2025,-0.40,-8.59,-5.59,0.06,-0.06,0.02
-47072,5.84,-81829,8.47,649,3,52717,12_41_52_10_04_2025,-1.47,-9.32,-4.17,0.30,0.01,-0.03
-42625,5.50,-64825,7.18,649,3,52755,12_41_52_10_04_2025,-1.29,-9.40,-3.79,0.26,-0.07,-0.01
-37505,5.11,-53616,6.33,649,3,52794,12_41_52_10_04_2025,-0.10,-9.12,-3.01,0.31,-0.07,-0.16
-31564,4.66,-47800,5.89,650,3,52835,12_41_52_10_04_2025,0.48,-8.61,-3.22,0.10,-0.11,-0.06
-29122,4.48,-41434,5.41,650,3,52873,12_41_52_10_04_2025,-0.99,-9.54,-3.33,0.10,-0.21,0.02
-25580,4.21,-30401,4.58,649,3,52912,12_41_52_10_04_2025,-0.74,-9.16,-3.68,0.12,-0.32,-0.06
-19190,3.73,-23429,4.05,650,3,52951,12_41_52_10_04_2025,0.01,-8.78,-3.74,0.14,-0.32,-0.07
-15545,3.45,-18126,3.65,650,3,52989,12_41_52_10_04_2025,0.06,-9.32,-4.39,0.08,-0.08,-0.07
-12013,3.18,-15436,3.44,650,3,53028,12_41_52_10_04_2025,-1.04,-9.38,-3.22,0.25,-0.09,0.01
-8087,2.89,-12979,3.26,649,3,53077,12_41_52_10_04_2025,-0.81,-9.27,-2.39,-0.02,0.04,0.05
-7480,2.84,-11382,3.13,649,3,53115,12_41_53_10_04_2025,-1.12,-9.57,-2.98,-0.36,0.10,0.03
-7579,2.85,-10554,3.07,649,3,53154,12_41_53_10_04_2025,-0.66,-9.05,-3.17,-0.43,0.00,0.02
-7336,2.83,-10172,3.04,649,3,53194,12_41_53_10_04_2025,-0.18,-9.12,-3.45,-0.55,0.06,0.09
-7749,2.86,-10064,3.04,649,3,53233,12_41_53_10_04_2025,-0.70,-8.27,-3.92,-0.65,0.17,0.13
-7829,2.87,-10067,3.04,649,3,53275,12_41_53_10_04_2025,-0.59,-9.60,-4.35,-0.40,0.17,0.15
-7273,2.82,-10859,3.10,649,3,53314,12_41_53_10_04_2025,-0.63,-8.89,-5.21,-0.76,0.00,-0.05
-7410,2.83,-10663,3.08,649,3,53352,12_41_53_10_04_2025,-1.24,-8.35,-6.06,-0.33,-0.02,0.05
-7606,2.85,-10440,3.06,649,3,53391,12_41_53_10_04_2025,-1.60,-8.79,-5.27,0.12,-0.01,0.01
-7424,2.84,-10691,3.08,649,3,53430,12_41_53_10_04_2025,-0.60,-8.63,-3.70,0.19,-0.01,-0.02
-7371,2.83,-10569,3.07,649,3,53469,12_41_53_10_04_2025,-0.90,-8.80,-4.15,-0.07,-0.01,0.01
-7149,2.81,-10369,3.06,649,3,53518,12_41_53_10_04_2025,-0.81,-8.73,-4.83,0.06,-0.01,-0.01
-7020,2.80,-10328,3.06,649,3,53556,12_41_53_10_04_2025,-0.85,-8.77,-4.11,0.04,-0.01,-0.01
-7146,2.81,-10335,3.06,649,3,53594,12_41_53_10_04_2025,-0.79,-8.73,-4.58,-0.04,-0.01,-0.00
-6997,2.80,-10447,3.06,649,3,53634,12_41_53_10_04_2025,-0.91,-8.78,-4.61,0.03,-0.01,-0.01
-7148,2.81,-10480,3.07,649,3,53672,12_41_53_10_04_2025,-0.78,-8.71,-4.39,0.00,-0.00,-0.01
-7140,2.81,-10586,3.07,649,3,53710,12_41_53_10_04_2025,-0.88,-8.76,-4.53,-0.00,-0.01,-0.01
-7137,2.81,-10537,3.07,649,3,53752,12_41_53_10_04_2025,-0.85,-8.75,-4.49,0.02,-0.01,-0.00
-6925,2.80,-10642,3.08,649,3,53790,12_41_53_10_04_2025,-0.89,-8.69,-4.55,-0.02,-0.00,-0.02
-6841,2.79,-10537,3.07,648,3,53829,12_41_53_10_04_2025,-0.73,-8.63,-4.61,0.04,-0.00,-0.01
-6875,2.79,-10498,3.07,649,3,53867,12_41_53_10_04_2025,-0.96,-8.73,-4.30,0.01,-0.01,-0.00
-6748,2.78,-10531,3.07,649,3,53906,12_41_53_10_04_2025,-0.81,-8.78,-4.55,0.02,-0.01,-0.01
-6954,2.80,-10393,3.06,649,3,53955,12_41_53_10_04_2025,-0.84,-8.84,-4.48,0.00,-0.02,-0.03
-8148,2.89,-10483,3.07,649,3,53994,12_41_53_10_04_2025,-0.85,-8.80,-4.43,-0.05,-0.01,-0.02
-7647,2.85,-10550,3.07,649,3,54032,12_41_53_10_04_2025,-0.86,-8.78,-4.23,0.04,-0.11,-0.03
-6936,2.80,-10538,3.07,649,3,54070,12_41_53_10_04_2025,-1.11,-8.95,-4.50,-0.05,-0.05,-0.01
-6894,2.80,-10646,3.08,649,3,54110,12_41_54_10_04_2025,-1.00,-8.94,-4.44,0.03,-0.14,-0.06
-6943,2.80,-10672,3.08,649,3,54148,12_41_54_10_04_2025,-1.32,-9.12,-3.59,0.17,-0.40,-0.13
-6247,2.75,-10767,3.09,649,3,54189,12_41_54_10_04_2025,-0.80,-8.84,-3.52,-0.30,-0.37,-0.09
-6100,2.73,-10735,3.09,649,3,54231,12_41_54_10_04_2025,0.39,-7.33,-5.85,-0.66,-0.04,0.01
-5948,2.72,-10525,3.07,649,3,54269,12_41_54_10_04_2025,-1.66,-8.83,-5.75,0.03,-0.05,0.02
-5584,2.70,-10573,3.07,649,3,54308,12_41_54_10_04_2025,-1.28,-8.85,-4.77,0.15,0.02,-0.02
-5584,2.70,-10769,3.09,649,3,54346,12_41_54_10_04_2025,-0.46,-8.43,-4.06,0.04,-0.01,-0.01
-4857,2.64,-10616,3.08,649,3,54395,12_41_54_10_04_2025,-1.10,-8.67,-4.95,-0.05,0.00,-0.00
-4508,2.61,-10619,3.08,649,3,54433,12_41_54_10_04_2025,-0.98,-8.63,-4.74,0.07,-0.01,-0.01
-4232,2.59,-10511,3.07,650,3,54472,12_41_54_10_04_2025,-0.92,-8.86,-4.42,0.05,-0.01,-0.02
-4277,2.60,-10536,3.07,650,3,54511,12_41_54_10_04_2025,-1.20,-8.87,-4.56,-0.02,-0.01,-0.00
-4251,2.59,-10629,3.08,649,3,54549,12_41_54_10_04_2025,-0.78,-8.54,-4.71,0.03,-0.00,-0.00
-4508,2.61,-10511,3.07,649,3,54587,12_41_54_10_04_2025,-1.09,-8.70,-4.48,-0.00,-0.01,-0.01
-4846,2.64,-10648,3.08,649,3,54628,12_41_54_10_04_2025,-0.95,-8.63,-4.79,-0.01,-0.00,-0.00
-4688,2.63,-10799,3.09,650,3,54666,12_41_54_10_04_2025,-0.99,-8.64,-4.54,0.03,-0.01,-0.01
-4994,2.65,-10609,3.08,649,3,54705,12_41_54_10_04_2025,-0.99,-8.68,-4.56,-0.01,-0.01,-0.00
-5277,2.67,-10574,3.07,649,3,54743,12_41_54_10_04_2025,-0.99,-8.66,-4.74,0.01,-0.01,-0.01
-5299,2.67,-10586,3.07,649,3,54782,12_41_54_10_04_2025,-1.03,-8.68,-4.56,0.02,-0.01,-0.01
-5299,2.67,-10649,3.08,648,3,54820,12_41_54_10_04_2025,-0.92,-8.61,-4.63,-0.00,-0.01,-0.00
-5840,2.72,-10466,3.07,648,3,54869,12_41_54_10_04_2025,-1.02,-8.70,-4.65,0.01,-0.01,-0.01
-5989,2.73,-10638,3.08,649,3,54907,12_41_54_10_04_2025,-0.95,-8.63,-4.63,0.02,-0.01,-0.01
-5959,2.72,-10557,3.07,650,3,54945,12_41_54_10_04_2025,-0.98,-8.70,-4.59,0.00,-0.01,-0.00
-6022,2.73,-10632,3.08,649,3,54984,12_41_54_10_04_2025,-0.98,-8.64,-4.65,0.02,-0.01,-0.01
-6396,2.76,-10537,3.07,649,3,55022,12_41_54_10_04_2025,-1.02,-8.69,-4.56,0.01,-0.02,-0.01
-6197,2.74,-10597,3.08,649,3,55064,12_41_54_10_04_2025,-0.84,-8.68,-4.70,0.01,-0.05,-0.03
-6235,2.75,-10676,3.08,649,3,55103,12_41_54_10_04_2025,-1.06,-8.74,-4.59,-0.01,-0.02,-0.01
-6209,2.74,-10658,3.08,650,3,55139,12_41_55_10_04_2025,-1.01,-8.72,-4.70,-0.00,-0.01,-0.01
-6187,2.74,-10662,3.08,649,3,55177,12_41_55_10_04_2025,-0.89,-8.61,-4.58,0.03,-0.01,-0.01
-6402,2.76,-10602,3.08,649,3,55215,12_41_55_10_04_2025,-1.13,-8.78,-4.55,-0.01,-0.01,-0.00
-6725,2.78,-10719,3.08,649,3,55254,12_41_55_10_04_2025,-0.86,-8.75,-4.04,0.05,-0.05,0.00
-6564,2.77,-10620,3.08,649,3,55307,12_41_55_10_04_2025,-1.16,-8.70,-4.67,0.01,-0.01,-0.01
-6364,2.75,-10729,3.09,649,3,55347,12_41_55_10_04_2025,-0.84,-8.41,-4.97,0.02,-0.00,-0.01
-6563,2.77,-10742,3.09,649,3,55385,12_41_55_10_04_2025,-0.73,-8.45,-6.00,0.19,-0.08,-0.13
-6474,2.76,-10520,3.07,650,3,55423,12_41_55_10_04_2025,-1.60,-9.04,-4.32,0.57,0.02,-0.10
-6601,2.77,-10425,3.06,649,3,55463,12_41_55_10_04_2025,-0.27,-8.66,-2.65,0.19,0.04,-0.05
-6516,2.77,-10804,3.09,649,3,55501,12_41_55_10_04_2025,-0.80,-8.74,-3.74,-0.27,-0.05,0.01
-6532,2.77,-10615,3.08,649,3,55542,12_41_55_10_04_2025,-1.28,-8.77,-5.58,-0.11,0.00,-0.01
-6561,2.77,-10386,3.06,649,3,55581,12_41_55_10_04_2025,-0.62,-8.60,-4.18,0.20,-0.01,-0.03
-6647,2.78,-10586,3.07,649,3,55619,12_41_55_10_04_2025,-1.07,-8.92,-4.44,0.10,-0.05,-0.03
-6570,2.77,-10744,3.09,649,3,55657,12_41_55_10_04_2025,-1.16,-8.79,-4.73,0.16,-0.02,-0.06
-6590,2.77,-10744,3.09,649,3,55695,12_41_55_10_04_2025,-1.08,-8.58,-6.85,0.41,-0.09,-0.16
-6430,2.76,-10671,3.08,649,3,55745,12_41_55_10_04_2025,-1.00,-8.45,-0.53,0.70,-0.13,-0.03
-6558,2.77,-10846,3.09,649,3,55783,12_41_55_10_04_2025,-0.11,-9.11,-3.02,-0.19,0.05,-0.02
-6479,2.76,-11915,3.18,649,3,55822,12_41_55_10_04_2025,-0.67,-9.22,-3.92,-0.06,-0.05,0.07
-6494,2.76,-13298,3.28,650,3,55860,12_41_55_10_04_2025,-0.98,-9.14,-3.88,-0.05,0.01,-0.00
-6649,2.78,-15037,3.41,649,3,55898,12_41_55_10_04_2025,-0.46,-9.24,-3.40,-0.04,0.05,0.01
-6633,2.78,-19045,3.72,650,3,55936,12_41_55_10_04_2025,-0.16,-8.75,-3.53,-0.20,0.22,0.07
-7487,2.84,-21817,3.93,649,3,55978,12_41_55_10_04_2025,-1.10,-9.63,-3.36,-0.34,0.24,0.06
-9710,3.01,-25796,4.23,649,3,56016,12_41_55_10_04_2025,-0.70,-9.11,-3.88,-0.42,0.31,0.08
-13021,3.26,-29217,4.49,649,3,56054,12_41_55_10_04_2025,-1.73,-9.49,-5.14,-0.40,0.08,-0.11
-18232,3.65,-31727,4.68,649,3,56093,12_41_55_10_04_2025,-1.30,-9.16,-5.28,-0.02,0.08,-0.01
-19804,3.77,-32709,4.75,649,3,56132,12_41_56_10_04_2025,-0.60,-8.57,-4.04,0.06,0.11,-0.02
-20794,3.85,-34984,4.92,649,3,56181,12_41_56_10_04_2025,-0.83,-8.79,-4.31,-0.04,0.10,0.03
-17645,3.61,-35836,4.99,649,3,56219,12_41_56_10_04_2025,-0.47,-8.50,-4.54,-0.17,0.21,0.04
-15263,3.43,-34852,4.91,649,3,56258,12_41_56_10_04_2025,-1.32,-9.07,-4.98,0.21,0.08,0.03
-16680,3.54,-33145,4.78,649,3,56296,12_41_56_10_04_2025,-1.44,-9.31,-3.04,0.10,0.08,-0.08
-16296,3.51,-32677,4.75,649,3,56337,12_41_56_10_04_2025,-0.39,-8.50,-3.55,-0.17,0.01,0.03
-18663,3.69,-34678,4.90,649,3,56376,12_41_56_10_04_2025,-1.03,-9.08,-4.87,-0.08,-0.00,0.05
-22227,3.96,-36482,5.04,649,3,56417,12_41_56_10_04_2025,-0.69,-8.88,-4.17,-0.02,0.01,0.04
-24174,4.10,-38295,5.17,649,3,56457,12_41_56_10_04_2025,-0.86,-8.63,-5.14,-0.05,-0.04,0.01
-25314,4.19,-37986,5.15,649,3,56495,12_41_56_10_04_2025,-0.88,-8.92,-4.28,0.11,0.01,-0.02
-24376,4.12,-37646,5.12,649,3,56533,12_41_56_10_04_2025,-0.75,-8.71,-4.40,0.00,-0.03,-0.01
-23983,4.09,-36215,5.02,649,3,56572,12_41_56_10_04_2025,-1.06,-8.95,-4.35,0.08,-0.01,-0.01
-24139,4.10,-34361,4.88,649,3,56610,12_41_56_10_04_2025,-0.62,-8.90,-4.23,0.15,-0.03,-0.02
-24859,4.16,-33015,4.77,649,3,56660,12_41_56_10_04_2025,-0.56,-8.67,-3.93,-0.10,-0.05,-0.01
-25021,4.17,-33314,4.80,649,3,56699,12_41_56_10_04_2025,-1.01,-8.93,-4.96,-0.09,-0.04,0.00
-24732,4.15,-33511,4.81,649,3,56737,12_41_56_10_04_2025,-0.73,-8.77,-4.54,0.11,-0.01,-0.03
-25341,4.19,-33160,4.78,649,3,56775,12_41_56_10_04_2025,-0.82,-8.81,-4.20,0.09,-0.04,-0.01
-25617,4.21,-33065,4.78,649,3,56814,12_41_56_10_04_2025,-0.84,-8.82,-4.51,0.07,-0.05,-0.02
-24063,4.10,-32804,4.76,649,3,56856,12_41_56_10_04_2025,-1.22,-8.83,-4.82,0.26,-0.11,-0.05
-22377,3.97,-32005,4.70,650,3,56894,12_41_56_10_04_2025,-0.62,-8.96,-3.42,0.25,-0.03,-0.07
-20834,3.85,-32642,4.75,649,3,56933,12_41_56_10_04_2025,-0.80,-8.79,-3.68,-0.04,-0.06,-0.02
-21989,3.94,-32198,4.71,649,3,56972,12_41_56_10_04_2025,-0.85,-8.95,-4.17,0.05,0.02,-0.00
-20745,3.84,-31649,4.67,649,3,57010,12_41_56_10_04_2025,-0.67,-8.87,-3.97,-0.01,-0.03,-0.00
-22230,3.96,-30865,4.61,649,3,57049,12_41_56_10_04_2025,-0.89,-9.06,-4.07,-0.03,-0.01,-0.02
-22874,4.01,-30429,4.58,649,3,57098,12_41_56_10_04_2025,-0.92,-9.03,-4.62,0.04,-0.03,-0.02
-23025,4.02,-29630,4.52,649,3,57137,12_41_57_10_04_2025,-0.66,-8.98,-4.08,0.10,-0.00,-0.02
-23229,4.03,-29325,4.49,650,3,57176,12_41_57_10_04_2025,-0.69,-8.99,-3.75,0.02,-0.02,-0.01
-25411,4.20,-30391,4.58,649,3,57215,12_41_57_10_04_2025,-0.88,-8.98,-4.49,0.01,-0.03,-0.02
-26410,4.27,-30536,4.59,649,3,57253,12_41_57_10_04_2025,-1.01,-9.07,-4.42,0.13,-0.00,-0.03
-28014,4.39,-31519,4.66,649,3,57295,12_41_57_10_04_2025,-1.06,-9.27,-3.89,0.14,0.07,-0.08
-30534,4.59,-32233,4.71,649,3,57333,12_41_57_10_04_2025,-0.63,-9.02,-3.78,0.04,0.08,-0.09
-31400,4.65,-33316,4.80,649,3,57371,12_41_57_10_04_2025,-0.37,-8.82,-3.86,0.05,0.03,-0.05
-32170,4.71,-32754,4.75,649,3,57410,12_41_57_10_04_2025,-0.70,-9.04,-3.66,0.00,-0.00,-0.01
-32049,4.70,-31805,4.68,649,3,57448,12_41_57_10_04_2025,-0.75,-9.07,-4.21,-0.02,-0.01,-0.00
-29935,4.54,-31196,4.64,649,3,57486,12_41_57_10_04_2025,-0.61,-8.94,-3.56,-0.01,0.00,0.02
-28433,4.43,-30980,4.62,649,3,57536,12_41_57_10_04_2025,-0.69,-9.03,-4.11,-0.01,-0.01,0.03
-27113,4.33,-30235,4.56,649,3,57574,12_41_57_10_04_2025,-0.79,-9.07,-4.08,-0.03,-0.02,0.02
-26017,4.24,-29852,4.53,650,3,57612,12_41_57_10_04_2025,-0.63,-9.01,-3.85,-0.01,-0.02,0.01
-24868,4.16,-30194,4.56,649,3,57651,12_41_57_10_04_2025,-0.82,-8.88,-4.47,-0.01,-0.06,0.03
-23827,4.08,-29328,4.49,649,3,57689,12_41_57_10_04_2025,-1.12,-9.27,-4.41,0.09,-0.02,-0.02
-23526,4.05,-28456,4.43,649,3,57727,12_41_57_10_04_2025,-0.73,-9.01,-3.65,0.09,0.00,-0.03
-22697,3.99,-28062,4.40,650,3,57768,12_41_57_10_04_2025,-0.60,-8.91,-3.96,0.01,-0.01,-0.02
-22530,3.98,-27209,4.33,649,3,57807,12_41_57_10_04_2025,-0.90,-9.17,-3.95,0.02,-0.02,-0.00
-21849,3.93,-27002,4.32,649,3,57845,12_41_57_10_04_2025,-0.72,-8.94,-4.08,-0.01,-0.01,-0.01
-21699,3.92,-26792,4.30,649,3,57883,12_41_57_10_04_2025,-0.72,-9.02,-4.01,0.07,-0.01,-0.01
-21188,3.88,-26754,4.30,650,3,57922,12_41_57_10_04_2025,-0.70,-8.96,-3.75,-0.06,-0.01,-0.00
-21384,3.89,-26807,4.30,650,3,57971,12_41_57_10_04_2025,-0.86,-9.07,-4.12,0.00,-0.01,-0.00
-21770,3.92,-26563,4.29,649,3,58010,12_41_57_10_04_2025,-0.81,-9.01,-3.91,0.01,-0.01,-0.01
-22940,4.01,-26472,4.28,649,3,58048,12_41_57_10_04_2025,-0.79,-8.99,-4.07,-0.00,-0.04,-0.01
-24309,4.11,-26080,4.25,649,3,58087,12_41_57_10_04_2025,-0.92,-9.20,-4.29,0.06,-0.03,-0.02
-24586,4.14,-25487,4.20,649,3,58125,12_41_58_10_04_2025,-0.82,-9.02,-3.81,0.09,-0.01,-0.04
-24862,4.16,-25052,4.17,649,3,58164,12_41_58_10_04_2025,-0.98,-9.12,-4.12,0.04,-0.02,-0.06
-24827,4.15,-24534,4.13,649,3,58206,12_41_58_10_04_2025,-0.51,-8.98,-3.40,0.06,0.03,-0.03
-25247,4.19,-26426,4.27,649,3,58244,12_41_58_10_04_2025,-0.24,-8.69,-3.59,-0.10,0.00,0.01
-26466,4.28,-26762,4.30,649,3,58283,12_41_58_10_04_2025,-1.15,-9.38,-4.20,0.02,-0.02,0.01
-26690,4.29,-26992,4.32,649,3,58322,12_41_58_10_04_2025,-0.75,-9.10,-4.02,0.00,0.02,-0.02
-24305,4.11,-27615,4.36,649,3,58360,12_41_58_10_04_2025,-0.40,-8.87,-3.79,0.02,-0.00,-0.00
-22672,3.99,-27081,4.32,649,3,58413,12_41_58_10_04_2025,-0.95,-9.15,-4.00,-0.04,-0.03,0.04
-22398,3.97,-26584,4.29,649,3,58451,12_41_58_10_04_2025,-0.88,-9.04,-4.25,0.01,0.00,-0.01
-22949,4.01,-25811,4.23,649,3,58490,12_41_58_10_04_2025,-0.66,-8.97,-3.73,0.05,-0.02,-0.01
-22257,3.96,-25221,4.18,649,3,58529,12_41_58_10_04_2025,-0.62,-8.96,-3.76,-0.04,-0.02,0.01
-21358,3.89,-25489,4.20,649,3,58568,12_41_58_10_04_2025,-0.76,-9.05,-3.98,-0.02,-0.01,0.02
-20445,3.82,-25997,4.24,649,3,58606,12_41_58_10_04_2025,-1.02,-8.95,-4.18,-0.04,-0.03,0.00
-20431,3.82,-25804,4.23,649,3,58648,12_41_58_10_04_2025,-0.78,-9.04,-3.97,0.04,-0.02,-0.01
-19985,3.79,-25851,4.23,650,3,58687,12_41_58_10_04_2025,-0.87,-9.01,-3.69,0.00,-0.01,0.00
-19396,3.74,-25257,4.19,649,3,58725,12_41_58_10_04_2025,-0.74,-8.97,-3.93,0.01,-0.06,0.00
-18317,3.66,-23955,4.09,649,3,58764,12_41_58_10_04_2025,-0.84,-9.03,-3.85,-0.02,-0.09,-0.00
-16489,3.52,-23444,4.05,649,3,58803,12_41_58_10_04_2025,-0.77,-9.04,-4.01,-0.05,-0.05,0.00
-15233,3.43,-22940,4.01,649,3,58852,12_41_58_10_04_2025,-0.84,-9.03,-3.70,-0.09,-0.02,0.01
-14625,3.38,-22145,3.95,649,3,58891,12_41_58_10_04_2025,-0.87,-8.84,-4.00,-0.21,0.00,0.03
-15132,3.42,-21177,3.88,649,3,58929,12_41_58_10_04_2025,-0.81,-8.85,-4.63,-0.13,0.02,0.01
-14953,3.41,-21235,3.88,649,3,58968,12_41_58_10_04_2025,-0.97,-9.10,-3.98,0.01,-0.02,0.00
-14070,3.34,-20315,3.81,649,3,59007,12_41_58_10_04_2025,-0.81,-8.74,-3.51,-0.12,-0.03,0.02
-13440,3.29,-19427,3.74,649,3,59046,12_41_58_10_04_2025,-0.92,-8.82,-5.00,-0.17,-0.05,-0.01
-13173,3.27,-19149,3.72,650,3,59087,12_41_58_10_04_2025,-0.91,-8.91,-3.99,0.14,0.01,-0.02
-13594,3.30,-19877,3.78,649,3,59126,12_41_59_10_04_2025,-0.70,-8.92,-3.49,-0.04,-0.02,-0.00
-14214,3.35,-19462,3.75,649,3,59164,12_41_59_10_04_2025,-1.02,-9.10,-4.52,-0.10,-0.03,0.01
-13818,3.32,-18114,3.64,649,3,59202,12_41_59_10_04_2025,-1.01,-8.98,-4.11,-0.00,-0.01,0.01
-12987,3.26,-16417,3.52,649,3,59241,12_41_59_10_04_2025,-0.98,-8.50,-4.17,-0.16,0.02,0.02
-12181,3.20,-15055,3.41,649,3,59279,12_41_59_10_04_2025,-0.76,-8.92,-4.71,-0.07,0.01,0.00
-11667,3.16,-13410,3.29,650,3,59329,12_41_59_10_04_2025,-1.02,-8.72,-3.90,-0.11,0.07,0.01
-10194,3.05,-11727,3.16,649,3,59368,12_41_59_10_04_2025,-0.63,-8.74,-4.18,-0.22,0.06,0.03
-8869,2.94,-10997,3.11,649,3,59407,12_41_59_10_04_2025,-0.75,-8.57,-4.17,-0.32,0.06,0.06
-8063,2.88,-11002,3.11,649,3,59445,12_41_59_10_04_2025,-0.92,-8.67,-4.55,-0.37,0.06,0.07
-7374,2.83,-11002,3.11,649,3,59486,12_41_59_10_04_2025,-1.40,-8.56,-4.95,-0.29,0.06,0.05
-7405,2.83,-10561,3.07,649,3,59530,12_41_59_10_04_2025,-0.96,-8.31,-5.65,-0.07,0.04,0.03
-7298,2.83,-10410,3.06,650,3,59569,12_41_59_10_04_2025,-1.03,-8.74,-4.85,0.11,-0.01,-0.02
-7679,2.85,-10511,3.07,649,3,59608,12_41_59_10_04_2025,-0.69,-8.48,-4.37,-0.01,-0.00,-0.00
-7452,2.84,-10739,3.09,649,3,59646,12_41_59_10_04_2025,-1.07,-8.58,-5.10,-0.04,-0.02,-0.00
-7458,2.84,-10664,3.08,649,3,59684,12_41_59_10_04_2025,-0.93,-8.65,-4.78,0.04,0.00,-0.02
-7546,2.84,-10679,3.08,649,3,59723,12_41_59_10_04_2025,-0.90,-8.55,-4.77,-0.03,-0.01,-0.01
-7618,2.85,-10870,3.10,650,3,59772,12_41_59_10_04_2025,-0.92,-8.58,-4.74,0.03,-0.00,-0.01
-7556,2.85,-10789,3.09,649,3,59812,12_41_59_10_04_2025,-0.95,-8.55,-4.91,-0.02,-0.01,-0.00
-7575,2.85,-10595,3.08,649,3,59850,12_41_59_10_04_2025,-0.94,-8.54,-4.78,0.03,-0.00,-0.01
-7575,2.85,-10780,3.09,649,3,59888,12_41_59_10_04_2025,-0.93,-8.56,-4.76,-0.01,-0.01,-0.00
-7561,2.85,-10535,3.07,649,3,59926,12_41_59_10_04_2025,-0.93,-8.56,-4.85,0.00,-0.01,-0.01
-7734,2.86,-10683,3.08,649,3,59968,12_41_59_10_04_2025,-0.93,-8.56,-4.74,0.00,-0.01,-0.01
-7643,2.85,-10673,3.08,649,3,60006,12_41_59_10_04_2025,-0.95,-8.58,-4.83,0.00,-0.01,-0.00
-7559,2.85,-10680,3.08,649,3,60042,12_41_59_10_04_2025,-0.94,-8.56,-4.80,0.01,-0.00,-0.01
-7827,2.87,-10878,3.10,649,3,60080,12_41_59_10_04_2025,-0.94,-8.53,-5.08,0.01,-0.02,-0.03
-7778,2.86,-10610,3.08,649,3,60118,12_42_00_10_04_2025,-0.84,-8.66,-4.74,0.07,0.00,-0.03
-7274,2.82,-10567,3.07,649,3,60157,12_42_00_10_04_2025,-0.75,-8.53,-4.18,-0.06,0.00,0.01
-7625,2.85,-10493,3.07,649,3,60206,12_42_00_10_04_2025,-1.18,-8.69,-5.33,0.00,-0.02,0.00
-7430,2.84,-10636,3.08,649,3,60244,12_42_00_10_04_2025,-0.77,-8.52,-4.59,0.03,-0.01,-0.01
-7636,2.85,-10300,3.05,650,3,60282,12_42_00_10_04_2025,-0.95,-8.53,-4.91,-0.04,-0.01,-0.00
-7329,2.83,-10625,3.08,649,3,60321,12_42_00_10_04_2025,-0.96,-8.57,-4.86,0.04,-0.00,-0.01
-7619,2.85,-10531,3.07,650,3,60360,12_42_00_10_04_2025,-0.87,-8.53,-4.64,-0.00,-0.01,-0.01
-7625,2.85,-10589,3.07,649,3,60398,12_42_00_10_04_2025,-0.94,-8.57,-4.95,0.01,-0.00,-0.01
-7263,2.82,-10517,3.07,649,3,60440,12_42_00_10_04_2025,-0.92,-8.51,-4.51,-0.02,0.00,-0.00
-7136,2.81,-11034,3.11,649,3,60479,12_42_00_10_04_2025,-0.92,-8.39,-4.89,-0.04,-0.02,0.04
-7420,2.83,-10521,3.07,649,3,60517,12_42_00_10_04_2025,-0.91,-8.62,-5.24,0.04,-0.01,-0.02
-7809,2.86,-10402,3.06,649,3,60555,12_42_00_10_04_2025,-0.77,-8.38,-4.40,-0.02,-0.01,-0.01
-7580,2.85,-10632,3.08,649,3,60594,12_42_00_10_04_2025,-1.04,-8.59,-5.14,-0.01,-0.01,-0.01
-7379,2.83,-10484,3.07,648,3,60643,12_42_00_10_04_2025,-1.05,-8.64,-4.51,0.01,-0.01,-0.00
-7579,2.85,-10516,3.07,649,3,60682,12_42_00_10_04_2025,-0.93,-8.49,-5.02,-0.00,-0.01,-0.00
-7555,2.85,-10333,3.06,650,3,60721,12_42_00_10_04_2025,-0.94,-8.58,-4.70,0.03,-0.00,-0.01
-7425,2.84,-10543,3.07,648,3,60759,12_42_00_10_04_2025,-0.98,-8.58,-4.91,-0.01,-0.01,-0.01
-7551,2.84,-10606,3.08,650,3,60798,12_42_00_10_04_2025,-0.94,-8.54,-4.77,0.02,-0.01,-0.01
-7200,2.82,-10380,3.06,649,3,60837,12_42_00_10_04_2025,-0.89,-8.43,-4.81,-0.02,-0.01,-0.01
-7177,2.82,-10479,3.07,648,3,60878,12_42_00_10_04_2025,-0.89,-8.56,-4.80,0.02,-0.01,-0.01
-7429,2.84,-10616,3.08,649,3,60916,12_42_00_10_04_2025,-0.95,-8.61,-4.76,-0.01,-0.01,-0.01
-7537,2.84,-10444,3.06,649,3,60952,12_42_00_10_04_2025,-0.92,-8.52,-4.88,0.02,-0.00,-0.01
-7434,2.84,-10447,3.06,649,3,60990,12_42_00_10_04_2025,-0.93,-8.57,-4.75,0.01,-0.01,-0.01
-7470,2.84,-10309,3.05,649,3,61027,12_42_00_10_04_2025,-0.94,-8.54,-4.88,-0.00,-0.01,-0.01
-7452,2.84,-10473,3.07,649,3,61077,12_42_00_10_04_2025,-0.93,-8.55,-4.77,0.00,-0.01,-0.01
-7371,2.83,-10407,3.06,649,3,61114,12_42_01_10_04_2025,-0.94,-8.55,-4.86,0.00,-0.01,-0.01
-7550,2.84,-10453,3.06,649,3,61153,12_42_01_10_04_2025,-0.94,-8.57,-4.77,0.01,-0.01,-0.01
-7237,2.82,-10256,3.05,649,3,61191,12_42_01_10_04_2025,-0.94,-8.56,-4.83,0.00,-0.01,-0.01
-7473,2.84,-10456,3.06,649,3,61229,12_42_01_10_04_2025,-0.94,-8.55,-4.80,0.01,-0.01,-0.01
-7660,2.85,-10370,3.06,649,3,61267,12_42_01_10_04_2025,-0.94,-8.56,-4.81,0.00,-0.01,-0.01
-7172,2.82,-10194,3.05,649,3,61309,12_42_01_10_04_2025,-0.97,-8.49,-4.80,0.01,-0.01,-0.01
-7580,2.85,-10499,3.07,649,3,61348,12_42_01_10_04_2025,-0.76,-8.30,-4.92,0.01,-0.00,-0.00
-7212,2.82,-10305,3.05,649,3,61386,12_42_01_10_04_2025,-1.01,-8.62,-4.81,-0.01,-0.01,-0.00
-7391,2.83,-10344,3.06,649,3,61425,12_42_01_10_04_2025,-1.00,-8.60,-4.82,0.01,-0.01,-0.01
-7464,2.84,-10522,3.07,649,3,61477,12_42_01_10_04_2025,-0.92,-8.56,-4.76,0.01,-0.01,-0.00
-7442,2.84,-10423,3.06,649,3,61515,12_42_01_10_04_2025,-0.92,-8.46,-4.81,0.01,-0.01,-0.01
-7218,2.82,-10407,3.06,649,3,61569,12_42_01_10_04_2025,-0.91,-8.52,-4.84,0.00,-0.01,-0.01
-7284,2.82,-10528,3.07,649,3,61608,12_42_01_10_04_2025,-0.94,-8.54,-4.80,0.01,-0.00,-0.01
-7378,2.83,-10355,3.06,649,3,61647,12_42_01_10_04_2025,-0.95,-8.54,-4.82,0.00,-0.01,-0.01
-7289,2.82,-10360,3.06,649,3,61686,12_42_01_10_04_2025,-0.94,-8.54,-4.80,0.01,-0.01,-0.01
-7327,2.83,-10327,3.06,650,3,61724,12_42_01_10_04_2025,-0.94,-8.56,-4.82,0.01,-0.01,-0.01
-7383,2.83,-10218,3.05,649,3,61767,12_42_01_10_04_2025,-0.94,-8.54,-4.82,0.00,-0.01,-0.01
-7575,2.85,-10348,3.06,649,3,61805,12_42_01_10_04_2025,-0.92,-8.54,-4.81,0.01,-0.01,-0.01
-7361,2.83,-10168,3.04,649,3,61843,12_42_01_10_04_2025,-0.95,-8.55,-4.81,0.00,-0.01,-0.01
-7300,2.83,-10231,3.05,648,3,61882,12_42_01_10_04_2025,-0.94,-8.54,-4.82,0.00,-0.01,-0.01
-7319,2.83,-10508,3.07,649,3,61920,12_42_01_10_04_2025,-0.96,-8.57,-4.80,0.00,-0.01,-0.01
-7297,2.83,-10328,3.06,649,3,61958,12_42_01_10_04_2025,-0.92,-8.60,-4.84,0.00,-0.01,-0.01
-7293,2.83,-10373,3.06,649,3,62008,12_42_01_10_04_2025,-0.98,-8.59,-4.82,0.01,-0.01,-0.01
-7545,2.84,-10406,3.06,649,3,62046,12_42_01_10_04_2025,-0.91,-8.49,-4.81,0.00,-0.01,-0.01
-7545,2.84,-10258,3.05,649,3,62084,12_42_01_10_04_2025,-1.00,-8.62,-4.82,0.00,-0.01,-0.01
-7171,2.82,-10468,3.07,649,3,62123,12_42_02_10_04_2025,-0.90,-8.56,-4.84,0.00,-0.01,-0.01
-7475,2.84,-10356,3.06,649,3,62161,12_42_02_10_04_2025,-0.86,-8.46,-4.81,0.00,-0.01,-0.01
-7468,2.84,-10273,3.05,649,3,62199,12_42_02_10_04_2025,-0.98,-8.58,-4.82,0.00,-0.00,-0.00
-7371,2.83,-10408,3.06,649,3,62242,12_42_02_10_04_2025,-0.97,-8.61,-4.80,0.01,-0.01,-0.01
-7495,2.84,-10380,3.06,649,3,62279,12_42_02_10_04_2025,-0.89,-8.51,-4.83,0.00,-0.01,-0.01
-7244,2.82,-10336,3.06,649,3,62318,12_42_02_10_04_2025,-0.95,-8.55,-4.80,0.00,-0.01,-0.01
-7405,2.83,-10367,3.06,649,3,62356,12_42_02_10_04_2025,-0.95,-8.57,-4.82,0.00,-0.01,-0.00
-7473,2.84,-10355,3.06,649,3,62395,12_42_02_10_04_2025,-0.96,-8.55,-4.81,0.01,-0.01,-0.01
-7445,2.84,-10319,3.05,648,3,62444,12_42_02_10_04_2025,-0.93,-8.53,-4.81,0.01,-0.01,-0.01
-7668,2.85,-10362,3.06,649,3,62483,12_42_02_10_04_2025,-0.93,-8.56,-4.83,0.00,-0.01,-0.01
-7299,2.83,-10411,3.06,649,3,62521,12_42_02_10_04_2025,-0.92,-8.55,-4.82,0.01,-0.00,-0.01
-7326,2.83,-10461,3.07,649,3,62559,12_42_02_10_04_2025,-0.95,-8.55,-4.82,0.00,-0.01,-0.01
-7408,2.83,-10283,3.05,649,3,62598,12_42_02_10_04_2025,-0.94,-8.54,-4.83,0.01,-0.01,-0.01
-7240,2.82,-10484,3.07,649,3,62639,12_42_02_10_04_2025,-0.95,-8.56,-4.81,0.00,-0.01,-0.01
-7608,2.85,-10431,3.06,650,3,62680,12_42_02_10_04_2025,-0.94,-8.55,-4.82,0.01,-0.01,-0.01
-7339,2.83,-10360,3.06,649,3,62718,12_42_02_10_04_2025,-0.95,-8.55,-4.82,0.00,-0.01,-0.01
-7188,2.82,-10307,3.05,650,3,62758,12_42_02_10_04_2025,-0.94,-8.56,-4.81,0.00,-0.01,-0.01
-7235,2.82,-10449,3.06,650,3,62796,12_42_02_10_04_2025,-0.93,-8.54,-4.82,0.00,-0.01,-0.01
-7390,2.83,-10386,3.06,649,3,62834,12_42_02_10_04_2025,-0.94,-8.55,-4.81,0.00,-0.01,-0.01
-7472,2.84,-10405,3.06,649,3,62883,12_42_02_10_04_2025,-0.94,-8.55,-4.81,0.01,-0.01,-0.01
-7520,2.84,-10553,3.07,649,3,62921,12_42_02_10_04_2025,-0.94,-8.55,-4.82,0.00,-0.01,-0.01
-7360,2.83,-10383,3.06,649,3,62960,12_42_02_10_04_2025,-0.95,-8.55,-4.81,0.01,-0.01,-0.01
-7375,2.83,-10390,3.06,650,3,62999,12_42_02_10_04_2025,-0.94,-8.56,-4.82,0.01,-0.01,-0.01
-7451,2.84,-10383,3.06,649,3,63037,12_42_02_10_04_2025,-0.94,-8.54,-4.82,0.00,-0.01,-0.01
-7323,2.83,-10255,3.05,649,3,63076,12_42_02_10_04_2025,-0.95,-8.55,-4.81,0.01,-0.01,-0.01
-7383,2.83,-10472,3.07,649,3,63117,12_42_03_10_04_2025,-0.94,-8.54,-4.81,0.00,-0.01,-0.01
-7390,2.83,-10408,3.06,649,3,63156,12_42_03_10_04_2025,-0.94,-8.56,-4.82,0.00,-0.01,-0.01
-7378,2.83,-10407,3.06,648,3,63194,12_42_03_10_04_2025,-0.94,-8.55,-4.83,0.00,-0.01,-0.01
-7475,2.84,-10346,3.06,649,3,63233,12_42_03_10_04_2025,-0.95,-8.55,-4.82,0.01,-0.01,-0.01
-7321,2.83,-10407,3.06,649,3,63271,12_42_03_10_04_2025,-0.95,-8.55,-4.81,0.00,-0.01,-0.01
-7390,2.83,-10344,3.06,650,3,63310,12_42_03_10_04_2025,-0.94,-8.56,-4.81,0.01,-0.01,-0.01
-7451,2.84,-10422,3.06,648,3,63364,12_42_03_10_04_2025,-0.94,-8.55,-4.81,0.00,-0.01,-0.01
-7266,2.82,-10375,3.06,650,3,63402,12_42_03_10_04_2025,-0.94,-8.56,-4.81,0.01,-0.01,-0.01
-7387,2.83,-10353,3.06,649,3,63441,12_42_03_10_04_2025,-0.93,-8.55,-4.82,0.00,-0.01,-0.01
-7307,2.83,-10399,3.06,649,3,63480,12_42_03_10_04_2025,-0.93,-8.54,-4.82,0.01,-0.01,-0.01
-7393,2.83,-10305,3.05,649,3,63518,12_42_03_10_04_2025,-0.94,-8.54,-4.81,0.00,-0.01,-0.01
-7358,2.83,-10410,3.06,650,3,63560,12_42_03_10_04_2025,-0.95,-8.54,-4.83,0.01,-0.01,-0.01
-7372,2.83,-10502,3.07,649,3,63599,12_42_03_10_04_2025,-0.95,-8.55,-4.80,0.00,-0.01,-0.01
-7388,2.83,-10411,3.06,649,3,63638,12_42_03_10_04_2025,-0.93,-8.55,-4.81,0.01,-0.01,-0.01
-7228,2.82,-10328,3.06,649,3,63679,12_42_03_10_04_2025,-0.95,-8.55,-4.83,0.01,-0.01,-0.01
-7309,2.83,-10505,3.07,649,3,63718,12_42_03_10_04_2025,-0.94,-8.54,-4.83,0.00,-0.01,-0.01
-7239,2.82,-10286,3.05,649,3,63756,12_42_03_10_04_2025,-0.94,-8.56,-4.81,0.00,-0.01,-0.01
-7456,2.84,-10347,3.06,649,3,63807,12_42_03_10_04_2025,-0.94,-8.55,-4.81,0.00,-0.01,-0.01
-7261,2.82,-10369,3.06,649,3,63845,12_42_03_10_04_2025,-0.95,-8.55,-4.82,0.01,-0.01,-0.01
-7349,2.83,-10267,3.05,649,3,63883,12_42_03_10_04_2025,-0.95,-8.54,-4.82,0.00,-0.01,-0.01
-7284,2.82,-10376,3.06,649,3,63922,12_42_03_10_04_2025,-0.95,-8.55,-4.83,0.00,-0.01,-0.01
-7430,2.84,-10370,3.06,649,3,63961,12_42_03_10_04_2025,-0.94,-8.54,-4.80,0.00,-0.01,-0.01
-7290,2.83,-10425,3.06,649,3,63999,12_42_03_10_04_2025,-0.94,-8.54,-4.83,0.00,-0.01,-0.01
-7292,2.83,-10355,3.06,650,3,64042,12_42_03_10_04_2025,-0.95,-8.56,-4.81,0.01,-0.01,-0.01
-7378,2.83,-10357,3.06,649,3,64080,12_42_03_10_04_2025,-0.93,-8.55,-4.82,0.00,-0.01,-0.01
-7467,2.84,-10251,3.05,649,3,64118,12_42_04_10_04_2025,-0.94,-8.55,-4.81,0.01,-0.01,-0.01
-7192,2.82,-10393,3.06,649,3,64156,12_42_04_10_04_2025,-0.94,-8.55,-4.82,0.00,-0.01,-0.01
-7180,2.82,-10307,3.05,649,3,64195,12_42_04_10_04_2025,-0.95,-8.55,-4.83,0.01,-0.01,-0.01
-7371,2.83,-10307,3.05,649,3,64245,12_42_04_10_04_2025,-0.95,-8.54,-4.82,0.00,-0.01,-0.01
-7469,2.84,-10368,3.06,649,3,64284,12_42_04_10_04_2025,-0.95,-8.55,-4.82,0.01,-0.01,-0.00
-7311,2.83,-10525,3.07,649,3,64323,12_42_04_10_04_2025,-0.95,-8.55,-4.82,0.00,-0.01,-0.01
-7314,2.83,-10332,3.06,649,3,64361,12_42_04_10_04_2025,-0.93,-8.55,-4.82,0.00,-0.01,-0.01
-7247,2.82,-10495,3.07,649,3,64400,12_42_04_10_04_2025,-0.94,-8.55,-4.81,0.00,-0.01,-0.01
-7330,2.83,-10402,3.06,649,3,64439,12_42_04_10_04_2025,-0.94,-8.55,-4.82,0.01,-0.01,-0.01
-7317,2.83,-10623,3.08,648,3,64480,12_42_04_10_04_2025,-0.94,-8.54,-4.82,0.00,-0.01,-0.01
-7305,2.83,-10218,3.05,649,3,64518,12_42_04_10_04_2025,-0.95,-8.55,-4.82,0.01,-0.01,-0.01
-7444,2.84,-10362,3.06,649,3,64556,12_42_04_10_04_2025,-0.95,-8.55,-4.82,0.00,-0.01,-0.01
-7427,2.84,-10458,3.07,650,3,64594,12_42_04_10_04_2025,-0.94,-8.55,-4.81,0.00,-0.01,-0.01
-7322,2.83,-10386,3.06,649,3,64633,12_42_04_10_04_2025,-0.93,-8.56,-4.83,0.01,-0.01,-0.01
-7360,2.83,-10454,3.06,649,3,64672,12_42_04_10_04_2025,-0.91,-8.51,-4.81,0.01,-0.01,-0.01
-7490,2.84,-10300,3.05,649,3,64716,12_42_04_10_04_2025,-1.03,-8.61,-4.82,0.00,-0.01,-0.01
-7296,2.83,-10127,3.04,649,3,64754,12_42_04_10_04_2025,-0.90,-8.52,-4.83,0.01,-0.01,-0.01
-7517,2.84,-10295,3.05,649,3,64793,12_42_04_10_04_2025,-0.95,-8.57,-4.85,-0.01,-0.00,-0.00
-7309,2.83,-10411,3.06,649,3,64832,12_42_04_10_04_2025,-0.95,-8.56,-4.77,0.02,-0.01,-0.01
-7390,2.83,-10525,3.07,649,3,64870,12_42_04_10_04_2025,-0.96,-8.54,-4.84,-0.01,-0.00,-0.00
-7323,2.83,-10453,3.06,648,3,64912,12_42_04_10_04_2025,-0.92,-8.55,-4.75,0.02,-0.01,-0.01
-7470,2.84,-10418,3.06,649,3,64951,12_42_04_10_04_2025,-0.95,-8.55,-4.87,-0.00,-0.01,-0.00
-7293,2.83,-10380,3.06,649,3,64989,12_42_04_10_04_2025,-0.96,-8.57,-4.75,0.01,-0.01,-0.01
-7368,2.83,-10292,3.05,650,3,65028,12_42_04_10_04_2025,-0.92,-8.52,-4.86,-0.00,-0.01,-0.00
-7233,2.82,-10443,3.06,649,3,65067,12_42_04_10_04_2025,-0.96,-8.57,-4.79,0.01,-0.01,-0.01
-7416,2.83,-10353,3.06,649,3,65105,12_42_05_10_04_2025,-0.92,-8.53,-4.84,-0.00,-0.01,-0.01
-7402,2.83,-10294,3.05,649,3,65155,12_42_05_10_04_2025,-0.92,-8.55,-4.82,0.00,-0.01,-0.01
-7272,2.82,-10398,3.06,649,3,65193,12_42_05_10_04_2025,-0.95,-8.53,-4.80,0.01,-0.01,-0.01
-7302,2.83,-10334,3.06,649,3,65232,12_42_05_10_04_2025,-0.94,-8.56,-4.87,0.00,-0.01,-0.01
-7290,2.83,-10280,3.05,650,3,65271,12_42_05_10_04_2025,-0.95,-8.55,-4.75,0.00,-0.01,-0.01
-7249,2.82,-10280,3.05,650,3,65309,12_42_05_10_04_2025,-0.94,-8.55,-4.88,0.01,-0.01,-0.01
-7293,2.83,-10461,3.07,649,3,65350,12_42_05_10_04_2025,-0.94,-8.55,-4.76,0.00,-0.01,-0.00
-7514,2.84,-10359,3.06,650,3,65390,12_42_05_10_04_2025,-0.95,-8.56,-4.88,0.01,-0.01,-0.01
-7378,2.83,-10258,3.05,649,3,65429,12_42_05_10_04_2025,-0.93,-8.53,-4.76,0.00,-0.01,-0.01
-7242,2.82,-10188,3.04,649,3,65467,12_42_05_10_04_2025,-0.96,-8.55,-4.86,0.00,-0.01,-0.01
-7242,2.82,-10376,3.06,648,3,65505,12_42_05_10_04_2025,-0.95,-8.56,-4.77,0.01,-0.01,-0.01
-7319,2.83,-10318,3.05,649,3,65544,12_42_05_10_04_2025,-0.94,-8.54,-4.86,0.00,-0.01,-0.01
-7414,2.83,-10339,3.06,649,3,65593,12_42_05_10_04_2025,-1.32,-8.51,-4.28,0.12,0.02,0.01
-7081,2.81,-10298,3.05,649,3,65632,12_42_05_10_04_2025,-1.22,-8.79,-5.31,-0.03,-0.03,0.00
-7169,2.82,-10201,3.05,649,3,65670,12_42_05_10_04_2025,-0.82,-8.42,-4.61,0.05,0.00,-0.02
-7080,2.81,-10391,3.06,650,3,65708,12_42_05_10_04_2025,-1.16,-8.69,-4.56,-0.03,-0.01,0.00
-7129,2.81,-10445,3.06,650,3,65747,12_42_05_10_04_2025,-1.02,-8.57,-5.07,0.03,-0.01,-0.01
-7131,2.81,-10197,3.05,649,3,65788,12_42_05_10_04_2025,-0.78,-8.47,-4.65,-0.01,-0.01,-0.01
-7187,2.82,-10400,3.06,650,3,65831,12_42_05_10_04_2025,-0.93,-8.51,-5.04,0.02,-0.00,-0.01
-7107,2.81,-10305,3.05,649,3,65870,12_42_05_10_04_2025,-0.96,-8.58,-4.65,0.01,-0.01,-0.01
-7427,2.84,-10466,3.07,649,3,65909,12_42_05_10_04_2025,-0.94,-8.51,-4.96,-0.01,-0.01,-0.00
-7123,2.81,-10227,3.05,649,3,65948,12_42_05_10_04_2025,-0.91,-8.54,-4.67,0.01,-0.00,-0.01
-7064,2.81,-10511,3.07,649,3,65986,12_42_05_10_04_2025,-0.99,-8.59,-4.90,-0.01,-0.01,-0.00
-7114,2.81,-10360,3.06,648,3,66035,12_42_05_10_04_2025,-0.94,-8.54,-4.73,0.02,-0.01,-0.01
-7216,2.82,-10314,3.05,649,3,66073,12_42_05_10_04_2025,-0.96,-8.53,-4.90,-0.01,-0.01,-0.01
-7226,2.82,-10486,3.07,649,3,66112,12_42_06_10_04_2025,-0.95,-8.56,-4.76,0.01,-0.00,-0.01
-7048,2.81,-10440,3.06,649,3,66150,12_42_06_10_04_2025,-0.94,-8.56,-4.87,-0.00,-0.01,-0.01
-7034,2.81,-10442,3.06,649,3,66189,12_42_06_10_04_2025,-0.93,-8.54,-4.82,0.01,-0.00,-0.01
-7164,2.82,-10368,3.06,650,3,66227,12_42_06_10_04_2025,-0.94,-8.54,-4.84,0.00,-0.01,-0.01
-7073,2.81,-10409,3.06,649,3,66268,12_42_06_10_04_2025,-0.95,-8.55,-4.82,0.01,-0.01,-0.01
-7253,2.82,-10326,3.06,649,3,66306,12_42_06_10_04_2025,-0.93,-8.54,-4.80,0.00,-0.01,-0.01
-7196,2.82,-10435,3.06,649,3,66345,12_42_06_10_04_2025,-0.94,-8.54,-4.83,0.01,-0.01,-0.01
-7351,2.83,-10293,3.05,649,3,66384,12_42_06_10_04_2025,-0.94,-8.56,-4.80,0.00,-0.01,-0.01
-7335,2.83,-10486,3.07,649,3,66422,12_42_06_10_04_2025,-0.96,-8.57,-4.84,0.01,-0.01,-0.01
-7029,2.81,-10399,3.06,649,3,66471,12_42_06_10_04_2025,-0.94,-8.55,-4.81,0.01,-0.01,-0.01
-7361,2.83,-10372,3.06,649,3,66509,12_42_06_10_04_2025,-0.95,-8.52,-4.83,0.01,-0.01,-0.01
-7268,2.82,-10373,3.06,649,3,66547,12_42_06_10_04_2025,-0.94,-8.54,-4.81,0.00,-0.01,-0.01
-7135,2.81,-10364,3.06,649,3,66586,12_42_06_10_04_2025,-0.95,-8.55,-4.84,0.00,-0.01,-0.01
-7060,2.81,-10362,3.06,649,3,66625,12_42_06_10_04_2025,-0.94,-8.55,-4.82,0.01,-0.01,-0.01
-7331,2.83,-10494,3.07,649,3,66663,12_42_06_10_04_2025,-0.93,-8.54,-4.83,0.00,-0.01,-0.01
-7204,2.82,-10396,3.06,650,3,66704,12_42_06_10_04_2025,-0.92,-8.56,-4.81,0.01,-0.01,-0.01
-7207,2.82,-10420,3.06,649,3,66743,12_42_06_10_04_2025,-0.94,-8.54,-4.84,0.00,-0.01,-0.01
-7199,2.82,-10356,3.06,649,3,66782,12_42_06_10_04_2025,-0.94,-8.54,-4.81,0.01,-0.01,-0.01
-7219,2.82,-10411,3.06,649,3,66821,12_42_06_10_04_2025,-0.94,-8.54,-4.83,0.00,-0.01,-0.01
-7076,2.81,-10514,3.07,648,3,66863,12_42_06_10_04_2025,-0.94,-8.55,-4.82,0.00,-0.01,-0.01
-6975,2.80,-10323,3.05,649,3,66902,12_42_06_10_04_2025,-0.96,-8.56,-4.83,0.00,-0.01,-0.01
-7110,2.81,-10305,3.05,649,3,66952,12_42_06_10_04_2025,-0.95,-8.55,-4.81,0.00,-0.01,-0.01
-7090,2.81,-10361,3.06,649,3,66991,12_42_06_10_04_2025,-0.94,-8.55,-4.83,0.00,-0.01,-0.01
-7059,2.81,-10495,3.07,649,3,67029,12_42_06_10_04_2025,-0.95,-8.54,-4.82,0.01,-0.01,-0.01
-7119,2.81,-10349,3.06,649,3,67068,12_42_06_10_04_2025,-0.94,-8.56,-4.83,0.00,-0.01,-0.01
-7161,2.82,-10380,3.06,649,3,67107,12_42_07_10_04_2025,-0.97,-8.53,-4.77,0.00,-0.01,-0.01
-7412,2.83,-10409,3.06,649,3,67149,12_42_07_10_04_2025,-0.96,-8.54,-4.76,0.00,-0.00,-0.00
-7277,2.82,-10380,3.06,649,3,67187,12_42_07_10_04_2025,-0.95,-8.54,-4.83,0.00,-0.00,-0.00
-7340,2.83,-10246,3.05,649,3,67227,12_42_07_10_04_2025,-1.00,-8.51,-4.87,0.00,-0.00,-0.01
-7481,2.84,-10381,3.06,649,3,67265,12_42_07_10_04_2025,-0.98,-8.48,-4.81,0.00,-0.01,-0.01
-7404,2.83,-10366,3.06,650,3,67304,12_42_07_10_04_2025,-0.94,-8.54,-4.81,0.00,-0.01,-0.00
-7311,2.83,-10399,3.06,650,3,67341,12_42_07_10_04_2025,-0.98,-8.54,-4.83,0.00,-0.01,-0.00
-7075,2.81,-10403,3.06,649,3,67390,12_42_07_10_04_2025,-0.95,-8.57,-4.82,0.01,-0.01,-0.01
-7305,2.83,-10275,3.05,649,3,67428,12_42_07_10_04_2025,-0.93,-8.55,-4.82,0.01,-0.01,-0.01
-7145,2.81,-10518,3.07,649,3,67467,12_42_07_10_04_2025,-0.93,-8.53,-4.82,0.01,-0.01,-0.01
-7141,2.81,-10499,3.07,649,3,67504,12_42_07_10_04_2025,-0.94,-8.56,-4.82,0.01,-0.01,-0.01
-7306,2.83,-10381,3.06,649,3,67542,12_42_07_10_04_2025,-0.95,-8.58,-4.82,0.01,-0.01,-0.01
-7214,2.82,-10382,3.06,648,3,67581,12_42_07_10_04_2025,-0.92,-8.52,-4.81,0.00,-0.01,-0.01
-7226,2.82,-10381,3.06,649,3,67622,12_42_07_10_04_2025,-0.93,-8.54,-4.83,0.00,-0.01,-0.01
-7358,2.83,-10299,3.05,649,3,67659,12_42_07_10_04_2025,-0.96,-8.56,-4.80,0.01,-0.01,-0.01
-7153,2.81,-10461,3.07,649,3,67698,12_42_07_10_04_2025,-0.94,-8.54,-4.84,0.00,-0.01,-0.01
-7303,2.83,-10319,3.05,650,3,67735,12_42_07_10_04_2025,-0.94,-8.55,-4.81,0.01,-0.01,-0.01
-7285,2.82,-10243,3.05,649,3,67774,12_42_07_10_04_2025,-0.95,-8.54,-4.84,0.00,-0.01,-0.01
-7224,2.82,-10347,3.06,649,3,67824,12_42_07_10_04_2025,-0.94,-8.55,-4.81,0.00,-0.01,-0.01
-7207,2.82,-10321,3.05,649,3,67864,12_42_07_10_04_2025,-0.95,-8.54,-4.82,0.00,-0.01,-0.01
-7278,2.82,-10528,3.07,648,3,67902,12_42_07_10_04_2025,-0.92,-8.56,-4.83,0.01,-0.00,-0.01
-7180,2.82,-10295,3.05,649,3,67940,12_42_07_10_04_2025,-0.95,-8.54,-4.83,0.00,-0.01,-0.01
-7345,2.83,-10452,3.06,649,3,67979,12_42_07_10_04_2025,-0.95,-8.54,-4.84,0.00,-0.00,-0.01
-7251,2.82,-10502,3.07,650,3,68016,12_42_07_10_04_2025,-0.96,-8.57,-4.79,0.01,-0.01,-0.01
-7167,2.82,-10471,3.07,649,3,68058,12_42_07_10_04_2025,-0.93,-8.55,-4.85,0.01,-0.01,-0.01
-7182,2.82,-10334,3.06,649,3,68095,12_42_07_10_04_2025,-0.94,-8.55,-4.79,0.01,-0.01,-0.01
-7162,2.82,-10332,3.06,650,3,68133,12_42_08_10_04_2025,-0.93,-8.54,-4.86,0.00,-0.01,-0.01
-7259,2.82,-10308,3.05,649,3,68171,12_42_08_10_04_2025,-0.93,-8.56,-4.79,0.00,-0.01,-0.01
-7219,2.82,-10407,3.06,649,3,68210,12_42_08_10_04_2025,-0.94,-8.53,-4.85,0.00,-0.01,-0.01
-7288,2.82,-10317,3.05,649,3,68260,12_42_08_10_04_2025,-0.93,-8.54,-4.81,0.00,-0.01,-0.01
-7101,2.81,-10295,3.05,649,3,68297,12_42_08_10_04_2025,-0.96,-8.56,-4.82,0.01,-0.01,-0.01
-7378,2.83,-10499,3.07,648,3,68336,12_42_08_10_04_2025,-0.92,-8.52,-4.81,0.01,-0.01,-0.01
-7325,2.83,-10392,3.06,649,3,68374,12_42_08_10_04_2025,-0.93,-8.55,-4.81,0.01,-0.01,-0.01
-7277,2.82,-10523,3.07,650,3,68411,12_42_08_10_04_2025,-0.92,-8.57,-4.81,0.01,-0.01,-0.01
-7182,2.82,-10418,3.06,649,3,68449,12_42_08_10_04_2025,-0.95,-8.54,-4.81,0.00,-0.01,-0.01
-7200,2.82,-10275,3.05,649,3,68490,12_42_08_10_04_2025,-0.94,-8.55,-4.80,0.01,-0.01,-0.01
-7258,2.82,-10331,3.06,649,3,68528,12_42_08_10_04_2025,-0.93,-8.56,-4.82,0.00,-0.01,-0.01
-7238,2.82,-10310,3.05,649,3,68567,12_42_08_10_04_2025,-0.94,-8.54,-4.83,0.01,-0.01,-0.01
-7372,2.83,-10319,3.05,649,3,68605,12_42_08_10_04_2025,-0.94,-8.55,-4.84,0.00,-0.01,-0.01
-7101,2.81,-10304,3.05,649,3,68643,12_42_08_10_04_2025,-0.95,-8.55,-4.81,0.01,-0.01,-0.01
-7202,2.82,-10293,3.05,649,3,68680,12_42_08_10_04_2025,-0.95,-8.55,-4.83,0.00,-0.01,-0.01
-7251,2.82,-10597,3.08,649,3,68729,12_42_08_10_04_2025,-0.95,-8.55,-4.82,0.01,-0.01,-0.01
-7300,2.83,-10380,3.06,649,3,68768,12_42_08_10_04_2025,-0.93,-8.54,-4.83,0.00,-0.01,-0.01
-7064,2.81,-10393,3.06,649,3,68806,12_42_08_10_04_2025,-0.94,-8.55,-4.81,0.01,-0.01,-0.01
-7138,2.81,-10517,3.07,650,3,68844,12_42_08_10_04_2025,-0.93,-8.55,-4.82,0.01,-0.01,-0.01
-7288,2.82,-10384,3.06,650,3,68882,12_42_08_10_04_2025,-0.94,-8.55,-4.83,0.01,-0.01,-0.01
-7294,2.83,-10328,3.06,649,3,68928,12_42_08_10_04_2025,-0.95,-8.55,-4.81,0.00,-0.01,-0.01
-7216,2.82,-10341,3.06,649,3,68968,12_42_08_10_04_2025,-0.95,-8.54,-4.83,0.00,-0.01,-0.01
-7232,2.82,-10483,3.07,649,3,69007,12_42_08_10_04_2025,-0.95,-8.57,-4.81,0.00,-0.01,-0.01
-7365,2.83,-10585,3.07,649,3,69046,12_42_08_10_04_2025,-0.93,-8.55,-4.82,0.01,-0.01,-0.01
-7146,2.81,-10537,3.07,649,3,69085,12_42_08_10_04_2025,-0.94,-8.54,-4.81,0.00,-0.01,-0.01
-7164,2.82,-10292,3.05,648,3,69123,12_42_09_10_04_2025,-0.94,-8.56,-4.82,0.01,-0.01,-0.01
-7195,2.82,-10444,3.06,649,3,69171,12_42_09_10_04_2025,-0.93,-8.54,-4.81,0.01,-0.01,-0.00
-7230,2.82,-10216,3.05,649,3,69210,12_42_09_10_04_2025,-0.95,-8.54,-4.85,0.00,-0.01,-0.01
-7179,2.82,-10215,3.05,649,3,69248,12_42_09_10_04_2025,-0.93,-8.54,-4.83,0.00,-0.01,-0.00
-7223,2.82,-10408,3.06,648,3,69286,12_42_09_10_04_2025,-0.88,-8.59,-4.79,0.01,-0.01,-0.01
-7256,2.82,-10474,3.07,649,3,69324,12_42_09_10_04_2025,-0.97,-8.67,-4.79,0.00,-0.01,-0.01
-7152,2.81,-10233,3.05,649,3,69363,12_42_09_10_04_2025,-0.94,-8.54,-4.81,0.01,-0.01,-0.01
-7174,2.82,-10428,3.06,649,3,69404,12_42_09_10_04_2025,-0.92,-8.49,-4.78,0.01,-0.01,-0.01
-7281,2.82,-10401,3.06,649,3,69442,12_42_09_10_04_2025,-0.97,-8.58,-4.80,0.00,-0.01,-0.01
-7391,2.83,-10252,3.05,649,3,69480,12_42_09_10_04_2025,-0.93,-8.56,-4.86,0.01,-0.01,-0.01
-7236,2.82,-10153,3.04,649,3,69518,12_42_09_10_04_2025,-0.92,-8.55,-4.83,0.00,-0.01,-0.01
-7121,2.81,-10276,3.05,649,3,69556,12_42_09_10_04_2025,-0.93,-8.53,-4.83,0.00,-0.01,-0.01
-7155,2.81,-10355,3.06,649,3,69605,12_42_09_10_04_2025,-0.93,-8.55,-4.83,0.00,-0.01,-0.00
-7174,2.82,-10376,3.06,649,3,69643,12_42_09_10_04_2025,-0.97,-8.57,-4.82,0.01,-0.01,-0.01
-7314,2.83,-10307,3.05,649,3,69681,12_42_09_10_04_2025,-0.93,-8.55,-4.83,0.00,-0.01,-0.01
-7155,2.81,-10321,3.05,649,3,69719,12_42_09_10_04_2025,-0.94,-8.53,-4.82,0.00,-0.01,-0.01
-7340,2.83,-10357,3.06,649,3,69757,12_42_09_10_04_2025,-0.94,-8.55,-4.83,0.00,-0.01,-0.01
-7056,2.81,-10448,3.06,649,3,69796,12_42_09_10_04_2025,-0.95,-8.56,-4.82,0.01,-0.01,-0.01
-7220,2.82,-10349,3.06,649,3,69837,12_42_09_10_04_2025,-0.94,-8.54,-4.83,0.00,-0.01,-0.01
-7109,2.81,-10365,3.06,649,3,69874,12_42_09_10_04_2025,-0.95,-8.54,-4.82,0.00,-0.01,-0.01
-7170,2.82,-10260,3.05,649,3,69910,12_42_09_10_04_2025,-0.94,-8.53,-4.81,0.01,-0.01,-0.00
-7249,2.82,-10485,3.07,649,3,69947,12_42_09_10_04_2025,-0.87,-8.51,-4.87,0.00,-0.00,-0.01
-7199,2.82,-10484,3.07,649,3,69988,12_42_09_10_04_2025,-0.96,-8.54,-4.83,0.01,-0.01,-0.01
-7093,2.81,-10439,3.06,649,3,70037,12_42_09_10_04_2025,-0.94,-8.58,-4.83,0.01,-0.01,-0.01
-7262,2.82,-10335,3.06,649,3,70078,12_42_09_10_04_2025,-0.94,-8.55,-4.81,0.00,-0.01,-0.01
-7027,2.81,-10352,3.06,649,3,70115,12_42_10_10_04_2025,-0.94,-8.52,-4.84,0.01,-0.01,-0.01
-7078,2.81,-10395,3.06,649,3,70153,12_42_10_10_04_2025,-0.94,-8.54,-4.81,0.01,-0.01,-0.00
-7223,2.82,-10311,3.05,650,3,70191,12_42_10_10_04_2025,-0.95,-8.55,-4.83,0.01,-0.01,-0.01
-7061,2.81,-10361,3.06,648,3,70229,12_42_10_10_04_2025,-0.93,-8.56,-4.82,0.00,-0.01,-0.01
-7131,2.81,-10272,3.05,649,3,70271,12_42_10_10_04_2025,-0.95,-8.55,-4.83,0.00,-0.01,-0.01
-7242,2.82,-10379,3.06,649,3,70308,12_42_10_10_04_2025,-0.95,-8.54,-4.81,0.01,-0.01,-0.01
-6951,2.80,-10411,3.06,650,3,70344,12_42_10_10_04_2025,-0.95,-8.55,-4.82,0.00,-0.01,-0.01
-7241,2.82,-10403,3.06,648,3,70382,12_42_10_10_04_2025,-0.94,-8.56,-4.81,0.01,-0.01,-0.01
-6844,2.79,-10296,3.05,649,3,70419,12_42_10_10_04_2025,-0.95,-8.55,-4.82,0.00,-0.01,-0.01
-7059,2.81,-10283,3.05,649,3,70457,12_42_10_10_04_2025,-0.95,-8.55,-4.81,0.01,-0.01,-0.01
-7114,2.81,-10322,3.05,649,3,70506,12_42_10_10_04_2025,-0.87,-8.51,-4.13,-0.01,-0.02,0.00
-7081,2.81,-10456,3.06,649,3,70544,12_42_10_10_04_2025,-0.69,-8.44,-4.60,-0.43,-0.04,0.13
-6600,2.77,-10110,3.04,649,3,70582,12_42_10_10_04_2025,-0.93,-8.25,-5.61,-0.29,0.00,0.01
-6674,2.78,-10325,3.05,649,3,70621,12_42_10_10_04_2025,-1.60,-8.68,-5.79,0.07,0.01,-0.05
-6641,2.78,-10489,3.07,649,3,70659,12_42_10_10_04_2025,-0.51,-8.22,-4.79,0.12,-0.01,-0.01
-7220,2.82,-10391,3.06,649,3,70700,12_42_10_10_04_2025,-1.27,-8.66,-5.12,0.15,-0.00,-0.02
-7106,2.81,-10512,3.07,649,3,70738,12_42_10_10_04_2025,-0.87,-8.57,-4.03,0.03,0.00,-0.02
-7272,2.82,-10577,3.07,649,3,70776,12_42_10_10_04_2025,-0.87,-8.40,-3.72,-0.30,-0.04,0.02
-7008,2.80,-10296,3.05,649,3,70815,12_42_10_10_04_2025,-0.97,-8.39,-5.95,-0.37,-0.04,0.05
-6827,2.79,-10359,3.06,649,3,70852,12_42_10_10_04_2025,-1.13,-8.55,-5.81,0.02,-0.02,0.01
-7129,2.81,-10519,3.07,649,3,70891,12_42_10_10_04_2025,-1.13,-8.40,-4.87,0.10,0.01,-0.01
-7238,2.82,-10519,3.07,649,3,70941,12_42_10_10_04_2025,-1.25,-8.56,-5.32,-0.05,-0.01,-0.02
-6894,2.80,-10636,3.08,649,3,70981,12_42_10_10_04_2025,-1.04,-8.31,-5.10,0.03,-0.00,-0.01
-7189,2.82,-10577,3.07,649,3,71019,12_42_10_10_04_2025,-1.12,-8.36,-5.18,0.02,0.00,-0.01
-7190,2.82,-10502,3.07,649,3,71057,12_42_10_10_04_2025,-1.00,-8.27,-5.18,0.07,-0.00,-0.02
-7343,2.83,-10591,3.08,649,3,71096,12_42_10_10_04_2025,-1.04,-8.34,-4.96,0.11,-0.02,-0.02
-7507,2.84,-10341,3.06,649,3,71134,12_42_11_10_04_2025,-1.01,-8.42,-4.98,0.06,-0.01,-0.01
-7467,2.84,-10382,3.06,649,3,71176,12_42_11_10_04_2025,-1.09,-8.49,-4.87,0.00,-0.00,-0.01
-6974,2.80,-10332,3.06,650,3,71213,12_42_11_10_04_2025,-1.05,-8.47,-4.95,-0.03,-0.01,-0.01
-7163,2.82,-10198,3.05,649,3,71251,12_42_11_10_04_2025,-1.10,-8.42,-5.13,-0.02,-0.01,-0.00
-7089,2.81,-10122,3.04,649,3,71290,12_42_11_10_04_2025,-0.96,-8.32,-4.95,-0.01,-0.01,-0.00
-7312,2.83,-10432,3.06,650,3,71328,12_42_11_10_04_2025,-1.10,-8.48,-5.34,-0.04,-0.00,-0.00
-7309,2.83,-10395,3.06,649,3,71376,12_42_11_10_04_2025,-1.05,-8.43,-4.96,0.01,-0.00,-0.02
-7328,2.83,-10371,3.06,649,3,71415,12_42_11_10_04_2025,-1.05,-8.33,-5.16,-0.00,-0.01,-0.01
-7193,2.82,-10352,3.06,650,3,71452,12_42_11_10_04_2025,-1.03,-8.42,-5.03,0.00,-0.01,-0.02
-7209,2.82,-10554,3.07,649,3,71490,12_42_11_10_04_2025,-1.12,-8.51,-5.19,0.02,-0.01,-0.00
-7174,2.82,-10312,3.05,649,3,71529,12_42_11_10_04_2025,-1.04,-8.44,-5.01,-0.03,-0.00,0.00
-6719,2.78,-10330,3.06,649,3,71567,12_42_11_10_04_2025,-1.00,-8.31,-5.28,-0.01,-0.00,-0.00
-7077,2.81,-10453,3.06,649,3,71608,12_42_11_10_04_2025,-1.01,-8.37,-5.20,0.07,-0.01,0.00
-7298,2.83,-10509,3.07,649,3,71646,12_42_11_10_04_2025,-1.10,-8.45,-4.86,0.07,-0.01,0.00
-7361,2.83,-10469,3.07,649,3,71684,12_42_11_10_04_2025,-1.25,-8.52,-4.86,0.08,-0.01,-0.02
-7180,2.82,-10543,3.07,649,3,71722,12_42_11_10_04_2025,-0.96,-8.49,-5.16,0.02,-0.03,-0.04
-7125,2.81,-10535,3.07,649,3,71760,12_42_11_10_04_2025,-0.98,-8.26,-5.10,0.01,-0.01,-0.02
-7147,2.81,-10515,3.07,649,3,71809,12_42_11_10_04_2025,-0.99,-8.48,-5.03,-0.04,-0.01,-0.00
-7009,2.80,-10304,3.05,649,3,71848,12_42_11_10_04_2025,-0.98,-8.40,-4.87,-0.08,-0.01,-0.01
-6941,2.80,-9980,3.03,649,3,71886,12_42_11_10_04_2025,-0.93,-8.27,-5.09,-0.10,-0.01,0.00
-6948,2.80,-10371,3.06,649,3,71924,12_42_11_10_04_2025,-0.92,-8.12,-5.31,-0.05,-0.02,0.02
