-8805,2.94,-405,2.30,568,2,113377,11_28_28_01_05_2025,-0.74,9.51,-1.18,0.12,-1.37,0.69
-8981,2.95,-302,2.30,568,2,113451,11_28_28_01_05_2025,-0.72,9.52,-1.23,0.00,-0.00,-0.00
-8895,2.95,-347,2.30,568,2,113485,11_28_28_01_05_2025,-0.72,9.53,-1.22,0.00,-0.00,0.00
-8954,2.95,-323,2.30,567,2,113518,11_28_28_01_05_2025,-0.71,9.51,-1.20,0.00,-0.00,-0.00
-9011,2.96,-168,2.29,568,2,113551,11_28_28_01_05_2025,-0.69,9.53,-1.21,0.00,-0.00,0.00
-8836,2.94,-317,2.30,568,2,113584,11_28_28_01_05_2025,-0.70,9.53,-1.22,0.00,-0.00,0.00
-8984,2.95,-293,2.29,568,2,113619,11_28_28_01_05_2025,-0.73,9.52,-1.24,0.01,0.00,-0.00
-9125,2.96,-278,2.29,568,2,113651,11_28_28_01_05_2025,-0.74,9.51,-1.21,0.00,0.00,0.00
-8878,2.95,-37,2.28,569,2,113684,11_28_28_01_05_2025,-0.76,9.53,-1.21,0.00,-0.00,-0.00
-8883,2.95,-279,2.29,568,2,113716,11_28_28_01_05_2025,-0.75,9.53,-1.20,0.00,-0.00,-0.00
-8815,2.94,-304,2.30,568,2,113749,11_28_29_01_05_2025,-0.72,9.53,-1.20,0.01,-0.00,0.00
-8943,2.95,-220,2.29,568,2,113781,11_28_29_01_05_2025,-0.72,9.52,-1.21,0.01,-0.01,0.00
-8887,2.95,-223,2.29,568,2,113818,11_28_29_01_05_2025,-0.70,9.53,-1.21,0.01,-0.00,-0.00
-8961,2.95,-201,2.29,569,2,113851,11_28_29_01_05_2025,-0.71,9.51,-1.22,0.01,-0.00,-0.00
-8834,2.94,-276,2.29,568,2,113884,11_28_29_01_05_2025,-0.74,9.54,-1.23,0.01,-0.00,-0.00
-8711,2.93,-374,2.30,568,2,113916,11_28_29_01_05_2025,-0.72,9.52,-1.21,0.01,-0.00,-0.00
-9009,2.96,-290,2.29,568,2,113949,11_28_29_01_05_2025,-0.71,9.54,-1.20,0.01,-0.00,0.00
-8892,2.95,-208,2.29,568,2,113981,11_28_29_01_05_2025,-0.72,9.52,-1.18,0.00,-0.00,0.00
-9081,2.96,-462,2.31,568,2,114017,11_28_29_01_05_2025,-0.71,9.53,-1.21,-0.00,-0.01,0.00
-8933,2.95,-354,2.30,569,2,114049,11_28_29_01_05_2025,-0.72,9.52,-1.19,0.00,-0.00,0.00
-8898,2.95,-57,2.28,568,2,114082,11_28_29_01_05_2025,-0.75,9.49,-1.22,0.01,-0.00,-0.00
-8898,2.95,-397,2.30,568,2,114115,11_28_29_01_05_2025,-0.77,9.51,-1.23,0.01,0.00,-0.00
-8918,2.95,-287,2.29,568,2,114150,11_28_29_01_05_2025,-0.74,9.54,-1.22,0.00,-0.00,-0.00
-9041,2.96,-505,2.31,568,2,114183,11_28_29_01_05_2025,-0.71,9.54,-1.19,0.00,-0.00,-0.00
-8901,2.95,-182,2.29,568,2,114219,11_28_29_01_05_2025,-0.68,9.54,-1.17,-0.00,-0.01,0.00
-8936,2.95,-221,2.29,568,2,114251,11_28_29_01_05_2025,-0.69,9.51,-1.19,0.01,-0.01,0.00
-9032,2.96,-323,2.30,568,2,114284,11_28_29_01_05_2025,-0.72,9.51,-1.21,0.01,-0.00,-0.00
-8905,2.95,-261,2.29,568,2,114316,11_28_29_01_05_2025,-0.74,9.52,-1.23,0.01,0.00,-0.00
-8933,2.95,-307,2.30,568,2,114349,11_28_29_01_05_2025,-0.73,9.52,-1.22,-0.00,0.00,-0.00
-8883,2.95,-218,2.29,568,2,114385,11_28_29_01_05_2025,-0.74,9.53,-1.20,-0.01,0.00,0.00
-8926,2.95,-194,2.29,568,2,114418,11_28_29_01_05_2025,-0.73,9.52,-1.19,0.00,-0.00,0.00
-9017,2.96,-430,2.31,568,2,114451,11_28_29_01_05_2025,-0.73,9.51,-1.19,0.01,-0.01,-0.00
-8867,2.94,-219,2.29,568,2,114484,11_28_29_01_05_2025,-0.71,9.52,-1.22,0.02,-0.00,-0.00
-8874,2.94,-153,2.28,568,2,114517,11_28_29_01_05_2025,-0.71,9.53,-1.22,0.01,-0.01,-0.00
-8957,2.95,-152,2.28,568,2,114549,11_28_29_01_05_2025,-0.71,9.54,-1.20,0.00,-0.00,0.00
-8932,2.95,-374,2.30,568,2,114585,11_28_29_01_05_2025,-0.71,9.51,-1.19,-0.00,0.00,0.00
-9093,2.96,-202,2.29,568,2,114617,11_28_29_01_05_2025,-0.71,9.53,-1.20,0.00,-0.00,-0.00
-8826,2.94,-229,2.29,568,2,114650,11_28_29_01_05_2025,-0.72,9.54,-1.19,0.02,-0.00,-0.00
-8921,2.95,-405,2.30,568,2,114683,11_28_29_01_05_2025,-0.76,9.52,-1.20,0.01,-0.00,-0.00
-8765,2.94,-222,2.29,568,2,114716,11_28_29_01_05_2025,-0.77,9.52,-1.20,0.00,-0.00,0.00
-8965,2.95,-222,2.29,569,2,114749,11_28_30_01_05_2025,-0.73,9.53,-1.20,-0.00,-0.01,0.00
-9009,2.96,-381,2.30,568,2,114784,11_28_30_01_05_2025,-0.72,9.54,-1.19,0.00,-0.00,0.00
-8867,2.94,-111,2.28,568,2,114817,11_28_30_01_05_2025,-0.71,9.50,-1.19,0.01,-0.00,-0.00
-8722,2.93,-171,2.29,568,2,114849,11_28_30_01_05_2025,-0.70,9.54,-1.21,0.01,-0.00,-0.00
-8722,2.93,-164,2.29,568,2,114882,11_28_30_01_05_2025,-0.70,9.52,-1.21,0.01,-0.00,-0.00
-8776,2.94,-390,2.30,568,2,114914,11_28_30_01_05_2025,-0.71,9.53,-1.21,0.00,-0.00,0.00
-9034,2.96,-334,2.30,569,2,114946,11_28_30_01_05_2025,-0.73,9.52,-1.19,0.00,-0.00,0.00
-8764,2.94,-291,2.29,568,2,114982,11_28_30_01_05_2025,-0.73,9.53,-1.19,0.01,-0.00,-0.00
-9001,2.95,-333,2.30,567,2,115015,11_28_30_01_05_2025,-0.74,9.53,-1.20,0.01,-0.00,-0.00
-8908,2.95,-222,2.29,568,2,115049,11_28_30_01_05_2025,-0.74,9.52,-1.20,0.00,-0.00,-0.00
-8873,2.94,-118,2.28,568,2,115082,11_28_30_01_05_2025,-0.71,9.53,-1.20,0.00,-0.00,0.00
-8752,2.94,-322,2.30,568,2,115116,11_28_30_01_05_2025,-0.71,9.52,-1.19,0.00,-0.01,0.00
-9032,2.96,-208,2.29,569,2,115149,11_28_30_01_05_2025,-0.72,9.52,-1.19,0.00,-0.00,-0.00
-9071,2.96,-165,2.29,568,2,115184,11_28_30_01_05_2025,-0.71,9.52,-1.19,0.01,-0.00,-0.00
-8913,2.95,-233,2.29,569,2,115217,11_28_30_01_05_2025,-0.73,9.54,-1.21,0.01,-0.00,-0.00
-8920,2.95,-409,2.30,569,2,115249,11_28_30_01_05_2025,-0.70,9.52,-1.20,0.00,-0.00,0.00
-8862,2.94,-433,2.31,568,2,115282,11_28_30_01_05_2025,-0.72,9.53,-1.18,0.00,-0.00,0.00
-8849,2.94,-340,2.30,568,2,115316,11_28_30_01_05_2025,-0.73,9.52,-1.20,0.00,-0.00,0.00
-8962,2.95,-370,2.30,569,2,115352,11_28_30_01_05_2025,-0.71,9.53,-1.20,0.01,-0.01,-0.00
-8960,2.95,-181,2.29,568,2,115385,11_28_30_01_05_2025,-0.72,9.54,-1.20,0.01,-0.00,-0.00
-8969,2.95,-154,2.28,568,2,115418,11_28_30_01_05_2025,-0.74,9.51,-1.18,0.00,-0.00,-0.00
-8860,2.94,-52,2.28,568,2,115450,11_28_30_01_05_2025,-0.72,9.52,-1.20,-0.00,-0.00,-0.00
-8894,2.95,-276,2.29,569,2,115483,11_28_30_01_05_2025,-0.71,9.54,-1.19,0.00,-0.00,0.00
-8985,2.95,-110,2.28,568,2,115516,11_28_30_01_05_2025,-0.72,9.51,-1.20,0.01,-0.00,-0.00
-9058,2.96,-121,2.28,568,2,115552,11_28_30_01_05_2025,-0.71,9.51,-1.19,0.01,-0.00,-0.00
-8942,2.95,-219,2.29,567,2,115586,11_28_30_01_05_2025,-0.73,9.54,-1.21,0.01,-0.00,-0.00
-9189,2.97,-490,2.31,568,2,115619,11_28_30_01_05_2025,-0.72,9.53,-1.20,0.01,-0.00,-0.00
-8936,2.95,-294,2.30,568,2,115653,11_28_30_01_05_2025,-0.71,9.52,-1.19,0.00,-0.00,0.00
-8682,2.93,-174,2.29,567,2,115686,11_28_30_01_05_2025,-0.72,9.52,-1.19,0.00,-0.00,-0.00
-9148,2.97,-364,2.30,568,2,115718,11_28_30_01_05_2025,-0.73,9.54,-1.19,0.00,-0.00,0.00
-8903,2.95,-446,2.31,568,2,115753,11_28_31_01_05_2025,-0.73,9.53,-1.20,0.00,-0.00,0.00
-8952,2.95,-219,2.29,568,2,115786,11_28_31_01_05_2025,-0.72,9.52,-1.21,0.00,-0.00,0.00
-8927,2.95,-234,2.29,568,2,115818,11_28_31_01_05_2025,-0.71,9.53,-1.19,0.00,-0.00,0.00
-8882,2.95,-394,2.30,568,2,115851,11_28_31_01_05_2025,-0.74,9.53,-1.19,0.00,-0.00,0.00
-8821,2.94,-43,2.28,568,2,115885,11_28_31_01_05_2025,-0.72,9.53,-1.18,0.01,-0.00,-0.00
-8876,2.95,-209,2.29,567,2,115918,11_28_31_01_05_2025,-0.72,9.53,-1.19,0.01,-0.00,-0.00
-8919,2.95,-148,2.28,568,2,115954,11_28_31_01_05_2025,-0.72,9.53,-1.20,0.00,-0.00,-0.00
-8877,2.95,-126,2.28,568,2,115987,11_28_31_01_05_2025,-0.71,9.53,-1.20,0.00,-0.00,0.00
-8807,2.94,-298,2.30,569,2,116019,11_28_31_01_05_2025,-0.71,9.50,-1.18,0.00,-0.00,-0.00
-8906,2.95,-362,2.30,568,2,116052,11_28_31_01_05_2025,-0.72,9.55,-1.19,0.01,-0.00,-0.00
-8988,2.95,-302,2.30,569,2,116086,11_28_31_01_05_2025,-0.72,9.53,-1.18,0.01,-0.00,-0.00
-8820,2.94,-220,2.29,568,2,116121,11_28_31_01_05_2025,-0.73,9.52,-1.19,0.01,-0.00,0.00
-8985,2.95,-176,2.29,569,2,116155,11_28_31_01_05_2025,-0.72,9.52,-1.21,0.00,-0.00,-0.00
-8836,2.94,-250,2.29,569,2,116189,11_28_31_01_05_2025,-0.72,9.53,-1.17,0.00,-0.00,0.00
-8648,2.93,-328,2.30,568,2,116222,11_28_31_01_05_2025,-0.75,9.52,-1.19,0.01,-0.00,0.00
-8797,2.94,-205,2.29,568,2,116255,11_28_31_01_05_2025,-0.73,9.50,-1.19,0.01,-0.00,-0.00
-8905,2.95,-115,2.28,569,2,116288,11_28_31_01_05_2025,-0.72,9.54,-1.21,0.01,-0.00,-0.00
-8903,2.95,-224,2.29,568,2,116323,11_28_31_01_05_2025,-0.71,9.52,-1.20,0.01,-0.00,-0.00
-8831,2.94,-251,2.29,568,2,116356,11_28_31_01_05_2025,-0.70,9.53,-1.20,0.01,-0.00,0.00
-8902,2.95,-125,2.28,568,2,116388,11_28_31_01_05_2025,-0.70,9.52,-1.18,0.00,-0.00,-0.00
-8966,2.95,-129,2.28,568,2,116420,11_28_31_01_05_2025,-0.71,9.53,-1.19,0.01,-0.00,-0.00
-8932,2.95,-174,2.29,568,2,116453,11_28_31_01_05_2025,-0.73,9.53,-1.20,0.01,-0.00,-0.00
-8869,2.94,-323,2.30,568,2,116485,11_28_31_01_05_2025,-0.74,9.51,-1.21,0.01,-0.00,-0.00
-8896,2.95,-264,2.29,568,2,116520,11_28_31_01_05_2025,-0.73,9.52,-1.20,0.01,-0.00,-0.00
-8752,2.94,-126,2.28,568,2,116553,11_28_31_01_05_2025,-0.73,9.53,-1.20,0.00,-0.00,-0.00
-8903,2.95,-287,2.29,568,2,116585,11_28_31_01_05_2025,-0.73,9.52,-1.19,0.01,-0.00,-0.00
-8814,2.94,-116,2.28,568,2,116617,11_28_31_01_05_2025,-0.73,9.53,-1.20,0.01,-0.00,-0.00
-8797,2.94,-373,2.30,568,2,116650,11_28_31_01_05_2025,-0.72,9.54,-1.23,0.01,-0.00,-0.00
-8904,2.95,-22,2.27,567,2,116682,11_28_31_01_05_2025,-0.71,9.50,-1.21,0.01,-0.01,-0.00
-8917,2.95,-60,2.28,568,2,116718,11_28_31_01_05_2025,-0.72,9.51,-1.21,0.01,-0.00,0.00
-9023,2.96,-218,2.29,568,2,116751,11_28_32_01_05_2025,-0.73,9.55,-1.22,0.00,-0.00,0.00
-8969,2.95,-263,2.29,568,2,116783,11_28_32_01_05_2025,-0.74,9.53,-1.22,0.01,-0.00,-0.00
-8950,2.95,-68,2.28,568,2,116815,11_28_32_01_05_2025,-0.72,9.51,-1.23,0.01,-0.00,0.00
-8843,2.94,-199,2.29,568,2,116848,11_28_32_01_05_2025,-0.72,9.52,-1.20,0.00,-0.00,0.00
-8887,2.95,-233,2.29,568,2,116880,11_28_32_01_05_2025,-0.73,9.52,-1.25,0.00,-0.00,-0.00
-8881,2.95,-338,2.30,568,2,116915,11_28_32_01_05_2025,-0.72,9.52,-1.19,0.00,-0.00,0.00
-8686,2.93,-192,2.29,568,2,116948,11_28_32_01_05_2025,-0.73,9.54,-1.20,0.00,-0.00,-0.00
-9031,2.96,-77,2.28,568,2,116980,11_28_32_01_05_2025,-0.73,9.52,-1.19,0.00,-0.00,-0.00
-8925,2.95,-135,2.28,568,2,117012,11_28_32_01_05_2025,-0.74,9.52,-1.22,0.01,-0.00,-0.00
-8958,2.95,-64,2.28,568,2,117046,11_28_32_01_05_2025,-0.72,9.51,-1.22,0.01,-0.00,-0.00
-8849,2.94,-120,2.28,568,2,117081,11_28_32_01_05_2025,-0.71,9.54,-1.20,0.00,-0.00,0.00
-8936,2.95,-345,2.30,568,2,117113,11_28_32_01_05_2025,-0.72,9.51,-1.20,0.00,-0.00,0.00
-8863,2.94,-156,2.28,568,2,117146,11_28_32_01_05_2025,-0.72,9.53,-1.19,0.00,-0.00,0.00
-8827,2.94,-95,2.28,568,2,117178,11_28_32_01_05_2025,-0.74,9.53,-1.21,0.00,-0.00,-0.00
-8785,2.94,-45,2.28,568,2,117211,11_28_32_01_05_2025,-0.73,9.51,-1.21,0.01,-0.00,-0.00
-8844,2.94,-163,2.29,568,2,117244,11_28_32_01_05_2025,-0.72,9.52,-1.20,0.00,-0.00,0.00
-8757,2.94,-342,2.30,568,2,117279,11_28_32_01_05_2025,-0.72,9.52,-1.20,-0.00,-0.00,0.00
-8963,2.95,-231,2.29,568,2,117312,11_28_32_01_05_2025,-0.73,9.51,-1.18,0.00,-0.00,0.00
-9061,2.96,-266,2.29,568,2,117344,11_28_32_01_05_2025,-0.74,9.52,-1.19,0.00,-0.00,0.00
-8982,2.95,-223,2.29,568,2,117377,11_28_32_01_05_2025,-0.74,9.52,-1.21,0.01,-0.00,-0.00
-8828,2.94,-372,2.30,567,2,117410,11_28_32_01_05_2025,-0.73,9.52,-1.21,0.01,-0.00,-0.00
-8895,2.95,-66,2.28,568,2,117442,11_28_32_01_05_2025,-0.72,9.52,-1.20,0.00,-0.00,0.00
-9116,2.96,-95,2.28,567,2,117477,11_28_32_01_05_2025,-0.72,9.55,-1.20,0.00,-0.00,-0.00
-8868,2.94,-111,2.28,569,2,117512,11_28_32_01_05_2025,-0.70,9.53,-1.19,0.01,-0.00,0.00
-9003,2.95,-264,2.29,566,2,117544,11_28_32_01_05_2025,-0.72,9.53,-1.19,0.01,-0.00,-0.00
-8968,2.95,-144,2.28,568,2,117577,11_28_32_01_05_2025,-0.74,9.52,-1.21,0.00,-0.00,-0.00
-9010,2.96,-361,2.30,567,2,117610,11_28_32_01_05_2025,-0.72,9.51,-1.21,-0.00,-0.01,0.00
-8900,2.95,-232,2.29,568,2,117642,11_28_32_01_05_2025,-0.69,9.53,-1.18,0.00,-0.00,0.00
-8889,2.95,-295,2.30,568,2,117678,11_28_32_01_05_2025,-0.73,9.51,-1.19,0.00,-0.00,-0.00
-8955,2.95,-201,2.29,568,2,117710,11_28_32_01_05_2025,-0.74,9.53,-1.20,0.01,-0.00,-0.00
-8956,2.95,-180,2.29,568,2,117742,11_28_33_01_05_2025,-0.74,9.52,-1.21,0.01,-0.00,-0.00
-9058,2.96,-67,2.28,568,2,117775,11_28_33_01_05_2025,-0.72,9.53,-1.19,0.01,-0.00,-0.00
-8906,2.95,-116,2.28,568,2,117807,11_28_33_01_05_2025,-0.73,9.54,-1.19,0.00,-0.00,0.00
-8850,2.94,-294,2.30,568,2,117840,11_28_33_01_05_2025,-0.73,9.52,-1.19,0.00,-0.00,0.00
-8850,2.94,-191,2.29,568,2,117875,11_28_33_01_05_2025,-0.72,9.53,-1.19,0.01,-0.00,0.00
-8978,2.95,-321,2.30,568,2,117907,11_28_33_01_05_2025,-0.72,9.52,-1.21,0.01,-0.00,-0.00
-8822,2.94,-96,2.28,568,2,117940,11_28_33_01_05_2025,-0.71,9.52,-1.20,0.00,-0.00,-0.00
-8816,2.94,-253,2.29,568,2,117973,11_28_33_01_05_2025,-0.74,9.54,-1.20,0.00,-0.00,0.00
-8943,2.95,-181,2.29,568,2,118006,11_28_33_01_05_2025,-0.73,9.52,-1.18,0.00,-0.00,0.00
-8899,2.95,-127,2.28,568,2,118040,11_28_33_01_05_2025,-0.74,9.51,-1.18,0.00,-0.00,-0.00
-8855,2.94,-250,2.29,568,2,118073,11_28_33_01_05_2025,-0.74,9.53,-1.20,0.01,-0.00,-0.00
-8886,2.95,-156,2.28,567,2,118106,11_28_33_01_05_2025,-0.73,9.51,-1.20,0.01,-0.00,-0.00
-8972,2.95,-133,2.28,568,2,118138,11_28_33_01_05_2025,-0.70,9.52,-1.21,0.00,-0.01,0.00
-8840,2.94,-264,2.29,568,2,118170,11_28_33_01_05_2025,-0.70,9.53,-1.21,0.00,-0.01,0.00
-8866,2.94,-292,2.29,568,2,118202,11_28_33_01_05_2025,-0.72,9.52,-1.19,0.00,-0.00,-0.00
-9071,2.96,-250,2.29,568,2,118238,11_28_33_01_05_2025,-0.70,9.54,-1.19,0.01,-0.00,-0.00
-9147,2.97,-213,2.29,568,2,118270,11_28_33_01_05_2025,-0.72,9.54,-1.19,0.01,-0.00,-0.00
-8905,2.95,-5,2.27,568,2,118302,11_28_33_01_05_2025,-0.76,9.51,-1.18,0.00,-0.00,-0.00
-8866,2.94,-152,2.28,568,2,118335,11_28_33_01_05_2025,-0.77,9.51,-1.22,-0.00,-0.00,0.00
-9094,2.96,-29,2.27,568,2,118368,11_28_33_01_05_2025,-0.74,9.52,-1.18,0.00,0.00,0.00
-9078,2.96,-243,2.29,568,2,118400,11_28_33_01_05_2025,-0.74,9.53,-1.19,0.00,-0.00,-0.00
-8854,2.94,-170,2.29,566,2,118436,11_28_33_01_05_2025,-0.72,9.52,-1.18,0.01,-0.01,0.00
-9003,2.95,-64,2.28,568,2,118468,11_28_33_01_05_2025,-0.71,9.54,-1.21,0.01,-0.01,-0.00
-9002,2.95,-189,2.29,568,2,118501,11_28_33_01_05_2025,-0.71,9.51,-1.21,0.01,-0.00,-0.00
-8897,2.95,-64,2.28,568,2,118533,11_28_33_01_05_2025,-0.72,9.53,-1.19,0.00,0.00,-0.00
-8790,2.94,-200,2.29,568,2,118571,11_28_33_01_05_2025,-0.73,9.52,-1.20,0.00,-0.00,-0.00
-8847,2.94,10,2.27,568,2,118603,11_28_33_01_05_2025,-0.72,9.53,-1.18,0.00,-0.00,-0.00
-8982,2.95,-170,2.29,568,2,118639,11_28_33_01_05_2025,-0.75,9.52,-1.19,0.01,-0.00,-0.00
-9044,2.96,-50,2.28,568,2,118671,11_28_33_01_05_2025,-0.76,9.51,-1.21,0.01,-0.00,0.00
-8914,2.95,-233,2.29,568,2,118704,11_28_33_01_05_2025,-0.74,9.52,-1.21,0.00,-0.00,-0.00
-8846,2.94,-164,2.29,568,2,118737,11_28_34_01_05_2025,-0.71,9.53,-1.20,0.00,-0.00,0.00
-8972,2.95,-161,2.28,568,2,118769,11_28_34_01_05_2025,-0.71,9.52,-1.17,0.00,-0.00,0.00
-8911,2.95,-137,2.28,568,2,118802,11_28_34_01_05_2025,-0.72,9.52,-1.17,0.00,-0.00,-0.00
-8879,2.95,-405,2.30,568,2,118837,11_28_34_01_05_2025,-0.74,9.54,-1.19,0.01,0.00,-0.00
-9015,2.96,-311,2.30,568,2,118869,11_28_34_01_05_2025,-0.71,9.53,-1.20,0.01,-0.00,-0.00
-9015,2.96,-208,2.29,568,2,118902,11_28_34_01_05_2025,-0.70,9.51,-1.21,0.01,-0.00,0.00
-8966,2.95,-106,2.28,568,2,118936,11_28_34_01_05_2025,-0.73,9.52,-1.18,0.00,-0.00,0.00
-8922,2.95,219,2.26,568,2,118968,11_28_34_01_05_2025,-0.74,9.52,-1.18,0.00,-0.00,-0.00
-8902,2.95,-199,2.29,568,2,119004,11_28_34_01_05_2025,-0.74,9.53,-1.19,0.01,-0.00,-0.00
-8996,2.95,-242,2.29,568,2,119036,11_28_34_01_05_2025,-0.71,9.53,-1.19,0.01,-0.00,-0.00
-8904,2.95,-308,2.30,569,2,119068,11_28_34_01_05_2025,-0.72,9.51,-1.19,0.01,-0.00,0.00
-8923,2.95,-375,2.30,568,2,119102,11_28_34_01_05_2025,-0.73,9.53,-1.22,0.00,-0.01,0.00
-8865,2.94,-68,2.28,568,2,119134,11_28_34_01_05_2025,-0.72,9.52,-1.20,0.01,-0.00,0.00
-8936,2.95,-94,2.28,568,2,119166,11_28_34_01_05_2025,-0.73,9.52,-1.19,0.01,-0.00,0.00
-8870,2.94,-92,2.28,568,2,119202,11_28_34_01_05_2025,-0.72,9.51,-1.19,0.01,-0.00,-0.00
-8954,2.95,41,2.27,568,2,119234,11_28_34_01_05_2025,-0.72,9.54,-1.21,0.01,-0.00,-0.00
-8977,2.95,-100,2.28,566,2,119268,11_28_34_01_05_2025,-0.73,9.51,-1.22,0.01,-0.00,-0.00
-8890,2.95,-66,2.28,568,2,119300,11_28_34_01_05_2025,-0.72,9.52,-1.21,0.01,-0.00,-0.00
-8689,2.93,-160,2.28,568,2,119332,11_28_34_01_05_2025,-0.73,9.54,-1.20,0.01,-0.00,-0.00
-8936,2.95,-128,2.28,568,2,119365,11_28_34_01_05_2025,-0.73,9.51,-1.21,0.01,-0.00,-0.00
-8992,2.95,-44,2.28,567,2,119400,11_28_34_01_05_2025,-0.73,9.54,-1.21,0.01,-0.00,0.00
-9073,2.96,-211,2.29,568,2,119432,11_28_34_01_05_2025,-0.73,9.53,-1.21,0.01,-0.00,-0.00
-8745,2.94,-197,2.29,568,2,119464,11_28_34_01_05_2025,-0.73,9.51,-1.21,0.01,-0.00,0.00
-8829,2.94,-2,2.27,568,2,119496,11_28_34_01_05_2025,-0.73,9.51,-1.22,0.01,-0.00,-0.00
-8819,2.94,-205,2.29,569,2,119529,11_28_34_01_05_2025,-0.74,9.54,-1.23,0.01,-0.00,-0.00
-8929,2.95,96,2.27,568,2,119562,11_28_34_01_05_2025,-0.73,9.53,-1.19,0.01,-0.00,-0.00
-8954,2.95,-37,2.28,568,2,119597,11_28_34_01_05_2025,-0.71,9.54,-1.19,0.00,-0.01,0.00
-8942,2.95,-348,2.30,567,2,119629,11_28_34_01_05_2025,-0.71,9.53,-1.21,0.00,-0.01,0.00
-8805,2.94,-129,2.28,569,2,119661,11_28_34_01_05_2025,-0.72,9.51,-1.23,0.01,-0.00,0.00
-8837,2.94,-61,2.28,568,2,119694,11_28_34_01_05_2025,-0.75,9.50,-1.24,0.01,0.00,-0.00
-8909,2.95,-245,2.29,567,2,119726,11_28_35_01_05_2025,-0.75,9.50,-1.23,0.00,-0.00,-0.00
-8958,2.95,-275,2.29,568,2,119758,11_28_35_01_05_2025,-0.76,9.52,-1.22,0.00,0.00,-0.00
-8929,2.95,52,2.27,568,2,119794,11_28_35_01_05_2025,-0.74,9.52,-1.18,-0.00,-0.00,-0.00
-8979,2.95,-214,2.29,568,2,119826,11_28_35_01_05_2025,-0.70,9.58,-1.20,0.00,-0.01,0.00
-8762,2.94,-224,2.29,569,2,119858,11_28_35_01_05_2025,-0.66,9.53,-1.21,0.01,-0.01,0.00
-8789,2.94,-353,2.30,568,2,119892,11_28_35_01_05_2025,-0.69,9.51,-1.23,0.01,-0.00,0.00
-8770,2.94,-197,2.29,568,2,119925,11_28_35_01_05_2025,-0.74,9.51,-1.25,0.00,-0.00,-0.00
-9098,2.96,-145,2.28,568,2,119960,11_28_35_01_05_2025,-0.77,9.51,-1.20,-0.01,0.00,0.00
-8812,2.94,-39,2.28,568,2,119992,11_28_35_01_05_2025,-0.79,9.52,-1.19,-0.00,0.00,-0.00
-8887,2.95,-39,2.28,568,2,120025,11_28_35_01_05_2025,-0.75,9.54,-1.19,0.00,-0.00,-0.00
-8986,2.95,-79,2.28,568,2,120058,11_28_35_01_05_2025,-0.73,9.55,-1.20,0.01,-0.01,0.00
-8787,2.94,-35,2.28,568,2,120090,11_28_35_01_05_2025,-0.69,9.50,-1.23,0.01,-0.01,0.00
-8902,2.95,-81,2.28,568,2,120123,11_28_35_01_05_2025,-0.67,9.51,-1.22,0.00,-0.01,0.00
-9035,2.96,-136,2.28,568,2,120158,11_28_35_01_05_2025,-0.69,9.51,-1.23,0.00,-0.00,-0.00
-8764,2.94,-55,2.28,568,2,120190,11_28_35_01_05_2025,-0.70,9.54,-1.18,-0.01,-0.00,-0.01
-8843,2.94,-104,2.28,568,2,120223,11_28_35_01_05_2025,-0.77,9.56,-1.17,0.01,-0.01,-0.02
-8868,2.94,-137,2.28,568,2,120255,11_28_35_01_05_2025,-0.80,9.43,-1.20,0.02,-0.01,-0.01
-8868,2.94,-227,2.29,568,2,120287,11_28_35_01_05_2025,-0.77,9.56,-1.22,0.03,-0.02,-0.00
-8943,2.95,-87,2.28,568,2,120320,11_28_35_01_05_2025,-0.70,9.55,-1.17,0.04,-0.02,-0.01
-8768,2.94,61,2.27,568,2,120355,11_28_35_01_05_2025,-0.73,9.53,-1.19,0.03,-0.01,-0.01
-9022,2.96,-296,2.30,568,2,120387,11_28_35_01_05_2025,-0.80,9.49,-1.26,0.01,-0.01,0.00
-8744,2.94,-196,2.29,568,2,120420,11_28_35_01_05_2025,-0.76,9.49,-1.28,-0.01,-0.01,0.00
-8989,2.95,-348,2.30,568,2,120452,11_28_35_01_05_2025,-0.72,9.49,-1.25,-0.03,0.00,0.00
-8901,2.95,-259,2.29,568,2,120485,11_28_35_01_05_2025,-0.74,9.53,-1.20,-0.03,0.00,0.01
-8980,2.95,-93,2.28,568,2,120517,11_28_35_01_05_2025,-0.77,9.51,-1.17,-0.01,0.00,0.00
-8775,2.94,-326,2.30,568,2,120552,11_28_35_01_05_2025,-0.76,9.54,-1.13,0.01,0.00,-0.00
-8817,2.94,-220,2.29,568,2,120584,11_28_35_01_05_2025,-0.75,9.54,-1.19,0.01,-0.01,-0.00
-8901,2.95,-127,2.28,568,2,120617,11_28_35_01_05_2025,-0.72,9.52,-1.23,0.01,-0.01,0.00
-8788,2.94,102,2.27,568,2,120649,11_28_35_01_05_2025,-0.72,9.51,-1.24,0.00,-0.01,0.00
-8968,2.95,-98,2.28,568,2,120682,11_28_35_01_05_2025,-0.71,9.52,-1.23,0.00,-0.00,0.00
-8948,2.95,-67,2.28,568,2,120714,11_28_35_01_05_2025,-0.71,9.53,-1.18,0.00,-0.00,-0.00
-8864,2.94,-295,2.30,568,2,120750,11_28_36_01_05_2025,-0.72,9.54,-1.15,0.01,-0.00,-0.00
-8864,2.94,-254,2.29,568,2,120783,11_28_36_01_05_2025,-0.74,9.52,-1.19,0.01,-0.00,-0.00
-8865,2.94,-84,2.28,568,2,120815,11_28_36_01_05_2025,-0.75,9.51,-1.23,0.00,-0.00,0.00
-8810,2.94,-54,2.28,568,2,120849,11_28_36_01_05_2025,-0.74,9.52,-1.22,-0.00,-0.00,0.00
-8810,2.94,-299,2.30,567,2,120881,11_28_36_01_05_2025,-0.75,9.52,-1.21,0.00,-0.00,0.00
-8834,2.94,-291,2.29,568,2,120913,11_28_36_01_05_2025,-0.75,9.52,-1.19,0.00,-0.01,-0.00
-8804,2.94,-226,2.29,568,2,120949,11_28_36_01_05_2025,-0.77,9.54,-1.21,0.01,-0.01,-0.00
-8781,2.94,-280,2.29,567,2,120981,11_28_36_01_05_2025,-0.75,9.51,-1.21,0.01,-0.00,-0.00
-8982,2.95,-84,2.28,568,2,121013,11_28_36_01_05_2025,-0.72,9.53,-1.19,0.00,-0.00,-0.00
-8922,2.95,-260,2.29,568,2,121045,11_28_36_01_05_2025,-0.71,9.52,-1.21,0.00,-0.00,0.00
-8962,2.95,-117,2.28,568,2,121077,11_28_36_01_05_2025,-0.72,9.52,-1.19,0.00,-0.00,-0.00
-8951,2.95,39,2.27,567,2,121112,11_28_36_01_05_2025,-0.74,9.52,-1.20,0.01,-0.00,-0.00
-8943,2.95,-232,2.29,568,2,121145,11_28_36_01_05_2025,-0.75,9.52,-1.22,0.01,-0.00,-0.00
-9054,2.96,-289,2.29,568,2,121178,11_28_36_01_05_2025,-0.76,9.51,-1.20,0.00,-0.00,-0.00
-8885,2.95,-86,2.28,568,2,121210,11_28_36_01_05_2025,-0.75,9.53,-1.20,0.00,-0.00,0.00
-9098,2.96,-44,2.28,568,2,121242,11_28_36_01_05_2025,-0.74,9.52,-1.18,0.00,-0.00,0.00
-9104,2.96,-72,2.28,568,2,121274,11_28_36_01_05_2025,-0.75,9.53,-1.18,0.00,-0.00,-0.00
-9009,2.96,-100,2.28,568,2,121310,11_28_36_01_05_2025,-0.73,9.52,-1.20,0.01,-0.00,-0.00
-8914,2.95,21,2.27,568,2,121342,11_28_36_01_05_2025,-0.73,9.52,-1.21,0.01,-0.00,-0.00
-8778,2.94,-3,2.27,568,2,121374,11_28_36_01_05_2025,-0.74,9.54,-1.19,0.01,-0.00,-0.00
-8905,2.95,-153,2.28,568,2,121407,11_28_36_01_05_2025,-0.75,9.52,-1.20,0.00,-0.00,-0.00
-8730,2.93,-62,2.28,568,2,121439,11_28_36_01_05_2025,-0.73,9.51,-1.20,0.01,-0.00,0.00
-8830,2.94,-33,2.28,568,2,121472,11_28_36_01_05_2025,-0.72,9.52,-1.19,0.00,-0.01,-0.00
-9077,2.96,-188,2.29,568,2,121507,11_28_36_01_05_2025,-0.74,9.53,-1.20,0.01,-0.00,0.00
-8951,2.95,-70,2.28,568,2,121540,11_28_36_01_05_2025,-0.78,9.52,-1.18,0.00,-0.00,-0.00
-8869,2.94,-143,2.28,568,2,121573,11_28_36_01_05_2025,-0.76,9.53,-1.22,0.01,-0.00,-0.00
-8788,2.94,251,2.25,568,2,121605,11_28_36_01_05_2025,-0.73,9.52,-1.22,0.01,-0.00,-0.00
-9007,2.96,-308,2.30,568,2,121638,11_28_36_01_05_2025,-0.72,9.52,-1.20,0.01,-0.01,0.00
-9104,2.96,-87,2.28,568,2,121670,11_28_36_01_05_2025,-0.73,9.52,-1.19,0.00,-0.01,0.00
-8962,2.95,-82,2.28,568,2,121706,11_28_36_01_05_2025,-0.72,9.52,-1.20,-0.00,-0.01,0.00
-8998,2.95,-161,2.28,566,2,121739,11_28_37_01_05_2025,-0.74,9.52,-1.20,0.00,0.00,0.00
-8744,2.94,-206,2.29,568,2,121771,11_28_37_01_05_2025,-0.74,9.52,-1.21,0.00,-0.00,-0.00
-8818,2.94,-182,2.29,568,2,121804,11_28_37_01_05_2025,-0.74,9.53,-1.20,0.00,-0.00,-0.00
-8892,2.95,-326,2.30,568,2,121837,11_28_37_01_05_2025,-0.75,9.53,-1.21,0.00,-0.00,-0.00
-8925,2.95,-313,2.30,568,2,121869,11_28_37_01_05_2025,-0.73,9.50,-1.20,0.00,-0.00,-0.00
-8781,2.94,56,2.27,568,2,121904,11_28_37_01_05_2025,-0.74,9.54,-1.18,0.00,-0.00,0.00
-8894,2.95,-172,2.29,568,2,121937,11_28_37_01_05_2025,-0.74,9.51,-1.21,0.01,-0.00,-0.00
-8993,2.95,-148,2.28,568,2,121970,11_28_37_01_05_2025,-0.74,9.51,-1.19,0.01,-0.01,-0.00
-9004,2.95,-147,2.28,568,2,122002,11_28_37_01_05_2025,-0.73,9.54,-1.20,0.01,-0.00,-0.00
-8931,2.95,18,2.27,568,2,122035,11_28_37_01_05_2025,-0.74,9.52,-1.22,0.00,-0.00,-0.00
-9032,2.96,-245,2.29,566,2,122070,11_28_37_01_05_2025,-0.73,9.52,-1.19,0.00,-0.00,-0.00
-9046,2.96,-93,2.28,568,2,122103,11_28_37_01_05_2025,-0.75,9.53,-1.19,0.00,-0.00,-0.00
-9054,2.96,-121,2.28,568,2,122135,11_28_37_01_05_2025,-0.75,9.51,-1.20,0.01,-0.00,-0.00
-8762,2.94,-82,2.28,568,2,122168,11_28_37_01_05_2025,-0.75,9.52,-1.20,0.01,-0.00,-0.00
-9035,2.96,-139,2.28,568,2,122201,11_28_37_01_05_2025,-0.74,9.52,-1.21,0.01,-0.00,-0.00
-8861,2.94,57,2.27,568,2,122233,11_28_37_01_05_2025,-0.73,9.52,-1.20,0.01,-0.00,-0.00
-8875,2.95,-200,2.29,568,2,122268,11_28_37_01_05_2025,-0.75,9.52,-1.20,0.01,-0.00,-0.00
-8847,2.94,-193,2.29,568,2,122301,11_28_37_01_05_2025,-0.75,9.53,-1.22,0.01,-0.00,-0.00
-8722,2.93,-173,2.29,568,2,122333,11_28_37_01_05_2025,-0.74,9.52,-1.21,0.01,-0.00,-0.00
-8711,2.93,-111,2.28,568,2,122366,11_28_37_01_05_2025,-0.74,9.52,-1.22,0.01,-0.00,-0.00
-8907,2.95,-254,2.29,568,2,122399,11_28_37_01_05_2025,-0.74,9.52,-1.23,0.01,-0.00,-0.00
-8940,2.95,-276,2.29,568,2,122431,11_28_37_01_05_2025,-0.74,9.52,-1.21,0.01,-0.00,-0.00
-8905,2.95,-15,2.27,568,2,122467,11_28_37_01_05_2025,-0.75,9.51,-1.20,0.01,-0.00,-0.00
-8864,2.94,-252,2.29,568,2,122499,11_28_37_01_05_2025,-0.75,9.53,-1.22,0.01,-0.00,-0.00
-8737,2.93,-312,2.30,569,2,122531,11_28_37_01_05_2025,-0.74,9.53,-1.23,0.01,-0.01,-0.00
-8864,2.94,-68,2.28,567,2,122564,11_28_37_01_05_2025,-0.73,9.52,-1.23,0.02,-0.00,-0.00
-8943,2.95,-238,2.29,567,2,122596,11_28_37_01_05_2025,-0.73,9.51,-1.20,0.01,-0.00,0.00
-8874,2.94,-146,2.28,569,2,122628,11_28_37_01_05_2025,-0.75,9.53,-1.24,0.00,-0.00,-0.00
-8904,2.95,2,2.27,568,2,122664,11_28_37_01_05_2025,-0.76,9.51,-1.22,0.00,-0.00,0.00
-8971,2.95,-87,2.28,568,2,122696,11_28_37_01_05_2025,-0.74,9.53,-1.22,0.01,-0.00,-0.00
-8853,2.94,-199,2.29,568,2,122728,11_28_38_01_05_2025,-0.75,9.51,-1.23,0.01,-0.00,0.00
-8821,2.94,-274,2.29,568,2,122761,11_28_38_01_05_2025,-0.75,9.51,-1.24,0.01,-0.00,-0.00
-8923,2.95,-79,2.28,568,2,122795,11_28_38_01_05_2025,-0.74,9.51,-1.25,0.01,-0.00,-0.00
-8822,2.94,-99,2.28,568,2,122827,11_28_38_01_05_2025,-0.71,9.51,-1.23,0.00,-0.00,0.00
-9070,2.96,-153,2.28,568,2,122862,11_28_38_01_05_2025,-0.73,9.53,-1.24,0.00,-0.00,0.00
-8784,2.94,-41,2.28,568,2,122894,11_28_38_01_05_2025,-0.74,9.49,-1.22,0.00,-0.01,0.00
-8972,2.95,-210,2.29,569,2,122926,11_28_38_01_05_2025,-0.77,9.52,-1.21,0.00,0.00,0.00
-9006,2.95,-130,2.28,569,2,122958,11_28_38_01_05_2025,-0.79,9.53,-1.22,-0.00,0.00,-0.00
-8862,2.94,-201,2.29,568,2,122991,11_28_38_01_05_2025,-0.77,9.51,-1.22,-0.00,-0.00,0.00
-8801,2.94,-65,2.28,567,2,123026,11_28_38_01_05_2025,-0.75,9.53,-1.23,0.00,-0.00,0.00
-8962,2.95,9,2.27,569,2,123059,11_28_38_01_05_2025,-0.74,9.51,-1.25,0.00,-0.01,0.00
-8825,2.94,-4,2.27,568,2,123091,11_28_38_01_05_2025,-0.71,9.51,-1.22,0.00,-0.01,-0.00
-9012,2.96,-107,2.28,568,2,123124,11_28_38_01_05_2025,-0.70,9.55,-1.21,0.00,-0.00,0.00
-9117,2.96,-210,2.29,568,2,123156,11_28_38_01_05_2025,-0.72,9.51,-1.21,-0.00,-0.00,0.00
-8892,2.95,-101,2.28,568,2,123188,11_28_38_01_05_2025,-0.73,9.52,-1.22,-0.00,0.00,0.00
-8955,2.95,51,2.27,568,2,123223,11_28_38_01_05_2025,-0.76,9.52,-1.22,0.00,0.00,0.00
-8860,2.94,-78,2.28,568,2,123256,11_28_38_01_05_2025,-0.77,9.54,-1.21,0.00,-0.00,-0.00
-8896,2.95,-47,2.28,568,2,123288,11_28_38_01_05_2025,-0.78,9.52,-1.23,0.00,-0.00,0.00
-8661,2.93,-219,2.29,568,2,123321,11_28_38_01_05_2025,-0.75,9.51,-1.21,0.00,-0.00,-0.00
-8789,2.94,-188,2.29,567,2,123353,11_28_38_01_05_2025,-0.74,9.53,-1.22,0.00,-0.01,0.00
-8765,2.94,141,2.26,568,2,123385,11_28_38_01_05_2025,-0.72,9.51,-1.20,0.00,-0.01,0.00
-8889,2.95,-105,2.28,568,2,123421,11_28_38_01_05_2025,-0.70,9.54,-1.22,0.01,-0.01,-0.00
-8708,2.93,-93,2.28,568,2,123453,11_28_38_01_05_2025,-0.70,9.54,-1.22,0.01,-0.00,-0.00
-8936,2.95,-63,2.28,568,2,123487,11_28_38_01_05_2025,-0.75,9.52,-1.22,0.01,0.00,-0.00
-8845,2.94,-160,2.28,568,2,123520,11_28_38_01_05_2025,-0.77,9.52,-1.21,0.00,0.00,-0.00
-8961,2.95,-141,2.28,568,2,123552,11_28_38_01_05_2025,-0.76,9.51,-1.22,-0.01,-0.00,-0.00
-8906,2.95,-260,2.29,567,2,123584,11_28_38_01_05_2025,-0.77,9.53,-1.19,-0.00,-0.00,0.00
-8915,2.95,-180,2.29,569,2,123619,11_28_38_01_05_2025,-0.75,9.52,-1.20,0.00,-0.00,-0.00
-8690,2.93,-72,2.28,568,2,123652,11_28_38_01_05_2025,-0.75,9.52,-1.20,0.01,-0.00,0.00
-8992,2.95,-46,2.28,568,2,123685,11_28_38_01_05_2025,-0.75,9.52,-1.23,0.00,-0.00,-0.00
-8770,2.94,-23,2.27,568,2,123718,11_28_38_01_05_2025,-0.75,9.51,-1.22,0.00,-0.00,0.00
-8890,2.95,-222,2.29,569,2,123750,11_28_39_01_05_2025,-0.71,9.52,-1.19,0.00,-0.00,0.00
-8802,2.94,-224,2.29,568,2,123782,11_28_39_01_05_2025,-0.72,9.53,-1.20,0.00,-0.00,-0.00
-8946,2.95,-224,2.29,566,2,123817,11_28_39_01_05_2025,-0.73,9.51,-1.20,0.00,-0.00,-0.00
-8823,2.94,-101,2.28,568,2,123850,11_28_39_01_05_2025,-0.75,9.54,-1.22,0.01,-0.00,-0.00
-9002,2.95,-24,2.27,568,2,123883,11_28_39_01_05_2025,-0.76,9.52,-1.23,0.00,-0.00,-0.00
-8822,2.94,-484,2.31,568,2,123915,11_28_39_01_05_2025,-0.75,9.52,-1.21,0.00,-0.00,-0.00
-8935,2.95,-278,2.29,568,2,123948,11_28_39_01_05_2025,-0.74,9.52,-1.20,0.00,-0.00,-0.00
-8834,2.94,-379,2.30,568,2,123980,11_28_39_01_05_2025,-0.74,9.52,-1.19,0.00,-0.00,0.00
-8860,2.94,-241,2.29,568,2,124010,11_28_39_01_05_2025,-0.74,9.51,-1.20,0.01,-0.00,-0.00
-8727,2.93,-62,2.28,568,2,124042,11_28_39_01_05_2025,-0.75,9.52,-1.22,0.01,-0.00,-0.00
-8798,2.94,-255,2.29,568,2,124075,11_28_39_01_05_2025,-0.75,9.52,-1.22,0.00,-0.00,-0.00
-8856,2.94,-129,2.28,567,2,124107,11_28_39_01_05_2025,-0.75,9.52,-1.22,0.00,-0.00,-0.00
-9045,2.96,-55,2.28,568,2,124139,11_28_39_01_05_2025,-0.74,9.54,-1.19,0.00,-0.00,-0.00
-8781,2.94,-142,2.28,568,2,124174,11_28_39_01_05_2025,-0.74,9.54,-1.17,0.00,-0.00,0.00
-8733,2.93,-36,2.28,568,2,124206,11_28_39_01_05_2025,-0.74,9.53,-1.18,0.00,-0.00,0.00
-8795,2.94,77,2.27,568,2,124239,11_28_39_01_05_2025,-0.73,9.51,-1.20,0.00,-0.00,0.00
-9001,2.95,-30,2.28,568,2,124272,11_28_39_01_05_2025,-0.75,9.52,-1.21,0.00,-0.00,0.00
-8707,2.93,-70,2.28,569,2,124304,11_28_39_01_05_2025,-0.74,9.51,-1.21,0.00,-0.00,0.00
-9009,2.96,86,2.27,568,2,124336,11_28_39_01_05_2025,-0.74,9.53,-1.22,0.01,-0.00,0.00
-8805,2.94,129,2.26,567,2,124371,11_28_39_01_05_2025,-0.74,9.53,-1.22,0.01,-0.00,-0.00
-8838,2.94,-200,2.29,568,2,124403,11_28_39_01_05_2025,-0.76,9.50,-1.21,0.01,0.00,-0.00
-8746,2.94,100,2.27,568,2,124435,11_28_39_01_05_2025,-0.76,9.53,-1.22,0.01,-0.00,-0.00
-8916,2.95,-27,2.27,568,2,124468,11_28_39_01_05_2025,-0.73,9.53,-1.21,0.00,-0.00,0.00
-8838,2.94,-118,2.28,568,2,124501,11_28_39_01_05_2025,-0.71,9.53,-1.22,0.00,-0.00,0.00
-8739,2.93,-246,2.29,568,2,124533,11_28_39_01_05_2025,-0.72,9.49,-1.24,0.01,-0.00,-0.00
-8892,2.95,-151,2.28,567,2,124569,11_28_39_01_05_2025,-0.72,9.53,-1.22,0.01,-0.00,-0.01
-8744,2.94,-119,2.28,568,2,124601,11_28_39_01_05_2025,-0.75,9.54,-1.18,0.01,-0.00,-0.00
-8888,2.95,1,2.27,568,2,124634,11_28_39_01_05_2025,-0.76,9.54,-1.13,-0.00,0.00,-0.00
-8812,2.94,-274,2.29,568,2,124668,11_28_39_01_05_2025,-0.76,9.55,-1.14,-0.00,-0.00,0.00
-8890,2.95,-183,2.29,567,2,124700,11_28_39_01_05_2025,-0.77,9.51,-1.17,0.00,-0.00,0.00
-8824,2.94,-206,2.29,568,2,124732,11_28_40_01_05_2025,-0.76,9.50,-1.22,0.01,-0.01,0.00
-8927,2.95,-117,2.28,568,2,124768,11_28_40_01_05_2025,-0.74,9.53,-1.25,0.01,-0.01,0.00
-8897,2.95,-1,2.27,568,2,124800,11_28_40_01_05_2025,-0.73,9.51,-1.26,0.00,-0.01,0.00
-8800,2.94,-121,2.28,568,2,124832,11_28_40_01_05_2025,-0.73,9.52,-1.22,-0.01,-0.00,0.00
-8827,2.94,-210,2.29,567,2,124865,11_28_40_01_05_2025,-0.71,9.52,-1.18,-0.00,-0.00,0.00
-8811,2.94,-14,2.27,568,2,124898,11_28_40_01_05_2025,-0.70,9.52,-1.17,0.00,-0.00,-0.00
-8812,2.94,-106,2.28,567,2,124930,11_28_40_01_05_2025,-0.73,9.54,-1.19,0.01,0.00,-0.00
-8999,2.95,51,2.27,568,2,124966,11_28_40_01_05_2025,-0.76,9.52,-1.23,0.01,-0.00,-0.00
-8894,2.95,-232,2.29,568,2,124998,11_28_40_01_05_2025,-0.77,9.50,-1.23,0.01,-0.00,-0.00
-8762,2.94,-25,2.27,568,2,125031,11_28_40_01_05_2025,-0.77,9.49,-1.25,0.01,-0.00,-0.00
-8961,2.95,-122,2.28,568,2,125063,11_28_40_01_05_2025,-0.75,9.52,-1.23,0.01,-0.00,-0.01
-9035,2.96,-82,2.28,567,2,125096,11_28_40_01_05_2025,-0.72,9.55,-1.18,0.01,-0.00,-0.00
-8947,2.95,-290,2.29,566,2,125131,11_28_40_01_05_2025,-0.71,9.56,-1.14,0.00,-0.01,0.00
-8925,2.95,-95,2.28,568,2,125163,11_28_40_01_05_2025,-0.70,9.53,-1.15,0.00,-0.00,0.00
-8919,2.95,-41,2.28,568,2,125195,11_28_40_01_05_2025,-0.76,9.52,-1.18,0.01,-0.00,0.00
-9050,2.96,-286,2.29,568,2,125228,11_28_40_01_05_2025,-0.77,9.52,-1.25,0.01,-0.00,-0.00
-8819,2.94,-287,2.29,568,2,125261,11_28_40_01_05_2025,-0.75,9.51,-1.28,0.01,-0.00,-0.00
-8834,2.94,76,2.27,568,2,125293,11_28_40_01_05_2025,-0.75,9.52,-1.26,0.01,-0.00,0.00
-9032,2.96,-127,2.28,568,2,125329,11_28_40_01_05_2025,-0.75,9.52,-1.19,0.00,-0.00,0.00
-8875,2.95,-170,2.29,568,2,125361,11_28_40_01_05_2025,-0.77,9.53,-1.21,0.00,-0.01,0.00
-8924,2.95,-153,2.28,568,2,125393,11_28_40_01_05_2025,-0.75,9.50,-1.21,0.01,-0.01,0.00
-8813,2.94,169,2.26,568,2,125425,11_28_40_01_05_2025,-0.73,9.52,-1.23,0.02,-0.01,-0.00
-8861,2.94,-153,2.28,568,2,125458,11_28_40_01_05_2025,-0.71,9.51,-1.26,0.02,-0.00,-0.00
-8797,2.94,4,2.27,568,2,125491,11_28_40_01_05_2025,-0.73,9.54,-1.25,0.01,-0.00,-0.00
-8975,2.95,-230,2.29,568,2,125526,11_28_40_01_05_2025,-0.76,9.52,-1.21,0.00,-0.00,-0.00
-8993,2.95,-50,2.28,567,2,125559,11_28_40_01_05_2025,-0.75,9.52,-1.19,0.00,-0.00,0.00
-8934,2.95,-124,2.28,565,2,125592,11_28_40_01_05_2025,-0.75,9.52,-1.20,0.01,-0.00,0.00
-8688,2.93,-101,2.28,568,2,125624,11_28_40_01_05_2025,-0.74,9.50,-1.21,0.01,-0.00,-0.00
-8794,2.94,-64,2.28,568,2,125657,11_28_40_01_05_2025,-0.75,9.53,-1.23,0.01,-0.00,-0.00
-8773,2.94,25,2.27,568,2,125690,11_28_40_01_05_2025,-0.77,9.52,-1.25,0.01,-0.00,0.00
-8919,2.95,77,2.27,569,2,125733,11_28_41_01_05_2025,-0.77,9.50,-1.27,0.00,-0.00,0.00
-8870,2.94,-87,2.28,568,2,125767,11_28_41_01_05_2025,-0.75,9.52,-1.24,0.00,-0.00,0.00
-8990,2.95,-138,2.28,568,2,125802,11_28_41_01_05_2025,-0.73,9.51,-1.23,0.01,-0.00,0.00
-8893,2.95,80,2.27,568,2,125836,11_28_41_01_05_2025,-0.75,9.52,-1.22,0.00,-0.00,0.00
-9085,2.96,-323,2.30,567,2,125871,11_28_41_01_05_2025,-0.75,9.52,-1.24,0.00,-0.00,-0.00
-8969,2.95,0,2.27,568,2,125906,11_28_41_01_05_2025,-0.73,9.51,-1.25,0.00,-0.00,0.00
-8854,2.94,-125,2.28,568,2,125942,11_28_41_01_05_2025,-0.72,9.53,-1.22,0.00,-0.00,0.00
-8736,2.93,-136,2.28,568,2,125978,11_28_41_01_05_2025,-0.72,9.52,-1.23,0.00,-0.00,0.00
-8783,2.94,116,2.26,568,2,126012,11_28_41_01_05_2025,-0.75,9.52,-1.22,0.00,-0.00,-0.00
-9034,2.96,132,2.26,568,2,126047,11_28_41_01_05_2025,-0.76,9.52,-1.23,0.00,-0.00,-0.00
-8945,2.95,-132,2.28,568,2,126081,11_28_41_01_05_2025,-0.77,9.52,-1.22,0.00,0.00,0.00
-8974,2.95,-191,2.29,567,2,126115,11_28_41_01_05_2025,-0.78,9.53,-1.23,0.00,-0.00,-0.00
-8954,2.95,-127,2.28,568,2,126153,11_28_41_01_05_2025,-0.75,9.51,-1.24,0.01,-0.00,-0.00
-9034,2.96,-96,2.28,568,2,126188,11_28_41_01_05_2025,-0.74,9.51,-1.22,0.01,-0.01,0.00
-8889,2.95,-257,2.29,568,2,126223,11_28_41_01_05_2025,-0.72,9.51,-1.22,0.00,-0.00,0.00
-8939,2.95,-78,2.28,568,2,126257,11_28_41_01_05_2025,-0.73,9.51,-1.25,-0.01,-0.00,-0.00
-8930,2.95,-97,2.28,568,2,126292,11_28_41_01_05_2025,-0.74,9.53,-1.18,0.00,-0.00,0.00
-8955,2.95,76,2.27,566,2,126329,11_28_41_01_05_2025,-0.76,9.53,-1.18,0.00,0.00,0.00
-8716,2.93,-265,2.29,568,2,126504,11_28_41_01_05_2025,-0.75,9.52,-1.22,0.00,-0.00,0.00
-8974,2.95,50,2.27,569,2,126540,11_28_41_01_05_2025,-0.70,9.52,-1.20,0.00,-0.00,0.00
-8688,2.93,-248,2.29,568,2,126575,11_28_41_01_05_2025,-0.69,9.53,-1.18,0.00,-0.00,0.00
-9019,2.96,-81,2.28,568,2,126609,11_28_41_01_05_2025,-0.72,9.54,-1.18,0.01,0.00,-0.00
-8987,2.95,-296,2.30,568,2,126644,11_28_41_01_05_2025,-0.75,9.53,-1.24,0.01,0.00,-0.00
-8886,2.95,-180,2.29,568,2,126681,11_28_41_01_05_2025,-0.75,9.49,-1.26,0.01,-0.00,-0.00
-8891,2.95,-68,2.28,568,2,126715,11_28_41_01_05_2025,-0.74,9.52,-1.26,0.00,-0.00,-0.00
-9064,2.96,-30,2.28,568,2,126750,11_28_42_01_05_2025,-0.72,9.53,-1.26,0.00,-0.00,-0.00
-8904,2.95,-179,2.29,568,2,126785,11_28_42_01_05_2025,-0.69,9.53,-1.23,0.00,-0.01,-0.00
-8896,2.95,-175,2.29,567,2,126820,11_28_42_01_05_2025,-0.68,9.53,-1.16,0.00,-0.01,0.00
-8945,2.95,-86,2.28,568,2,126854,11_28_42_01_05_2025,-0.75,9.54,-1.22,0.00,-0.00,-0.00
-8901,2.95,-7,2.27,568,2,126891,11_28_42_01_05_2025,-0.77,9.49,-1.21,0.01,0.00,-0.00
-9182,2.97,-56,2.28,568,2,126926,11_28_42_01_05_2025,-0.79,9.52,-1.24,0.00,0.00,-0.00
-8715,2.93,-108,2.28,568,2,126961,11_28_42_01_05_2025,-0.79,9.51,-1.22,0.00,0.00,-0.00
-8876,2.95,2,2.27,566,2,126996,11_28_42_01_05_2025,-0.77,9.53,-1.20,-0.00,-0.00,0.00
-8960,2.95,-200,2.29,568,2,127030,11_28_42_01_05_2025,-0.76,9.53,-1.21,0.01,-0.01,0.00
-8945,2.95,-231,2.29,568,2,127064,11_28_42_01_05_2025,-0.74,9.51,-1.19,0.01,-0.01,0.00
-8842,2.94,-13,2.27,568,2,127102,11_28_42_01_05_2025,-0.71,9.50,-1.24,0.01,-0.01,-0.00
-8915,2.95,-261,2.29,568,2,127137,11_28_42_01_05_2025,-0.68,9.52,-1.22,-0.00,-0.01,0.00
-8818,2.94,85,2.27,568,2,127171,11_28_42_01_05_2025,-0.70,9.54,-1.22,-0.00,0.00,0.00
-8905,2.95,-70,2.28,567,2,127206,11_28_42_01_05_2025,-0.74,9.52,-1.20,-0.01,-0.00,0.00
-8939,2.95,-59,2.28,568,2,127240,11_28_42_01_05_2025,-0.73,9.52,-1.19,0.00,-0.00,-0.00
-8898,2.95,-183,2.29,567,2,127275,11_28_42_01_05_2025,-0.77,9.52,-1.22,0.01,-0.00,-0.00
-8977,2.95,-151,2.28,568,2,127312,11_28_42_01_05_2025,-0.76,9.51,-1.20,0.01,-0.00,-0.00
-9060,2.96,-200,2.29,568,2,127346,11_28_42_01_05_2025,-0.75,9.54,-1.21,0.00,-0.00,0.00
-8717,2.93,-200,2.29,568,2,127380,11_28_42_01_05_2025,-0.73,9.51,-1.21,0.00,-0.01,-0.00
-8856,2.94,-34,2.28,568,2,127415,11_28_42_01_05_2025,-0.72,9.53,-1.20,0.01,-0.00,0.00
-8927,2.95,-313,2.30,568,2,127450,11_28_42_01_05_2025,-0.74,9.52,-1.23,0.01,0.00,-0.00
-9056,2.96,-246,2.29,568,2,127484,11_28_42_01_05_2025,-0.72,9.52,-1.20,0.01,-0.00,-0.00
-8841,2.94,-103,2.28,568,2,127522,11_28_42_01_05_2025,-0.74,9.53,-1.22,0.01,0.00,0.00
-8786,2.94,-115,2.28,567,2,127557,11_28_42_01_05_2025,-0.75,9.50,-1.22,0.00,-0.00,-0.00
-9024,2.96,-261,2.29,568,2,127592,11_28_42_01_05_2025,-0.74,9.53,-1.20,0.01,-0.00,-0.00
-8720,2.93,-170,2.29,567,2,127627,11_28_42_01_05_2025,-0.75,9.52,-1.23,0.01,-0.00,-0.00
-8948,2.95,-20,2.27,568,2,127661,11_28_42_01_05_2025,-0.75,9.52,-1.22,0.01,-0.01,-0.00
-8766,2.94,-41,2.28,567,2,127699,11_28_42_01_05_2025,-0.74,9.52,-1.21,0.01,-0.00,-0.00
-8897,2.95,-279,2.29,568,2,127733,11_28_43_01_05_2025,-0.73,9.52,-1.24,0.01,-0.00,-0.00
-8920,2.95,-160,2.28,568,2,127768,11_28_43_01_05_2025,-0.72,9.51,-1.23,0.01,-0.00,-0.00
-8789,2.94,-29,2.27,568,2,127802,11_28_43_01_05_2025,-0.73,9.52,-1.22,0.01,-0.00,-0.00
-8822,2.94,-152,2.28,568,2,127838,11_28_43_01_05_2025,-0.75,9.51,-1.21,0.01,-0.00,-0.00
-8996,2.95,-131,2.28,568,2,127872,11_28_43_01_05_2025,-0.77,9.52,-1.25,0.00,-0.00,-0.00
-8811,2.94,-168,2.29,568,2,127909,11_28_43_01_05_2025,-0.75,9.51,-1.24,0.00,-0.00,-0.00
-8821,2.94,-39,2.28,568,2,127943,11_28_43_01_05_2025,-0.75,9.52,-1.25,-0.00,-0.00,0.00
-8919,2.95,-92,2.28,568,2,127978,11_28_43_01_05_2025,-0.76,9.53,-1.21,0.00,-0.00,-0.00
-8811,2.94,28,2.27,568,2,128013,11_28_43_01_05_2025,-0.72,9.51,-1.21,0.01,-0.01,-0.00
-8894,2.95,-47,2.28,567,2,128048,11_28_43_01_05_2025,-0.72,9.54,-1.21,0.02,-0.00,0.00
-8712,2.93,-58,2.28,567,2,128082,11_28_43_01_05_2025,-0.76,9.52,-1.24,0.01,-0.00,-0.00
-9028,2.96,-147,2.28,568,2,128120,11_28_43_01_05_2025,-0.75,9.53,-1.24,0.01,-0.01,0.00
-8855,2.94,-38,2.28,568,2,128154,11_28_43_01_05_2025,-0.75,9.51,-1.24,0.01,-0.00,-0.00
-8821,2.94,8,2.27,568,2,128189,11_28_43_01_05_2025,-0.74,9.51,-1.23,0.02,-0.00,-0.00
-8936,2.95,-29,2.27,568,2,128223,11_28_43_01_05_2025,-0.74,9.53,-1.23,0.02,-0.00,-0.00
-9022,2.96,-56,2.28,568,2,128258,11_28_43_01_05_2025,-0.73,9.51,-1.24,0.01,-0.00,-0.00
-8960,2.95,-172,2.29,568,2,128293,11_28_43_01_05_2025,-0.76,9.53,-1.26,0.01,-0.00,-0.00
-8882,2.95,-42,2.28,568,2,128330,11_28_43_01_05_2025,-0.76,9.50,-1.26,0.00,-0.00,0.00
-9087,2.96,75,2.27,568,2,128365,11_28_43_01_05_2025,-0.76,9.51,-1.27,0.01,-0.00,-0.00
-8827,2.94,121,2.26,568,2,128399,11_28_43_01_05_2025,-0.76,9.53,-1.26,0.00,-0.00,-0.00
-8824,2.94,-74,2.28,568,2,128435,11_28_43_01_05_2025,-0.75,9.51,-1.24,0.00,-0.00,0.00
-8938,2.95,-191,2.29,567,2,128469,11_28_43_01_05_2025,-0.73,9.52,-1.25,-0.00,-0.00,0.00
-8975,2.95,-158,2.28,568,2,128503,11_28_43_01_05_2025,-0.73,9.52,-1.23,0.00,-0.00,-0.00
-9032,2.96,-87,2.28,568,2,128541,11_28_43_01_05_2025,-0.74,9.51,-1.23,0.00,-0.00,-0.00
-8825,2.94,-31,2.28,568,2,128576,11_28_43_01_05_2025,-0.75,9.52,-1.26,0.01,-0.00,-0.00
-8975,2.95,2,2.27,568,2,128611,11_28_43_01_05_2025,-0.75,9.50,-1.24,0.00,-0.00,-0.00
-9027,2.96,211,2.26,568,2,128645,11_28_43_01_05_2025,-0.77,9.45,-1.24,0.00,0.00,0.00
-8779,2.94,-277,2.29,568,2,128680,11_28_43_01_05_2025,-0.81,9.54,-1.27,0.01,-0.00,-0.00
-8961,2.95,-172,2.29,568,2,128715,11_28_43_01_05_2025,-0.80,9.53,-1.22,0.01,-0.01,0.00
-9089,2.96,38,2.27,568,2,128752,11_28_44_01_05_2025,-0.77,9.50,-1.21,0.02,-0.00,0.00
-9012,2.96,-51,2.28,568,2,128787,11_28_44_01_05_2025,-0.77,9.54,-1.26,0.02,-0.01,0.00
-8842,2.94,-135,2.28,567,2,128822,11_28_44_01_05_2025,-0.69,9.48,-1.29,0.01,-0.01,0.00
-8912,2.95,-127,2.28,568,2,128856,11_28_44_01_05_2025,-0.62,9.53,-1.26,-0.01,-0.01,0.01
-8889,2.95,-178,2.29,568,2,128891,11_28_44_01_05_2025,-0.63,9.59,-1.24,-0.00,-0.00,0.00
-8950,2.95,-115,2.28,568,2,128928,11_28_44_01_05_2025,-0.68,9.48,-1.24,0.00,0.00,-0.00
-9009,2.96,-106,2.28,567,2,128962,11_28_44_01_05_2025,-0.72,9.55,-1.26,0.00,0.00,-0.00
-8753,2.94,-119,2.28,568,2,128997,11_28_44_01_05_2025,-0.73,9.51,-1.25,-0.00,0.00,-0.00
-8829,2.94,85,2.27,567,2,129031,11_28_44_01_05_2025,-0.78,9.50,-1.24,-0.00,0.00,-0.00
-8864,2.94,-132,2.28,566,2,129067,11_28_44_01_05_2025,-0.86,9.53,-1.24,-0.00,-0.00,-0.00
-8803,2.94,-108,2.28,567,2,129101,11_28_44_01_05_2025,-0.86,9.50,-1.20,0.00,-0.00,-0.00
-8920,2.95,-135,2.28,569,2,129138,11_28_44_01_05_2025,-0.81,9.53,-1.23,0.01,-0.01,0.00
-9034,2.96,-132,2.28,568,2,129172,11_28_44_01_05_2025,-0.74,9.52,-1.24,0.01,-0.01,0.00
-8885,2.95,-90,2.28,568,2,129206,11_28_44_01_05_2025,-0.67,9.54,-1.24,0.00,-0.01,0.00
-8799,2.94,16,2.27,568,2,129241,11_28_44_01_05_2025,-0.62,9.51,-1.25,-0.00,-0.01,0.00
-8819,2.94,92,2.27,568,2,129275,11_28_44_01_05_2025,-0.64,9.54,-1.24,-0.00,-0.00,-0.00
-8936,2.95,-97,2.28,567,2,129310,11_28_44_01_05_2025,-0.73,9.54,-1.22,-0.00,0.00,-0.00
-8760,2.94,-128,2.28,568,2,129347,11_28_44_01_05_2025,-0.76,9.51,-1.20,-0.00,0.00,-0.00
-8855,2.94,-47,2.28,568,2,129382,11_28_44_01_05_2025,-0.76,9.52,-1.24,-0.00,0.00,-0.00
-8981,2.95,-19,2.27,568,2,129417,11_28_44_01_05_2025,-0.78,9.51,-1.22,0.00,-0.00,-0.00
-8828,2.94,29,2.27,568,2,129452,11_28_44_01_05_2025,-0.79,9.52,-1.22,0.00,-0.00,-0.00
-8918,2.95,37,2.27,568,2,129486,11_28_44_01_05_2025,-0.81,9.50,-1.22,0.00,-0.00,0.00
-8852,2.94,-7,2.27,568,2,129521,11_28_44_01_05_2025,-0.77,9.52,-1.21,0.00,-0.00,0.00
-8935,2.95,-25,2.27,567,2,129559,11_28_44_01_05_2025,-0.70,9.52,-1.23,0.01,-0.01,-0.00
-8841,2.94,-72,2.28,568,2,129594,11_28_44_01_05_2025,-0.67,9.53,-1.24,0.01,-0.00,0.00
-8872,2.94,-51,2.28,568,2,129629,11_28_44_01_05_2025,-0.70,9.51,-1.22,0.00,-0.00,-0.00
-9021,2.96,-284,2.29,568,2,129663,11_28_44_01_05_2025,-0.74,9.53,-1.24,0.00,-0.00,-0.00
-8926,2.95,-217,2.29,568,2,129698,11_28_44_01_05_2025,-0.76,9.53,-1.23,-0.01,0.00,0.00
-8657,2.93,-105,2.28,568,2,129733,11_28_45_01_05_2025,-0.75,9.51,-1.21,0.00,-0.00,-0.00
-8905,2.95,-5,2.27,568,2,129770,11_28_45_01_05_2025,-0.75,9.51,-1.21,0.01,-0.00,-0.00
-8998,2.95,-47,2.28,568,2,129805,11_28_45_01_05_2025,-0.78,9.54,-1.24,0.01,-0.00,-0.00
-8862,2.94,32,2.27,568,2,129840,11_28_45_01_05_2025,-0.77,9.50,-1.24,0.01,-0.00,-0.00
-8821,2.94,-147,2.28,568,2,129875,11_28_45_01_05_2025,-0.74,9.53,-1.22,0.00,-0.00,0.00
-8873,2.94,-153,2.28,568,2,129909,11_28_45_01_05_2025,-0.70,9.52,-1.23,0.00,-0.01,0.00
-9028,2.96,-41,2.28,568,2,129944,11_28_45_01_05_2025,-0.67,9.52,-1.20,0.00,-0.00,0.00
-8975,2.95,48,2.27,568,2,129981,11_28_45_01_05_2025,-0.73,9.52,-1.22,0.00,-0.00,-0.00
-8935,2.95,-76,2.28,568,2,130015,11_28_45_01_05_2025,-0.77,9.51,-1.21,0.00,0.00,-0.00
-9028,2.96,-34,2.28,568,2,130050,11_28_45_01_05_2025,-0.78,9.53,-1.21,0.00,0.00,0.00
-8949,2.95,-301,2.30,568,2,130084,11_28_45_01_05_2025,-0.78,9.52,-1.23,0.00,-0.00,-0.00
-8993,2.95,-196,2.29,568,2,130119,11_28_45_01_05_2025,-0.75,9.51,-1.23,0.00,-0.00,0.00
-8862,2.94,-139,2.28,568,2,130156,11_28_45_01_05_2025,-0.74,9.53,-1.20,0.01,-0.01,0.00
-8869,2.94,-70,2.28,568,2,130191,11_28_45_01_05_2025,-0.73,9.53,-1.21,0.01,-0.01,0.00
-9045,2.96,-115,2.28,566,2,130225,11_28_45_01_05_2025,-0.72,9.53,-1.20,0.01,-0.00,0.00
-8896,2.95,101,2.27,567,2,130260,11_28_45_01_05_2025,-0.72,9.51,-1.21,0.01,-0.00,-0.00
-8671,2.93,-160,2.28,568,2,130295,11_28_45_01_05_2025,-0.72,9.52,-1.23,0.00,0.00,-0.00
-9030,2.96,-91,2.28,568,2,130329,11_28_45_01_05_2025,-0.75,9.52,-1.21,0.01,0.00,-0.00
-8913,2.95,-85,2.28,567,2,130367,11_28_45_01_05_2025,-0.77,9.54,-1.23,0.01,-0.00,-0.00
-8924,2.95,9,2.27,568,2,130401,11_28_45_01_05_2025,-0.75,9.52,-1.22,0.01,-0.00,0.00
-8820,2.94,122,2.26,568,2,130436,11_28_45_01_05_2025,-0.75,9.51,-1.24,0.02,-0.01,-0.00
-8787,2.94,-101,2.28,567,2,130471,11_28_45_01_05_2025,-0.75,9.51,-1.23,0.01,-0.01,-0.00
-8800,2.94,3,2.27,568,2,130505,11_28_45_01_05_2025,-0.73,9.53,-1.25,0.00,-0.01,0.00
-8932,2.95,-72,2.28,567,2,130540,11_28_45_01_05_2025,-0.72,9.53,-1.21,0.01,-0.00,0.00
-8746,2.94,-213,2.29,566,2,130579,11_28_45_01_05_2025,-0.73,9.52,-1.20,0.01,-0.00,-0.00
-8927,2.95,-115,2.28,568,2,130613,11_28_45_01_05_2025,-0.76,9.50,-1.24,0.01,-0.00,-0.00
-8955,2.95,-140,2.28,568,2,130648,11_28_45_01_05_2025,-0.76,9.52,-1.27,0.01,-0.00,-0.00
-8949,2.95,-116,2.28,567,2,130682,11_28_45_01_05_2025,-0.74,9.50,-1.25,0.01,-0.00,-0.00
-8828,2.94,-37,2.28,568,2,130717,11_28_45_01_05_2025,-0.73,9.53,-1.22,0.01,-0.00,0.00
-8857,2.94,-118,2.28,569,2,130752,11_28_46_01_05_2025,-0.73,9.51,-1.22,0.01,-0.01,-0.00
-8928,2.95,-4,2.27,568,2,130789,11_28_46_01_05_2025,-0.74,9.53,-1.23,0.01,-0.00,-0.00
-9025,2.96,-24,2.27,568,2,130824,11_28_46_01_05_2025,-0.73,9.50,-1.26,0.01,-0.00,-0.00
-8937,2.95,-5,2.27,568,2,130858,11_28_46_01_05_2025,-0.72,9.49,-1.26,0.00,-0.00,-0.00
-8937,2.95,-80,2.28,567,2,130892,11_28_46_01_05_2025,-0.74,9.53,-1.24,-0.00,-0.00,0.00
-9083,2.96,4,2.27,568,2,130927,11_28_46_01_05_2025,-0.75,9.54,-1.21,-0.00,-0.00,0.00
-8872,2.94,-126,2.28,567,2,130961,11_28_46_01_05_2025,-0.78,9.52,-1.23,0.00,-0.01,0.00
-8948,2.95,-157,2.28,568,2,130999,11_28_46_01_05_2025,-0.77,9.49,-1.24,0.01,-0.00,-0.00
-8882,2.95,47,2.27,567,2,131034,11_28_46_01_05_2025,-0.76,9.55,-1.27,0.01,-0.00,-0.00
-8829,2.94,-154,2.28,568,2,131068,11_28_46_01_05_2025,-0.74,9.51,-1.26,0.01,-0.00,0.00
-8973,2.95,-152,2.28,568,2,131103,11_28_46_01_05_2025,-0.71,9.47,-1.25,0.01,-0.00,0.00
-8887,2.95,89,2.27,568,2,131138,11_28_46_01_05_2025,-0.74,9.54,-1.23,0.00,-0.00,-0.00
-8940,2.95,-59,2.28,568,2,131173,11_28_46_01_05_2025,-0.75,9.50,-1.23,0.00,0.00,-0.00
-8948,2.95,75,2.27,567,2,131211,11_28_46_01_05_2025,-0.79,9.55,-1.27,0.01,-0.00,-0.00
-8905,2.95,-179,2.29,568,2,131245,11_28_46_01_05_2025,-0.77,9.51,-1.28,0.01,-0.00,-0.00
-8925,2.95,-122,2.28,568,2,131280,11_28_46_01_05_2025,-0.75,9.53,-1.23,0.01,-0.00,0.00
-8917,2.95,-108,2.28,565,2,131314,11_28_46_01_05_2025,-0.75,9.55,-1.21,-0.00,-0.01,0.00
-8991,2.95,-137,2.28,568,2,131349,11_28_46_01_05_2025,-0.70,9.50,-1.19,-0.01,-0.00,0.00
-8903,2.95,154,2.26,568,2,131386,11_28_46_01_05_2025,-0.69,9.53,-1.23,0.00,0.00,0.00
-9064,2.96,-249,2.29,569,2,131421,11_28_46_01_05_2025,-0.68,9.49,-1.27,0.00,0.00,0.00
-9022,2.96,-76,2.28,568,2,131455,11_28_46_01_05_2025,-0.67,9.53,-1.26,0.00,0.00,-0.00
-8767,2.94,-12,2.27,568,2,131490,11_28_46_01_05_2025,-0.70,9.53,-1.28,-0.00,0.00,-0.00
-9074,2.96,-7,2.27,568,2,131525,11_28_46_01_05_2025,-0.71,9.51,-1.25,-0.01,-0.00,0.00
-8960,2.95,-62,2.28,567,2,131561,11_28_46_01_05_2025,-0.77,9.49,-1.20,-0.00,-0.00,0.00
-9016,2.96,-216,2.29,568,2,131598,11_28_46_01_05_2025,-0.85,9.51,-1.19,0.00,-0.00,0.00
-9044,2.96,-158,2.28,568,2,131633,11_28_46_01_05_2025,-0.89,9.52,-1.20,0.01,-0.00,-0.00
-8925,2.95,-136,2.28,568,2,131668,11_28_46_01_05_2025,-0.87,9.53,-1.21,0.00,-0.00,0.00
-8867,2.94,-105,2.28,568,2,131702,11_28_46_01_05_2025,-0.76,9.56,-1.22,0.00,-0.00,0.00
-9044,2.96,32,2.27,568,2,131737,11_28_47_01_05_2025,-0.70,9.51,-1.17,0.00,-0.01,0.01
-9020,2.96,-152,2.28,568,2,131771,11_28_47_01_05_2025,-0.64,9.50,-1.20,-0.00,-0.01,0.00
-8881,2.95,0,2.27,568,2,131808,11_28_47_01_05_2025,-0.60,9.52,-1.28,0.00,-0.01,-0.00
-8881,2.95,61,2.27,568,2,131843,11_28_47_01_05_2025,-0.41,9.91,-1.11,0.04,0.02,-0.05
-8724,2.93,11,2.27,568,2,131878,11_28_47_01_05_2025,-0.59,9.19,-1.12,-0.06,0.02,0.02
-8975,2.95,-180,2.29,568,2,131912,11_28_47_01_05_2025,-0.78,9.61,-1.16,-0.04,0.01,-0.01
-8759,2.94,-82,2.28,568,2,131947,11_28_47_01_05_2025,-0.86,9.86,-1.42,-0.04,0.02,-0.00
-8870,2.94,-239,2.29,568,2,131982,11_28_47_01_05_2025,-0.79,9.62,-1.21,-0.02,0.01,0.00
-8964,2.95,64,2.27,568,2,132019,11_28_47_01_05_2025,-0.81,9.49,-1.11,0.04,0.01,-0.01
-8970,2.95,141,2.26,568,2,132053,11_28_47_01_05_2025,-0.81,9.50,-0.86,-0.02,0.01,-0.01
-8742,2.93,31,2.27,566,2,132088,11_28_47_01_05_2025,-0.89,10.16,-1.34,0.06,-0.01,-0.04
-8839,2.94,-222,2.29,568,2,132122,11_28_47_01_05_2025,-0.63,9.51,-1.26,-0.03,0.12,0.01
-8805,2.94,63,2.27,568,2,132157,11_28_47_01_05_2025,-0.97,9.53,-1.10,-0.07,0.06,0.03
-9022,2.96,-40,2.28,568,2,132191,11_28_47_01_05_2025,-0.87,9.76,-1.47,-0.23,-0.33,0.13
-9059,2.96,-44,2.28,567,2,132229,11_28_47_01_05_2025,-1.57,9.84,-1.45,-0.98,-0.23,0.26
-8986,2.95,-161,2.28,568,2,132263,11_28_47_01_05_2025,-0.14,10.69,-1.74,0.33,0.71,0.22
-9205,2.97,69,2.27,568,2,132298,11_28_47_01_05_2025,-0.04,11.47,-1.71,0.40,0.72,0.66
-8730,2.93,-186,2.29,567,2,132332,11_28_47_01_05_2025,0.30,10.95,-1.30,0.94,0.23,1.58
-9094,2.96,-98,2.28,568,2,132367,11_28_47_01_05_2025,0.46,10.18,-1.53,1.20,0.05,1.73
-9251,2.97,10,2.27,566,2,132402,11_28_47_01_05_2025,0.69,8.23,-0.88,1.11,-0.07,1.71
-8895,2.95,110,2.26,568,2,132440,11_28_47_01_05_2025,0.39,7.85,-1.30,0.98,-0.60,0.65
-8899,2.95,172,2.26,567,2,132474,11_28_47_01_05_2025,1.86,7.41,-3.27,0.55,-0.20,-0.47
-9148,2.97,158,2.26,568,2,132509,11_28_47_01_05_2025,1.92,8.63,-3.43,0.93,-0.13,-0.63
-8982,2.95,171,2.26,568,2,132544,11_28_47_01_05_2025,1.89,8.86,-3.23,0.57,0.30,-0.41
-8987,2.95,90,2.27,568,2,132579,11_28_47_01_05_2025,1.54,9.37,-1.71,-0.24,0.63,-0.49
-8881,2.95,229,2.26,568,2,132613,11_28_47_01_05_2025,1.07,9.51,-2.28,0.27,-0.02,0.00
-8985,2.95,361,2.25,567,2,132651,11_28_47_01_05_2025,0.99,9.53,-2.99,0.74,-0.09,0.16
-8931,2.95,369,2.24,567,2,132686,11_28_47_01_05_2025,1.21,8.50,-3.79,0.97,-0.00,0.09
-9063,2.96,391,2.24,568,2,132720,11_28_47_01_05_2025,1.16,8.49,-3.01,0.56,0.23,-0.02
-9102,2.96,594,2.23,568,2,132755,11_28_48_01_05_2025,1.11,8.22,-2.74,0.03,0.14,-0.06
-8847,2.94,575,2.23,567,2,132790,11_28_48_01_05_2025,0.95,8.44,-3.73,-0.22,0.11,-0.20
-9239,2.97,544,2.23,568,2,132824,11_28_48_01_05_2025,1.05,8.61,-3.92,-0.02,0.09,-0.26
-8988,2.95,539,2.23,568,2,132862,11_28_48_01_05_2025,0.87,8.93,-3.66,-0.03,0.01,-0.19
-8856,2.94,437,2.24,567,2,132897,11_28_48_01_05_2025,0.67,8.88,-3.83,-0.25,0.08,-0.23
-8856,2.94,383,2.24,568,2,132931,11_28_48_01_05_2025,0.63,9.19,-3.89,-0.10,0.17,-0.22
-8974,2.95,555,2.23,568,2,132966,11_28_48_01_05_2025,0.95,9.18,-3.49,-0.03,0.07,-0.07
-9028,2.96,708,2.22,568,2,133000,11_28_48_01_05_2025,0.89,8.78,-3.48,-0.09,-0.05,-0.01
-8826,2.94,388,2.24,568,2,133038,11_28_48_01_05_2025,0.87,9.00,-3.61,-0.05,-0.00,0.02
-9277,2.98,376,2.24,568,2,133073,11_28_48_01_05_2025,0.82,9.18,-3.49,-0.05,0.02,0.07
-8967,2.95,444,2.24,568,2,133107,11_28_48_01_05_2025,0.84,8.79,-3.51,-0.02,0.01,0.05
-9085,2.96,567,2.23,568,2,133142,11_28_48_01_05_2025,1.14,8.78,-3.59,0.00,0.03,0.08
-9082,2.96,384,2.24,568,2,133176,11_28_48_01_05_2025,1.23,8.90,-3.75,0.09,0.02,0.11
