-8859,2.94,651,2.22,574,2,14241,11_40_56_08_05_2025,-5.80,-0.39,-7.77,0.11,-1.38,0.66
-8755,2.94,655,2.22,574,2,14316,11_40_56_08_05_2025,-5.81,-0.39,-7.78,0.00,-0.00,-0.00
-8887,2.95,774,2.21,574,2,14349,11_40_56_08_05_2025,-5.80,-0.38,-7.79,0.01,-0.00,-0.00
-8746,2.94,801,2.21,574,2,14381,11_40_56_08_05_2025,-5.80,-0.39,-7.77,0.00,-0.00,0.00
-8701,2.93,605,2.23,574,2,14414,11_40_56_08_05_2025,-5.81,-0.39,-7.79,0.01,-0.00,-0.00
-9080,2.96,740,2.22,574,2,14446,11_40_56_08_05_2025,-5.81,-0.39,-7.78,0.01,-0.00,-0.00
-8906,2.95,485,2.24,573,2,14482,11_40_56_08_05_2025,-5.82,-0.39,-7.78,0.01,-0.00,-0.00
-8816,2.94,507,2.23,574,2,14516,11_40_56_08_05_2025,-5.81,-0.39,-7.78,0.00,-0.00,0.00
-8966,2.95,526,2.23,574,2,14549,11_40_56_08_05_2025,-5.82,-0.38,-7.79,0.00,-0.00,-0.00
-8857,2.94,716,2.22,575,2,14583,11_40_56_08_05_2025,-5.80,-0.39,-7.78,0.01,-0.00,-0.00
-8868,2.94,640,2.22,574,2,14616,11_40_56_08_05_2025,-5.80,-0.40,-7.77,0.01,-0.00,-0.00
-8776,2.94,514,2.23,573,2,14648,11_40_56_08_05_2025,-5.81,-0.38,-7.78,0.00,-0.00,-0.00
-8973,2.95,644,2.22,573,2,14684,11_40_56_08_05_2025,-5.81,-0.39,-7.78,0.00,-0.00,-0.00
-8842,2.94,792,2.21,574,2,14717,11_40_56_08_05_2025,-5.81,-0.39,-7.77,0.00,-0.00,-0.00
-9050,2.96,466,2.24,574,2,14750,11_40_56_08_05_2025,-5.80,-0.38,-7.78,0.00,-0.00,0.00
-8840,2.94,626,2.23,574,2,14783,11_40_56_08_05_2025,-5.80,-0.38,-7.78,0.00,-0.00,-0.00
-8889,2.95,791,2.21,574,2,14817,11_40_56_08_05_2025,-5.81,-0.39,-7.78,0.01,-0.00,-0.00
-8997,2.95,413,2.24,574,2,14849,11_40_56_08_05_2025,-5.81,-0.38,-7.78,0.01,-0.00,-0.00
-8819,2.94,774,2.21,574,2,14884,11_40_56_08_05_2025,-5.80,-0.38,-7.77,0.00,-0.00,-0.00
-8910,2.95,587,2.23,574,2,14917,11_40_56_08_05_2025,-5.81,-0.39,-7.77,0.01,-0.00,0.00
-9052,2.96,848,2.21,574,2,14950,11_40_56_08_05_2025,-5.81,-0.39,-7.76,0.00,-0.00,0.00
-8864,2.94,651,2.22,574,2,14982,11_40_56_08_05_2025,-5.80,-0.39,-7.77,0.00,-0.00,-0.00
-8740,2.93,752,2.22,575,2,15015,11_40_56_08_05_2025,-5.80,-0.39,-7.78,0.00,-0.00,0.00
-8886,2.95,680,2.22,574,2,15047,11_40_56_08_05_2025,-5.81,-0.38,-7.77,0.00,-0.00,-0.00
-8956,2.95,628,2.23,573,2,15084,11_40_56_08_05_2025,-5.82,-0.39,-7.78,0.00,-0.00,-0.00
-8965,2.95,692,2.22,574,2,15117,11_40_56_08_05_2025,-5.81,-0.38,-7.77,0.01,-0.00,0.00
-8908,2.95,494,2.24,574,2,15150,11_40_56_08_05_2025,-5.81,-0.38,-7.77,0.00,-0.00,-0.00
-9000,2.95,726,2.22,574,2,15182,11_40_56_08_05_2025,-5.81,-0.39,-7.77,0.00,-0.00,-0.00
-8794,2.94,782,2.21,573,2,15215,11_40_56_08_05_2025,-5.82,-0.39,-7.77,0.00,-0.00,-0.00
-8845,2.94,596,2.23,574,2,15248,11_40_57_08_05_2025,-5.82,-0.39,-7.77,0.00,-0.00,-0.00
-8838,2.94,536,2.23,574,2,15283,11_40_57_08_05_2025,-5.81,-0.39,-7.77,0.00,-0.00,-0.00
-8870,2.94,672,2.22,574,2,15316,11_40_57_08_05_2025,-5.82,-0.38,-7.77,0.01,-0.00,0.00
-8835,2.94,690,2.22,574,2,15348,11_40_57_08_05_2025,-5.81,-0.39,-7.78,0.01,-0.00,-0.00
-8906,2.95,655,2.22,573,2,15382,11_40_57_08_05_2025,-5.82,-0.39,-7.76,0.01,-0.00,0.00
-8727,2.93,691,2.22,574,2,15415,11_40_57_08_05_2025,-5.81,-0.39,-7.77,0.00,-0.00,-0.00
-8804,2.94,591,2.23,574,2,15448,11_40_57_08_05_2025,-5.82,-0.37,-7.77,0.01,-0.00,-0.00
-8892,2.95,663,2.22,574,2,15484,11_40_57_08_05_2025,-5.81,-0.38,-7.78,0.00,-0.00,-0.00
-8786,2.94,868,2.21,573,2,15518,11_40_57_08_05_2025,-5.82,-0.39,-7.78,0.01,-0.00,-0.00
-8853,2.94,865,2.21,574,2,15550,11_40_57_08_05_2025,-5.81,-0.38,-7.76,0.00,-0.00,-0.00
-9007,2.96,732,2.22,574,2,15583,11_40_57_08_05_2025,-5.81,-0.38,-7.76,0.00,-0.00,0.00
-8791,2.94,686,2.22,574,2,15616,11_40_57_08_05_2025,-5.81,-0.38,-7.77,0.01,-0.00,-0.00
-8828,2.94,818,2.21,574,2,15652,11_40_57_08_05_2025,-5.82,-0.38,-7.77,0.00,-0.00,-0.00
-8714,2.93,933,2.20,574,2,15686,11_40_57_08_05_2025,-5.81,-0.39,-7.77,0.00,-0.00,-0.00
-8793,2.94,948,2.20,574,2,15864,11_40_57_08_05_2025,-5.81,-0.39,-7.76,0.00,-0.00,-0.00
-9177,2.97,686,2.22,574,2,16016,11_40_57_08_05_2025,-5.81,-0.40,-7.77,0.01,-0.00,-0.00
-8831,2.94,777,2.21,574,2,16049,11_40_57_08_05_2025,-5.80,-0.38,-7.76,0.00,-0.00,-0.00
-8984,2.95,640,2.22,574,2,16082,11_40_57_08_05_2025,-5.82,-0.39,-7.77,0.01,-0.00,0.00
-8910,2.95,543,2.23,573,2,16117,11_40_57_08_05_2025,-5.81,-0.40,-7.77,0.01,-0.00,-0.00
-9028,2.96,804,2.21,574,2,16150,11_40_57_08_05_2025,-5.81,-0.39,-7.76,0.00,-0.00,0.00
-8832,2.94,871,2.21,574,2,16182,11_40_57_08_05_2025,-5.81,-0.39,-7.76,0.00,-0.00,0.00
-8794,2.94,747,2.22,574,2,16214,11_40_57_08_05_2025,-5.81,-0.39,-7.77,0.00,-0.00,-0.00
-8985,2.95,793,2.21,574,2,16247,11_40_58_08_05_2025,-5.82,-0.38,-7.77,0.00,-0.00,-0.00
-8943,2.95,582,2.23,573,2,16280,11_40_58_08_05_2025,-5.82,-0.39,-7.77,0.00,-0.00,-0.00
-8777,2.94,511,2.23,574,2,16316,11_40_58_08_05_2025,-5.81,-0.38,-7.76,0.01,-0.00,0.00
-8991,2.95,475,2.24,574,2,16349,11_40_58_08_05_2025,-5.81,-0.39,-7.77,0.00,-0.00,-0.00
-8852,2.94,577,2.23,574,2,16382,11_40_58_08_05_2025,-5.81,-0.39,-7.77,0.01,-0.00,-0.00
-8872,2.94,735,2.22,573,2,16415,11_40_58_08_05_2025,-5.82,-0.38,-7.76,0.00,-0.00,-0.00
-9052,2.96,783,2.21,574,2,16447,11_40_58_08_05_2025,-5.82,-0.37,-7.76,0.01,-0.00,0.00
-8958,2.95,542,2.23,573,2,16480,11_40_58_08_05_2025,-5.81,-0.39,-7.76,0.01,-0.00,0.00
-8856,2.94,640,2.22,574,2,16515,11_40_58_08_05_2025,-5.81,-0.39,-7.77,0.00,-0.00,-0.00
-8935,2.95,603,2.23,573,2,16548,11_40_58_08_05_2025,-5.82,-0.38,-7.77,0.01,-0.00,0.00
-8796,2.94,485,2.24,573,2,16582,11_40_58_08_05_2025,-5.81,-0.39,-7.76,0.00,-0.00,0.00
-9010,2.96,743,2.22,574,2,16615,11_40_58_08_05_2025,-5.81,-0.39,-7.76,0.01,-0.00,0.00
-8991,2.95,797,2.21,574,2,16648,11_40_58_08_05_2025,-5.82,-0.39,-7.76,0.00,-0.01,0.00
-8891,2.95,825,2.21,573,2,16681,11_40_58_08_05_2025,-5.82,-0.39,-7.76,0.00,-0.00,-0.00
-8863,2.94,488,2.24,574,2,16716,11_40_58_08_05_2025,-5.81,-0.39,-7.76,0.00,-0.00,0.00
-8842,2.94,560,2.23,574,2,16749,11_40_58_08_05_2025,-5.81,-0.39,-7.76,0.01,-0.00,-0.00
-8984,2.95,428,2.24,573,2,16782,11_40_58_08_05_2025,-5.81,-0.38,-7.76,0.01,-0.00,-0.00
-8904,2.95,672,2.22,574,2,16814,11_40_58_08_05_2025,-5.81,-0.39,-7.76,0.01,-0.00,-0.00
-8963,2.95,602,2.23,574,2,16847,11_40_58_08_05_2025,-5.81,-0.39,-7.76,0.01,-0.00,0.00
-8830,2.94,610,2.23,574,2,16880,11_40_58_08_05_2025,-5.81,-0.38,-7.77,0.01,-0.00,-0.00
-8780,2.94,721,2.22,573,2,16916,11_40_58_08_05_2025,-5.81,-0.39,-7.76,0.00,-0.00,-0.00
-8921,2.95,689,2.22,574,2,16949,11_40_58_08_05_2025,-5.81,-0.39,-7.76,0.00,-0.00,0.00
-8823,2.94,590,2.23,574,2,16983,11_40_58_08_05_2025,-5.82,-0.38,-7.76,0.00,-0.00,-0.00
-9047,2.96,670,2.22,574,2,17016,11_40_58_08_05_2025,-5.81,-0.38,-7.76,0.01,-0.00,-0.00
-8953,2.95,748,2.22,574,2,17048,11_40_58_08_05_2025,-5.81,-0.39,-7.76,0.01,-0.00,-0.00
-8879,2.95,680,2.22,574,2,17083,11_40_58_08_05_2025,-5.82,-0.38,-7.75,0.01,-0.00,0.00
-8997,2.95,643,2.22,573,2,17116,11_40_58_08_05_2025,-5.81,-0.38,-7.76,0.01,-0.00,-0.00
-8808,2.94,806,2.21,574,2,17149,11_40_58_08_05_2025,-5.81,-0.39,-7.76,0.01,-0.00,-0.00
-9002,2.95,614,2.23,574,2,17182,11_40_58_08_05_2025,-5.80,-0.38,-7.76,0.01,-0.00,-0.00
-8836,2.94,715,2.22,573,2,17216,11_40_58_08_05_2025,-5.81,-0.39,-7.76,0.01,-0.00,0.00
-8946,2.95,682,2.22,574,2,17249,11_40_59_08_05_2025,-5.82,-0.37,-7.77,0.01,-0.00,0.00
-8776,2.94,649,2.22,574,2,17285,11_40_59_08_05_2025,-5.81,-0.39,-7.76,0.01,-0.00,-0.00
-9034,2.96,579,2.23,574,2,17317,11_40_59_08_05_2025,-5.81,-0.39,-7.76,0.00,-0.00,0.00
-8876,2.95,822,2.21,574,2,17350,11_40_59_08_05_2025,-5.81,-0.38,-7.77,0.00,-0.00,-0.00
-8938,2.95,835,2.21,574,2,17382,11_40_59_08_05_2025,-5.81,-0.38,-7.77,0.00,-0.00,-0.00
-8787,2.94,658,2.22,573,2,17415,11_40_59_08_05_2025,-5.81,-0.39,-7.77,0.00,-0.00,-0.00
-8866,2.94,637,2.22,574,2,17448,11_40_59_08_05_2025,-5.81,-0.38,-7.76,0.01,-0.00,-0.00
-8954,2.95,695,2.22,573,2,17484,11_40_59_08_05_2025,-5.81,-0.38,-7.76,0.01,-0.00,-0.00
-8784,2.94,632,2.22,573,2,17518,11_40_59_08_05_2025,-5.82,-0.39,-7.76,0.00,-0.00,-0.00
-8930,2.95,903,2.20,574,2,17550,11_40_59_08_05_2025,-5.81,-0.39,-7.77,0.01,-0.00,-0.00
-8839,2.94,593,2.23,574,2,17583,11_40_59_08_05_2025,-5.81,-0.39,-7.76,0.01,-0.00,0.00
-8849,2.94,897,2.20,573,2,17616,11_40_59_08_05_2025,-5.82,-0.38,-7.75,0.00,-0.00,-0.00
-8925,2.95,637,2.22,574,2,17648,11_40_59_08_05_2025,-5.82,-0.39,-7.77,0.01,-0.00,-0.00
-8901,2.95,657,2.22,573,2,17684,11_40_59_08_05_2025,-5.82,-0.39,-7.77,0.01,-0.00,-0.00
-9146,2.97,724,2.22,574,2,17716,11_40_59_08_05_2025,-5.81,-0.39,-7.76,0.00,-0.00,0.00
-8781,2.94,835,2.21,574,2,17749,11_40_59_08_05_2025,-5.82,-0.40,-7.76,0.00,-0.00,-0.00
-8875,2.95,856,2.21,574,2,17783,11_40_59_08_05_2025,-5.81,-0.38,-7.77,0.01,-0.00,-0.00
-8983,2.95,635,2.22,574,2,17817,11_40_59_08_05_2025,-5.81,-0.39,-7.76,0.01,-0.00,0.00
-9050,2.96,674,2.22,574,2,17850,11_40_59_08_05_2025,-5.81,-0.39,-7.76,0.01,-0.00,0.00
-8887,2.95,652,2.22,574,2,17885,11_40_59_08_05_2025,-5.82,-0.39,-7.76,0.00,-0.00,0.00
-8933,2.95,838,2.21,574,2,17918,11_40_59_08_05_2025,-5.81,-0.39,-7.76,0.01,-0.00,-0.00
-8858,2.94,632,2.22,574,2,17952,11_40_59_08_05_2025,-5.81,-0.39,-7.76,0.00,-0.00,-0.00
-8821,2.94,934,2.20,574,2,17985,11_40_59_08_05_2025,-5.81,-0.39,-7.76,0.00,-0.00,0.00
-9125,2.96,616,2.23,574,2,18017,11_40_59_08_05_2025,-5.82,-0.39,-7.76,0.01,-0.00,-0.00
-9042,2.96,649,2.22,574,2,18051,11_40_59_08_05_2025,-5.82,-0.39,-7.75,0.01,-0.00,-0.00
-9063,2.96,816,2.21,574,2,18088,11_40_59_08_05_2025,-5.82,-0.39,-7.76,0.00,-0.00,-0.00
-8853,2.94,824,2.21,574,2,18121,11_40_59_08_05_2025,-5.81,-0.40,-7.76,0.00,-0.00,0.00
-9011,2.96,643,2.22,574,2,18153,11_40_59_08_05_2025,-5.82,-0.39,-7.77,0.00,-0.00,-0.00
-8950,2.95,723,2.22,573,2,18186,11_40_59_08_05_2025,-5.81,-0.38,-7.76,0.00,-0.00,0.00
-8674,2.93,604,2.23,574,2,18218,11_41_00_08_05_2025,-5.81,-0.38,-7.76,0.01,-0.01,-0.00
-8973,2.95,821,2.21,574,2,18254,11_41_00_08_05_2025,-5.82,-0.39,-7.77,0.01,-0.00,0.00
-8672,2.93,621,2.23,574,2,18286,11_41_00_08_05_2025,-5.81,-0.39,-7.75,0.00,-0.00,-0.00
-8816,2.94,724,2.22,574,2,18319,11_41_00_08_05_2025,-5.81,-0.38,-7.76,0.00,-0.00,0.00
-9000,2.95,547,2.23,574,2,18352,11_41_00_08_05_2025,-5.82,-0.38,-7.76,0.01,-0.00,-0.00
-8897,2.95,982,2.20,573,2,18386,11_41_00_08_05_2025,-5.81,-0.39,-7.77,0.01,-0.00,0.00
-8916,2.95,835,2.21,574,2,18420,11_41_00_08_05_2025,-5.81,-0.39,-7.77,0.01,-0.00,0.00
-8988,2.95,770,2.21,574,2,18455,11_41_00_08_05_2025,-5.82,-0.39,-7.76,0.01,-0.01,0.00
-8830,2.94,634,2.22,574,2,18488,11_41_00_08_05_2025,-5.82,-0.39,-7.76,0.00,-0.00,-0.00
-9011,2.96,865,2.21,574,2,18520,11_41_00_08_05_2025,-5.81,-0.39,-7.76,0.01,-0.00,-0.00
-8935,2.95,684,2.22,574,2,18553,11_41_00_08_05_2025,-5.81,-0.39,-7.77,0.00,-0.00,0.00
-8897,2.95,759,2.22,574,2,18585,11_41_00_08_05_2025,-5.82,-0.38,-7.76,0.00,-0.00,-0.00
-9021,2.96,750,2.22,573,2,18618,11_41_00_08_05_2025,-5.81,-0.39,-7.76,0.00,-0.01,0.00
-8768,2.94,797,2.21,574,2,18654,11_41_00_08_05_2025,-5.82,-0.39,-7.75,0.00,-0.00,-0.00
-8791,2.94,926,2.20,573,2,18688,11_41_00_08_05_2025,-5.82,-0.39,-7.76,0.00,-0.00,-0.00
-8832,2.94,785,2.21,574,2,18721,11_41_00_08_05_2025,-5.82,-0.38,-7.76,0.01,-0.00,-0.00
-8870,2.94,663,2.22,574,2,18753,11_41_00_08_05_2025,-5.82,-0.39,-7.75,0.01,-0.00,-0.00
-8988,2.95,839,2.21,574,2,18786,11_41_00_08_05_2025,-5.82,-0.39,-7.76,0.00,-0.00,0.00
-8764,2.94,706,2.22,574,2,18819,11_41_00_08_05_2025,-5.81,-0.38,-7.76,0.00,-0.00,-0.00
-8937,2.95,647,2.22,573,2,18854,11_41_00_08_05_2025,-5.80,-0.38,-7.76,0.01,-0.00,-0.00
-8800,2.94,969,2.20,574,2,18888,11_41_00_08_05_2025,-5.82,-0.38,-7.76,0.01,-0.00,-0.00
-8773,2.94,640,2.22,574,2,18922,11_41_00_08_05_2025,-5.80,-0.39,-7.76,0.00,-0.00,-0.00
-9004,2.95,767,2.21,574,2,18955,11_41_00_08_05_2025,-5.81,-0.39,-7.76,0.01,-0.00,-0.00
-8892,2.95,664,2.22,574,2,18989,11_41_00_08_05_2025,-5.82,-0.39,-7.77,0.00,-0.00,0.00
-8658,2.93,751,2.22,574,2,19021,11_41_00_08_05_2025,-5.81,-0.39,-7.76,0.00,-0.00,-0.00
-8930,2.95,936,2.20,573,2,19056,11_41_00_08_05_2025,-5.81,-0.38,-7.75,0.01,-0.00,0.00
-8862,2.94,672,2.22,574,2,19089,11_41_00_08_05_2025,-5.82,-0.39,-7.76,0.01,-0.00,-0.00
-9082,2.96,693,2.22,574,2,19122,11_41_00_08_05_2025,-5.82,-0.38,-7.76,0.00,-0.00,-0.00
-9019,2.96,904,2.20,574,2,19154,11_41_00_08_05_2025,-5.82,-0.39,-7.76,0.01,-0.00,-0.00
-8898,2.95,723,2.22,574,2,19187,11_41_00_08_05_2025,-5.82,-0.39,-7.75,0.01,-0.00,-0.00
-8943,2.95,732,2.22,573,2,19220,11_41_01_08_05_2025,-5.82,-0.39,-7.76,0.00,-0.00,-0.00
-9021,2.96,793,2.21,574,2,19256,11_41_01_08_05_2025,-5.81,-0.39,-7.77,0.00,-0.00,-0.00
-8944,2.95,619,2.23,574,2,19290,11_41_01_08_05_2025,-5.82,-0.39,-7.76,0.01,-0.00,-0.00
-8814,2.94,641,2.22,573,2,19322,11_41_01_08_05_2025,-5.82,-0.39,-7.76,0.00,-0.00,-0.00
-8897,2.95,673,2.22,573,2,19355,11_41_01_08_05_2025,-5.82,-0.40,-7.77,0.00,-0.00,-0.00
-8971,2.95,666,2.22,574,2,19388,11_41_01_08_05_2025,-5.82,-0.39,-7.76,0.01,-0.00,0.00
-8768,2.94,744,2.22,573,2,19423,11_41_01_08_05_2025,-5.83,-0.39,-7.76,0.00,-0.00,-0.00
-8907,2.95,741,2.22,573,2,19456,11_41_01_08_05_2025,-5.82,-0.39,-7.76,0.01,-0.00,0.00
-8842,2.94,789,2.21,573,2,19489,11_41_01_08_05_2025,-5.82,-0.39,-7.76,0.00,-0.00,0.00
-8884,2.95,709,2.22,574,2,19522,11_41_01_08_05_2025,-5.82,-0.38,-7.76,0.00,-0.00,-0.00
-9021,2.96,610,2.23,574,2,19556,11_41_01_08_05_2025,-5.82,-0.38,-7.75,0.01,-0.00,-0.00
-8885,2.95,708,2.22,574,2,19590,11_41_01_08_05_2025,-5.81,-0.39,-7.76,0.01,-0.00,-0.00
-9090,2.96,963,2.20,574,2,19625,11_41_01_08_05_2025,-5.81,-0.40,-7.76,0.01,-0.00,0.00
-8945,2.95,789,2.21,574,2,19658,11_41_01_08_05_2025,-5.81,-0.38,-7.76,0.00,-0.00,-0.00
-8655,2.93,843,2.21,574,2,19691,11_41_01_08_05_2025,-5.81,-0.39,-7.77,0.00,-0.00,-0.00
-8997,2.95,606,2.23,574,2,19723,11_41_01_08_05_2025,-5.82,-0.40,-7.75,0.00,-0.00,0.00
-9084,2.96,677,2.22,574,2,19756,11_41_01_08_05_2025,-5.81,-0.39,-7.76,0.01,-0.00,0.00
-8913,2.95,797,2.21,574,2,19789,11_41_01_08_05_2025,-5.82,-0.39,-7.75,0.01,-0.00,0.00
-8978,2.95,733,2.22,573,2,19825,11_41_01_08_05_2025,-5.82,-0.38,-7.76,0.00,-0.00,0.00
-8932,2.95,788,2.21,573,2,19859,11_41_01_08_05_2025,-5.83,-0.38,-7.76,0.01,-0.00,-0.00
-8772,2.94,670,2.22,574,2,19893,11_41_01_08_05_2025,-5.82,-0.38,-7.76,0.00,-0.00,-0.00
-8847,2.94,720,2.22,573,2,19925,11_41_01_08_05_2025,-5.81,-0.39,-7.76,0.01,-0.00,-0.00
-8753,2.94,615,2.23,574,2,19958,11_41_01_08_05_2025,-5.82,-0.38,-7.76,0.00,-0.00,-0.00
-8955,2.95,813,2.21,573,2,19991,11_41_01_08_05_2025,-5.82,-0.39,-7.76,0.01,-0.00,0.00
-9018,2.96,803,2.21,574,2,20026,11_41_01_08_05_2025,-5.81,-0.39,-7.76,0.01,-0.00,-0.00
-8882,2.95,771,2.21,574,2,20059,11_41_01_08_05_2025,-5.82,-0.38,-7.76,0.01,-0.00,-0.00
-8762,2.94,684,2.22,574,2,20092,11_41_01_08_05_2025,-5.82,-0.39,-7.76,0.01,-0.00,-0.00
-8887,2.95,619,2.23,574,2,20125,11_41_01_08_05_2025,-5.82,-0.38,-7.76,0.00,-0.00,-0.00
-8918,2.95,586,2.23,574,2,20159,11_41_01_08_05_2025,-5.82,-0.40,-7.76,0.00,-0.00,-0.00
-8931,2.95,713,2.22,574,2,20192,11_41_01_08_05_2025,-5.83,-0.38,-7.76,0.00,-0.00,-0.00
-9119,2.96,791,2.21,573,2,20227,11_41_02_08_05_2025,-5.82,-0.38,-7.75,0.00,-0.00,-0.00
-8777,2.94,666,2.22,574,2,20260,11_41_02_08_05_2025,-5.81,-0.39,-7.76,0.00,-0.00,-0.00
-9014,2.96,576,2.23,574,2,20292,11_41_02_08_05_2025,-5.82,-0.39,-7.76,0.00,-0.00,-0.00
-8786,2.94,774,2.21,574,2,20325,11_41_02_08_05_2025,-5.82,-0.38,-7.76,0.00,-0.00,-0.00
-8958,2.95,912,2.20,574,2,20358,11_41_02_08_05_2025,-5.81,-0.39,-7.76,0.01,-0.00,0.00
-8768,2.94,706,2.22,574,2,20391,11_41_02_08_05_2025,-5.81,-0.39,-7.77,0.00,-0.00,-0.00
-8839,2.94,662,2.22,574,2,20428,11_41_02_08_05_2025,-5.81,-0.39,-7.76,0.00,-0.00,0.00
-9001,2.95,618,2.23,574,2,20461,11_41_02_08_05_2025,-5.81,-0.38,-7.76,0.00,-0.00,-0.00
-8877,2.95,759,2.22,574,2,20493,11_41_02_08_05_2025,-5.81,-0.39,-7.77,0.01,-0.00,-0.00
-9007,2.96,776,2.21,573,2,20526,11_41_02_08_05_2025,-5.82,-0.39,-7.76,0.00,-0.00,-0.00
-8893,2.95,801,2.21,574,2,20559,11_41_02_08_05_2025,-5.81,-0.39,-7.75,0.01,-0.00,-0.00
-8920,2.95,827,2.21,573,2,20591,11_41_02_08_05_2025,-5.82,-0.39,-7.75,0.01,-0.00,-0.00
-8765,2.94,860,2.21,574,2,20626,11_41_02_08_05_2025,-5.82,-0.39,-7.77,0.01,-0.00,-0.00
-8840,2.94,649,2.22,573,2,20659,11_41_02_08_05_2025,-5.82,-0.39,-7.76,0.00,-0.00,-0.00
-9093,2.96,525,2.23,573,2,20693,11_41_02_08_05_2025,-5.81,-0.39,-7.75,0.01,-0.00,0.00
-8909,2.95,865,2.21,574,2,20726,11_41_02_08_05_2025,-5.82,-0.39,-7.76,0.00,-0.00,-0.00
-9023,2.96,595,2.23,574,2,20760,11_41_02_08_05_2025,-5.82,-0.39,-7.75,0.01,-0.00,-0.00
-8926,2.95,789,2.21,574,2,20795,11_41_02_08_05_2025,-5.81,-0.39,-7.75,0.00,-0.00,0.00
-9031,2.96,710,2.22,574,2,20829,11_41_02_08_05_2025,-5.82,-0.39,-7.76,0.01,-0.00,-0.00
-8888,2.95,848,2.21,573,2,20861,11_41_02_08_05_2025,-5.82,-0.39,-7.76,0.01,-0.00,-0.00
-8957,2.95,830,2.21,573,2,20894,11_41_02_08_05_2025,-5.82,-0.39,-7.76,0.00,-0.00,-0.00
-8827,2.94,1014,2.20,574,2,20927,11_41_02_08_05_2025,-5.81,-0.39,-7.76,0.00,-0.00,0.00
-8849,2.94,689,2.22,574,2,20959,11_41_02_08_05_2025,-5.81,-0.38,-7.77,0.01,-0.00,0.00
-8840,2.94,828,2.21,573,2,20996,11_41_02_08_05_2025,-5.82,-0.39,-7.75,0.01,-0.00,0.00
-8762,2.94,658,2.22,574,2,21029,11_41_02_08_05_2025,-5.82,-0.39,-7.76,0.00,-0.01,0.00
-8978,2.95,748,2.22,574,2,21062,11_41_02_08_05_2025,-5.82,-0.39,-7.75,0.00,-0.00,-0.00
-9022,2.96,844,2.21,574,2,21095,11_41_02_08_05_2025,-5.81,-0.40,-7.76,0.01,-0.00,-0.00
-9065,2.96,928,2.20,573,2,21127,11_41_02_08_05_2025,-5.82,-0.39,-7.76,0.00,-0.00,-0.00
-8843,2.94,790,2.21,574,2,21160,11_41_02_08_05_2025,-5.81,-0.39,-7.76,0.00,-0.00,-0.00
-8784,2.94,546,2.23,573,2,21195,11_41_02_08_05_2025,-5.82,-0.38,-7.76,0.00,-0.00,-0.00
-8700,2.93,661,2.22,574,2,21228,11_41_03_08_05_2025,-5.82,-0.39,-7.76,0.00,-0.00,0.00
-8879,2.95,567,2.23,573,2,21262,11_41_03_08_05_2025,-5.82,-0.39,-7.76,0.01,-0.00,-0.00
-8834,2.94,714,2.22,573,2,21296,11_41_03_08_05_2025,-5.83,-0.39,-7.76,0.00,-0.00,-0.00
-9044,2.96,666,2.22,574,2,21329,11_41_03_08_05_2025,-5.81,-0.39,-7.76,0.00,-0.00,-0.00
-8855,2.94,724,2.22,573,2,21362,11_41_03_08_05_2025,-5.81,-0.39,-7.76,0.00,-0.00,-0.00
-8907,2.95,816,2.21,573,2,21398,11_41_03_08_05_2025,-5.82,-0.39,-7.77,0.00,-0.00,0.00
-9014,2.96,657,2.22,573,2,21430,11_41_03_08_05_2025,-5.81,-0.39,-7.76,0.00,-0.00,-0.00
-8926,2.95,688,2.22,574,2,21463,11_41_03_08_05_2025,-5.83,-0.39,-7.75,0.01,-0.00,-0.00
-8922,2.95,707,2.22,573,2,21496,11_41_03_08_05_2025,-5.82,-0.39,-7.76,0.00,-0.00,0.00
-8878,2.95,542,2.23,574,2,21529,11_41_03_08_05_2025,-5.82,-0.39,-7.75,0.00,-0.00,0.00
-8863,2.94,709,2.22,573,2,21562,11_41_03_08_05_2025,-5.82,-0.39,-7.76,0.01,-0.00,-0.00
-8700,2.93,961,2.20,573,2,21598,11_41_03_08_05_2025,-5.82,-0.39,-7.76,0.00,-0.00,-0.00
-9028,2.96,961,2.20,573,2,21631,11_41_03_08_05_2025,-5.79,-0.41,-7.77,0.01,-0.00,-0.00
-8992,2.95,742,2.22,573,2,21664,11_41_03_08_05_2025,-5.87,-0.32,-7.68,0.00,0.00,0.01
-8819,2.94,832,2.21,574,2,21696,11_41_03_08_05_2025,-5.77,-0.39,-7.75,0.02,-0.02,-0.00
-8909,2.95,837,2.21,573,2,21729,11_41_03_08_05_2025,-5.82,-0.40,-7.70,0.01,-0.01,-0.00
-8942,2.95,985,2.20,574,2,21761,11_41_03_08_05_2025,-5.81,-0.39,-7.72,0.01,-0.01,-0.00
-8996,2.95,837,2.21,574,2,21798,11_41_03_08_05_2025,-5.79,-0.40,-7.76,0.01,-0.01,-0.01
-9079,2.96,833,2.21,573,2,21832,11_41_03_08_05_2025,-5.85,-0.40,-7.73,0.01,-0.00,0.00
-8932,2.95,967,2.20,574,2,21866,11_41_03_08_05_2025,-5.79,-0.37,-7.75,0.01,0.00,-0.01
-8837,2.94,818,2.21,573,2,21899,11_41_03_08_05_2025,-5.85,-0.41,-7.73,0.02,-0.01,-0.00
-9043,2.96,670,2.22,573,2,21932,11_41_03_08_05_2025,-5.81,-0.40,-7.77,0.00,-0.00,-0.00
-9043,2.96,1012,2.20,575,2,21968,11_41_03_08_05_2025,-5.72,-0.40,-7.75,0.02,-0.03,-0.01
-8631,2.93,902,2.20,573,2,22000,11_41_03_08_05_2025,-5.88,-0.50,-7.72,0.02,-0.01,-0.00
-8966,2.95,734,2.22,574,2,22033,11_41_03_08_05_2025,-5.80,-0.35,-7.76,0.00,0.01,0.00
-8918,2.95,510,2.23,574,2,22065,11_41_03_08_05_2025,-5.86,-0.40,-7.69,0.01,-0.02,-0.00
-9095,2.96,773,2.21,573,2,22098,11_41_03_08_05_2025,-5.85,-0.38,-7.76,0.01,-0.01,-0.00
-9027,2.96,755,2.22,574,2,22132,11_41_03_08_05_2025,-5.81,-0.47,-7.68,0.00,-0.01,0.00
-9070,2.96,780,2.21,574,2,22169,11_41_03_08_05_2025,-5.94,-0.37,-7.78,0.01,-0.00,-0.01
-9015,2.96,882,2.21,573,2,22201,11_41_03_08_05_2025,-5.88,-0.31,-7.75,-0.00,0.00,0.00
-8814,2.94,850,2.21,573,2,22234,11_41_04_08_05_2025,-5.81,-0.45,-7.74,0.01,-0.01,0.00
-8977,2.95,884,2.21,573,2,22266,11_41_04_08_05_2025,-5.88,-0.42,-7.78,-0.01,0.00,0.02
-8822,2.94,665,2.22,574,2,22299,11_41_04_08_05_2025,-5.74,-0.37,-7.70,0.00,0.01,0.00
-8906,2.95,670,2.22,574,2,22332,11_41_04_08_05_2025,-5.80,-0.41,-7.76,0.00,-0.01,-0.00
-8919,2.95,754,2.22,574,2,22367,11_41_04_08_05_2025,-5.88,-0.40,-7.66,0.00,-0.00,0.00
-8916,2.95,678,2.22,574,2,22399,11_41_04_08_05_2025,-5.81,-0.38,-7.80,0.00,-0.00,-0.00
-8888,2.95,906,2.20,573,2,22433,11_41_04_08_05_2025,-5.85,-0.42,-7.79,0.00,0.00,-0.00
-8874,2.94,645,2.22,574,2,22467,11_41_04_08_05_2025,-5.82,-0.38,-7.73,0.00,-0.00,-0.00
-8801,2.94,792,2.21,574,2,22500,11_41_04_08_05_2025,-5.81,-0.43,-7.80,0.00,-0.00,0.00
-8724,2.93,844,2.21,573,2,22533,11_41_04_08_05_2025,-5.86,-0.39,-7.73,0.01,-0.01,-0.00
-8914,2.95,680,2.22,574,2,22568,11_41_04_08_05_2025,-5.87,-0.39,-7.74,-0.00,-0.00,-0.00
-8901,2.95,689,2.22,574,2,22601,11_41_04_08_05_2025,-5.82,-0.41,-7.79,0.01,-0.00,-0.00
-8800,2.94,816,2.21,574,2,22634,11_41_04_08_05_2025,-5.86,-0.40,-7.66,0.01,-0.01,-0.00
-8907,2.95,849,2.21,573,2,22666,11_41_04_08_05_2025,-5.81,-0.40,-7.77,0.00,0.00,-0.00
-8898,2.95,832,2.21,573,2,22699,11_41_04_08_05_2025,-6.02,-0.04,-7.62,-0.05,-0.04,-0.01
-9198,2.97,970,2.20,573,2,22733,11_41_04_08_05_2025,-5.51,-0.39,-7.70,-0.12,0.06,-0.08
-8972,2.95,1002,2.20,574,2,22771,11_41_04_08_05_2025,-5.00,-0.92,-8.02,0.05,-0.11,-0.18
-9233,2.97,1066,2.19,574,2,22803,11_41_04_08_05_2025,-5.72,0.22,-7.71,-0.06,-0.16,-0.25
-9354,2.98,1023,2.20,573,2,22836,11_41_04_08_05_2025,-6.36,0.41,-7.34,-0.24,-0.41,-0.64
-9707,3.01,1450,2.16,573,2,22869,11_41_04_08_05_2025,-7.12,-0.45,-7.46,0.10,-0.52,-0.71
-9916,3.02,1382,2.17,574,2,22902,11_41_04_08_05_2025,-6.01,-1.75,-6.95,0.24,-0.60,-0.43
-9902,3.02,1209,2.18,573,2,22935,11_41_04_08_05_2025,-6.42,-1.82,-7.37,0.09,-0.15,-0.05
-9757,3.01,1196,2.18,574,2,22971,11_41_04_08_05_2025,-6.21,-1.03,-7.47,-0.22,0.27,0.21
-9705,3.01,1046,2.19,573,2,23005,11_41_04_08_05_2025,-6.26,0.76,-8.03,-0.26,-0.11,0.06
-10065,3.04,1770,2.14,574,2,23039,11_41_04_08_05_2025,-6.04,-0.53,-6.68,0.15,-0.43,-0.10
-9899,3.02,2303,2.10,573,2,23071,11_41_04_08_05_2025,-6.36,-2.31,-8.26,0.12,0.15,0.07
-9639,3.00,1787,2.14,574,2,23104,11_41_04_08_05_2025,-5.55,-0.69,-6.74,-0.05,0.20,0.10
-9480,2.99,1205,2.18,574,2,23140,11_41_04_08_05_2025,-5.71,-0.69,-7.60,0.15,0.42,0.10
-9057,2.96,238,2.25,573,2,23172,11_41_04_08_05_2025,-6.78,-0.31,-7.56,0.36,0.09,0.24
-8734,2.93,254,2.25,574,2,23205,11_41_04_08_05_2025,-6.99,0.04,-7.42,0.10,0.06,0.08
-8702,2.93,254,2.25,573,2,23238,11_41_05_08_05_2025,-6.16,-0.99,-7.49,0.02,-0.01,0.01
-8827,2.94,334,2.25,574,2,23271,11_41_05_08_05_2025,-6.05,-0.50,-7.41,-0.03,0.01,0.02
-8904,2.95,340,2.25,574,2,23305,11_41_05_08_05_2025,-6.08,-0.77,-7.69,0.02,-0.03,-0.01
-8836,2.94,335,2.25,574,2,23341,11_41_05_08_05_2025,-6.13,-0.81,-7.52,-0.00,0.02,0.00
-8797,2.94,156,2.26,573,2,23374,11_41_05_08_05_2025,-6.05,-0.66,-7.52,0.01,-0.01,0.00
-8957,2.95,349,2.25,574,2,23406,11_41_05_08_05_2025,-6.12,-0.82,-7.52,0.02,-0.02,-0.01
-8963,2.95,259,2.25,573,2,23439,11_41_05_08_05_2025,-6.08,-0.77,-7.51,-0.01,0.02,0.00
-8978,2.95,312,2.25,574,2,23472,11_41_05_08_05_2025,-6.02,-0.72,-7.60,0.01,-0.01,-0.01
-9090,2.96,308,2.25,574,2,23505,11_41_05_08_05_2025,-5.22,-1.50,-7.60,0.08,0.24,0.08
-8705,2.93,308,2.25,574,2,23540,11_41_05_08_05_2025,-6.30,-0.02,-8.43,-0.13,-0.05,-0.27
-8892,2.95,147,2.26,573,2,23574,11_41_05_08_05_2025,-5.10,-0.03,-7.85,-0.14,-1.09,-0.23
-8725,2.93,206,2.26,574,2,23608,11_41_05_08_05_2025,-6.70,-0.69,-8.52,-0.42,-0.94,-1.34
-8495,2.92,287,2.25,573,2,23641,11_41_05_08_05_2025,-7.75,-0.75,-7.72,-0.95,-1.33,-1.06
-8621,2.93,231,2.26,572,2,23674,11_41_05_08_05_2025,-7.74,-0.27,-7.91,-2.72,-2.26,0.30
-8484,2.92,233,2.26,573,2,23707,11_41_05_08_05_2025,-9.27,-2.05,-7.53,-2.96,-3.91,1.74
-8653,2.93,506,2.23,574,2,23744,11_41_05_08_05_2025,-14.99,0.91,-3.83,-3.10,-4.72,4.27
-8678,2.93,463,2.24,574,2,23776,11_41_05_08_05_2025,-10.80,4.06,1.42,-1.92,-3.88,6.76
-8752,2.94,263,2.25,573,2,23809,11_41_05_08_05_2025,-6.08,9.19,4.32,-0.88,-0.23,3.34
-8738,2.93,443,2.24,573,2,23843,11_41_05_08_05_2025,-4.97,7.25,1.89,-2.57,1.56,-0.57
-8788,2.94,275,2.25,573,2,24012,11_41_05_08_05_2025,-3.79,7.51,4.19,-0.45,0.18,2.43
-8878,2.95,256,2.25,573,2,24046,11_41_05_08_05_2025,-5.69,14.43,0.46,2.95,2.50,2.01
-8696,2.93,542,2.23,573,2,24083,11_41_05_08_05_2025,-5.78,8.86,-3.44,1.58,1.00,-1.86
-8912,2.95,481,2.24,573,2,24117,11_41_05_08_05_2025,-6.99,6.40,-0.47,1.45,-1.93,-2.36
-8814,2.94,509,2.23,574,2,24150,11_41_05_08_05_2025,-6.83,5.28,1.37,1.39,-3.40,-2.71
-8712,2.93,626,2.23,573,2,24183,11_41_05_08_05_2025,-5.97,4.94,4.00,2.27,-3.10,-3.76
-8836,2.94,561,2.23,573,2,24216,11_41_05_08_05_2025,-5.70,3.02,4.13,3.24,-2.59,-3.35
-8691,2.93,641,2.22,574,2,24249,11_41_06_08_05_2025,-5.62,3.04,3.76,4.36,-2.00,-2.99
-8684,2.93,700,2.22,574,2,24284,11_41_06_08_05_2025,-9.35,3.30,2.69,4.86,-1.38,-2.67
-8811,2.94,682,2.22,573,2,24317,11_41_06_08_05_2025,-20.08,8.96,-1.58,0.96,2.38,-0.19
-8711,2.93,715,2.22,573,2,24351,11_41_06_08_05_2025,-8.76,3.32,3.49,0.02,-0.54,-0.30
-8694,2.93,474,2.24,574,2,24385,11_41_06_08_05_2025,-8.55,3.69,3.43,-0.12,-0.13,-0.13
-8694,2.93,571,2.23,573,2,24419,11_41_06_08_05_2025,-8.85,3.75,1.52,-0.16,0.35,-0.10
-8608,2.92,596,2.23,574,2,24452,11_41_06_08_05_2025,-9.02,3.45,1.51,-0.05,0.08,-0.14
-8611,2.93,618,2.23,573,2,24488,11_41_06_08_05_2025,-8.46,3.91,2.43,-0.93,0.38,-0.28
-8862,2.94,760,2.22,574,2,24521,11_41_06_08_05_2025,-8.34,4.27,1.63,-1.16,0.46,-0.68
-8919,2.95,675,2.22,574,2,24554,11_41_06_08_05_2025,-7.89,3.67,0.92,-1.51,0.65,-0.82
-8770,2.94,831,2.21,573,2,24587,11_41_06_08_05_2025,-8.45,2.81,0.84,-1.04,0.34,-1.01
-8778,2.94,768,2.21,573,2,24619,11_41_06_08_05_2025,-12.92,3.67,0.17,-0.02,0.10,-0.76
-8741,2.93,716,2.22,574,2,24654,11_41_06_08_05_2025,-9.20,2.24,1.99,0.91,-0.61,-0.59
-8693,2.93,538,2.23,573,2,24690,11_41_06_08_05_2025,-9.17,2.14,2.96,-0.59,0.03,-0.33
-8707,2.93,789,2.21,574,2,24723,11_41_06_08_05_2025,-9.37,2.04,1.85,-1.12,0.56,-0.35
-8641,2.93,695,2.22,573,2,24756,11_41_06_08_05_2025,-9.64,1.60,0.85,-0.10,0.15,-0.49
-8722,2.93,828,2.21,573,2,24789,11_41_06_08_05_2025,-9.43,1.39,2.21,-0.41,0.05,-0.33
-8511,2.92,650,2.22,574,2,24821,11_41_06_08_05_2025,-9.29,1.74,2.02,-0.35,0.27,-0.80
-8884,2.95,388,2.24,574,2,24854,11_41_06_08_05_2025,-9.29,1.36,1.55,0.32,0.57,-1.12
-8623,2.93,624,2.23,574,2,24890,11_41_06_08_05_2025,-9.25,0.92,0.85,0.89,0.79,-1.58
-8690,2.93,625,2.23,573,2,24924,11_41_06_08_05_2025,-8.11,-1.22,0.64,1.21,0.58,-0.12
-8844,2.94,545,2.23,574,2,24958,11_41_06_08_05_2025,-8.98,1.62,-0.10,0.99,1.05,-0.01
-8570,2.92,618,2.23,573,2,24991,11_41_06_08_05_2025,-9.51,0.64,0.94,0.51,1.46,-0.11
-8634,2.93,709,2.22,574,2,25024,11_41_06_08_05_2025,-8.41,0.77,-0.67,0.32,2.13,0.02
-8628,2.93,491,2.24,574,2,25057,11_41_06_08_05_2025,-9.43,-0.17,-1.27,-0.41,2.30,0.55
-8880,2.95,784,2.21,573,2,25093,11_41_06_08_05_2025,-9.82,0.41,-2.13,0.03,1.90,0.63
-8750,2.94,572,2.23,573,2,25126,11_41_06_08_05_2025,-9.74,1.53,-3.03,0.41,1.54,1.06
-8589,2.92,447,2.24,573,2,25158,11_41_06_08_05_2025,-9.57,1.85,-1.90,0.49,0.59,0.52
-8723,2.93,598,2.23,573,2,25192,11_41_06_08_05_2025,-9.81,0.91,-2.60,0.24,0.21,0.03
-8762,2.94,427,2.24,573,2,25226,11_41_07_08_05_2025,-9.11,1.67,-2.65,-0.02,0.03,0.14
-8819,2.94,419,2.24,574,2,25260,11_41_07_08_05_2025,-8.99,1.79,-1.97,0.21,0.13,-0.06
-8881,2.95,112,2.26,573,2,25295,11_41_07_08_05_2025,-9.48,0.87,-2.74,0.31,0.42,-0.02
-8820,2.94,24,2.27,574,2,25328,11_41_07_08_05_2025,-9.26,0.53,-2.54,0.02,0.62,0.23
-8837,2.94,48,2.27,573,2,25361,11_41_07_08_05_2025,-9.35,1.15,-3.37,-0.25,0.68,0.12
-8899,2.95,-16,2.27,573,2,25393,11_41_07_08_05_2025,-8.94,2.38,-3.83,-0.42,0.39,0.05
-9068,2.96,92,2.27,573,2,25426,11_41_07_08_05_2025,-8.91,1.55,-3.66,-0.27,0.25,-0.04
-9071,2.96,-149,2.28,574,2,25459,11_41_07_08_05_2025,-8.86,1.77,-4.17,-0.19,0.33,0.27
-9035,2.96,90,2.27,574,2,25495,11_41_07_08_05_2025,-8.76,2.03,-4.00,-0.22,0.27,0.41
-9029,2.96,58,2.27,574,2,25529,11_41_07_08_05_2025,-8.70,2.36,-3.89,0.01,0.07,0.21
-9084,2.96,238,2.25,574,2,25561,11_41_07_08_05_2025,-8.67,2.43,-4.00,0.02,-0.04,-0.02
-8899,2.95,184,2.26,574,2,25594,11_41_07_08_05_2025,-8.88,1.49,-3.68,-0.03,-0.04,-0.06
-8834,2.94,160,2.26,573,2,25627,11_41_07_08_05_2025,-8.74,2.11,-3.84,-0.20,-0.01,0.05
-8723,2.93,128,2.26,574,2,25662,11_41_07_08_05_2025,-8.81,1.91,-3.62,0.13,-0.18,-0.16
-8958,2.95,101,2.27,574,2,25695,11_41_07_08_05_2025,-8.81,1.74,-3.26,-0.01,-0.04,-0.01
-8829,2.94,385,2.24,573,2,25727,11_41_07_08_05_2025,-8.91,1.67,-3.79,0.12,-0.03,-0.02
-8863,2.94,-165,2.29,573,2,25761,11_41_07_08_05_2025,-8.62,2.15,-3.19,0.02,0.00,0.01
-8868,2.94,29,2.27,573,2,25795,11_41_07_08_05_2025,-8.66,2.00,-4.09,-0.10,0.37,-0.01
-8673,2.93,9,2.27,574,2,25828,11_41_07_08_05_2025,-8.92,1.53,-4.63,-0.09,0.10,0.07
-8583,2.92,83,2.27,573,2,25863,11_41_07_08_05_2025,-9.62,2.82,-2.57,0.34,-0.27,-0.07
-8606,2.92,-95,2.28,574,2,25896,11_41_07_08_05_2025,-8.85,1.56,-4.11,0.11,-0.08,-0.08
-8378,2.91,102,2.27,574,2,25929,11_41_07_08_05_2025,-8.95,1.34,-3.65,0.12,-0.10,-0.10
-8525,2.92,20,2.27,574,2,25963,11_41_07_08_05_2025,-8.74,1.67,-3.77,-0.14,0.08,0.08
-8448,2.91,210,2.26,573,2,25996,11_41_07_08_05_2025,-8.89,1.89,-3.58,0.00,0.03,0.01
-8562,2.92,187,2.26,574,2,26028,11_41_07_08_05_2025,-8.88,1.68,-3.83,0.00,-0.00,0.01
-8510,2.92,106,2.26,574,2,26065,11_41_07_08_05_2025,-8.82,1.76,-3.57,0.03,-0.01,-0.02
-8606,2.92,268,2.25,573,2,26099,11_41_07_08_05_2025,-8.87,1.60,-3.66,0.00,0.00,0.00
-8476,2.91,176,2.26,573,2,26131,11_41_07_08_05_2025,-8.88,1.79,-4.15,0.02,0.05,-0.01
-8503,2.92,135,2.26,574,2,26164,11_41_07_08_05_2025,-8.83,1.59,-3.38,0.01,-0.05,0.01
-8622,2.93,-18,2.27,574,2,26197,11_41_07_08_05_2025,-8.83,1.87,-3.92,0.00,0.07,-0.01
-8736,2.93,31,2.27,574,2,26230,11_41_08_08_05_2025,-8.81,1.73,-3.41,0.02,-0.03,-0.01
-8463,2.91,238,2.25,573,2,26266,11_41_08_08_05_2025,-8.80,1.84,-3.71,0.07,-0.11,-0.09
-8581,2.92,189,2.26,573,2,26299,11_41_08_08_05_2025,-8.87,1.51,-3.41,-0.01,0.04,0.04
-8676,2.93,342,2.25,573,2,26332,11_41_08_08_05_2025,-8.85,1.70,-3.64,0.05,-0.05,-0.03
-8505,2.92,256,2.25,574,2,26366,11_41_08_08_05_2025,-8.82,1.83,-3.76,-0.00,0.01,0.00
-8587,2.92,195,2.26,573,2,26400,11_41_08_08_05_2025,-8.86,1.70,-3.67,0.01,-0.00,0.00
-8556,2.92,227,2.26,574,2,26433,11_41_08_08_05_2025,-8.84,1.70,-3.64,0.00,0.00,0.00
-8426,2.91,169,2.26,573,2,26468,11_41_08_08_05_2025,-8.83,1.72,-3.70,0.01,-0.00,-0.00
-8606,2.92,157,2.26,573,2,26501,11_41_08_08_05_2025,-8.83,1.83,-3.78,-0.03,0.08,0.06
-8717,2.93,164,2.26,573,2,26533,11_41_08_08_05_2025,-8.72,1.69,-3.95,0.04,-0.10,-0.08
-8486,2.92,88,2.27,573,2,26566,11_41_08_08_05_2025,-8.80,1.94,-3.78,-0.06,0.09,0.05
-6207,2.74,413,2.24,573,2,26599,11_41_08_08_05_2025,-8.78,1.70,-4.45,0.12,-0.11,-0.06
-6529,2.77,403,2.24,573,2,26632,11_41_08_08_05_2025,-8.73,1.12,-3.76,0.21,-0.09,-0.17
-7871,2.87,181,2.26,573,2,26669,11_41_08_08_05_2025,-9.00,1.85,-3.02,0.00,-0.02,0.08
-8296,2.90,-439,2.31,573,2,26702,11_41_08_08_05_2025,-8.97,1.31,-3.51,0.09,0.04,0.05
-7257,2.82,-1594,2.39,574,2,26735,11_41_08_08_05_2025,-8.59,2.51,-4.03,-0.11,0.04,0.10
-8654,2.93,-1908,2.42,574,2,26768,11_41_08_08_05_2025,-8.87,1.80,-3.87,0.14,-0.03,-0.11
-11893,3.17,-2060,2.43,574,2,26801,11_41_08_08_05_2025,-8.33,1.84,-3.38,0.25,-0.15,-0.18
-10759,3.09,-1995,2.42,573,2,26834,11_41_08_08_05_2025,-8.78,1.63,-5.16,0.11,-0.01,-0.11
-13774,3.32,-2380,2.45,573,2,26870,11_41_08_08_05_2025,-9.08,1.21,-4.01,0.24,-0.39,-0.23
-11835,3.17,-1904,2.42,574,2,26904,11_41_08_08_05_2025,-9.42,0.91,-3.15,0.34,-0.40,-0.18
-12813,3.24,-2483,2.46,574,2,26939,11_41_08_08_05_2025,-9.15,2.16,-2.26,0.34,-0.13,0.12
-15993,3.48,-2802,2.48,574,2,26971,11_41_08_08_05_2025,-9.11,1.28,-3.65,0.38,-0.41,0.02
-15993,3.48,-3340,2.53,574,2,27004,11_41_08_08_05_2025,-9.16,1.31,-3.74,0.47,-0.59,0.05
-15610,3.46,-3154,2.51,573,2,27037,11_41_08_08_05_2025,-9.22,0.79,-2.56,0.31,-0.51,0.18
-13938,3.33,-2999,2.50,573,2,27072,11_41_08_08_05_2025,-8.95,1.87,-2.29,0.19,-0.20,0.18
-11861,3.17,-2561,2.47,573,2,27105,11_41_08_08_05_2025,-8.69,2.55,-2.00,0.19,0.10,-0.14
-11191,3.12,-2165,2.44,574,2,27138,11_41_08_08_05_2025,-9.13,1.37,-3.00,0.46,0.22,-0.39
-11269,3.13,-1888,2.42,574,2,27171,11_41_08_08_05_2025,-9.31,1.08,-3.98,0.04,0.06,-0.27
-10841,3.09,-1956,2.42,574,2,27205,11_41_08_08_05_2025,-9.24,0.94,-3.21,0.08,-0.21,-0.20
-11100,3.11,-2944,2.50,573,2,27258,11_41_09_08_05_2025,-9.34,0.55,-2.85,0.19,-0.31,-0.18
-10183,3.04,-3331,2.53,573,2,27293,11_41_09_08_05_2025,-9.16,1.06,-2.37,0.20,-0.11,-0.05
-10652,3.08,-2691,2.48,574,2,27329,11_41_09_08_05_2025,-8.96,0.94,-3.09,-0.22,0.15,-0.19
-12845,3.25,-1955,2.42,574,2,27364,11_41_09_08_05_2025,-9.85,0.07,-2.59,0.46,0.07,-0.14
-12809,3.24,-2319,2.45,574,2,27399,11_41_09_08_05_2025,-9.56,-0.38,-2.99,0.00,0.08,0.32
-11682,3.16,-1769,2.41,573,2,27433,11_41_09_08_05_2025,-9.14,0.89,-2.55,-0.22,0.25,0.56
-11407,3.14,-2261,2.44,572,2,27472,11_41_09_08_05_2025,-8.99,1.90,-3.49,-0.14,0.30,0.45
-11215,3.12,-2142,2.43,573,2,27509,11_41_09_08_05_2025,-8.93,1.89,-3.16,0.01,0.09,-0.01
-9586,3.00,-661,2.32,573,2,27543,11_41_09_08_05_2025,-9.17,0.95,-3.24,-0.05,0.11,-0.27
-9803,3.02,50,2.27,573,2,27578,11_41_09_08_05_2025,-9.27,0.59,-3.36,-0.02,0.13,-0.06
-10955,3.10,678,2.22,574,2,27613,11_41_09_08_05_2025,-9.19,0.76,-3.26,-0.14,0.18,0.11
-12535,3.22,580,2.23,573,2,27648,11_41_09_08_05_2025,-9.16,0.81,-3.30,0.02,0.11,0.22
-12457,3.22,216,2.26,574,2,27687,11_41_09_08_05_2025,-8.93,1.56,-3.20,-0.05,-0.02,0.04
-12212,3.20,395,2.24,573,2,27721,11_41_09_08_05_2025,-9.04,1.21,-3.34,0.01,0.11,-0.01
-11770,3.16,-345,2.30,574,2,27756,11_41_09_08_05_2025,-9.05,1.47,-3.87,-0.07,0.11,0.02
-11182,3.12,-773,2.33,574,2,27792,11_41_09_08_05_2025,-9.02,1.27,-3.40,-0.03,0.00,0.01
-11322,3.13,-1215,2.36,573,2,27826,11_41_09_08_05_2025,-9.12,0.90,-3.43,0.08,-0.03,0.03
-8012,2.88,-1894,2.42,574,2,27862,11_41_09_08_05_2025,-9.00,1.19,-3.19,0.09,-0.04,0.06
-8171,2.89,-2582,2.47,573,2,27901,11_41_09_08_05_2025,-9.05,1.34,-3.68,0.17,-0.03,0.07
-9450,2.99,-1605,2.39,573,2,27936,11_41_09_08_05_2025,-8.92,1.39,-2.93,0.16,0.01,-0.12
-12061,3.19,-525,2.31,573,2,27971,11_41_09_08_05_2025,-9.05,1.47,-4.20,-0.13,0.02,-0.18
-11565,3.15,-738,2.33,573,2,28006,11_41_09_08_05_2025,-9.08,0.96,-3.33,0.11,-0.15,-0.23
-8511,2.92,-474,2.31,572,2,28042,11_41_09_08_05_2025,-9.04,1.08,-3.27,0.02,-0.07,-0.21
-7880,2.87,-448,2.31,573,2,28078,11_41_09_08_05_2025,-9.27,0.25,-3.22,0.06,-0.06,-0.19
-7837,2.87,-585,2.32,573,2,28115,11_41_09_08_05_2025,-9.07,0.92,-3.14,-0.20,0.08,0.15
-4223,2.59,-154,2.28,574,2,28150,11_41_09_08_05_2025,-9.13,0.89,-3.49,-0.03,0.07,0.06
466,2.24,-288,2.29,573,2,28185,11_41_09_08_05_2025,-9.11,0.68,-3.17,0.06,0.00,0.09
-40,2.28,-686,2.32,573,2,28220,11_41_10_08_05_2025,-9.11,0.78,-3.33,0.07,0.04,0.24
-4625,2.62,-1440,2.38,573,2,28256,11_41_10_08_05_2025,-9.13,0.86,-3.52,0.13,0.10,0.30
-3775,2.56,-2604,2.47,572,2,28292,11_41_10_08_05_2025,-9.14,0.83,-3.61,0.41,-0.05,0.45
-2421,2.46,-2811,2.49,574,2,28329,11_41_10_08_05_2025,-8.89,1.45,-3.13,0.45,-0.02,0.44
-3449,2.53,-3154,2.51,573,2,28364,11_41_10_08_05_2025,-8.77,1.97,-3.37,0.56,0.09,0.20
-3225,2.52,-2536,2.46,573,2,28399,11_41_10_08_05_2025,-8.93,1.58,-3.92,0.24,0.10,-0.20
-4806,2.64,-1774,2.41,573,2,28435,11_41_10_08_05_2025,-9.08,0.87,-3.77,0.04,0.13,-0.15
-7897,2.87,-1332,2.37,573,2,28471,11_41_10_08_05_2025,-9.07,0.98,-3.90,-0.16,-0.01,-0.10
-9293,2.98,-503,2.31,573,2,28509,11_41_10_08_05_2025,-8.94,1.14,-3.45,-0.03,-0.01,-0.07
-9983,3.03,1114,2.19,574,2,28543,11_41_10_08_05_2025,-8.95,1.23,-3.68,-0.16,-0.07,-0.26
-11244,3.12,1607,2.15,573,2,28579,11_41_10_08_05_2025,-9.04,0.85,-3.57,0.12,-0.03,-0.23
-13003,3.26,219,2.26,574,2,28615,11_41_10_08_05_2025,-9.03,0.90,-3.62,-0.13,0.13,-0.11
-15077,3.41,-352,2.30,574,2,28651,11_41_10_08_05_2025,-9.06,0.86,-3.94,-0.04,0.05,0.02
-14237,3.35,-155,2.28,573,2,28685,11_41_10_08_05_2025,-8.92,1.01,-3.29,-0.06,0.06,0.04
-9522,2.99,-24,2.27,573,2,28723,11_41_10_08_05_2025,-8.98,0.72,-3.35,-0.25,0.40,0.13
-9600,3.00,-463,2.31,573,2,28758,11_41_10_08_05_2025,-8.87,1.27,-4.16,-0.31,0.43,0.24
-10445,3.06,-506,2.31,573,2,28794,11_41_10_08_05_2025,-8.77,1.57,-4.28,-0.22,0.21,0.17
-11226,3.12,-1295,2.37,573,2,28829,11_41_10_08_05_2025,-8.81,1.21,-3.84,0.03,0.00,-0.02
-12277,3.20,-1841,2.41,573,2,28864,11_41_10_08_05_2025,-8.79,1.30,-3.97,-0.05,0.12,0.05
-12749,3.24,-2160,2.44,572,2,28900,11_41_10_08_05_2025,-8.76,1.41,-4.09,-0.09,0.13,0.08
-13463,3.29,-2761,2.48,573,2,28938,11_41_10_08_05_2025,-8.72,1.47,-4.03,-0.04,0.09,0.03
-12611,3.23,-2944,2.50,573,2,28973,11_41_10_08_05_2025,-8.70,1.45,-3.96,-0.04,0.08,0.06
-11757,3.16,-2044,2.43,574,2,29009,11_41_10_08_05_2025,-8.76,1.38,-4.34,-0.02,0.00,-0.01
-9648,3.00,-548,2.31,574,2,29044,11_41_10_08_05_2025,-8.70,1.56,-4.19,0.08,-0.06,-0.08
-8754,2.94,-319,2.30,574,2,29079,11_41_10_08_05_2025,-8.74,1.32,-3.97,-0.01,-0.04,-0.01
-8697,2.93,-625,2.32,573,2,29114,11_41_10_08_05_2025,-8.80,1.19,-4.17,0.04,-0.02,-0.07
-8868,2.94,-184,2.29,572,2,29152,11_41_10_08_05_2025,-8.73,1.25,-3.77,-0.01,0.02,0.00
-9009,2.96,4,2.27,573,2,29188,11_41_10_08_05_2025,-8.74,1.45,-4.21,-0.02,0.01,0.01
-11590,3.15,-87,2.28,573,2,29223,11_41_11_08_05_2025,-8.74,1.30,-3.92,0.03,-0.04,-0.03
-13959,3.33,-255,2.29,573,2,29258,11_41_11_08_05_2025,-8.75,1.39,-4.24,-0.00,0.01,0.00
-14758,3.39,-1266,2.37,574,2,29292,11_41_11_08_05_2025,-8.72,1.33,-3.79,0.02,-0.05,-0.01
-11898,3.17,-1996,2.42,573,2,29328,11_41_11_08_05_2025,-8.74,1.23,-4.16,0.01,0.02,-0.02
-10617,3.08,-3010,2.50,573,2,29367,11_41_11_08_05_2025,-8.72,1.42,-4.00,-0.00,-0.01,0.01
-10292,3.05,-2942,2.50,573,2,29402,11_41_11_08_05_2025,-8.77,1.21,-3.93,0.02,0.01,-0.01
-10574,3.07,-3463,2.54,573,2,29436,11_41_11_08_05_2025,-8.72,1.41,-3.93,-0.01,-0.01,-0.02
-10602,3.08,-3320,2.52,573,2,29471,11_41_11_08_05_2025,-8.76,1.37,-4.16,0.02,-0.00,-0.02
-9511,2.99,-2231,2.44,573,2,29506,11_41_11_08_05_2025,-8.73,1.23,-3.65,-0.01,-0.00,-0.05
-10025,3.03,-1724,2.40,574,2,29545,11_41_11_08_05_2025,-8.78,1.29,-4.23,0.00,-0.01,-0.00
-10481,3.07,-1228,2.37,573,2,29580,11_41_11_08_05_2025,-8.72,1.35,-3.87,0.01,0.00,-0.00
-10702,3.08,-1062,2.35,573,2,29615,11_41_11_08_05_2025,-8.77,1.30,-4.09,0.01,0.00,0.00
-10899,3.10,-634,2.32,573,2,29650,11_41_11_08_05_2025,-8.75,1.30,-4.00,0.01,-0.01,-0.00
-11082,3.11,-443,2.31,572,2,29685,11_41_11_08_05_2025,-8.76,1.33,-4.09,0.00,0.00,0.00
-11264,3.13,-414,2.30,573,2,29720,11_41_11_08_05_2025,-8.75,1.35,-4.05,0.01,-0.00,-0.00
-11349,3.13,-795,2.33,573,2,29758,11_41_11_08_05_2025,-8.74,1.29,-3.96,0.01,-0.02,-0.01
-11068,3.11,-729,2.33,573,2,29793,11_41_11_08_05_2025,-8.76,1.27,-4.06,0.01,-0.00,-0.01
-11339,3.13,-694,2.33,572,2,29828,11_41_11_08_05_2025,-8.76,1.30,-3.99,0.01,-0.01,-0.01
-11379,3.13,-508,2.31,573,2,29862,11_41_11_08_05_2025,-8.76,1.28,-4.06,0.01,0.00,-0.01
-11203,3.12,-418,2.30,573,2,29897,11_41_11_08_05_2025,-8.75,1.30,-4.00,0.00,-0.00,-0.00
-11670,3.16,-412,2.30,573,2,29934,11_41_11_08_05_2025,-8.77,1.26,-4.02,0.01,-0.01,-0.00
-12069,3.19,-470,2.31,573,2,29972,11_41_11_08_05_2025,-8.75,1.28,-4.02,0.01,-0.00,0.00
-12333,3.21,-204,2.29,573,2,30007,11_41_11_08_05_2025,-8.75,1.29,-4.04,0.00,0.00,0.00
-12688,3.23,-286,2.29,573,2,30041,11_41_11_08_05_2025,-8.76,1.27,-4.03,0.01,-0.00,0.00
-12764,3.24,-580,2.32,574,2,30076,11_41_11_08_05_2025,-8.76,1.29,-4.07,0.00,-0.00,0.00
-12625,3.23,-370,2.30,574,2,30111,11_41_11_08_05_2025,-8.76,1.29,-4.06,0.01,0.00,-0.00
-12726,3.24,-302,2.30,573,2,30147,11_41_11_08_05_2025,-8.75,1.29,-4.02,0.00,-0.00,-0.00
-12726,3.24,-459,2.31,574,2,30184,11_41_11_08_05_2025,-8.76,1.29,-4.05,0.00,-0.00,-0.00
-12544,3.22,-432,2.31,573,2,30219,11_41_12_08_05_2025,-8.76,1.29,-4.05,0.01,-0.00,-0.00
-12189,3.20,-169,2.29,574,2,30254,11_41_12_08_05_2025,-8.76,1.28,-4.07,0.01,-0.00,-0.00
-12265,3.20,-190,2.29,574,2,30289,11_41_12_08_05_2025,-8.75,1.29,-4.03,0.00,-0.00,-0.00
-12411,3.21,-93,2.28,573,2,30325,11_41_12_08_05_2025,-8.76,1.29,-4.05,0.00,-0.00,0.00
-12748,3.24,-104,2.28,573,2,30362,11_41_12_08_05_2025,-8.76,1.30,-4.05,0.01,-0.00,0.00
-12742,3.24,-29,2.27,574,2,30396,11_41_12_08_05_2025,-8.76,1.28,-4.04,0.00,-0.00,0.00
-12848,3.25,-29,2.27,574,2,30431,11_41_12_08_05_2025,-8.76,1.30,-4.04,0.00,-0.00,0.00
-12931,3.25,-102,2.28,574,2,30465,11_41_12_08_05_2025,-8.75,1.29,-4.03,0.01,-0.00,0.00
-12815,3.24,-89,2.28,573,2,30500,11_41_12_08_05_2025,-8.76,1.29,-4.04,0.01,-0.00,-0.00
-12961,3.25,-336,2.30,573,2,30536,11_41_12_08_05_2025,-8.76,1.28,-4.04,0.00,-0.00,0.00
-12972,3.26,-256,2.29,573,2,30574,11_41_12_08_05_2025,-8.75,1.29,-4.04,0.01,-0.00,-0.00
-12772,3.24,154,2.26,573,2,30609,11_41_12_08_05_2025,-8.76,1.29,-4.05,0.01,-0.00,-0.00
-12749,3.24,70,2.27,573,2,30643,11_41_12_08_05_2025,-8.75,1.30,-4.04,0.00,-0.00,-0.00
-12854,3.25,-78,2.28,573,2,30678,11_41_12_08_05_2025,-8.76,1.28,-4.02,0.00,0.00,0.00
-12733,3.24,-194,2.29,573,2,30713,11_41_12_08_05_2025,-8.76,1.28,-4.01,0.00,-0.00,0.00
-12683,3.23,-244,2.29,573,2,30749,11_41_12_08_05_2025,-8.75,1.28,-4.04,0.01,-0.00,-0.00
-12872,3.25,-452,2.31,574,2,30787,11_41_12_08_05_2025,-8.75,1.30,-4.03,0.01,-0.00,-0.00
-12850,3.25,-270,2.29,573,2,30821,11_41_12_08_05_2025,-8.76,1.29,-4.04,0.01,-0.00,-0.00
-12749,3.24,-320,2.30,573,2,30856,11_41_12_08_05_2025,-8.75,1.29,-4.04,0.00,-0.00,-0.00
-12755,3.24,-311,2.30,572,2,30892,11_41_12_08_05_2025,-8.75,1.30,-4.05,0.01,-0.01,-0.00
-12843,3.25,-299,2.30,573,2,30927,11_41_12_08_05_2025,-8.75,1.29,-4.06,0.00,0.00,-0.00
-13050,3.26,-408,2.30,573,2,30963,11_41_12_08_05_2025,-8.75,1.30,-4.02,0.00,-0.00,0.00
-12880,3.25,-323,2.30,573,2,31000,11_41_12_08_05_2025,-8.76,1.28,-4.04,0.01,-0.01,-0.00
-12937,3.25,-716,2.33,573,2,31035,11_41_12_08_05_2025,-8.75,1.28,-4.05,0.01,-0.01,-0.00
-12925,3.25,-1018,2.35,574,2,31070,11_41_12_08_05_2025,-8.75,1.30,-4.02,0.01,-0.01,-0.00
-12777,3.24,-1423,2.38,573,2,31106,11_41_12_08_05_2025,-8.75,1.27,-3.99,0.01,-0.01,0.00
-12136,3.19,-2881,2.49,573,2,31141,11_41_12_08_05_2025,-8.74,1.34,-3.99,0.00,-0.01,0.00
-11161,3.12,-2769,2.48,574,2,31176,11_41_12_08_05_2025,-8.74,1.35,-4.05,-0.00,0.00,0.00
-11252,3.13,-2394,2.45,573,2,31214,11_41_12_08_05_2025,-8.75,1.27,-3.98,-0.00,-0.00,0.00
-11127,3.12,-2251,2.44,574,2,31249,11_41_13_08_05_2025,-8.76,1.23,-4.04,0.01,-0.01,-0.00
-10376,3.06,-3477,2.54,573,2,31285,11_41_13_08_05_2025,-8.74,1.31,-4.01,0.01,-0.00,-0.00
-7599,2.85,-2883,2.49,573,2,31320,11_41_13_08_05_2025,-8.77,1.27,-4.09,-0.01,0.01,0.01
-4897,2.64,-2150,2.44,573,2,31355,11_41_13_08_05_2025,-8.75,1.29,-4.06,0.02,0.03,-0.03
-5414,2.68,-2033,2.43,573,2,31393,11_41_13_08_05_2025,-8.75,1.28,-4.00,0.00,-0.03,0.01
-6451,2.76,-2327,2.45,573,2,31427,11_41_13_08_05_2025,-8.76,1.28,-4.08,-0.01,0.02,0.01
-7105,2.81,-2839,2.49,573,2,31463,11_41_13_08_05_2025,-8.73,1.33,-4.00,0.00,-0.01,-0.01
-7109,2.81,-3060,2.50,573,2,31499,11_41_13_08_05_2025,-8.78,1.28,-4.13,0.03,-0.04,-0.02
-6519,2.77,-2905,2.49,573,2,31534,11_41_13_08_05_2025,-8.76,1.24,-3.90,0.00,0.00,0.01
-6848,2.79,-3355,2.53,574,2,31569,11_41_13_08_05_2025,-8.78,1.17,-4.00,0.01,0.00,-0.00
-6590,2.77,-3341,2.53,573,2,31606,11_41_13_08_05_2025,-8.74,1.35,-4.05,0.01,-0.01,-0.01
-5383,2.68,-3526,2.54,574,2,31641,11_41_13_08_05_2025,-8.76,1.29,-4.12,0.01,-0.02,0.00
-3675,2.55,-3613,2.55,573,2,31678,11_41_13_08_05_2025,-8.76,1.29,-4.07,0.01,0.01,-0.00
-1246,2.37,-2562,2.47,574,2,31712,11_41_13_08_05_2025,-8.78,1.18,-4.02,0.02,0.00,-0.01
240,2.25,-2569,2.47,573,2,31747,11_41_13_08_05_2025,-8.73,1.40,-4.16,0.01,-0.02,0.01
696,2.22,-2463,2.46,574,2,31782,11_41_13_08_05_2025,-8.77,1.24,-4.09,0.01,0.03,-0.01
-707,2.33,-2227,2.44,573,2,31820,11_41_13_08_05_2025,-8.74,1.25,-3.90,-0.02,-0.03,0.02
-2402,2.45,-1629,2.40,574,2,31856,11_41_13_08_05_2025,-8.76,1.28,-4.06,-0.01,0.04,0.00
-3213,2.52,-966,2.35,573,2,31891,11_41_13_08_05_2025,-8.72,1.49,-4.33,-0.01,0.02,0.01
-6078,2.73,-1607,2.39,573,2,31926,11_41_13_08_05_2025,-8.77,1.09,-3.89,0.02,-0.03,-0.01
-8148,2.89,-2748,2.48,573,2,31961,11_41_13_08_05_2025,-8.79,1.24,-4.28,-0.01,0.00,0.02
-9349,2.98,-1670,2.40,573,2,31997,11_41_13_08_05_2025,-8.69,1.39,-3.84,-0.03,0.02,0.02
-8513,2.92,-1999,2.42,572,2,32035,11_41_13_08_05_2025,-8.76,1.32,-4.26,0.00,-0.00,0.00
-7335,2.83,-2180,2.44,573,2,32070,11_41_13_08_05_2025,-8.72,1.37,-4.04,0.01,0.01,-0.01
-7774,2.86,-1815,2.41,573,2,32105,11_41_13_08_05_2025,-8.73,1.32,-4.06,0.00,0.00,-0.00
-10383,3.06,-1188,2.36,573,2,32140,11_41_13_08_05_2025,-8.74,1.30,-4.05,0.00,0.00,-0.00
-12286,3.20,-1238,2.37,572,2,32181,11_41_13_08_05_2025,-8.75,1.31,-4.08,0.01,-0.02,-0.00
-15976,3.48,-648,2.32,573,2,32216,11_41_13_08_05_2025,-8.76,1.30,-4.17,0.01,0.00,-0.01
-25961,4.24,-764,2.33,573,2,32254,11_41_14_08_05_2025,-8.71,1.35,-4.02,0.00,-0.00,0.00
-37825,5.14,-1153,2.36,573,2,32289,11_41_14_08_05_2025,-8.75,1.30,-4.15,-0.00,0.01,0.00
-46073,5.76,-1348,2.37,573,2,32324,11_41_14_08_05_2025,-8.74,1.26,-4.03,0.01,-0.01,0.00
-54532,6.40,-800,2.33,573,2,32358,11_41_14_08_05_2025,-8.74,1.29,-4.06,0.00,0.00,0.00
-62863,7.04,-900,2.34,574,2,32394,11_41_14_08_05_2025,-8.74,1.28,-4.03,0.01,-0.00,-0.00
-68586,7.47,-429,2.31,574,2,32432,11_41_14_08_05_2025,-8.74,1.30,-4.07,0.01,-0.00,-0.01
-70314,7.60,-375,2.30,573,2,32467,11_41_14_08_05_2025,-8.73,1.33,-4.11,0.01,-0.01,-0.00
-71180,7.67,-257,2.29,574,2,32501,11_41_14_08_05_2025,-8.74,1.29,-4.03,0.01,-0.01,-0.00
-75223,7.97,-78,2.28,573,2,32536,11_41_14_08_05_2025,-8.74,1.31,-4.10,0.00,0.00,-0.00
-76947,8.10,-472,2.31,572,2,32572,11_41_14_08_05_2025,-8.73,1.30,-4.07,0.00,-0.01,-0.00
-74867,7.94,-462,2.31,574,2,32608,11_41_14_08_05_2025,-8.74,1.31,-4.11,0.01,-0.01,-0.00
-72717,7.78,41,2.27,573,2,32646,11_41_14_08_05_2025,-8.73,1.31,-4.08,0.00,0.00,-0.00
-73621,7.85,-139,2.28,574,2,32680,11_41_14_08_05_2025,-8.74,1.31,-4.09,0.00,-0.00,0.00
-77111,8.11,-329,2.30,573,2,32715,11_41_14_08_05_2025,-8.74,1.30,-4.13,0.01,-0.00,-0.00
-77858,8.17,-272,2.29,574,2,32750,11_41_14_08_05_2025,-8.73,1.31,-4.06,0.00,-0.00,0.00
-78399,8.21,-28,2.27,573,2,32786,11_41_14_08_05_2025,-8.74,1.28,-4.08,0.01,0.00,-0.00
-79267,8.28,-184,2.29,573,2,32822,11_41_14_08_05_2025,-8.73,1.31,-4.07,0.01,-0.01,0.00
-81398,8.44,-276,2.29,574,2,32859,11_41_14_08_05_2025,-8.73,1.33,-4.07,0.00,0.00,-0.00
-81171,8.42,-140,2.28,573,2,32894,11_41_14_08_05_2025,-8.73,1.29,-4.10,0.00,-0.00,0.00
-80092,8.34,85,2.27,573,2,32929,11_41_14_08_05_2025,-8.72,1.31,-4.09,0.01,-0.00,0.00
-78426,8.21,-401,2.30,574,2,32964,11_41_14_08_05_2025,-8.74,1.32,-4.09,0.00,0.00,0.00
-77500,8.14,-375,2.30,574,2,32999,11_41_14_08_05_2025,-8.73,1.33,-4.09,0.00,-0.01,0.00
-72413,7.76,-265,2.29,572,2,33035,11_41_14_08_05_2025,-8.73,1.30,-4.10,0.00,-0.00,-0.00
-68800,7.48,-364,2.30,574,2,33073,11_41_14_08_05_2025,-8.74,1.27,-4.10,0.00,-0.00,-0.00
-69169,7.51,-364,2.30,574,2,33108,11_41_14_08_05_2025,-8.73,1.33,-4.09,0.00,-0.00,0.00
-68766,7.48,-432,2.31,574,2,33144,11_41_14_08_05_2025,-8.73,1.31,-4.09,0.00,0.00,0.00
-67409,7.38,-572,2.32,573,2,33179,11_41_14_08_05_2025,-8.74,1.31,-4.11,0.00,-0.00,-0.00
-66261,7.29,-566,2.32,572,2,33214,11_41_14_08_05_2025,-8.73,1.31,-4.06,0.00,-0.00,-0.00
-62888,7.04,-932,2.34,573,2,33249,11_41_15_08_05_2025,-8.73,1.29,-4.05,0.00,-0.00,-0.00
-53131,6.30,-563,2.32,573,2,33287,11_41_15_08_05_2025,-8.73,1.31,-4.10,0.00,-0.00,-0.00
-36447,5.03,-759,2.33,573,2,33321,11_41_15_08_05_2025,-8.75,1.28,-4.12,0.01,-0.01,-0.01
-22094,3.95,-1145,2.36,573,2,33358,11_41_15_08_05_2025,-8.72,1.32,-4.02,0.01,-0.01,0.00
-12621,3.23,-1532,2.39,573,2,33393,11_41_15_08_05_2025,-8.73,1.29,-4.06,0.00,0.00,-0.00
-9078,2.96,-1495,2.39,574,2,33427,11_41_15_08_05_2025,-8.73,1.31,-4.06,0.01,-0.01,-0.01
-8552,2.92,-1242,2.37,574,2,33465,11_41_15_08_05_2025,-8.73,1.30,-4.05,0.00,-0.00,0.00
-8507,2.92,-1012,2.35,573,2,33499,11_41_15_08_05_2025,-8.74,1.30,-4.05,-0.00,0.00,0.00
-9144,2.97,-533,2.31,573,2,33535,11_41_15_08_05_2025,-8.73,1.31,-4.09,-0.00,0.01,0.00
-9012,2.96,-626,2.32,573,2,33571,11_41_15_08_05_2025,-8.73,1.29,-4.05,0.01,0.00,-0.00
-9388,2.98,231,2.26,573,2,33606,11_41_15_08_05_2025,-8.72,1.26,-4.03,0.00,-0.00,0.00
-9564,3.00,35,2.27,573,2,33640,11_41_15_08_05_2025,-8.74,1.29,-4.08,0.01,-0.01,0.00
-9971,3.03,-541,2.31,574,2,33678,11_41_15_08_05_2025,-8.73,1.32,-4.09,0.01,-0.01,-0.00
-10081,3.04,-733,2.33,573,2,33714,11_41_15_08_05_2025,-8.73,1.29,-4.07,0.01,-0.00,0.00
-9944,3.03,-283,2.29,573,2,33750,11_41_15_08_05_2025,-8.73,1.29,-4.08,0.01,-0.00,-0.00
-9819,3.02,-366,2.30,573,2,33784,11_41_15_08_05_2025,-8.73,1.32,-4.08,0.00,-0.01,-0.00
-9625,3.00,-371,2.30,573,2,33819,11_41_15_08_05_2025,-8.74,1.20,-3.95,0.00,-0.01,-0.03
-8960,2.95,-1343,2.37,573,2,33854,11_41_15_08_05_2025,-8.71,1.37,-4.09,-0.01,0.01,0.00
-9001,2.95,-1497,2.39,574,2,33891,11_41_15_08_05_2025,-8.73,1.33,-4.10,-0.02,0.03,0.00
-9055,2.96,-2049,2.43,574,2,33927,11_41_15_08_05_2025,-8.72,1.33,-4.09,-0.00,0.01,-0.00
-9442,2.99,-2586,2.47,573,2,33962,11_41_15_08_05_2025,-8.74,1.29,-4.18,-0.00,0.01,0.02
-9734,3.01,-2301,2.45,573,2,33997,11_41_15_08_05_2025,-8.74,1.27,-4.18,0.00,0.02,0.01
-9938,3.03,-2372,2.45,573,2,34032,11_41_15_08_05_2025,-8.73,1.29,-4.02,0.01,-0.03,0.02
-11282,3.13,-2599,2.47,573,2,34067,11_41_15_08_05_2025,-8.69,1.41,-4.07,0.01,0.02,0.01
-11058,3.11,-1647,2.40,573,2,34106,11_41_15_08_05_2025,-8.72,1.34,-4.16,-0.03,0.03,0.01
-9025,2.96,-447,2.31,573,2,34141,11_41_15_08_05_2025,-8.74,1.26,-4.22,0.02,-0.03,-0.00
-9689,3.01,104,2.26,573,2,34177,11_41_15_08_05_2025,-8.68,1.26,-3.74,0.00,0.01,-0.03
-9313,2.98,-864,2.34,573,2,34211,11_41_15_08_05_2025,-8.78,1.13,-4.38,-0.05,0.04,0.06
-9809,3.02,-892,2.34,573,2,34246,11_41_16_08_05_2025,-8.62,1.50,-4.07,-0.12,0.12,0.10
-10169,3.04,-313,2.30,573,2,34281,11_41_16_08_05_2025,-8.66,1.56,-4.36,0.00,-0.00,-0.01
-9788,3.01,-593,2.32,573,2,34320,11_41_16_08_05_2025,-8.66,1.43,-4.15,0.01,-0.01,0.00
-9788,3.01,-387,2.30,573,2,34355,11_41_16_08_05_2025,-8.68,1.35,-4.09,0.00,0.01,-0.00
-9815,3.02,-581,2.32,573,2,34389,11_41_16_08_05_2025,-8.64,1.57,-4.25,-0.02,-0.00,0.02
-9788,3.01,-413,2.30,573,2,34424,11_41_16_08_05_2025,-8.71,1.27,-4.18,0.03,-0.01,-0.02
-9687,3.01,-185,2.29,574,2,34459,11_41_16_08_05_2025,-8.66,1.29,-3.84,0.02,-0.05,-0.03
-9773,3.01,430,2.24,573,2,34495,11_41_16_08_05_2025,-8.67,1.71,-4.64,-0.01,0.01,-0.00
-10337,3.06,925,2.20,573,2,34533,11_41_16_08_05_2025,-8.70,1.70,-4.77,0.05,-0.37,-0.22
-10773,3.09,-530,2.31,573,2,34567,11_41_16_08_05_2025,-8.25,0.81,-4.07,0.40,-0.53,-0.28
-11437,3.14,-2612,2.47,574,2,34602,11_41_16_08_05_2025,-8.93,0.74,-2.19,0.14,0.12,0.00
-11119,3.12,-3245,2.52,573,2,34638,11_41_16_08_05_2025,-8.96,1.45,-5.51,-0.13,0.20,0.21
-11891,3.17,-5777,2.71,573,2,34673,11_41_16_08_05_2025,-8.84,1.19,-4.07,0.38,-0.53,0.07
-12928,3.25,-7911,2.87,573,2,34712,11_41_16_08_05_2025,-9.03,1.30,-4.99,0.37,-0.76,0.13
-13717,3.31,-7489,2.84,573,2,34747,11_41_16_08_05_2025,-8.24,2.88,-2.05,-0.68,-1.02,-0.03
-13344,3.28,-2696,2.48,573,2,34782,11_41_16_08_05_2025,-8.26,1.50,-0.80,0.68,1.22,-1.10
-12081,3.19,-3623,2.55,573,2,34817,11_41_16_08_05_2025,-9.42,0.08,-5.86,-0.30,0.45,-0.47
-11566,3.15,-3179,2.51,573,2,34852,11_41_16_08_05_2025,-9.45,-0.56,-5.32,-0.19,0.30,-0.05
-11399,3.14,-2333,2.45,573,2,34888,11_41_16_08_05_2025,-8.57,1.35,-3.43,0.10,-0.14,0.01
-11519,3.15,-1959,2.42,573,2,34926,11_41_16_08_05_2025,-8.88,0.82,-3.69,0.04,0.03,-0.03
-11561,3.15,-39,2.28,573,2,34961,11_41_16_08_05_2025,-8.99,0.68,-4.43,0.03,-0.04,-0.05
-12178,3.20,1109,2.19,573,2,34996,11_41_16_08_05_2025,-8.90,0.89,-3.93,0.04,-0.01,-0.03
-11704,3.16,1902,2.13,573,2,35031,11_41_16_08_05_2025,-8.94,0.56,-3.77,0.05,-0.04,-0.03
-10840,3.09,1914,2.13,573,2,35068,11_41_16_08_05_2025,-8.97,0.48,-3.85,-0.04,0.05,0.03
-10888,3.10,1580,2.15,573,2,35103,11_41_16_08_05_2025,-8.87,0.96,-3.98,-0.11,0.07,0.07
-10937,3.10,591,2.23,573,2,35141,11_41_16_08_05_2025,-8.92,0.71,-3.78,0.06,-0.05,-0.01
-11268,3.13,1045,2.19,573,2,35176,11_41_16_08_05_2025,-8.91,0.77,-3.90,-0.00,0.01,0.00
-10684,3.08,947,2.20,573,2,35210,11_41_16_08_05_2025,-8.89,0.81,-3.92,-0.02,0.01,0.01
-10063,3.04,562,2.23,573,2,35246,11_41_17_08_05_2025,-8.92,0.73,-3.91,0.04,-0.02,-0.02
-9927,3.02,-332,2.30,573,2,35283,11_41_17_08_05_2025,-8.91,0.76,-3.96,0.00,0.01,-0.00
-9918,3.02,-1047,2.35,573,2,35317,11_41_17_08_05_2025,-8.90,0.76,-3.83,-0.01,0.01,0.01
-10452,3.06,-331,2.30,573,2,35355,11_41_17_08_05_2025,-8.90,0.75,-3.85,-0.02,0.01,0.01
-10452,3.06,15,2.27,573,2,35390,11_41_17_08_05_2025,-8.91,0.74,-3.94,-0.02,0.02,0.02
-10576,3.07,2638,2.07,574,2,35426,11_41_17_08_05_2025,-8.91,0.73,-3.89,-0.02,0.01,0.02
-9960,3.03,5682,1.84,573,2,35461,11_41_17_08_05_2025,-8.93,0.71,-3.93,0.02,0.00,-0.02
-10412,3.06,6457,1.78,573,2,35496,11_41_17_08_05_2025,-8.88,0.79,-3.88,-0.01,0.01,0.01
-10916,3.10,3856,1.98,573,2,35531,11_41_17_08_05_2025,-8.88,0.82,-3.91,0.01,-0.01,-0.01
-11804,3.17,5457,1.86,574,2,35568,11_41_17_08_05_2025,-8.90,0.68,-3.79,0.01,-0.01,-0.00
-11439,3.14,4863,1.90,573,2,35605,11_41_17_08_05_2025,-8.86,0.84,-3.82,0.02,0.03,-0.00
-11474,3.14,1411,2.17,573,2,35640,11_41_17_08_05_2025,-8.92,0.66,-3.96,0.06,-0.02,-0.02
-11428,3.14,696,2.22,574,2,35675,11_41_17_08_05_2025,-8.89,0.78,-3.97,0.01,0.02,0.02
-11046,3.11,1111,2.19,573,2,35710,11_41_17_08_05_2025,-8.86,0.96,-4.09,0.01,0.00,-0.00
-11155,3.12,1380,2.17,573,2,35747,11_41_17_08_05_2025,-8.88,0.70,-3.73,0.04,-0.04,-0.03
-11002,3.11,-1098,2.36,574,2,35783,11_41_17_08_05_2025,-8.90,0.75,-3.96,-0.03,0.02,0.02
-10632,3.08,-4192,2.59,573,2,35819,11_41_17_08_05_2025,-8.88,0.79,-3.92,0.02,-0.01,-0.01
-10597,3.08,-5400,2.68,573,2,35854,11_41_17_08_05_2025,-8.90,0.71,-3.94,0.04,-0.02,-0.02
-10305,3.05,-6495,2.76,573,2,35889,11_41_17_08_05_2025,-8.87,0.82,-3.95,-0.01,0.01,0.01
-10235,3.05,-6723,2.78,573,2,35924,11_41_17_08_05_2025,-8.89,0.77,-3.94,0.01,-0.00,0.00
-10173,3.04,-5795,2.71,573,2,35961,11_41_17_08_05_2025,-8.91,0.67,-3.90,0.02,-0.00,-0.01
-10057,3.03,-6578,2.77,574,2,35997,11_41_17_08_05_2025,-8.89,0.74,-3.93,0.01,-0.01,-0.01
-10016,3.03,-4285,2.60,573,2,36033,11_41_17_08_05_2025,-8.89,0.78,-3.93,-0.00,0.00,0.00
-9801,3.02,-2693,2.48,573,2,36068,11_41_17_08_05_2025,-8.89,0.73,-3.90,0.02,-0.01,-0.01
-9511,2.99,-408,2.30,574,2,36104,11_41_17_08_05_2025,-8.88,0.81,-3.97,0.02,-0.01,-0.01
-9450,2.99,184,2.26,574,2,36138,11_41_17_08_05_2025,-8.83,0.93,-3.70,-0.01,0.03,-0.01
-10088,3.04,-849,2.34,573,2,36177,11_41_17_08_05_2025,-8.85,0.81,-3.81,-0.03,0.02,0.03
-10084,3.04,-2248,2.44,573,2,36213,11_41_17_08_05_2025,-8.88,0.76,-3.90,0.05,-0.02,-0.03
-9814,3.02,-4850,2.64,573,2,36247,11_41_18_08_05_2025,-8.88,0.83,-3.94,0.02,-0.01,-0.01
-10124,3.04,-8198,2.89,574,2,36282,11_41_18_08_05_2025,-8.90,0.75,-3.86,0.01,-0.01,0.00
-9575,3.00,-3998,2.58,573,2,36317,11_41_18_08_05_2025,-8.89,0.76,-3.96,-0.01,0.01,0.01
-9387,2.98,886,2.21,573,2,36353,11_41_18_08_05_2025,-8.88,0.77,-3.99,0.00,0.00,0.00
-9551,3.00,8496,1.63,573,2,36392,11_41_18_08_05_2025,-8.89,0.73,-3.88,0.01,-0.01,0.00
-9176,2.97,10671,1.46,573,2,36426,11_41_18_08_05_2025,-8.88,0.76,-3.91,-0.00,0.02,0.01
-9446,2.99,10574,1.47,573,2,36461,11_41_18_08_05_2025,-8.90,0.76,-3.96,0.04,-0.03,-0.02
-9589,3.00,9679,1.54,573,2,36496,11_41_18_08_05_2025,-8.85,0.76,-3.65,0.04,0.02,0.05
-10895,3.10,10497,1.48,573,2,36531,11_41_18_08_05_2025,-8.85,0.95,-4.04,0.00,0.01,0.00
-10666,3.08,7172,1.73,573,2,36567,11_41_18_08_05_2025,-8.90,0.68,-3.92,0.01,-0.01,0.00
-10919,3.10,2956,2.05,573,2,36604,11_41_18_08_05_2025,-8.88,0.78,-4.02,0.04,-0.02,-0.02
-11481,3.14,4539,1.93,573,2,36639,11_41_18_08_05_2025,-8.88,0.73,-3.96,0.00,-0.02,0.00
-11021,3.11,6038,1.82,573,2,36675,11_41_18_08_05_2025,-8.90,0.67,-3.95,-0.00,0.02,0.00
-11272,3.13,6416,1.79,573,2,36709,11_41_18_08_05_2025,-8.89,0.65,-3.81,0.01,-0.02,0.00
-10760,3.09,5154,1.88,573,2,36744,11_41_18_08_05_2025,-8.88,0.78,-4.03,-0.01,0.01,0.00
-9761,3.01,1480,2.16,573,2,36783,11_41_18_08_05_2025,-8.90,0.67,-3.87,0.01,-0.00,-0.00
-9364,2.98,548,2.23,573,2,36818,11_41_18_08_05_2025,-8.91,0.70,-4.12,-0.02,0.03,-0.00
-9794,3.01,-5467,2.69,574,2,36852,11_41_18_08_05_2025,-8.84,0.87,-3.82,-0.01,0.04,0.00
-9587,3.00,-10437,3.06,572,2,36887,11_41_18_08_05_2025,-8.90,0.50,-3.68,0.00,-0.02,-0.01
-9985,3.03,-12485,3.22,574,2,36922,11_41_18_08_05_2025,-8.90,0.68,-3.93,0.02,-0.01,-0.02
-10124,3.04,-14794,3.39,573,2,36958,11_41_18_08_05_2025,-8.91,0.65,-4.01,0.02,-0.01,-0.01
-9976,3.03,-20363,3.82,573,2,36996,11_41_18_08_05_2025,-8.86,0.77,-3.90,0.01,0.00,0.00
-9823,3.02,-25380,4.20,573,2,37031,11_41_18_08_05_2025,-8.87,0.77,-3.95,-0.01,-0.00,0.01
-9542,3.00,-31340,4.65,573,2,37065,11_41_18_08_05_2025,-8.87,0.76,-3.99,0.00,0.01,-0.00
-9454,2.99,-35721,4.98,573,2,37100,11_41_18_08_05_2025,-8.87,0.77,-3.94,0.01,-0.02,-0.00
-9547,3.00,-38371,5.18,573,2,37137,11_41_18_08_05_2025,-8.89,0.71,-4.02,-0.01,-0.00,0.01
-9803,3.02,-38311,5.18,573,2,37172,11_41_18_08_05_2025,-8.88,0.70,-3.88,0.01,-0.00,-0.01
-10085,3.04,-37861,5.14,572,2,37210,11_41_18_08_05_2025,-8.88,0.71,-3.99,0.01,-0.01,-0.00
-9820,3.02,-35041,4.93,573,2,37245,11_41_19_08_05_2025,-8.86,0.78,-3.92,0.01,-0.00,-0.00
-9987,3.03,-33928,4.84,573,2,37280,11_41_19_08_05_2025,-8.86,0.76,-3.92,-0.00,-0.00,0.00
-10327,3.06,-34891,4.92,573,2,37315,11_41_19_08_05_2025,-8.87,0.73,-3.95,0.01,-0.01,-0.00
-10151,3.04,-33036,4.78,573,2,37351,11_41_19_08_05_2025,-8.87,0.75,-3.93,0.01,-0.01,-0.00
-10231,3.05,-31737,4.68,572,2,37385,11_41_19_08_05_2025,-8.86,0.75,-3.91,0.01,-0.01,-0.00
-10307,3.05,-32585,4.74,573,2,37418,11_41_19_08_05_2025,-8.88,0.70,-3.92,0.01,-0.00,-0.00
-10209,3.05,-33971,4.85,573,2,37453,11_41_19_08_05_2025,-8.87,0.72,-3.93,0.01,-0.00,-0.00
-10428,3.06,-34997,4.92,573,2,37488,11_41_19_08_05_2025,-8.88,0.74,-3.96,0.00,0.00,0.00
-10165,3.04,-35517,4.96,573,2,37524,11_41_19_08_05_2025,-8.87,0.75,-3.96,0.00,0.00,0.00
-10404,3.06,-36955,5.07,573,2,37560,11_41_19_08_05_2025,-8.86,0.73,-3.91,0.01,-0.01,-0.01
-10250,3.05,-40555,5.35,574,2,37598,11_41_19_08_05_2025,-8.86,0.79,-3.93,0.00,-0.00,0.00
-10112,3.04,-43447,5.56,573,2,37632,11_41_19_08_05_2025,-8.86,0.76,-3.90,0.01,-0.00,-0.00
-10239,3.05,-44962,5.68,573,2,37667,11_41_19_08_05_2025,-8.87,0.76,-3.97,0.00,-0.00,0.00
-10246,3.05,-46990,5.83,573,2,37703,11_41_19_08_05_2025,-8.86,0.77,-3.94,0.00,-0.00,0.00
-10319,3.05,-47896,5.90,573,2,37738,11_41_19_08_05_2025,-8.86,0.77,-3.94,0.01,0.00,-0.00
-10344,3.06,-48303,5.93,573,2,37773,11_41_19_08_05_2025,-8.87,0.77,-3.95,-0.00,0.00,0.01
-10531,3.07,-48686,5.96,573,2,37810,11_41_19_08_05_2025,-8.87,0.74,-3.94,0.01,-0.01,-0.00
-10392,3.06,-47849,5.90,573,2,37845,11_41_19_08_05_2025,-8.87,0.76,-3.96,0.01,0.00,-0.00
-10504,3.07,-47127,5.84,574,2,37880,11_41_19_08_05_2025,-8.86,0.75,-3.90,0.01,-0.00,-0.00
-10635,3.08,-47033,5.84,573,2,37915,11_41_19_08_05_2025,-8.86,0.76,-3.87,0.01,-0.01,0.00
-10530,3.07,-45080,5.69,573,2,37951,11_41_19_08_05_2025,-8.86,0.77,-3.92,0.00,-0.00,0.00
-10608,3.08,-42019,5.46,573,2,37986,11_41_19_08_05_2025,-8.88,0.73,-3.97,0.01,-0.00,-0.00
-10372,3.06,-42952,5.53,573,2,38024,11_41_19_08_05_2025,-8.86,0.75,-3.92,0.01,-0.01,-0.01
-10372,3.06,-42272,5.48,573,2,38058,11_41_19_08_05_2025,-8.86,0.77,-3.93,-0.00,-0.00,0.00
-10354,3.06,-38627,5.20,573,2,38093,11_41_19_08_05_2025,-8.87,0.75,-3.99,0.01,-0.00,-0.00
-10249,3.05,-32219,4.71,573,2,38129,11_41_19_08_05_2025,-8.87,0.72,-3.93,0.01,-0.01,-0.00
-10543,3.07,-21647,3.91,573,2,38166,11_41_19_08_05_2025,-8.87,0.76,-3.96,0.01,-0.01,-0.00
-10495,3.07,-8425,2.91,573,2,38204,11_41_19_08_05_2025,-8.88,0.74,-3.93,0.01,-0.02,-0.01
-10253,3.05,-2306,2.45,573,2,38238,11_41_20_08_05_2025,-8.83,0.85,-3.82,0.01,-0.01,-0.01
-10648,3.08,-825,2.34,573,2,38274,11_41_20_08_05_2025,-8.90,0.67,-3.92,-0.01,-0.01,0.01
-10194,3.05,-1295,2.37,573,2,38310,11_41_20_08_05_2025,-8.89,0.77,-4.01,0.05,-0.02,-0.03
-9896,3.02,-1145,2.36,572,2,38345,11_41_20_08_05_2025,-8.87,0.80,-3.96,0.00,-0.01,0.01
-9421,2.99,-1145,2.36,573,2,38380,11_41_20_08_05_2025,-8.91,0.65,-3.97,0.00,0.00,0.00
-9569,3.00,-136,2.28,573,2,38417,11_41_20_08_05_2025,-8.89,0.73,-3.90,-0.01,0.01,0.00
-9589,3.00,201,2.26,572,2,38452,11_41_20_08_05_2025,-8.92,0.64,-3.96,0.01,0.00,-0.00
-9480,2.99,-650,2.32,573,2,38488,11_41_20_08_05_2025,-8.87,0.77,-3.91,0.01,0.00,0.00
-9704,3.01,-2750,2.48,574,2,38523,11_41_20_08_05_2025,-8.86,0.81,-3.91,-0.01,0.04,0.03
-9159,2.97,-2166,2.44,573,2,38558,11_41_20_08_05_2025,-8.83,0.91,-3.63,-0.01,-0.00,0.02
-9010,2.96,-287,2.29,573,2,38593,11_41_20_08_05_2025,-8.97,0.49,-4.05,0.00,0.03,-0.02
-10307,3.05,-197,2.29,573,2,38631,11_41_20_08_05_2025,-8.99,0.52,-4.58,0.00,0.10,-0.02
-10205,3.05,-1327,2.37,573,2,38666,11_41_20_08_05_2025,-8.90,0.56,-3.90,0.00,0.00,-0.00
-9998,3.03,-850,2.34,572,2,38702,11_41_20_08_05_2025,-8.91,0.57,-4.00,0.03,-0.02,-0.01
-10078,3.04,-569,2.32,573,2,38737,11_41_20_08_05_2025,-8.85,0.80,-4.04,0.03,-0.01,-0.02
-10168,3.04,-606,2.32,573,2,38772,11_41_20_08_05_2025,-8.87,0.68,-3.83,-0.01,0.00,0.01
-10007,3.03,-590,2.32,573,2,38806,11_41_20_08_05_2025,-8.87,0.71,-3.95,0.00,0.00,0.00
-10118,3.04,-423,2.30,573,2,38844,11_41_20_08_05_2025,-8.86,0.76,-4.00,0.00,0.00,0.00
-9918,3.02,-590,2.32,573,2,38880,11_41_20_08_05_2025,-8.87,0.70,-3.94,0.02,-0.01,-0.01
-10032,3.03,-564,2.32,573,2,38915,11_41_20_08_05_2025,-8.88,0.72,-3.95,0.00,-0.00,-0.00
-10008,3.03,-465,2.31,573,2,38950,11_41_20_08_05_2025,-8.86,0.73,-3.96,-0.01,0.01,0.01
-10081,3.04,-558,2.32,573,2,38984,11_41_20_08_05_2025,-8.87,0.73,-3.98,0.01,-0.00,-0.00
-10105,3.04,-427,2.31,573,2,39021,11_41_20_08_05_2025,-8.87,0.72,-3.97,0.01,-0.01,-0.01
-9937,3.03,-458,2.31,573,2,39058,11_41_20_08_05_2025,-8.87,0.71,-3.93,0.01,-0.00,-0.00
-10088,3.04,-650,2.32,573,2,39093,11_41_20_08_05_2025,-8.86,0.73,-3.97,-0.00,0.00,0.00
-9979,3.03,-465,2.31,574,2,39128,11_41_20_08_05_2025,-8.86,0.73,-3.97,0.00,-0.00,-0.00
-9922,3.02,-453,2.31,573,2,39162,11_41_20_08_05_2025,-8.87,0.72,-3.95,0.01,-0.01,-0.00
-9975,3.03,-214,2.29,573,2,39198,11_41_20_08_05_2025,-8.87,0.71,-3.95,0.00,-0.00,-0.00
-9857,3.02,-555,2.31,574,2,39237,11_41_21_08_05_2025,-8.87,0.72,-3.97,0.00,-0.00,0.00
-10091,3.04,-462,2.31,573,2,39273,11_41_21_08_05_2025,-8.87,0.72,-3.97,0.01,-0.01,-0.00
-9887,3.02,-455,2.31,574,2,39308,11_41_21_08_05_2025,-8.87,0.72,-3.95,0.01,-0.00,-0.00
-10186,3.04,-405,2.30,573,2,39342,11_41_21_08_05_2025,-8.87,0.72,-3.95,0.00,0.00,0.00
-9960,3.03,-459,2.31,573,2,39377,11_41_21_08_05_2025,-8.87,0.72,-3.97,0.00,-0.00,0.00
-10038,3.03,-285,2.29,573,2,39413,11_41_21_08_05_2025,-8.86,0.73,-3.97,0.01,-0.00,-0.00
-10016,3.03,-414,2.30,572,2,39451,11_41_21_08_05_2025,-8.86,0.72,-3.94,0.01,-0.00,-0.00
-9916,3.02,-409,2.30,573,2,39486,11_41_21_08_05_2025,-8.86,0.73,-3.95,0.00,-0.00,0.00
-9954,3.03,-383,2.30,572,2,39520,11_41_21_08_05_2025,-8.87,0.72,-3.96,0.00,-0.00,0.00
-10020,3.03,-322,2.30,574,2,39555,11_41_21_08_05_2025,-8.87,0.73,-3.96,0.01,-0.00,-0.00
-10102,3.04,-227,2.29,573,2,39590,11_41_21_08_05_2025,-8.86,0.72,-3.95,0.00,-0.00,0.00
-9878,3.02,-453,2.31,573,2,39625,11_41_21_08_05_2025,-8.86,0.72,-3.96,0.00,-0.00,0.00
-10008,3.03,-421,2.30,573,2,39663,11_41_21_08_05_2025,-8.87,0.73,-3.96,0.00,-0.00,-0.00
-9892,3.02,-417,2.30,573,2,39698,11_41_21_08_05_2025,-8.87,0.73,-3.97,0.01,-0.00,-0.00
-9960,3.03,-392,2.30,573,2,39733,11_41_21_08_05_2025,-8.87,0.73,-3.96,0.01,-0.00,-0.00
-9841,3.02,-217,2.29,573,2,39767,11_41_21_08_05_2025,-8.87,0.73,-3.96,0.00,-0.00,0.00
-9975,3.03,-310,2.30,574,2,39802,11_41_21_08_05_2025,-8.87,0.72,-3.96,0.01,-0.00,-0.00
-10023,3.03,-320,2.30,573,2,39838,11_41_21_08_05_2025,-8.87,0.73,-3.96,0.00,-0.00,-0.00
-9852,3.02,-261,2.29,573,2,39876,11_41_21_08_05_2025,-8.87,0.72,-3.97,0.01,-0.00,0.00
-9817,3.02,-374,2.30,573,2,39911,11_41_21_08_05_2025,-8.87,0.74,-3.96,0.00,-0.00,0.00
-9813,3.02,-375,2.30,573,2,39945,11_41_21_08_05_2025,-8.87,0.73,-3.96,0.00,-0.00,-0.00
-10212,3.05,-206,2.29,573,2,39980,11_41_21_08_05_2025,-8.87,0.73,-3.97,0.00,-0.00,-0.00
-9934,3.03,-56,2.28,572,2,40016,11_41_21_08_05_2025,-8.86,0.72,-3.96,0.00,-0.00,0.00
-9930,3.03,-132,2.28,572,2,40054,11_41_21_08_05_2025,-8.87,0.73,-3.96,0.01,-0.00,0.00
-9991,3.03,-370,2.30,573,2,40088,11_41_21_08_05_2025,-8.87,0.73,-3.96,0.01,-0.00,-0.00
-9997,3.03,-93,2.28,573,2,40123,11_41_21_08_05_2025,-8.86,0.72,-3.96,0.01,-0.00,-0.00
-9986,3.03,-559,2.32,573,2,40158,11_41_21_08_05_2025,-8.86,0.71,-3.96,0.00,-0.00,-0.00
-10015,3.03,-270,2.29,573,2,40194,11_41_21_08_05_2025,-8.86,0.73,-3.97,0.00,-0.00,0.00
-10036,3.03,-338,2.30,573,2,40231,11_41_22_08_05_2025,-8.87,0.72,-3.97,0.00,-0.00,-0.00
-9975,3.03,-126,2.28,573,2,40268,11_41_22_08_05_2025,-8.86,0.72,-3.96,0.00,-0.00,-0.00
-10000,3.03,-296,2.30,573,2,40303,11_41_22_08_05_2025,-8.87,0.72,-3.96,0.01,-0.00,0.00
-9725,3.01,-343,2.30,573,2,40337,11_41_22_08_05_2025,-8.87,0.72,-3.96,0.00,-0.00,-0.00
-10131,3.04,-107,2.28,573,2,40371,11_41_22_08_05_2025,-8.87,0.73,-3.97,0.00,-0.00,-0.00
-9864,3.02,-120,2.28,573,2,40407,11_41_22_08_05_2025,-8.87,0.72,-3.96,0.01,-0.00,-0.00
-9895,3.02,-197,2.29,572,2,40441,11_41_22_08_05_2025,-8.87,0.73,-3.97,0.00,-0.00,-0.00
-9977,3.03,-393,2.30,573,2,40486,11_41_22_08_05_2025,-8.86,0.71,-3.96,0.01,-0.00,0.00
-10031,3.03,-25,2.27,572,2,40523,11_41_22_08_05_2025,-8.87,0.72,-3.96,0.00,-0.00,0.00
-9974,3.03,-254,2.29,573,2,40565,11_41_22_08_05_2025,-8.87,0.73,-3.97,0.01,-0.00,-0.00
-9881,3.02,-144,2.28,573,2,40876,11_41_22_08_05_2025,-8.87,0.72,-3.97,0.00,-0.00,0.00
-10167,3.04,-124,2.28,573,2,40948,11_41_22_08_05_2025,-8.87,0.72,-3.95,0.00,-0.00,-0.00
-9849,3.02,-249,2.29,573,2,40985,11_41_22_08_05_2025,-8.87,0.72,-3.96,0.01,-0.00,-0.00
-9943,3.03,-88,2.28,573,2,41024,11_41_22_08_05_2025,-8.87,0.73,-3.96,0.01,-0.00,-0.00
-9979,3.03,-168,2.29,573,2,41061,11_41_22_08_05_2025,-8.87,0.72,-3.97,0.01,-0.00,-0.00
-9923,3.02,-445,2.31,573,2,41099,11_41_22_08_05_2025,-8.86,0.73,-3.96,0.01,-0.00,-0.00
-9876,3.02,-285,2.29,573,2,41135,11_41_22_08_05_2025,-8.86,0.72,-3.96,0.00,-0.00,-0.00
-10010,3.03,-278,2.29,573,2,41172,11_41_22_08_05_2025,-8.87,0.73,-3.96,0.00,-0.00,-0.00
-9903,3.02,-127,2.28,573,2,41209,11_41_22_08_05_2025,-8.87,0.72,-3.97,0.01,-0.00,-0.00
-9942,3.03,-119,2.28,573,2,41249,11_41_23_08_05_2025,-8.87,0.73,-3.96,0.01,-0.00,-0.00
-9954,3.03,-343,2.30,573,2,41286,11_41_23_08_05_2025,-8.86,0.72,-3.95,0.01,-0.00,0.00
-10007,3.03,-183,2.29,573,2,41323,11_41_23_08_05_2025,-8.86,0.72,-3.96,0.00,-0.00,0.00
-9916,3.02,-192,2.29,573,2,41360,11_41_23_08_05_2025,-8.86,0.72,-3.97,0.00,-0.00,-0.00
-9938,3.03,-331,2.30,573,2,41397,11_41_23_08_05_2025,-8.87,0.72,-3.96,0.00,-0.00,0.00
-9947,3.03,-276,2.29,572,2,41433,11_41_23_08_05_2025,-8.87,0.72,-3.96,0.01,-0.00,-0.00
-10012,3.03,-295,2.30,573,2,41473,11_41_23_08_05_2025,-8.86,0.73,-3.97,0.00,-0.00,-0.00
-9950,3.03,-215,2.29,573,2,41510,11_41_23_08_05_2025,-8.87,0.72,-3.97,0.01,-0.00,-0.00
-9818,3.02,-199,2.29,573,2,41547,11_41_23_08_05_2025,-8.86,0.72,-3.98,0.01,-0.00,-0.00
-9881,3.02,-404,2.30,573,2,41583,11_41_23_08_05_2025,-8.87,0.72,-3.97,0.00,-0.00,-0.00
-10026,3.03,-424,2.30,573,2,41621,11_41_23_08_05_2025,-8.87,0.72,-3.96,0.01,-0.00,-0.00
-10078,3.04,-260,2.29,573,2,41660,11_41_23_08_05_2025,-8.87,0.72,-3.97,0.01,-0.00,-0.00
-9901,3.02,-202,2.29,573,2,41697,11_41_23_08_05_2025,-8.86,0.73,-3.96,0.01,-0.00,0.00
-9813,3.02,-294,2.30,573,2,41733,11_41_23_08_05_2025,-8.86,0.72,-3.96,0.01,-0.00,-0.00
-9819,3.02,-223,2.29,573,2,41770,11_41_23_08_05_2025,-8.86,0.72,-3.96,0.00,-0.00,0.00
-9940,3.03,-133,2.28,574,2,41807,11_41_23_08_05_2025,-8.86,0.72,-3.98,0.01,-0.00,-0.00
-9835,3.02,-209,2.29,573,2,41844,11_41_23_08_05_2025,-8.87,0.72,-3.97,0.01,-0.00,0.00
-9904,3.02,-399,2.30,573,2,41883,11_41_23_08_05_2025,-8.87,0.72,-3.97,0.00,-0.00,-0.00
-9774,3.01,-386,2.30,573,2,41921,11_41_23_08_05_2025,-8.86,0.73,-3.97,0.01,-0.00,0.00
-10042,3.03,-416,2.30,573,2,41957,11_41_23_08_05_2025,-8.86,0.73,-3.97,0.01,-0.00,0.00
-9913,3.02,-190,2.29,573,2,41995,11_41_23_08_05_2025,-8.86,0.72,-3.96,0.00,-0.00,-0.00
-9944,3.03,-442,2.31,573,2,42032,11_41_23_08_05_2025,-8.87,0.72,-3.97,0.00,-0.00,-0.00
-10117,3.04,-185,2.29,573,2,42069,11_41_23_08_05_2025,-8.86,0.73,-3.96,0.01,-0.00,-0.00
-9941,3.03,-180,2.29,573,2,42108,11_41_23_08_05_2025,-8.86,0.73,-3.95,0.00,-0.00,-0.00
-9928,3.02,-382,2.30,572,2,42145,11_41_23_08_05_2025,-8.85,0.73,-3.96,0.00,-0.00,0.00
-9998,3.03,-330,2.30,573,2,42182,11_41_23_08_05_2025,-8.86,0.72,-3.96,0.00,-0.00,-0.00
-9885,3.02,-213,2.29,573,2,42218,11_41_24_08_05_2025,-8.86,0.73,-3.96,0.01,-0.00,-0.00
-9812,3.02,-236,2.29,573,2,42255,11_41_24_08_05_2025,-8.87,0.72,-3.97,0.00,-0.00,0.00
-9955,3.03,-311,2.30,573,2,42292,11_41_24_08_05_2025,-8.87,0.73,-3.95,0.00,-0.00,-0.00
-9830,3.02,-472,2.31,573,2,42331,11_41_24_08_05_2025,-8.86,0.73,-3.97,0.00,-0.00,0.00
-9812,3.02,-331,2.30,571,2,42368,11_41_24_08_05_2025,-8.86,0.72,-3.96,0.00,-0.00,-0.00
-9957,3.03,-492,2.31,573,2,42405,11_41_24_08_05_2025,-8.86,0.73,-3.97,0.00,-0.00,0.00
-9877,3.02,-265,2.29,573,2,42441,11_41_24_08_05_2025,-8.87,0.72,-3.97,0.00,-0.00,-0.00
-9967,3.03,-469,2.31,573,2,42478,11_41_24_08_05_2025,-8.87,0.72,-3.97,0.01,-0.00,-0.00
-9859,3.02,-225,2.29,572,2,42514,11_41_24_08_05_2025,-8.87,0.72,-3.96,0.01,-0.00,0.00
-9893,3.02,-249,2.29,574,2,42554,11_41_24_08_05_2025,-8.87,0.73,-3.97,0.00,-0.00,0.00
-10021,3.03,-335,2.30,573,2,42590,11_41_24_08_05_2025,-8.86,0.73,-3.97,0.00,-0.00,-0.00
-9767,3.01,-494,2.31,572,2,42627,11_41_24_08_05_2025,-8.86,0.72,-3.97,0.01,-0.00,0.00
-10047,3.03,-497,2.31,573,2,42664,11_41_24_08_05_2025,-8.87,0.72,-3.96,0.01,-0.00,-0.00
-9950,3.03,-372,2.30,572,2,42700,11_41_24_08_05_2025,-8.86,0.72,-3.97,0.00,-0.00,-0.00
-9811,3.02,-566,2.32,572,2,42737,11_41_24_08_05_2025,-8.87,0.72,-3.96,0.00,-0.00,0.00
-9796,3.01,-391,2.30,573,2,42777,11_41_24_08_05_2025,-8.87,0.73,-3.96,0.01,-0.00,0.00
-9885,3.02,-480,2.31,574,2,42813,11_41_24_08_05_2025,-8.86,0.72,-3.96,0.01,-0.00,0.00
-9921,3.02,-358,2.30,573,2,42850,11_41_24_08_05_2025,-8.86,0.73,-3.97,0.00,-0.00,-0.00
-9770,3.01,-444,2.31,573,2,42887,11_41_24_08_05_2025,-8.86,0.72,-3.97,0.00,-0.00,0.00
-9922,3.02,-531,2.31,573,2,42924,11_41_24_08_05_2025,-8.87,0.73,-3.97,0.01,-0.00,-0.00
-10061,3.03,-474,2.31,573,2,42964,11_41_24_08_05_2025,-8.87,0.72,-3.96,0.00,-0.00,-0.00
-9886,3.02,-430,2.31,573,2,43000,11_41_24_08_05_2025,-8.87,0.72,-3.96,0.00,-0.00,0.00
-9856,3.02,-446,2.31,573,2,43037,11_41_24_08_05_2025,-8.86,0.72,-3.97,0.01,-0.00,-0.00
-9824,3.02,-571,2.32,572,2,43075,11_41_24_08_05_2025,-8.87,0.72,-3.96,0.01,-0.00,-0.00
-10093,3.04,-387,2.30,574,2,43112,11_41_24_08_05_2025,-8.86,0.72,-3.97,0.00,-0.00,-0.00
-9960,3.03,-805,2.33,572,2,43148,11_41_24_08_05_2025,-8.85,0.72,-3.96,0.01,-0.00,0.00
-9812,3.02,-728,2.33,572,2,43188,11_41_24_08_05_2025,-8.86,0.72,-3.97,0.00,-0.00,-0.00
-9798,3.02,-612,2.32,572,2,43225,11_41_25_08_05_2025,-8.86,0.72,-3.97,0.01,-0.00,0.00
-9949,3.03,-697,2.33,572,2,43261,11_41_25_08_05_2025,-8.87,0.73,-3.96,0.00,-0.00,-0.00
-9759,3.01,-273,2.29,573,2,43298,11_41_25_08_05_2025,-8.87,0.69,-3.97,0.01,-0.00,0.00
-10003,3.03,-485,2.31,573,2,43335,11_41_25_08_05_2025,-8.85,0.69,-3.81,0.00,-0.01,0.01
-9742,3.01,-731,2.33,572,2,43371,11_41_25_08_05_2025,-8.91,0.29,-3.55,-0.04,0.04,0.03
-9266,2.97,-323,2.30,572,2,43411,11_41_25_08_05_2025,-8.72,1.12,-3.78,0.08,0.06,0.09
-9652,3.00,-326,2.30,573,2,43448,11_41_25_08_05_2025,-8.81,0.84,-3.95,-0.08,0.14,0.06
-9820,3.02,-158,2.28,573,2,43484,11_41_25_08_05_2025,-8.95,0.80,-5.01,-0.19,0.24,0.14
-9981,3.03,-268,2.29,573,2,43522,11_41_25_08_05_2025,-8.76,1.06,-4.24,0.07,-0.12,-0.03
-9775,3.01,-609,2.32,573,2,43558,11_41_25_08_05_2025,-8.79,0.86,-3.95,-0.13,0.06,0.03
-9154,2.97,-863,2.34,573,2,43595,11_41_25_08_05_2025,-8.68,0.91,-3.57,-0.22,0.02,-0.03
-8936,2.95,-576,2.32,572,2,43634,11_41_25_08_05_2025,-8.84,0.67,-4.09,-0.00,-0.05,0.15
-9840,3.02,-641,2.32,573,2,43671,11_41_25_08_05_2025,-8.79,0.84,-4.05,0.07,0.03,-0.05
-9214,2.97,-517,2.31,573,2,43708,11_41_25_08_05_2025,-8.79,1.04,-4.42,-0.03,0.00,0.02
-9392,2.98,-579,2.32,572,2,43744,11_41_25_08_05_2025,-8.78,0.82,-4.18,0.01,0.02,-0.01
-9550,3.00,-544,2.31,573,2,43781,11_41_25_08_05_2025,-8.68,1.42,-4.18,-0.02,-0.06,-0.02
-9524,2.99,-854,2.34,573,2,43817,11_41_25_08_05_2025,-11.67,4.79,-6.04,0.50,0.35,-0.57
-9432,2.99,-775,2.33,573,2,43858,11_41_25_08_05_2025,-7.88,1.78,-3.70,0.67,-0.22,0.44
-9383,2.98,-612,2.32,572,2,43894,11_41_25_08_05_2025,-11.78,-0.05,-3.98,0.06,0.37,-0.21
-9456,2.99,-522,2.31,572,2,43932,11_41_25_08_05_2025,-9.52,-0.73,-4.76,0.29,-0.21,-2.52
-9520,2.99,-692,2.33,573,2,43969,11_41_25_08_05_2025,-9.91,0.08,-4.41,-0.10,2.19,-1.10
-9328,2.98,-373,2.30,573,2,44005,11_41_25_08_05_2025,-8.75,-2.14,-5.20,0.46,1.21,-0.56
-9288,2.98,-682,2.32,572,2,44043,11_41_25_08_05_2025,-7.47,-1.70,-5.96,3.14,1.06,-0.40
-9312,2.98,-678,2.32,572,2,44082,11_41_25_08_05_2025,-7.69,-0.91,-6.22,2.34,1.07,-0.36
-9258,2.97,-678,2.32,573,2,44119,11_41_25_08_05_2025,-6.71,-2.74,-4.00,0.62,0.28,0.07
-9354,2.98,-669,2.32,573,2,44156,11_41_25_08_05_2025,-6.65,-2.24,-6.69,1.01,0.84,-0.14
-9663,3.00,-921,2.34,572,2,44193,11_41_25_08_05_2025,-6.95,-2.06,-5.95,1.17,0.47,-0.07
-9584,3.00,-644,2.32,573,2,44230,11_41_26_08_05_2025,-6.90,-2.94,-4.62,0.43,-0.03,-0.08
-9353,2.98,-736,2.33,573,2,44269,11_41_26_08_05_2025,-6.76,-2.73,-6.26,0.17,-0.02,-0.05
-9364,2.98,-669,2.32,574,2,44307,11_41_26_08_05_2025,-6.91,-3.11,-6.12,0.49,0.08,0.15
-9542,3.00,-877,2.34,573,2,44343,11_41_26_08_05_2025,-7.01,-3.25,-5.41,0.61,-0.14,0.15
-9466,2.99,-761,2.33,573,2,44380,11_41_26_08_05_2025,-6.88,-3.36,-5.49,0.76,-0.26,0.25
-9715,3.01,-618,2.32,572,2,44417,11_41_26_08_05_2025,-7.06,-3.69,-5.37,0.26,-0.19,0.11
-9402,2.98,-863,2.34,574,2,44453,11_41_26_08_05_2025,-7.21,-3.44,-5.48,-0.06,-0.21,0.05
-9509,2.99,-903,2.34,573,2,44492,11_41_26_08_05_2025,-7.35,-3.56,-5.13,-0.03,0.01,0.12
-9372,2.98,-727,2.33,573,2,44530,11_41_26_08_05_2025,-7.07,-3.19,-5.24,-0.22,-0.02,0.13
-9522,2.99,-790,2.33,572,2,44566,11_41_26_08_05_2025,-7.13,-3.95,-5.58,-0.15,0.27,0.21
-9551,3.00,-892,2.34,573,2,44603,11_41_26_08_05_2025,-7.24,-2.91,-5.87,0.25,0.49,0.14
