-10873,3.10,0,2.27,643,2.07,1411,15_47_43_23_06_2025,1.21,6.06,7.58,0.13,-1.35,0.68
-10736,3.09,928,2.20,641,2.07,1505,15_47_43_23_06_2025,1.19,6.07,7.56,0.01,-0.00,0.00
-10635,3.08,855,2.21,644,2.08,1525,15_47_43_23_06_2025,1.19,6.06,7.56,0.00,-0.00,-0.00
-10755,3.09,753,2.22,643,2.07,1545,15_47_43_23_06_2025,1.19,6.06,7.56,0.00,-0.00,-0.00
-10822,3.09,856,2.21,643,2.07,1565,15_47_43_23_06_2025,1.20,6.06,7.56,0.01,-0.00,0.00
-10797,3.09,818,2.21,642,2.07,1585,15_47_43_23_06_2025,1.20,6.06,7.56,0.01,-0.00,0.00
-10639,3.08,725,2.22,643,2.07,1608,15_47_43_23_06_2025,1.20,6.06,7.56,0.01,-0.00,0.00
-10809,3.09,903,2.20,643,2.07,1631,15_47_43_23_06_2025,1.20,6.06,7.56,0.00,-0.00,0.00
-10808,3.09,760,2.22,644,2.08,1651,15_47_44_23_06_2025,1.20,6.07,7.56,0.01,-0.01,-0.00
-10708,3.08,923,2.20,643,2.07,1671,15_47_44_23_06_2025,1.19,6.07,7.56,0.01,-0.00,-0.00
-10811,3.09,929,2.20,643,2.07,1691,15_47_44_23_06_2025,1.19,6.07,7.56,0.01,-0.00,0.00
-10934,3.10,964,2.20,643,2.07,1711,15_47_44_23_06_2025,1.19,6.06,7.55,0.01,-0.00,-0.00
-10845,3.09,756,2.22,644,2.08,1734,15_47_44_23_06_2025,1.20,6.07,7.56,0.00,-0.00,0.00
-10699,3.08,950,2.20,643,2.07,1754,15_47_44_23_06_2025,1.20,6.07,7.56,0.00,-0.00,0.00
-10758,3.09,863,2.21,643,2.07,1774,15_47_44_23_06_2025,1.20,6.06,7.56,0.00,-0.00,0.00
-10717,3.08,922,2.20,643,2.07,1794,15_47_44_23_06_2025,1.20,6.07,7.56,0.00,-0.00,-0.00
-10769,3.09,1012,2.20,643,2.07,1814,15_47_44_23_06_2025,1.20,6.06,7.56,0.00,-0.00,0.00
-10824,3.09,904,2.20,643,2.07,1834,15_47_44_23_06_2025,1.20,6.06,7.57,0.00,-0.00,-0.00
-10804,3.09,916,2.20,644,2.08,1857,15_47_44_23_06_2025,1.20,6.07,7.56,0.00,-0.00,-0.00
-10708,3.08,942,2.20,643,2.07,1880,15_47_44_23_06_2025,1.20,6.06,7.56,0.01,-0.00,0.00
-10795,3.09,984,2.20,643,2.07,1900,15_47_44_23_06_2025,1.20,6.06,7.56,0.00,-0.00,0.00
-10829,3.09,1023,2.20,643,2.07,1922,15_47_44_23_06_2025,1.19,6.06,7.57,0.01,-0.00,0.00
-10775,3.09,935,2.20,644,2.08,1942,15_47_44_23_06_2025,1.20,6.06,7.57,0.00,-0.00,-0.00
-10754,3.09,695,2.22,642,2.07,1962,15_47_44_23_06_2025,1.21,6.07,7.56,0.01,-0.00,0.00
-10735,3.09,987,2.20,643,2.07,1988,15_47_44_23_06_2025,1.19,6.07,7.56,0.00,-0.00,-0.00
-10905,3.10,1148,2.19,644,2.08,2011,15_47_44_23_06_2025,1.19,6.06,7.56,0.01,-0.00,0.00
-11026,3.11,997,2.20,643,2.07,2031,15_47_44_23_06_2025,1.20,6.06,7.57,0.00,-0.00,0.00
-11017,3.11,1030,2.19,643,2.07,2051,15_47_44_23_06_2025,1.19,6.06,7.57,0.01,-0.00,0.00
-10811,3.09,899,2.20,643,2.07,2071,15_47_44_23_06_2025,1.19,6.08,7.56,0.01,-0.00,-0.00
-10790,3.09,899,2.20,643,2.07,2091,15_47_44_23_06_2025,1.20,6.07,7.56,0.01,-0.00,0.00
-10762,3.09,904,2.20,644,2.08,2114,15_47_44_23_06_2025,1.19,6.07,7.56,0.01,-0.00,-0.00
-10676,3.08,832,2.21,643,2.07,2134,15_47_44_23_06_2025,1.19,6.07,7.56,0.00,-0.00,0.00
-10720,3.08,946,2.20,643,2.07,2154,15_47_44_23_06_2025,1.20,6.06,7.57,0.01,-0.00,0.00
-10699,3.08,1013,2.20,644,2.08,2174,15_47_44_23_06_2025,1.20,6.07,7.56,0.00,-0.00,0.00
-10756,3.09,1031,2.19,643,2.07,2194,15_47_44_23_06_2025,1.20,6.07,7.56,0.01,-0.00,-0.00
-10897,3.10,1002,2.20,643,2.07,2214,15_47_44_23_06_2025,1.20,6.07,7.56,0.00,-0.00,-0.00
-10936,3.10,996,2.20,643,2.07,2237,15_47_44_23_06_2025,1.20,6.06,7.56,0.00,-0.00,-0.00
-10745,3.09,1233,2.18,643,2.07,2260,15_47_44_23_06_2025,1.20,6.06,7.57,0.00,-0.00,0.00
-10763,3.09,963,2.20,643,2.07,2281,15_47_44_23_06_2025,1.20,6.07,7.56,0.01,-0.00,0.00
-10604,3.08,970,2.20,643,2.07,2301,15_47_44_23_06_2025,1.20,6.06,7.57,0.01,-0.00,-0.00
-10800,3.09,1000,2.20,643,2.07,2321,15_47_44_23_06_2025,1.20,6.07,7.57,0.01,-0.00,-0.00
-10772,3.09,947,2.20,643,2.07,2344,15_47_44_23_06_2025,1.19,6.07,7.57,0.01,-0.01,0.00
-10662,3.08,1007,2.20,644,2.08,2363,15_47_44_23_06_2025,1.19,6.07,7.57,0.01,-0.00,0.00
-10893,3.10,1058,2.19,644,2.08,2383,15_47_44_23_06_2025,1.19,6.06,7.57,0.00,-0.00,-0.00
-10677,3.08,1112,2.19,643,2.07,2404,15_47_44_23_06_2025,1.20,6.07,7.57,0.01,-0.00,-0.00
-10726,3.09,1150,2.19,643,2.07,2424,15_47_44_23_06_2025,1.19,6.07,7.58,0.01,-0.00,0.00
-10659,3.08,829,2.21,643,2.07,2444,15_47_44_23_06_2025,1.19,6.06,7.57,0.00,-0.00,-0.00
-10894,3.10,902,2.20,643,2.07,2466,15_47_44_23_06_2025,1.20,6.07,7.57,0.01,-0.00,0.00
-10802,3.09,1030,2.19,644,2.08,2486,15_47_44_23_06_2025,1.19,6.06,7.57,0.01,-0.00,0.00
-10795,3.09,1092,2.19,643,2.07,2506,15_47_44_23_06_2025,1.19,6.06,7.57,0.01,-0.01,-0.00
-10684,3.08,1107,2.19,643,2.07,2528,15_47_44_23_06_2025,1.20,6.07,7.56,0.00,-0.00,-0.00
-10707,3.08,1150,2.19,643,2.07,2548,15_47_44_23_06_2025,1.19,6.06,7.57,0.01,-0.00,-0.00
-10865,3.10,975,2.20,643,2.07,2568,15_47_44_23_06_2025,1.19,6.06,7.58,0.00,-0.00,0.00
-10652,3.08,1184,2.18,643,2.07,2591,15_47_44_23_06_2025,1.20,6.07,7.57,0.00,-0.00,-0.00
-10559,3.07,1085,2.19,643,2.07,2611,15_47_44_23_06_2025,1.20,6.06,7.58,0.00,-0.00,-0.00
-10675,3.08,980,2.20,643,2.07,2631,15_47_44_23_06_2025,1.20,6.07,7.57,0.01,-0.00,-0.00
-10726,3.09,901,2.20,643,2.07,2651,15_47_45_23_06_2025,1.19,6.06,7.58,0.00,-0.00,-0.00
-10653,3.08,872,2.21,642,2.07,2674,15_47_45_23_06_2025,1.21,6.07,7.57,0.01,-0.00,-0.00
-10849,3.09,891,2.21,643,2.07,2694,15_47_45_23_06_2025,1.19,6.06,7.57,0.01,-0.00,0.00
-10485,3.07,1002,2.20,643,2.07,2717,15_47_45_23_06_2025,1.19,6.07,7.57,0.01,-0.00,0.00
-10754,3.09,987,2.20,643,2.07,2740,15_47_45_23_06_2025,1.19,6.06,7.58,0.01,-0.00,-0.00
-10683,3.08,1061,2.19,643,2.07,2760,15_47_45_23_06_2025,1.20,6.06,7.58,0.01,-0.00,-0.00
-10555,3.07,1147,2.19,643,2.07,2781,15_47_45_23_06_2025,1.19,6.07,7.57,0.00,-0.00,-0.00
-10708,3.08,753,2.22,641,2.07,2801,15_47_45_23_06_2025,1.20,6.07,7.58,0.01,-0.00,-0.00
-10772,3.09,941,2.20,643,2.07,2821,15_47_45_23_06_2025,1.19,6.07,7.56,0.01,-0.00,-0.00
-11015,3.11,1005,2.20,642,2.07,2844,15_47_45_23_06_2025,1.19,6.06,7.58,0.01,-0.00,0.00
-10701,3.08,952,2.20,643,2.07,2864,15_47_45_23_06_2025,1.20,6.07,7.57,0.01,-0.00,0.00
-10738,3.09,1034,2.19,643,2.07,2884,15_47_45_23_06_2025,1.20,6.06,7.57,0.01,-0.00,0.00
-10782,3.09,995,2.20,643,2.07,2904,15_47_45_23_06_2025,1.19,6.06,7.57,0.01,-0.00,0.00
-10599,3.08,1118,2.19,644,2.08,2924,15_47_45_23_06_2025,1.19,6.07,7.57,0.01,-0.00,-0.00
-10648,3.08,907,2.20,643,2.07,2947,15_47_45_23_06_2025,1.20,6.06,7.57,0.00,-0.00,0.00
-10763,3.09,984,2.20,643,2.07,2970,15_47_45_23_06_2025,1.19,6.06,7.58,0.01,-0.00,-0.00
-10849,3.09,1148,2.19,644,2.08,2990,15_47_45_23_06_2025,1.20,6.07,7.57,0.00,-0.00,-0.00
-10841,3.09,1009,2.20,643,2.07,3010,15_47_45_23_06_2025,1.20,6.07,7.57,0.01,-0.00,-0.00
-10811,3.09,1090,2.19,641,2.07,3030,15_47_45_23_06_2025,1.20,6.06,7.57,0.01,-0.00,0.00
-10893,3.10,1058,2.19,643,2.07,3050,15_47_45_23_06_2025,1.21,6.06,7.57,0.00,-0.00,0.00
-10730,3.09,953,2.20,642,2.07,3073,15_47_45_23_06_2025,1.20,6.06,7.57,0.01,-0.00,-0.00
-10688,3.08,1249,2.18,643,2.07,3093,15_47_45_23_06_2025,1.19,6.06,7.57,0.01,-0.00,0.00
-10775,3.09,990,2.20,643,2.07,3113,15_47_45_23_06_2025,1.19,6.07,7.57,0.01,-0.00,-0.00
-10714,3.08,968,2.20,643,2.07,3134,15_47_45_23_06_2025,1.19,6.07,7.56,0.00,-0.00,-0.00
-10686,3.08,924,2.20,643,2.07,3155,15_47_45_23_06_2025,1.20,6.07,7.58,0.01,-0.00,-0.00
-10742,3.09,1166,2.18,643,2.07,3175,15_47_45_23_06_2025,1.20,6.07,7.57,0.01,-0.00,-0.00
-10977,3.10,968,2.20,643,2.07,3198,15_47_45_23_06_2025,1.20,6.07,7.58,0.00,-0.00,-0.00
-10784,3.09,1100,2.19,643,2.07,3218,15_47_45_23_06_2025,1.20,6.07,7.58,0.00,-0.00,-0.00
-10837,3.09,1079,2.19,643,2.07,3238,15_47_45_23_06_2025,1.19,6.07,7.57,0.01,-0.00,0.00
-10801,3.09,1125,2.19,643,2.07,3258,15_47_45_23_06_2025,1.20,6.06,7.57,0.00,-0.00,-0.00
-10846,3.09,1080,2.19,643,2.07,3279,15_47_45_23_06_2025,1.19,6.06,7.57,0.00,-0.00,-0.00
-10692,3.08,1109,2.19,643,2.07,3299,15_47_45_23_06_2025,1.20,6.07,7.58,0.01,-0.00,-0.00
-11056,3.11,1049,2.19,643,2.07,3322,15_47_45_23_06_2025,1.19,6.07,7.56,0.01,-0.00,-0.00
-10805,3.09,1025,2.20,641,2.07,3345,15_47_45_23_06_2025,1.19,6.06,7.57,0.01,-0.00,0.00
-10824,3.09,1055,2.19,643,2.07,3364,15_47_45_23_06_2025,1.20,6.08,7.58,0.00,-0.00,0.00
-10744,3.09,1004,2.20,643,2.07,3384,15_47_45_23_06_2025,1.20,6.06,7.57,0.00,-0.00,-0.00
-10973,3.10,1012,2.20,643,2.07,3404,15_47_45_23_06_2025,1.21,6.08,7.57,0.00,-0.00,0.00
-10810,3.09,951,2.20,643,2.07,3424,15_47_45_23_06_2025,1.19,6.07,7.58,0.00,-0.00,-0.00
-10816,3.09,1154,2.19,643,2.07,3447,15_47_45_23_06_2025,1.19,6.07,7.58,0.01,-0.00,0.00
-10528,3.07,919,2.20,643,2.07,3470,15_47_45_23_06_2025,1.19,6.07,7.57,0.01,-0.00,0.00
-10425,3.06,1013,2.20,643,2.07,3490,15_47_45_23_06_2025,1.20,6.08,7.58,0.00,-0.00,0.00
-10757,3.09,1010,2.20,643,2.07,3510,15_47_45_23_06_2025,1.19,6.06,7.57,0.01,-0.00,-0.00
-10885,3.10,1037,2.19,643,2.07,3530,15_47_45_23_06_2025,1.19,6.07,7.57,0.01,-0.00,-0.00
-10652,3.08,1270,2.18,643,2.07,3553,15_47_45_23_06_2025,1.19,6.07,7.58,0.00,-0.00,-0.00
-10768,3.09,1043,2.19,643,2.07,3576,15_47_45_23_06_2025,1.20,6.07,7.57,0.01,-0.00,0.00
-10617,3.08,1255,2.18,643,2.07,3596,15_47_45_23_06_2025,1.19,6.07,7.58,0.01,-0.00,-0.00
-10688,3.08,1067,2.19,643,2.07,3616,15_47_45_23_06_2025,1.19,6.07,7.57,0.01,-0.00,-0.00
-10711,3.08,1151,2.19,643,2.07,3636,15_47_45_23_06_2025,1.19,6.07,7.58,0.01,-0.00,-0.00
-10699,3.08,1247,2.18,643,2.07,3657,15_47_46_23_06_2025,1.20,6.07,7.57,0.01,-0.00,0.00
-10969,3.10,1061,2.19,643,2.07,3679,15_47_46_23_06_2025,1.20,6.06,7.58,0.01,-0.00,0.00
-10659,3.08,1114,2.19,643,2.07,3700,15_47_46_23_06_2025,1.20,6.07,7.58,0.00,-0.00,-0.00
-10671,3.08,1054,2.19,643,2.07,3720,15_47_46_23_06_2025,1.19,6.07,7.57,0.01,-0.00,0.00
-10690,3.08,1067,2.19,643,2.07,3741,15_47_46_23_06_2025,1.20,6.07,7.57,0.00,-0.00,-0.00
-11040,3.11,1072,2.19,643,2.07,3761,15_47_46_23_06_2025,1.19,6.06,7.58,0.00,-0.00,-0.00
-10821,3.09,1161,2.18,643,2.07,3781,15_47_46_23_06_2025,1.20,6.06,7.59,0.01,-0.00,0.00
-10799,3.09,1091,2.19,643,2.07,3804,15_47_46_23_06_2025,1.20,6.07,7.58,0.01,-0.00,-0.00
-10815,3.09,1140,2.19,641,2.07,3824,15_47_46_23_06_2025,1.19,6.06,7.58,0.00,-0.00,-0.00
-10853,3.09,1215,2.18,643,2.07,3845,15_47_46_23_06_2025,1.20,6.06,7.57,0.00,-0.00,0.00
-10825,3.09,992,2.20,643,2.07,3865,15_47_46_23_06_2025,1.20,6.06,7.58,0.01,-0.00,-0.00
-10717,3.08,1278,2.18,642,2.07,3885,15_47_46_23_06_2025,1.20,6.06,7.58,0.00,-0.00,-0.00
-10639,3.08,1049,2.19,643,2.07,3905,15_47_46_23_06_2025,1.19,6.06,7.58,0.01,-0.00,0.00
-10589,3.07,1049,2.19,643,2.07,3928,15_47_46_23_06_2025,1.20,6.07,7.58,0.01,-0.00,-0.00
-10758,3.09,1133,2.19,643,2.07,3948,15_47_46_23_06_2025,1.19,6.07,7.57,0.01,-0.00,-0.00
-10641,3.08,872,2.21,643,2.07,3968,15_47_46_23_06_2025,1.19,6.07,7.58,0.01,-0.00,0.00
-10784,3.09,1135,2.19,643,2.07,3988,15_47_46_23_06_2025,1.19,6.06,7.58,0.01,-0.00,-0.00
-10763,3.09,1152,2.19,643,2.07,4008,15_47_46_23_06_2025,1.18,6.07,7.57,0.00,-0.00,-0.00
-10446,3.06,1125,2.19,643,2.07,4029,15_47_46_23_06_2025,1.20,6.07,7.58,0.00,-0.01,0.00
-10694,3.08,1025,2.20,643,2.07,4051,15_47_46_23_06_2025,1.20,6.08,7.57,0.01,-0.00,0.00
-10841,3.09,1075,2.19,643,2.07,4071,15_47_46_23_06_2025,1.20,6.06,7.58,0.01,-0.00,0.00
-10662,3.08,1234,2.18,643,2.07,4094,15_47_46_23_06_2025,1.20,6.06,7.58,0.01,-0.00,0.00
-10925,3.10,1052,2.19,643,2.07,4114,15_47_46_23_06_2025,1.19,6.07,7.58,0.00,-0.00,0.00
-10529,3.07,955,2.20,643,2.07,4135,15_47_46_23_06_2025,1.20,6.07,7.58,0.01,-0.00,-0.00
-10615,3.08,996,2.20,643,2.07,4158,15_47_46_23_06_2025,1.20,6.07,7.57,0.00,-0.01,-0.00
-10645,3.08,1091,2.19,643,2.07,4178,15_47_46_23_06_2025,1.20,6.07,7.57,0.01,-0.00,0.00
-10584,3.07,1009,2.20,643,2.07,4198,15_47_46_23_06_2025,1.20,6.07,7.58,0.01,-0.00,-0.00
-10595,3.08,957,2.20,643,2.07,4218,15_47_46_23_06_2025,1.20,6.08,7.58,0.01,-0.00,0.00
-10698,3.08,1075,2.19,643,2.07,4238,15_47_46_23_06_2025,1.20,6.06,7.56,0.01,-0.00,0.00
-10815,3.09,1025,2.20,644,2.08,4258,15_47_46_23_06_2025,1.20,6.07,7.58,0.00,-0.00,0.00
-10806,3.09,1076,2.19,644,2.08,4281,15_47_46_23_06_2025,1.20,6.06,7.58,0.00,-0.00,-0.00
-10816,3.09,1031,2.19,643,2.07,4304,15_47_46_23_06_2025,1.19,6.06,7.57,0.01,-0.00,-0.00
-10782,3.09,1218,2.18,643,2.07,4325,15_47_46_23_06_2025,1.20,6.06,7.57,0.00,-0.00,-0.00
-10762,3.09,1010,2.20,642,2.07,4345,15_47_46_23_06_2025,1.20,6.06,7.57,0.00,-0.00,0.00
-10791,3.09,1324,2.17,643,2.07,4365,15_47_46_23_06_2025,1.20,6.06,7.58,0.01,-0.00,-0.00
-10705,3.08,1033,2.19,641,2.07,4385,15_47_46_23_06_2025,1.19,6.07,7.59,0.01,-0.00,-0.00
-10685,3.08,1232,2.18,641,2.07,4408,15_47_46_23_06_2025,1.20,6.07,7.59,0.01,-0.00,0.00
-10796,3.09,1031,2.19,643,2.07,4428,15_47_46_23_06_2025,1.20,6.06,7.58,0.01,-0.00,-0.00
-10900,3.10,997,2.20,644,2.08,4448,15_47_46_23_06_2025,1.20,6.06,7.57,0.00,-0.00,-0.00
-10733,3.09,1128,2.19,641,2.07,4468,15_47_46_23_06_2025,1.19,6.07,7.58,0.01,-0.00,0.00
-10653,3.08,1173,2.18,643,2.07,4488,15_47_46_23_06_2025,1.20,6.07,7.57,0.01,-0.00,-0.00
-10644,3.08,1320,2.17,643,2.07,4508,15_47_46_23_06_2025,1.19,6.07,7.57,0.00,-0.00,-0.00
-10686,3.08,1041,2.19,643,2.07,4531,15_47_46_23_06_2025,1.20,6.06,7.57,0.00,-0.00,0.00
-10707,3.08,1111,2.19,643,2.07,4554,15_47_46_23_06_2025,1.20,6.06,7.57,0.01,-0.00,-0.00
-10619,3.08,1194,2.18,642,2.07,4574,15_47_46_23_06_2025,1.20,6.06,7.57,0.01,-0.00,-0.00
-10757,3.09,1083,2.19,644,2.08,4594,15_47_46_23_06_2025,1.20,6.07,7.58,0.01,-0.00,-0.00
-10933,3.10,1003,2.20,643,2.07,4614,15_47_46_23_06_2025,1.20,6.06,7.58,0.01,-0.00,-0.00
-10740,3.09,1019,2.20,641,2.07,4635,15_47_46_23_06_2025,1.20,6.07,7.57,0.01,-0.00,-0.00
-10751,3.09,1076,2.19,643,2.07,4658,15_47_47_23_06_2025,1.19,6.06,7.57,0.01,-0.00,0.00
-10840,3.09,1063,2.19,643,2.07,4678,15_47_47_23_06_2025,1.20,6.07,7.57,0.01,-0.00,0.00
-10735,3.09,1031,2.19,643,2.07,4698,15_47_47_23_06_2025,1.19,6.06,7.58,0.01,-0.00,0.00
-10704,3.08,1091,2.19,643,2.07,4718,15_47_47_23_06_2025,1.20,6.06,7.57,0.01,-0.00,0.00
-10680,3.08,1193,2.18,641,2.07,4738,15_47_47_23_06_2025,1.19,6.06,7.58,0.01,-0.00,-0.00
-10720,3.08,1105,2.19,643,2.07,4761,15_47_47_23_06_2025,1.20,6.06,7.57,0.00,-0.00,0.00
-10674,3.08,1244,2.18,644,2.08,4784,15_47_47_23_06_2025,1.20,6.07,7.58,0.00,-0.00,-0.00
-10661,3.08,1175,2.18,643,2.07,4804,15_47_47_23_06_2025,1.20,6.07,7.57,0.01,-0.00,-0.00
-10507,3.07,1028,2.19,643,2.07,4824,15_47_47_23_06_2025,1.20,6.06,7.58,0.00,-0.00,-0.00
-10513,3.07,1007,2.20,643,2.07,4844,15_47_47_23_06_2025,1.19,6.07,7.58,0.01,-0.01,-0.00
-10754,3.09,1074,2.19,643,2.07,4865,15_47_47_23_06_2025,1.20,6.07,7.58,0.01,-0.00,-0.00
-10737,3.09,1210,2.18,643,2.07,4887,15_47_47_23_06_2025,1.20,6.07,7.57,0.01,-0.00,0.00
-10637,3.08,993,2.20,644,2.08,4908,15_47_47_23_06_2025,1.20,6.07,7.58,0.01,-0.00,-0.00
-10611,3.08,1201,2.18,643,2.07,4929,15_47_47_23_06_2025,1.19,6.06,7.57,0.00,-0.00,-0.00
-10679,3.08,1051,2.19,643,2.07,4949,15_47_47_23_06_2025,1.20,6.07,7.57,0.01,-0.00,-0.00
-10618,3.08,854,2.21,641,2.07,4969,15_47_47_23_06_2025,1.20,6.06,7.58,0.01,-0.00,-0.00
-10827,3.09,962,2.20,641,2.07,4989,15_47_47_23_06_2025,1.20,6.06,7.57,0.00,-0.00,0.00
-10925,3.10,1257,2.18,643,2.07,5012,15_47_47_23_06_2025,1.20,6.07,7.57,0.00,-0.00,-0.00
-10714,3.08,1303,2.17,644,2.08,5033,15_47_47_23_06_2025,1.20,6.06,7.57,0.01,-0.00,0.00
-10843,3.09,1047,2.19,643,2.07,5188,15_47_47_23_06_2025,1.19,6.07,7.58,0.01,-0.00,0.00
-10766,3.09,1197,2.18,643,2.07,5209,15_47_47_23_06_2025,1.19,6.07,7.58,0.01,-0.00,0.00
-10798,3.09,1152,2.19,643,2.07,5229,15_47_47_23_06_2025,1.19,6.06,7.57,0.00,-0.00,-0.00
-10791,3.09,1073,2.19,643,2.07,5249,15_47_47_23_06_2025,1.20,6.07,7.58,0.00,-0.00,0.00
-10777,3.09,1245,2.18,643,2.07,5275,15_47_47_23_06_2025,1.20,6.07,7.57,0.00,-0.00,-0.00
-10681,3.08,1065,2.19,643,2.07,5298,15_47_47_23_06_2025,1.19,6.07,7.58,0.01,-0.00,-0.00
-10692,3.08,1296,2.17,643,2.07,5319,15_47_47_23_06_2025,1.20,6.06,7.56,0.00,-0.00,-0.00
-10637,3.08,1096,2.19,643,2.07,5339,15_47_47_23_06_2025,1.20,6.07,7.58,0.00,-0.00,0.00
-10671,3.08,973,2.20,643,2.07,5359,15_47_47_23_06_2025,1.20,6.07,7.59,0.01,-0.00,0.00
-10587,3.07,1062,2.19,643,2.07,5382,15_47_47_23_06_2025,1.19,6.06,7.58,0.00,-0.00,-0.00
-10715,3.08,1030,2.19,643,2.07,5402,15_47_47_23_06_2025,1.20,6.07,7.57,0.00,-0.00,0.00
-10695,3.08,1019,2.20,643,2.07,5422,15_47_47_23_06_2025,1.19,6.07,7.57,0.00,-0.01,-0.00
-10728,3.09,1019,2.20,643,2.07,5442,15_47_47_23_06_2025,1.19,6.07,7.58,0.00,-0.00,-0.00
-10635,3.08,924,2.20,643,2.07,5462,15_47_47_23_06_2025,1.18,6.07,7.58,0.01,-0.00,0.00
-10643,3.08,1004,2.20,642,2.07,5482,15_47_47_23_06_2025,1.19,6.07,7.57,0.01,-0.00,0.00
-10755,3.09,1019,2.20,643,2.07,5505,15_47_47_23_06_2025,1.20,6.06,7.57,0.01,-0.00,-0.00
-10681,3.08,1093,2.19,643,2.07,5528,15_47_47_23_06_2025,1.20,6.07,7.59,0.01,-0.00,-0.00
-10602,3.08,1130,2.19,643,2.07,5548,15_47_47_23_06_2025,1.19,6.06,7.58,0.01,-0.01,0.00
-10808,3.09,1163,2.18,643,2.07,5568,15_47_47_23_06_2025,1.20,6.06,7.58,0.01,-0.00,0.00
-10890,3.10,1215,2.18,644,2.08,5588,15_47_47_23_06_2025,1.19,6.06,7.58,0.01,-0.00,-0.00
-10668,3.08,1085,2.19,643,2.07,5608,15_47_47_23_06_2025,1.19,6.07,7.57,0.01,-0.00,0.00
-10702,3.08,940,2.20,643,2.07,5631,15_47_47_23_06_2025,1.19,6.06,7.57,0.01,-0.00,-0.00
-10702,3.08,855,2.21,643,2.07,5654,15_47_48_23_06_2025,1.19,6.07,7.56,0.01,-0.01,0.00
-10795,3.09,932,2.20,643,2.07,5674,15_47_48_23_06_2025,1.19,6.06,7.56,0.01,-0.00,-0.00
-10732,3.09,1159,2.18,643,2.07,5694,15_47_48_23_06_2025,1.20,6.07,7.58,0.01,-0.01,0.00
-10665,3.08,1010,2.20,643,2.07,5714,15_47_48_23_06_2025,1.20,6.08,7.58,0.00,-0.00,-0.00
-10701,3.08,1193,2.18,644,2.08,5734,15_47_48_23_06_2025,1.20,6.06,7.57,0.00,-0.00,-0.00
-10735,3.09,989,2.20,643,2.07,5757,15_47_48_23_06_2025,1.19,6.06,7.58,0.00,-0.00,-0.00
-10580,3.07,1111,2.19,642,2.07,5778,15_47_48_23_06_2025,1.20,6.06,7.57,0.01,-0.00,-0.00
-10626,3.08,1355,2.17,643,2.07,5799,15_47_48_23_06_2025,1.18,6.08,7.58,0.00,-0.00,0.00
-10566,3.07,952,2.20,643,2.07,5820,15_47_48_23_06_2025,1.19,6.06,7.57,0.00,-0.00,-0.00
-10648,3.08,1046,2.19,643,2.07,5840,15_47_48_23_06_2025,1.20,6.06,7.58,0.00,-0.00,0.00
-10534,3.07,1189,2.18,643,2.07,5860,15_47_48_23_06_2025,1.20,6.06,7.57,0.01,-0.00,-0.00
-10614,3.08,1192,2.18,643,2.07,5883,15_47_48_23_06_2025,1.21,6.06,7.58,0.00,-0.00,0.00
-10765,3.09,1180,2.18,643,2.07,5903,15_47_48_23_06_2025,1.20,6.07,7.57,0.01,-0.00,-0.00
-10563,3.07,954,2.20,643,2.07,5923,15_47_48_23_06_2025,1.20,6.06,7.57,0.00,-0.00,0.00
-10622,3.08,871,2.21,643,2.07,5943,15_47_48_23_06_2025,1.19,6.07,7.58,0.01,-0.00,-0.00
-10746,3.09,942,2.20,643,2.07,5963,15_47_48_23_06_2025,1.20,6.06,7.58,0.01,-0.00,-0.00
-10635,3.08,1205,2.18,642,2.07,5986,15_47_48_23_06_2025,1.19,6.06,7.58,0.00,-0.00,0.00
-10631,3.08,1040,2.19,643,2.07,6006,15_47_48_23_06_2025,1.19,6.07,7.58,0.00,-0.00,-0.00
-10662,3.08,963,2.20,643,2.07,6026,15_47_48_23_06_2025,1.20,6.06,7.58,0.00,-0.00,-0.00
-10888,3.10,970,2.20,643,2.07,6046,15_47_48_23_06_2025,1.21,6.06,7.59,0.00,-0.00,0.00
-10701,3.08,1126,2.19,643,2.07,6066,15_47_48_23_06_2025,1.20,6.06,7.58,0.01,-0.00,-0.00
-10586,3.07,1062,2.19,643,2.07,6086,15_47_48_23_06_2025,1.20,6.07,7.57,0.01,-0.00,-0.00
-10739,3.09,1189,2.18,643,2.07,6109,15_47_48_23_06_2025,1.20,6.07,7.57,0.00,-0.00,-0.00
-10586,3.07,1155,2.19,644,2.08,6132,15_47_48_23_06_2025,1.19,6.07,7.58,0.00,-0.00,-0.00
-10695,3.08,1108,2.19,643,2.07,6153,15_47_48_23_06_2025,1.18,6.07,7.56,0.00,-0.00,0.00
-10680,3.08,1025,2.20,643,2.07,6173,15_47_48_23_06_2025,1.19,6.07,7.58,0.00,-0.00,0.00
-10687,3.08,1067,2.19,643,2.07,6193,15_47_48_23_06_2025,1.19,6.07,7.59,0.01,-0.00,-0.00
-10772,3.09,1225,2.18,643,2.07,6213,15_47_48_23_06_2025,1.20,6.06,7.57,0.01,-0.00,0.00
-10741,3.09,1059,2.19,643,2.07,6236,15_47_48_23_06_2025,1.21,6.07,7.58,0.00,-0.00,-0.00
-10695,3.08,1149,2.19,643,2.07,6256,15_47_48_23_06_2025,1.20,6.06,7.58,0.01,-0.00,-0.00
-10625,3.08,1298,2.17,642,2.07,6276,15_47_48_23_06_2025,1.19,6.07,7.58,0.00,-0.00,-0.00
-10635,3.08,1042,2.19,643,2.07,6296,15_47_48_23_06_2025,1.19,6.06,7.58,0.00,-0.00,-0.00
-10645,3.08,1078,2.19,642,2.07,6316,15_47_48_23_06_2025,1.19,6.07,7.57,0.00,-0.00,0.00
-10727,3.09,1235,2.18,642,2.07,6337,15_47_48_23_06_2025,1.20,6.07,7.57,0.01,-0.00,0.00
-10592,3.08,1140,2.19,642,2.07,6359,15_47_48_23_06_2025,1.20,6.07,7.57,0.00,-0.00,0.00
-10656,3.08,1036,2.19,643,2.07,6382,15_47_48_23_06_2025,1.20,6.06,7.58,0.00,-0.00,-0.00
-10745,3.09,1135,2.19,643,2.07,6403,15_47_48_23_06_2025,1.20,6.06,7.58,0.01,-0.00,-0.00
-10705,3.08,1197,2.18,643,2.07,6423,15_47_48_23_06_2025,1.20,6.06,7.58,0.00,-0.00,-0.00
-10829,3.09,1008,2.20,643,2.07,6443,15_47_48_23_06_2025,1.19,6.07,7.57,0.00,-0.00,-0.00
-10782,3.09,1146,2.19,642,2.07,6463,15_47_48_23_06_2025,1.20,6.06,7.57,0.01,-0.00,-0.00
-10725,3.09,1123,2.19,642,2.07,6486,15_47_48_23_06_2025,1.17,6.09,7.59,0.01,0.00,-0.00
-10688,3.08,935,2.20,643,2.07,6506,15_47_48_23_06_2025,1.17,6.06,7.57,0.01,-0.00,-0.00
-10600,3.08,1062,2.19,643,2.07,6526,15_47_48_23_06_2025,1.19,6.06,7.57,0.01,-0.00,0.00
-10893,3.10,1183,2.18,642,2.07,6546,15_47_48_23_06_2025,1.21,6.06,7.55,0.00,-0.00,0.00
-10896,3.10,949,2.20,643,2.07,6566,15_47_48_23_06_2025,1.21,6.07,7.60,0.00,-0.01,0.00
-10709,3.08,1146,2.19,643,2.07,6589,15_47_48_23_06_2025,1.22,6.05,7.58,0.00,-0.00,-0.00
-10713,3.08,1027,2.19,644,2.08,6612,15_47_48_23_06_2025,1.20,6.07,7.59,0.01,-0.01,0.00
-10810,3.09,1220,2.18,642,2.07,6632,15_47_48_23_06_2025,1.19,6.06,7.55,0.00,-0.00,-0.00
-10728,3.09,1134,2.19,643,2.07,6653,15_47_49_23_06_2025,1.16,6.06,7.57,0.01,-0.00,-0.00
-10778,3.09,1094,2.19,643,2.07,6673,15_47_49_23_06_2025,1.18,6.07,7.57,0.01,-0.00,-0.00
-10638,3.08,1159,2.18,643,2.07,6693,15_47_49_23_06_2025,1.18,6.07,7.58,0.01,-0.00,0.00
-10730,3.09,1069,2.19,643,2.07,6716,15_47_49_23_06_2025,1.20,6.08,7.58,0.00,-0.00,0.00
-10622,3.08,954,2.20,643,2.07,6736,15_47_49_23_06_2025,1.21,6.06,7.57,0.01,-0.00,0.00
-10668,3.08,1095,2.19,643,2.07,6756,15_47_49_23_06_2025,1.24,6.06,7.58,0.00,-0.01,0.00
-10588,3.07,1197,2.18,643,2.07,6776,15_47_49_23_06_2025,1.23,6.05,7.59,0.01,-0.00,-0.00
-10871,3.10,1273,2.18,643,2.07,6796,15_47_49_23_06_2025,1.20,6.05,7.59,0.01,-0.00,-0.00
-10850,3.09,1091,2.19,643,2.07,6817,15_47_49_23_06_2025,1.18,6.07,7.58,0.00,-0.00,-0.00
-10804,3.09,1209,2.18,643,2.07,6839,15_47_49_23_06_2025,1.18,6.07,7.58,0.01,-0.00,-0.00
-10536,3.07,1123,2.19,643,2.07,6863,15_47_49_23_06_2025,1.18,6.07,7.56,0.00,-0.00,-0.00
-10573,3.07,1124,2.19,643,2.07,6883,15_47_49_23_06_2025,1.18,6.07,7.57,0.01,-0.01,0.00
-10690,3.08,1248,2.18,643,2.07,6903,15_47_49_23_06_2025,1.19,6.07,7.58,0.01,-0.00,0.00
-10567,3.07,966,2.20,643,2.07,6923,15_47_49_23_06_2025,1.21,6.06,7.58,0.00,-0.01,0.00
-10946,3.10,1269,2.18,642,2.07,6943,15_47_49_23_06_2025,1.24,6.05,7.60,0.00,-0.01,0.00
-10586,3.07,1238,2.18,643,2.07,6966,15_47_49_23_06_2025,1.21,6.09,7.63,0.01,-0.00,-0.00
-10653,3.08,923,2.20,643,2.07,6986,15_47_49_23_06_2025,1.20,6.05,7.54,0.01,-0.00,-0.00
-10641,3.08,1260,2.18,643,2.07,7007,15_47_49_23_06_2025,1.17,6.10,7.59,0.00,-0.00,-0.00
-10867,3.10,1221,2.18,643,2.07,7027,15_47_49_23_06_2025,1.16,6.07,7.55,0.01,-0.00,-0.00
-10756,3.09,1037,2.19,642,2.07,7047,15_47_49_23_06_2025,1.15,6.08,7.59,0.00,-0.00,0.00
-10611,3.08,1208,2.18,643,2.07,7067,15_47_49_23_06_2025,1.17,6.07,7.57,0.00,-0.01,0.00
-10635,3.08,985,2.20,644,2.08,7090,15_47_49_23_06_2025,1.20,6.08,7.60,0.00,-0.00,0.00
-10626,3.08,960,2.20,643,2.07,7111,15_47_49_23_06_2025,1.24,6.05,7.58,0.01,-0.01,0.00
-10748,3.09,977,2.20,644,2.08,7131,15_47_49_23_06_2025,1.23,6.06,7.59,0.00,-0.00,-0.00
-10745,3.09,1121,2.19,644,2.08,7151,15_47_49_23_06_2025,1.21,6.07,7.57,0.01,-0.00,0.00
-10769,3.09,1190,2.18,643,2.07,7171,15_47_49_23_06_2025,1.22,6.07,7.58,0.00,-0.00,-0.00
-10593,3.08,1201,2.18,643,2.07,7194,15_47_49_23_06_2025,1.17,6.06,7.57,0.01,-0.00,-0.00
-10787,3.09,1414,2.17,643,2.07,7217,15_47_49_23_06_2025,1.17,6.08,7.57,0.00,-0.00,-0.00
-10700,3.08,1224,2.18,644,2.08,7237,15_47_49_23_06_2025,1.16,6.07,7.56,0.01,-0.01,0.00
-10695,3.08,1202,2.18,643,2.07,7257,15_47_49_23_06_2025,1.18,6.08,7.59,0.00,-0.00,0.00
-10799,3.09,1096,2.19,643,2.07,7277,15_47_49_23_06_2025,1.19,6.06,7.58,0.01,-0.00,0.00
-10732,3.09,920,2.20,643,2.07,7297,15_47_49_23_06_2025,1.23,6.07,7.59,0.01,-0.00,0.00
-10766,3.09,1054,2.19,643,2.07,7320,15_47_49_23_06_2025,1.22,6.06,7.57,0.01,-0.00,-0.00
-10795,3.09,1177,2.18,641,2.07,7340,15_47_49_23_06_2025,1.22,6.06,7.58,0.01,-0.00,0.00
-10833,3.09,1264,2.18,643,2.07,7360,15_47_49_23_06_2025,1.19,6.06,7.57,0.01,-0.00,-0.00
-10525,3.07,1113,2.19,644,2.08,7380,15_47_49_23_06_2025,1.18,6.06,7.57,0.01,-0.00,-0.00
-10682,3.08,1135,2.19,643,2.07,7400,15_47_49_23_06_2025,1.17,6.07,7.58,0.01,-0.00,-0.00
-10842,3.09,1197,2.18,642,2.07,7420,15_47_49_23_06_2025,1.17,6.07,7.57,0.01,-0.00,-0.00
-10774,3.09,1119,2.19,643,2.07,7443,15_47_49_23_06_2025,1.19,6.07,7.57,0.01,-0.01,0.00
-10774,3.09,981,2.20,643,2.07,7466,15_47_49_23_06_2025,1.20,6.06,7.57,0.00,-0.00,0.00
-10779,3.09,1235,2.18,642,2.07,7486,15_47_49_23_06_2025,1.22,6.06,7.60,0.01,-0.00,0.00
-10765,3.09,1055,2.19,643,2.07,7506,15_47_49_23_06_2025,1.22,6.05,7.59,0.00,-0.00,-0.00
-10725,3.09,1118,2.19,643,2.07,7526,15_47_49_23_06_2025,1.21,6.07,7.58,0.00,-0.00,-0.00
-10761,3.09,1152,2.19,643,2.07,7546,15_47_49_23_06_2025,1.20,6.07,7.57,0.01,-0.00,-0.00
-10586,3.07,1074,2.19,643,2.07,7569,15_47_49_23_06_2025,1.18,6.07,7.56,0.01,-0.00,-0.00
-10684,3.08,932,2.20,643,2.07,7589,15_47_49_23_06_2025,1.17,6.07,7.58,0.00,-0.00,-0.00
-10717,3.08,1193,2.18,643,2.07,7611,15_47_49_23_06_2025,1.17,6.07,7.58,0.00,-0.00,0.00
-10699,3.08,1137,2.19,643,2.07,7631,15_47_49_23_06_2025,1.18,6.06,7.58,0.00,-0.01,0.00
-10782,3.09,1053,2.19,643,2.07,7651,15_47_50_23_06_2025,1.20,6.07,7.58,0.01,-0.00,0.00
-10692,3.08,1167,2.18,643,2.07,7671,15_47_50_23_06_2025,1.21,6.07,7.58,0.01,-0.00,0.00
-10739,3.09,1051,2.19,643,2.07,7694,15_47_50_23_06_2025,1.22,6.06,7.57,0.01,-0.00,-0.00
-10814,3.09,1142,2.19,643,2.07,7714,15_47_50_23_06_2025,1.20,6.07,7.58,0.00,-0.00,-0.00
-10590,3.08,1219,2.18,643,2.07,7734,15_47_50_23_06_2025,1.19,6.07,7.58,0.00,-0.00,-0.00
-10495,3.07,1181,2.18,643,2.07,7754,15_47_50_23_06_2025,1.18,6.07,7.59,0.00,-0.00,-0.00
-10748,3.09,1227,2.18,643,2.07,7775,15_47_50_23_06_2025,1.18,6.07,7.57,0.00,-0.00,-0.00
-10565,3.07,1045,2.19,643,2.07,7798,15_47_50_23_06_2025,1.18,6.07,7.57,0.01,-0.00,0.00
-10671,3.08,907,2.20,643,2.07,7821,15_47_50_23_06_2025,1.19,6.07,7.57,0.00,-0.00,0.00
-10736,3.09,887,2.21,642,2.07,7841,15_47_50_23_06_2025,1.19,6.07,7.58,0.01,-0.00,0.00
-10619,3.08,1259,2.18,643,2.07,7861,15_47_50_23_06_2025,1.21,6.06,7.58,0.01,-0.00,0.00
-10628,3.08,1345,2.17,643,2.07,7881,15_47_50_23_06_2025,1.22,6.06,7.59,0.00,-0.00,0.00
-10655,3.08,1170,2.18,643,2.07,7901,15_47_50_23_06_2025,1.20,6.07,7.58,0.00,-0.00,-0.00
-10683,3.08,1046,2.19,643,2.07,7924,15_47_50_23_06_2025,1.19,6.06,7.57,0.00,-0.00,0.00
-10836,3.09,1078,2.19,643,2.07,7944,15_47_50_23_06_2025,1.17,6.06,7.57,0.01,-0.00,-0.00
-10527,3.07,1165,2.18,643,2.07,7964,15_47_50_23_06_2025,1.18,6.07,7.57,0.00,-0.00,-0.00
-10457,3.06,1156,2.19,643,2.07,7984,15_47_50_23_06_2025,1.18,6.07,7.56,0.00,-0.01,0.00
-10808,3.09,1159,2.18,643,2.07,8004,15_47_50_23_06_2025,1.19,6.06,7.58,0.00,-0.00,0.00
-10811,3.09,1038,2.19,642,2.07,8024,15_47_50_23_06_2025,1.21,6.07,7.59,0.01,-0.00,0.00
-10710,3.08,1058,2.19,642,2.07,8047,15_47_50_23_06_2025,1.21,6.06,7.59,0.01,-0.00,0.00
-10876,3.10,939,2.20,642,2.07,8070,15_47_50_23_06_2025,1.21,6.06,7.58,0.01,-0.00,-0.00
-10582,3.07,1231,2.18,643,2.07,8090,15_47_50_23_06_2025,1.19,6.06,7.57,0.01,-0.00,-0.00
-10647,3.08,1234,2.18,643,2.07,8111,15_47_50_23_06_2025,1.20,6.07,7.58,0.01,-0.00,-0.00
-10533,3.07,1254,2.18,643,2.07,8131,15_47_50_23_06_2025,1.17,6.07,7.57,0.01,-0.00,-0.00
-10719,3.08,1072,2.19,643,2.07,8151,15_47_50_23_06_2025,1.17,6.08,7.57,0.00,-0.00,0.00
-10728,3.09,1224,2.18,643,2.07,8174,15_47_50_23_06_2025,1.18,6.07,7.57,0.01,-0.00,0.00
-10681,3.08,1157,2.19,643,2.07,8195,15_47_50_23_06_2025,1.20,6.06,7.58,0.01,-0.00,0.00
-10669,3.08,1255,2.18,643,2.07,8215,15_47_50_23_06_2025,1.21,6.06,7.57,0.00,-0.00,0.00
-10606,3.08,1229,2.18,643,2.07,8235,15_47_50_23_06_2025,1.21,6.06,7.58,0.01,-0.00,0.00
-10663,3.08,1119,2.19,643,2.07,8255,15_47_50_23_06_2025,1.21,6.07,7.57,0.01,-0.00,0.00
-10608,3.08,1062,2.19,643,2.07,8275,15_47_50_23_06_2025,1.20,6.07,7.58,0.01,-0.00,-0.00
-10662,3.08,1154,2.19,643,2.07,8298,15_47_50_23_06_2025,1.19,6.07,7.57,0.01,-0.00,-0.00
-10813,3.09,1128,2.19,642,2.07,8318,15_47_50_23_06_2025,1.19,6.07,7.58,0.01,-0.00,-0.00
-10727,3.09,1037,2.19,643,2.07,8338,15_47_50_23_06_2025,1.18,6.07,7.59,0.00,-0.00,-0.00
-10788,3.09,1194,2.18,643,2.07,8358,15_47_50_23_06_2025,1.19,6.07,7.57,0.01,-0.00,-0.00
-10641,3.08,1073,2.19,643,2.07,8378,15_47_50_23_06_2025,1.20,6.06,7.57,0.01,-0.01,-0.00
-10442,3.06,987,2.20,643,2.07,8401,15_47_50_23_06_2025,1.20,6.06,7.59,0.01,-0.00,0.00
-10442,3.06,1256,2.18,642,2.07,8424,15_47_50_23_06_2025,1.21,6.05,7.58,0.00,-0.00,-0.00
-10765,3.09,1036,2.19,643,2.07,8444,15_47_50_23_06_2025,1.19,6.06,7.59,0.00,-0.00,-0.00
-10679,3.08,1121,2.19,640,2.06,8464,15_47_50_23_06_2025,1.20,6.06,7.58,0.01,-0.00,0.00
-10556,3.07,1293,2.17,643,2.07,8484,15_47_50_23_06_2025,1.18,6.07,7.57,0.00,-0.00,0.00
-10725,3.09,1210,2.18,643,2.07,8504,15_47_50_23_06_2025,1.18,6.07,7.57,0.01,-0.00,-0.00
-10672,3.08,1177,2.18,644,2.08,8527,15_47_50_23_06_2025,1.18,6.07,7.58,0.01,-0.00,-0.00
-10640,3.08,1319,2.17,643,2.07,8550,15_47_50_23_06_2025,1.20,6.07,7.58,0.01,-0.00,0.00
-10791,3.09,969,2.20,643,2.07,8570,15_47_50_23_06_2025,1.20,6.06,7.57,0.01,-0.00,0.00
-10745,3.09,1207,2.18,643,2.07,8590,15_47_50_23_06_2025,1.21,6.06,7.59,0.01,-0.00,0.00
-10714,3.08,1117,2.19,644,2.08,8610,15_47_50_23_06_2025,1.21,6.06,7.57,0.01,-0.00,0.00
-10801,3.09,1319,2.17,643,2.07,8630,15_47_50_23_06_2025,1.21,6.06,7.57,0.01,-0.00,-0.00
-10879,3.10,1089,2.19,642,2.07,8653,15_47_51_23_06_2025,1.19,6.07,7.58,0.00,-0.00,-0.00
-10634,3.08,1104,2.19,643,2.07,8673,15_47_51_23_06_2025,1.19,6.07,7.58,0.01,-0.00,-0.00
-10625,3.08,1229,2.18,643,2.07,8693,15_47_51_23_06_2025,1.18,6.07,7.59,0.01,-0.00,0.00
-10526,3.07,1177,2.18,642,2.07,8714,15_47_51_23_06_2025,1.19,6.07,7.57,0.01,-0.00,0.00
-10740,3.09,1252,2.18,643,2.07,8734,15_47_51_23_06_2025,1.19,6.06,7.57,0.01,-0.00,0.00
-10740,3.09,1135,2.19,641,2.07,8754,15_47_51_23_06_2025,1.19,6.07,7.58,0.01,-0.00,0.00
-10767,3.09,1058,2.19,641,2.07,8777,15_47_51_23_06_2025,1.20,6.07,7.58,0.00,-0.00,-0.00
-10671,3.08,1106,2.19,643,2.07,8801,15_47_51_23_06_2025,1.20,6.07,7.59,0.00,-0.00,-0.00
-10682,3.08,1132,2.19,643,2.07,8821,15_47_51_23_06_2025,1.20,6.07,7.58,0.01,-0.00,-0.00
-10718,3.08,1250,2.18,642,2.07,8841,15_47_51_23_06_2025,1.18,6.07,7.59,0.01,-0.00,-0.00
-10673,3.08,1146,2.19,643,2.07,8861,15_47_51_23_06_2025,1.19,6.07,7.58,0.00,-0.01,-0.00
-10527,3.07,1254,2.18,643,2.07,8884,15_47_51_23_06_2025,1.18,6.07,7.58,0.01,-0.00,0.00
-10403,3.06,1185,2.18,642,2.07,8904,15_47_51_23_06_2025,1.19,6.06,7.58,0.01,-0.00,-0.00
-10652,3.08,1114,2.19,643,2.07,8924,15_47_51_23_06_2025,1.19,6.07,7.58,0.01,-0.00,-0.00
-10685,3.08,1122,2.19,642,2.07,8944,15_47_51_23_06_2025,1.20,6.06,7.58,0.01,-0.00,-0.00
-10696,3.08,1201,2.18,643,2.07,8965,15_47_51_23_06_2025,1.21,6.06,7.57,0.01,-0.00,0.00
-10587,3.07,1402,2.17,643,2.07,8985,15_47_51_23_06_2025,1.20,6.07,7.58,0.01,-0.00,-0.00
-10770,3.09,1016,2.20,642,2.07,9008,15_47_51_23_06_2025,1.20,6.07,7.57,0.01,-0.00,-0.00
-10641,3.08,1005,2.20,643,2.07,9028,15_47_51_23_06_2025,1.19,6.07,7.56,0.01,-0.00,0.00
-10725,3.09,1215,2.18,643,2.07,9048,15_47_51_23_06_2025,1.18,6.06,7.57,0.01,-0.00,0.00
-10609,3.08,1176,2.18,643,2.07,9068,15_47_51_23_06_2025,1.19,6.07,7.58,0.01,-0.00,-0.00
-10675,3.08,1113,2.19,643,2.07,9088,15_47_51_23_06_2025,1.19,6.07,7.57,0.01,-0.00,0.00
-10786,3.09,1082,2.19,643,2.07,9108,15_47_51_23_06_2025,1.19,6.06,7.58,0.01,-0.00,0.00
-10731,3.09,1165,2.18,643,2.07,9131,15_47_51_23_06_2025,1.20,6.06,7.56,0.01,-0.00,0.00
-10691,3.08,1119,2.19,643,2.07,9154,15_47_51_23_06_2025,1.20,6.07,7.58,0.00,-0.00,0.00
-10725,3.09,1274,2.18,643,2.07,9174,15_47_51_23_06_2025,1.21,6.05,7.58,0.01,-0.00,-0.00
-10651,3.08,1162,2.18,643,2.07,9194,15_47_51_23_06_2025,1.19,6.07,7.58,0.00,-0.00,-0.00
-10652,3.08,1091,2.19,643,2.07,9214,15_47_51_23_06_2025,1.19,6.06,7.58,0.01,-0.00,-0.00
-10616,3.08,1090,2.19,643,2.07,9235,15_47_51_23_06_2025,1.19,6.06,7.57,0.00,-0.00,-0.00
-10696,3.08,1191,2.18,643,2.07,9257,15_47_51_23_06_2025,1.19,6.07,7.57,0.01,-0.00,0.00
-10824,3.09,1249,2.18,643,2.07,9277,15_47_51_23_06_2025,1.20,6.07,7.58,0.01,-0.00,-0.00
-10753,3.09,1202,2.18,643,2.07,9297,15_47_51_23_06_2025,1.20,6.07,7.57,0.00,-0.00,0.00
-10729,3.09,1100,2.19,643,2.07,9317,15_47_51_23_06_2025,1.20,6.06,7.58,0.00,-0.00,0.00
-10495,3.07,1149,2.19,643,2.07,9337,15_47_51_23_06_2025,1.20,6.06,7.58,0.01,-0.00,0.00
-10634,3.08,1119,2.19,643,2.07,9357,15_47_51_23_06_2025,1.20,6.06,7.57,0.01,-0.00,-0.00
-10839,3.09,1069,2.19,642,2.07,9389,15_47_51_23_06_2025,1.20,6.07,7.58,0.00,-0.00,-0.00
-10620,3.08,1094,2.19,643,2.07,9411,15_47_51_23_06_2025,1.20,6.06,7.57,0.00,-0.00,-0.00
-10623,3.08,955,2.20,643,2.07,9436,15_47_51_23_06_2025,1.19,6.06,7.58,0.01,-0.00,0.00
-10742,3.09,1140,2.19,643,2.07,9458,15_47_51_23_06_2025,1.20,6.07,7.58,0.00,-0.00,-0.00
-10604,3.08,1130,2.19,643,2.07,9480,15_47_51_23_06_2025,1.19,6.08,7.58,0.00,-0.00,0.00
-10802,3.09,1211,2.18,643,2.07,9505,15_47_51_23_06_2025,1.20,6.06,7.58,0.01,-0.00,0.00
-10618,3.08,1104,2.19,642,2.07,9527,15_47_51_23_06_2025,1.20,6.07,7.57,0.00,-0.00,-0.00
-10701,3.08,1120,2.19,642,2.07,9549,15_47_51_23_06_2025,1.21,6.06,7.58,0.01,-0.00,0.00
-10557,3.07,1205,2.18,643,2.07,9572,15_47_51_23_06_2025,1.19,6.06,7.58,0.01,-0.00,0.00
-10694,3.08,1105,2.19,643,2.07,9594,15_47_51_23_06_2025,1.19,6.06,7.57,0.01,-0.00,-0.00
-10560,3.07,1186,2.18,643,2.07,9616,15_47_51_23_06_2025,1.18,6.06,7.57,0.00,-0.01,-0.00
-10611,3.08,1221,2.18,643,2.07,9644,15_47_52_23_06_2025,1.19,6.07,7.58,0.01,-0.00,0.00
-10763,3.09,1220,2.18,642,2.07,9666,15_47_52_23_06_2025,1.20,6.07,7.58,0.01,-0.00,0.00
-10592,3.08,1155,2.19,643,2.07,9691,15_47_52_23_06_2025,1.20,6.06,7.58,0.00,-0.00,0.00
-10659,3.08,1044,2.19,641,2.07,9716,15_47_52_23_06_2025,1.19,6.07,7.58,0.01,-0.00,-0.00
-10639,3.08,1006,2.20,643,2.07,9742,15_47_52_23_06_2025,1.20,6.07,7.58,0.01,-0.00,-0.00
-10688,3.08,974,2.20,643,2.07,9767,15_47_52_23_06_2025,1.19,6.07,7.57,0.01,-0.00,-0.00
-10522,3.07,1010,2.20,643,2.07,9795,15_47_52_23_06_2025,1.19,6.06,7.57,0.00,-0.00,0.00
-10565,3.07,1039,2.19,643,2.07,9817,15_47_52_23_06_2025,1.19,6.06,7.57,0.01,-0.00,0.00
-10782,3.09,1115,2.19,642,2.07,9842,15_47_52_23_06_2025,1.19,6.07,7.57,0.01,-0.00,-0.00
-10681,3.08,1201,2.18,642,2.07,9867,15_47_52_23_06_2025,1.20,6.07,7.57,0.01,-0.00,-0.00
-10780,3.09,1092,2.19,643,2.07,9892,15_47_52_23_06_2025,1.19,6.07,7.57,0.01,-0.00,-0.00
-10593,3.08,1159,2.18,642,2.07,9918,15_47_52_23_06_2025,1.19,6.07,7.58,0.01,-0.00,-0.00
-10614,3.08,1280,2.18,643,2.07,9945,15_47_52_23_06_2025,1.19,6.07,7.57,0.01,-0.00,-0.00
-10702,3.08,1231,2.18,643,2.07,9968,15_47_52_23_06_2025,1.19,6.07,7.57,0.01,-0.00,-0.00
-10974,3.10,1228,2.18,643,2.07,9993,15_47_52_23_06_2025,1.20,6.07,7.58,0.00,-0.00,-0.00
-10733,3.09,1167,2.18,643,2.07,10018,15_47_52_23_06_2025,1.20,6.07,7.58,0.00,-0.00,-0.00
-10648,3.08,1287,2.18,642,2.07,10043,15_47_52_23_06_2025,1.20,6.06,7.57,0.00,-0.00,0.00
-10619,3.08,1211,2.18,643,2.07,10068,15_47_52_23_06_2025,1.19,6.06,7.58,0.01,-0.00,0.00
-10474,3.07,1121,2.19,642,2.07,10097,15_47_52_23_06_2025,1.19,6.07,7.57,0.01,-0.00,-0.00
-10653,3.08,1263,2.18,643,2.07,10120,15_47_52_23_06_2025,1.19,6.07,7.57,0.01,-0.00,-0.00
-10708,3.08,1093,2.19,643,2.07,10142,15_47_52_23_06_2025,1.20,6.07,7.57,0.00,-0.00,0.00
-10554,3.07,1296,2.17,643,2.07,10164,15_47_52_23_06_2025,1.18,6.07,7.57,0.01,-0.00,-0.00
-10723,3.09,1106,2.19,643,2.07,10187,15_47_52_23_06_2025,1.20,6.06,7.58,0.01,-0.00,0.00
-10723,3.09,1248,2.18,643,2.07,10292,15_47_52_23_06_2025,1.19,6.06,7.58,0.01,-0.00,0.00
-10584,3.07,1170,2.18,643,2.07,10314,15_47_52_23_06_2025,1.19,6.06,7.58,0.01,-0.00,-0.00
-10735,3.09,1121,2.19,643,2.07,10337,15_47_52_23_06_2025,1.19,6.07,7.58,0.00,-0.00,-0.00
-10700,3.08,1163,2.18,643,2.07,10359,15_47_52_23_06_2025,1.19,6.07,7.58,0.01,-0.00,-0.00
-10741,3.09,1053,2.19,643,2.07,10381,15_47_52_23_06_2025,1.19,6.07,7.57,0.00,-0.00,0.00
-10576,3.07,1223,2.18,643,2.07,10404,15_47_52_23_06_2025,1.20,6.06,7.57,0.01,-0.00,0.00
-10644,3.08,1068,2.19,643,2.07,10428,15_47_52_23_06_2025,1.20,6.06,7.58,0.00,-0.00,-0.00
-10535,3.07,1142,2.19,643,2.07,10451,15_47_52_23_06_2025,1.20,6.06,7.59,0.00,-0.00,-0.00
-10777,3.09,1060,2.19,643,2.07,10473,15_47_52_23_06_2025,1.20,6.07,7.57,0.01,-0.00,0.00
-10680,3.08,1038,2.19,643,2.07,10498,15_47_52_23_06_2025,1.19,6.07,7.57,0.00,-0.00,0.00
-10696,3.08,1258,2.18,643,2.07,10523,15_47_52_23_06_2025,1.19,6.07,7.57,0.00,-0.00,-0.00
-10708,3.08,1368,2.17,643,2.07,10548,15_47_52_23_06_2025,1.19,6.07,7.57,0.01,-0.00,-0.00
-10794,3.09,1276,2.18,642,2.07,10576,15_47_52_23_06_2025,1.19,6.07,7.57,0.01,-0.00,-0.00
-10719,3.08,1301,2.17,643,2.07,10598,15_47_52_23_06_2025,1.21,6.07,7.58,0.00,-0.00,-0.00
-10638,3.08,1059,2.19,643,2.07,10623,15_47_52_23_06_2025,1.19,6.06,7.58,0.01,-0.00,-0.00
-10862,3.10,1130,2.19,643,2.07,10649,15_47_53_23_06_2025,1.20,6.06,7.58,0.00,-0.00,0.00
-10704,3.08,1190,2.18,643,2.07,10673,15_47_53_23_06_2025,1.19,6.07,7.57,0.01,-0.00,-0.00
-10749,3.09,1193,2.18,643,2.07,10701,15_47_53_23_06_2025,1.19,6.07,7.57,0.00,-0.00,-0.00
-10671,3.08,1215,2.18,643,2.07,10724,15_47_53_23_06_2025,1.19,6.07,7.57,0.00,-0.00,-0.00
-10585,3.07,1431,2.16,643,2.07,10749,15_47_53_23_06_2025,1.20,6.06,7.57,0.00,-0.00,0.00
-10551,3.07,1424,2.16,643,2.07,10774,15_47_53_23_06_2025,1.20,6.07,7.58,0.00,-0.00,-0.00
-10775,3.09,1258,2.18,643,2.07,10799,15_47_53_23_06_2025,1.20,6.06,7.58,0.01,-0.00,-0.00
-10716,3.08,1215,2.18,643,2.07,10824,15_47_53_23_06_2025,1.20,6.07,7.58,0.00,-0.00,-0.00
-10722,3.09,1169,2.18,643,2.07,10852,15_47_53_23_06_2025,1.19,6.07,7.57,0.00,-0.00,-0.00
-10833,3.09,1195,2.18,643,2.07,10875,15_47_53_23_06_2025,1.18,6.07,7.58,0.00,-0.00,-0.00
-10646,3.08,1141,2.19,643,2.07,10900,15_47_53_23_06_2025,1.19,6.07,7.58,0.00,-0.00,0.00
-10662,3.08,1304,2.17,643,2.07,10925,15_47_53_23_06_2025,1.20,6.06,7.57,0.01,-0.00,0.00
-10656,3.08,1092,2.19,643,2.07,10950,15_47_53_23_06_2025,1.19,6.07,7.59,0.01,-0.00,0.00
-10636,3.08,1188,2.18,643,2.07,10975,15_47_53_23_06_2025,1.20,6.06,7.58,0.01,-0.00,-0.00
-10423,3.06,1175,2.18,643,2.07,11005,15_47_53_23_06_2025,1.18,6.05,7.58,0.00,-0.00,0.00
-10642,3.08,1241,2.18,643,2.07,11027,15_47_53_23_06_2025,1.20,6.07,7.58,0.01,-0.00,-0.00
-10613,3.08,1107,2.19,642,2.07,11050,15_47_53_23_06_2025,1.19,6.07,7.57,0.01,-0.00,0.00
-10536,3.07,1261,2.18,643,2.07,11072,15_47_53_23_06_2025,1.19,6.07,7.57,0.00,-0.01,-0.00
-10590,3.08,1211,2.18,642,2.07,11094,15_47_53_23_06_2025,1.19,6.07,7.58,0.01,-0.00,-0.00
-10729,3.09,1141,2.19,644,2.08,11116,15_47_53_23_06_2025,1.19,6.06,7.57,0.00,-0.00,-0.00
-10717,3.08,1102,2.19,643,2.07,11141,15_47_53_23_06_2025,1.20,6.07,7.58,0.01,-0.00,-0.00
-10663,3.08,1171,2.18,642,2.07,11164,15_47_53_23_06_2025,1.20,6.07,7.58,0.01,-0.00,-0.00
-10689,3.08,1072,2.19,642,2.07,11186,15_47_53_23_06_2025,1.20,6.07,7.58,0.01,-0.00,0.00
-10698,3.08,1179,2.18,643,2.07,11208,15_47_53_23_06_2025,1.20,6.06,7.57,0.00,-0.00,-0.00
-10752,3.09,1119,2.19,643,2.07,11230,15_47_53_23_06_2025,1.20,6.07,7.57,0.01,-0.00,0.00
-10716,3.08,1463,2.16,644,2.08,11258,15_47_53_23_06_2025,1.20,6.07,7.58,0.01,-0.00,0.00
-10727,3.09,1299,2.17,643,2.07,11280,15_47_53_23_06_2025,1.19,6.06,7.58,0.01,-0.00,-0.00
-10702,3.08,1144,2.19,642,2.07,11306,15_47_53_23_06_2025,1.20,6.06,7.58,0.01,-0.00,0.00
-10874,3.10,1069,2.19,642,2.07,11331,15_47_53_23_06_2025,1.19,6.06,7.57,0.01,-0.00,0.00
-10751,3.09,1216,2.18,642,2.07,11356,15_47_53_23_06_2025,1.20,6.06,7.58,0.00,-0.00,0.00
-10734,3.09,1258,2.18,643,2.07,11381,15_47_53_23_06_2025,1.20,6.08,7.58,0.00,-0.00,-0.00
-10695,3.08,1219,2.18,643,2.07,11409,15_47_53_23_06_2025,1.19,6.07,7.58,0.01,-0.00,-0.00
-10774,3.09,1029,2.19,642,2.07,11431,15_47_53_23_06_2025,1.20,6.07,7.57,0.01,-0.00,-0.00
-10743,3.09,1222,2.18,643,2.07,11456,15_47_53_23_06_2025,1.20,6.07,7.58,0.01,-0.00,-0.00
-10842,3.09,1088,2.19,643,2.07,11481,15_47_53_23_06_2025,1.20,6.06,7.58,0.00,-0.00,0.00
-10660,3.08,1235,2.18,643,2.07,11506,15_47_53_23_06_2025,1.20,6.07,7.58,0.00,-0.00,0.00
-10645,3.08,1301,2.17,643,2.07,11532,15_47_53_23_06_2025,1.20,6.07,7.58,0.00,-0.00,0.00
-10620,3.08,1075,2.19,643,2.07,11559,15_47_53_23_06_2025,1.19,6.06,7.57,0.00,-0.00,-0.00
-10784,3.09,1311,2.17,642,2.07,11582,15_47_53_23_06_2025,1.20,6.06,7.58,0.00,-0.00,-0.00
-10735,3.09,961,2.20,643,2.07,11607,15_47_53_23_06_2025,1.19,6.06,7.58,0.00,-0.00,-0.00
-10677,3.08,988,2.20,643,2.07,11632,15_47_53_23_06_2025,1.19,6.07,7.57,0.00,-0.00,-0.00
-10751,3.09,1113,2.19,643,2.07,11657,15_47_54_23_06_2025,1.19,6.07,7.57,0.01,-0.00,0.00
-10839,3.09,1070,2.19,642,2.07,11684,15_47_54_23_06_2025,1.20,6.08,7.57,0.01,-0.00,0.00
-10879,3.10,1335,2.17,643,2.07,11708,15_47_54_23_06_2025,1.20,6.06,7.59,0.01,-0.00,0.00
-10600,3.08,929,2.20,643,2.07,11733,15_47_54_23_06_2025,1.20,6.06,7.58,0.00,-0.00,-0.00
-10689,3.08,1167,2.18,643,2.07,11758,15_47_54_23_06_2025,1.20,6.06,7.57,0.00,-0.00,-0.00
-10655,3.08,1306,2.17,643,2.07,11783,15_47_54_23_06_2025,1.20,6.06,7.57,0.01,-0.00,0.00
-10754,3.09,1269,2.18,642,2.07,11808,15_47_54_23_06_2025,1.20,6.07,7.58,0.00,-0.00,-0.00
-10760,3.09,1383,2.17,643,2.07,11836,15_47_54_23_06_2025,1.20,6.07,7.58,0.01,-0.00,-0.00
-10854,3.10,1200,2.18,643,2.07,11858,15_47_54_23_06_2025,1.19,6.06,7.58,0.01,-0.00,0.00
-10601,3.08,1160,2.18,643,2.07,11883,15_47_54_23_06_2025,1.19,6.07,7.58,0.01,-0.00,0.00
-10712,3.08,1195,2.18,643,2.07,11908,15_47_54_23_06_2025,1.20,6.06,7.59,0.01,-0.00,-0.00
-10780,3.09,1263,2.18,642,2.07,11933,15_47_54_23_06_2025,1.19,6.06,7.57,0.01,-0.00,-0.00
-10673,3.08,1192,2.18,643,2.07,11958,15_47_54_23_06_2025,1.19,6.07,7.57,0.00,-0.00,-0.00
-10803,3.09,1249,2.18,643,2.07,11986,15_47_54_23_06_2025,1.19,6.06,7.57,0.00,-0.00,-0.00
-10627,3.08,1232,2.18,643,2.07,12009,15_47_54_23_06_2025,1.20,6.07,7.57,0.01,-0.00,-0.00
-10621,3.08,1388,2.17,643,2.07,12034,15_47_54_23_06_2025,1.20,6.08,7.57,0.01,-0.00,0.00
-10634,3.08,1296,2.17,643,2.07,12059,15_47_54_23_06_2025,1.20,6.06,7.58,0.01,-0.00,-0.00
-10790,3.09,1176,2.18,642,2.07,12084,15_47_54_23_06_2025,1.20,6.07,7.57,0.00,-0.00,0.00
-10472,3.07,1119,2.19,643,2.07,12109,15_47_54_23_06_2025,1.20,6.07,7.57,0.01,-0.00,-0.00
-10692,3.08,1399,2.17,642,2.07,12137,15_47_54_23_06_2025,1.19,6.06,7.58,0.01,-0.00,-0.00
-10583,3.07,1142,2.19,642,2.07,12159,15_47_54_23_06_2025,1.19,6.06,7.58,0.01,-0.00,-0.00
-10573,3.07,1201,2.18,643,2.07,12185,15_47_54_23_06_2025,1.19,6.06,7.58,0.01,-0.00,0.00
-10534,3.07,1260,2.18,642,2.07,12210,15_47_54_23_06_2025,1.20,6.06,7.58,0.01,-0.00,-0.00
-10657,3.08,1132,2.19,644,2.08,12235,15_47_54_23_06_2025,1.19,6.06,7.58,0.00,-0.00,0.00
-10691,3.08,1090,2.19,642,2.07,12263,15_47_54_23_06_2025,1.20,6.07,7.58,0.01,-0.00,0.00
-10733,3.09,1223,2.18,643,2.07,12285,15_47_54_23_06_2025,1.19,6.07,7.58,0.00,-0.00,0.00
-10699,3.08,1255,2.18,642,2.07,12310,15_47_54_23_06_2025,1.19,6.07,7.58,0.00,-0.00,-0.00
-10684,3.08,1116,2.19,642,2.07,12335,15_47_54_23_06_2025,1.20,6.06,7.58,0.00,-0.00,-0.00
-10636,3.08,1160,2.18,643,2.07,12360,15_47_54_23_06_2025,1.20,6.07,7.57,0.00,-0.00,-0.00
-10682,3.08,1250,2.18,643,2.07,12385,15_47_54_23_06_2025,1.19,6.06,7.58,0.00,-0.00,0.00
-10648,3.08,1030,2.19,643,2.07,12414,15_47_54_23_06_2025,1.20,6.07,7.58,0.01,-0.00,-0.00
-10532,3.07,1120,2.19,643,2.07,12437,15_47_54_23_06_2025,1.20,6.06,7.58,0.01,-0.00,-0.00
-10671,3.08,1246,2.18,643,2.07,12459,15_47_54_23_06_2025,1.20,6.07,7.58,0.00,-0.00,0.00
-10817,3.09,1240,2.18,642,2.07,12481,15_47_54_23_06_2025,1.20,6.07,7.57,0.00,-0.00,-0.00
-10727,3.09,1043,2.19,643,2.07,12506,15_47_54_23_06_2025,1.20,6.06,7.58,0.00,-0.00,-0.00
-10719,3.08,1042,2.19,643,2.07,12532,15_47_54_23_06_2025,1.20,6.06,7.58,0.00,-0.00,0.00
-10774,3.09,1315,2.17,643,2.07,12560,15_47_54_23_06_2025,1.19,6.07,7.58,0.01,-0.00,0.00
-10619,3.08,1283,2.18,643,2.07,12582,15_47_54_23_06_2025,1.20,6.06,7.58,0.01,-0.00,0.00
-10655,3.08,1209,2.18,643,2.07,12607,15_47_54_23_06_2025,1.19,6.07,7.58,0.01,-0.00,-0.00
-10747,3.09,1350,2.17,643,2.07,12632,15_47_54_23_06_2025,1.20,6.07,7.57,0.01,-0.00,-0.00
-10818,3.09,1288,2.18,643,2.07,12657,15_47_55_23_06_2025,1.20,6.06,7.57,0.01,-0.00,0.00
-10626,3.08,1299,2.17,643,2.07,12685,15_47_55_23_06_2025,1.20,6.07,7.57,0.01,-0.00,0.00
-10733,3.09,1093,2.19,642,2.07,12707,15_47_55_23_06_2025,1.20,6.07,7.57,0.01,-0.00,0.00
-10733,3.09,1055,2.19,643,2.07,12729,15_47_55_23_06_2025,1.19,6.07,7.57,0.00,-0.00,0.00
-10650,3.08,1189,2.18,643,2.07,12751,15_47_55_23_06_2025,1.20,6.06,7.57,0.01,-0.00,-0.00
-10671,3.08,1108,2.19,643,2.07,12773,15_47_55_23_06_2025,1.19,6.07,7.58,0.00,-0.00,-0.00
-10556,3.07,1214,2.18,642,2.07,12795,15_47_55_23_06_2025,1.19,6.07,7.58,0.01,-0.00,0.00
-10697,3.08,1265,2.18,643,2.07,12820,15_47_55_23_06_2025,1.20,6.07,7.58,0.01,-0.00,-0.00
-10711,3.08,1279,2.18,642,2.07,12842,15_47_55_23_06_2025,1.19,6.06,7.59,0.01,-0.00,-0.00
-10815,3.09,1111,2.19,643,2.07,12867,15_47_55_23_06_2025,1.19,6.06,7.58,0.01,-0.00,-0.00
-10918,3.10,1241,2.18,643,2.07,12892,15_47_55_23_06_2025,1.20,6.07,7.57,0.01,-0.01,0.00
-10764,3.09,1179,2.18,643,2.07,12917,15_47_55_23_06_2025,1.21,6.06,7.58,0.00,-0.01,-0.00
-10770,3.09,1144,2.19,642,2.07,12942,15_47_55_23_06_2025,1.20,6.07,7.58,0.00,-0.01,-0.00
-10448,3.06,1181,2.18,642,2.07,12970,15_47_55_23_06_2025,1.20,6.06,7.58,0.01,-0.00,0.00
-10752,3.09,1224,2.18,643,2.07,12992,15_47_55_23_06_2025,1.20,6.06,7.58,0.00,-0.00,-0.00
-10773,3.09,1190,2.18,643,2.07,13018,15_47_55_23_06_2025,1.20,6.06,7.58,0.01,-0.00,0.00
-10790,3.09,1087,2.19,643,2.07,13043,15_47_55_23_06_2025,1.21,6.06,7.58,0.01,-0.00,-0.00
-10804,3.09,1064,2.19,642,2.07,13068,15_47_55_23_06_2025,1.19,6.07,7.58,0.01,-0.00,0.00
-10782,3.09,1080,2.19,643,2.07,13093,15_47_55_23_06_2025,1.19,6.07,7.58,0.01,-0.00,-0.00
-10699,3.08,1009,2.20,643,2.07,13122,15_47_55_23_06_2025,1.19,6.07,7.58,0.01,-0.00,0.00
-10657,3.08,1151,2.19,643,2.07,13144,15_47_55_23_06_2025,1.20,6.07,7.58,0.00,-0.00,0.00
-10693,3.08,1204,2.18,642,2.07,13167,15_47_55_23_06_2025,1.20,6.06,7.59,0.01,-0.00,-0.00
-10833,3.09,1204,2.18,643,2.07,13189,15_47_55_23_06_2025,1.21,6.07,7.58,0.01,-0.00,-0.00
-10598,3.08,1232,2.18,642,2.07,13214,15_47_55_23_06_2025,1.19,6.06,7.57,0.01,-0.00,-0.00
-10762,3.09,1196,2.18,643,2.07,13242,15_47_55_23_06_2025,1.19,6.07,7.57,0.01,-0.00,0.00
-10680,3.08,1126,2.19,643,2.07,13264,15_47_55_23_06_2025,1.20,6.06,7.58,0.00,-0.00,-0.00
-10732,3.09,1067,2.19,643,2.07,13289,15_47_55_23_06_2025,1.20,6.07,7.57,0.01,-0.00,-0.00
-10674,3.08,1221,2.18,642,2.07,13314,15_47_55_23_06_2025,1.19,6.07,7.58,0.00,-0.00,0.00
-10516,3.07,1233,2.18,643,2.07,13339,15_47_55_23_06_2025,1.19,6.06,7.58,0.01,-0.00,-0.00
-10562,3.07,1270,2.18,642,2.07,13365,15_47_55_23_06_2025,1.19,6.07,7.58,0.00,-0.00,0.00
-10673,3.08,1096,2.19,643,2.07,13392,15_47_55_23_06_2025,1.20,6.07,7.58,0.01,-0.00,0.00
-10736,3.09,1055,2.19,642,2.07,13415,15_47_55_23_06_2025,1.20,6.06,7.57,0.01,-0.00,-0.00
-10628,3.08,1343,2.17,643,2.07,13440,15_47_55_23_06_2025,1.20,6.07,7.59,0.00,-0.00,0.00
-10564,3.07,1167,2.18,642,2.07,13465,15_47_55_23_06_2025,1.19,6.07,7.59,0.01,-0.00,0.00
-10668,3.08,1307,2.17,642,2.07,13490,15_47_55_23_06_2025,1.19,6.06,7.58,0.01,-0.00,0.00
-10704,3.08,1287,2.18,641,2.07,13515,15_47_55_23_06_2025,1.20,6.07,7.58,0.01,-0.00,0.00
-10592,3.08,1165,2.18,642,2.07,13543,15_47_55_23_06_2025,1.20,6.07,7.58,0.01,-0.00,-0.00
-10770,3.09,1053,2.19,643,2.07,13565,15_47_55_23_06_2025,1.20,6.07,7.58,0.01,-0.00,-0.00
-10523,3.07,1282,2.18,643,2.07,13590,15_47_55_23_06_2025,1.20,6.06,7.58,0.01,-0.00,0.00
-10737,3.09,1405,2.17,643,2.07,13615,15_47_55_23_06_2025,1.19,6.07,7.58,0.00,-0.00,-0.00
-10678,3.08,1335,2.17,643,2.07,13640,15_47_55_23_06_2025,1.19,6.07,7.57,0.00,-0.00,-0.00
-10640,3.08,1264,2.18,643,2.07,13668,15_47_56_23_06_2025,1.19,6.06,7.58,0.00,-0.00,0.00
-10422,3.06,1109,2.19,642,2.07,13691,15_47_56_23_06_2025,1.19,6.06,7.58,0.00,-0.00,-0.00
-10559,3.07,1336,2.17,643,2.07,13716,15_47_56_23_06_2025,1.20,6.07,7.57,0.00,-0.00,0.00
-10646,3.08,1270,2.18,643,2.07,13741,15_47_56_23_06_2025,1.20,6.06,7.57,0.01,-0.00,-0.00
-10603,3.08,1134,2.19,642,2.07,13766,15_47_56_23_06_2025,1.20,6.07,7.57,0.01,-0.00,0.00
-10631,3.08,1103,2.19,643,2.07,13791,15_47_56_23_06_2025,1.19,6.06,7.57,0.00,-0.00,0.00
-10632,3.08,1132,2.19,643,2.07,13819,15_47_56_23_06_2025,1.20,6.06,7.57,0.01,-0.00,0.00
-10604,3.08,1350,2.17,643,2.07,13842,15_47_56_23_06_2025,1.20,6.07,7.57,0.01,-0.00,0.00
-10583,3.07,1203,2.18,642,2.07,13867,15_47_56_23_06_2025,1.19,6.07,7.58,0.01,-0.00,-0.00
-10775,3.09,1213,2.18,642,2.07,13892,15_47_56_23_06_2025,1.20,6.07,7.58,0.00,-0.00,-0.00
-10698,3.08,1258,2.18,643,2.07,13917,15_47_56_23_06_2025,1.20,6.06,7.57,0.00,-0.00,0.00
-10577,3.07,1160,2.18,642,2.07,13942,15_47_56_23_06_2025,1.20,6.07,7.57,0.00,-0.00,0.00
-10767,3.09,1120,2.19,642,2.07,13970,15_47_56_23_06_2025,1.19,6.07,7.57,0.00,-0.00,-0.00
-10769,3.09,1122,2.19,642,2.07,13992,15_47_56_23_06_2025,1.20,6.07,7.58,0.01,-0.00,-0.00
-10872,3.10,1215,2.18,643,2.07,14017,15_47_56_23_06_2025,1.19,6.06,7.58,0.00,-0.00,-0.00
-10671,3.08,985,2.20,643,2.07,14042,15_47_56_23_06_2025,1.19,6.07,7.58,0.00,-0.00,-0.00
-10617,3.08,1167,2.18,643,2.07,14068,15_47_56_23_06_2025,1.20,6.07,7.57,0.00,-0.01,-0.00
-10635,3.08,1054,2.19,643,2.07,14093,15_47_56_23_06_2025,1.20,6.07,7.58,0.01,-0.00,-0.00
-10596,3.08,1145,2.19,643,2.07,14120,15_47_56_23_06_2025,1.20,6.07,7.58,0.00,-0.00,0.00
-10607,3.08,1279,2.18,643,2.07,14143,15_47_56_23_06_2025,1.19,6.06,7.58,0.01,-0.00,0.00
-10618,3.08,1342,2.17,643,2.07,14168,15_47_56_23_06_2025,1.21,6.08,7.57,0.00,-0.00,-0.00
-10482,3.07,1072,2.19,643,2.07,14193,15_47_56_23_06_2025,1.20,6.07,7.58,0.00,-0.00,0.00
-10696,3.08,1168,2.18,642,2.07,14218,15_47_56_23_06_2025,1.20,6.06,7.57,0.01,-0.00,-0.00
-10737,3.09,1365,2.17,643,2.07,14246,15_47_56_23_06_2025,1.19,6.06,7.58,0.01,-0.00,-0.00
-10621,3.08,1029,2.19,643,2.07,14268,15_47_56_23_06_2025,1.20,6.07,7.58,0.01,-0.00,-0.00
-10511,3.07,1056,2.19,643,2.07,14293,15_47_56_23_06_2025,1.20,6.07,7.58,0.01,-0.00,0.00
-10619,3.08,1085,2.19,643,2.07,14318,15_47_56_23_06_2025,1.20,6.07,7.58,0.00,-0.01,-0.00
-10613,3.08,1161,2.18,642,2.07,14344,15_47_56_23_06_2025,1.20,6.06,7.57,0.00,-0.00,0.00
-10664,3.08,1309,2.17,642,2.07,14369,15_47_56_23_06_2025,1.20,6.07,7.57,0.00,-0.00,0.00
-10632,3.08,1316,2.17,642,2.07,14397,15_47_56_23_06_2025,1.20,6.07,7.58,0.01,-0.00,-0.00
-10697,3.08,1297,2.17,643,2.07,14419,15_47_56_23_06_2025,1.20,6.06,7.58,0.00,-0.00,0.00
-10722,3.09,1224,2.18,643,2.07,14444,15_47_56_23_06_2025,1.20,6.06,7.58,0.01,-0.00,0.00
-10594,3.08,1195,2.18,643,2.07,14469,15_47_56_23_06_2025,1.20,6.07,7.58,0.01,-0.00,0.00
-10436,3.06,1074,2.19,642,2.07,14494,15_47_56_23_06_2025,1.20,6.07,7.58,0.01,-0.00,-0.00
-10496,3.07,994,2.20,643,2.07,14519,15_47_56_23_06_2025,1.19,6.06,7.58,0.00,-0.00,-0.00
-10593,3.08,1066,2.19,643,2.07,14547,15_47_56_23_06_2025,1.19,6.06,7.59,0.00,-0.00,-0.00
-10591,3.08,915,2.20,643,2.07,14570,15_47_56_23_06_2025,1.19,6.07,7.58,0.01,-0.00,-0.00
-10565,3.07,1047,2.19,643,2.07,14593,15_47_56_23_06_2025,1.19,6.07,7.58,0.01,-0.00,-0.00
-10643,3.08,1250,2.18,642,2.07,14615,15_47_56_23_06_2025,1.19,6.06,7.58,0.01,-0.00,-0.00
-10605,3.08,1353,2.17,643,2.07,14637,15_47_56_23_06_2025,1.19,6.07,7.58,0.00,-0.00,0.00
-10647,3.08,1334,2.17,643,2.07,14659,15_47_57_23_06_2025,1.19,6.07,7.57,0.00,-0.00,0.00
-10761,3.09,1249,2.18,642,2.07,14687,15_47_57_23_06_2025,1.20,6.06,7.58,0.01,-0.00,-0.00
-10687,3.08,1133,2.19,643,2.07,14710,15_47_57_23_06_2025,1.20,6.07,7.59,0.00,-0.00,0.00
-10565,3.07,1308,2.17,643,2.07,14735,15_47_57_23_06_2025,1.19,6.07,7.58,0.01,-0.00,0.00
-10762,3.09,1009,2.20,643,2.07,14760,15_47_57_23_06_2025,1.19,6.06,7.58,0.01,-0.00,0.00
-10551,3.07,1078,2.19,643,2.07,14785,15_47_57_23_06_2025,1.19,6.07,7.59,0.01,-0.00,-0.00
-10675,3.08,1175,2.18,643,2.07,14813,15_47_57_23_06_2025,1.20,6.07,7.58,0.00,-0.00,-0.00
-10664,3.08,1346,2.17,643,2.07,14835,15_47_57_23_06_2025,1.20,6.06,7.58,0.01,-0.00,-0.00
-10522,3.07,1252,2.18,643,2.07,14860,15_47_57_23_06_2025,1.20,6.07,7.58,0.00,-0.00,0.00
-10676,3.08,1313,2.17,643,2.07,14885,15_47_57_23_06_2025,1.20,6.06,7.58,0.01,-0.00,0.00
-10875,3.10,1209,2.18,643,2.07,14910,15_47_57_23_06_2025,1.20,6.06,7.58,0.00,-0.00,0.00
-10743,3.09,1191,2.18,643,2.07,14935,15_47_57_23_06_2025,1.19,6.06,7.58,0.01,-0.00,-0.00
-10843,3.09,991,2.20,643,2.07,14963,15_47_57_23_06_2025,1.20,6.07,7.58,0.01,-0.00,-0.00
-10636,3.08,1298,2.17,642,2.07,14985,15_47_57_23_06_2025,1.19,6.06,7.58,0.00,-0.00,0.00
-10568,3.07,1178,2.18,643,2.07,15010,15_47_57_23_06_2025,1.19,6.06,7.57,0.01,-0.00,0.00
-10779,3.09,1250,2.18,643,2.07,15035,15_47_57_23_06_2025,1.20,6.07,7.58,0.01,-0.00,0.00
-10643,3.08,1197,2.18,643,2.07,15057,15_47_57_23_06_2025,1.21,6.07,7.58,0.01,-0.00,-0.00
-10643,3.08,1384,2.17,643,2.07,15079,15_47_57_23_06_2025,1.20,6.07,7.58,0.00,-0.00,-0.00
-10693,3.08,1272,2.18,643,2.07,15104,15_47_57_23_06_2025,1.20,6.07,7.57,0.00,-0.00,0.00
-10655,3.08,1161,2.18,643,2.07,15127,15_47_57_23_06_2025,1.19,6.07,7.57,0.01,-0.00,0.00
-10654,3.08,1226,2.18,643,2.07,15149,15_47_57_23_06_2025,1.20,6.06,7.57,0.00,-0.00,0.00
-10568,3.07,1085,2.19,643,2.07,15171,15_47_57_23_06_2025,1.19,6.06,7.58,0.01,-0.00,0.00
-10666,3.08,1161,2.18,642,2.07,15196,15_47_57_23_06_2025,1.20,6.06,7.58,0.00,-0.00,0.00
-10695,3.08,1200,2.18,643,2.07,15224,15_47_57_23_06_2025,1.20,6.07,7.58,0.01,-0.00,0.00
-10742,3.09,1283,2.18,643,2.07,15246,15_47_57_23_06_2025,1.20,6.06,7.58,0.00,-0.00,-0.00
-10589,3.07,1168,2.18,642,2.07,15272,15_47_57_23_06_2025,1.20,6.06,7.58,0.00,-0.01,0.00
-10771,3.09,1188,2.18,642,2.07,15294,15_47_57_23_06_2025,1.20,6.07,7.58,0.00,-0.00,-0.00
-10504,3.07,1167,2.18,642,2.07,15317,15_47_57_23_06_2025,1.20,6.06,7.58,0.01,-0.00,-0.00
-10609,3.08,1143,2.19,643,2.07,15342,15_47_57_23_06_2025,1.20,6.06,7.58,0.01,-0.00,-0.00
-10739,3.09,1081,2.19,643,2.07,15370,15_47_57_23_06_2025,1.20,6.07,7.58,0.01,-0.00,0.00
-10699,3.08,1363,2.17,643,2.07,15392,15_47_57_23_06_2025,1.19,6.07,7.58,0.01,-0.00,0.00
-10739,3.09,1280,2.18,643,2.07,15417,15_47_57_23_06_2025,1.20,6.06,7.58,0.00,-0.00,0.00
-10619,3.08,1057,2.19,642,2.07,15442,15_47_57_23_06_2025,1.19,6.07,7.57,0.00,-0.00,-0.00
-10451,3.06,1388,2.17,643,2.07,15467,15_47_57_23_06_2025,1.20,6.07,7.56,0.01,-0.00,0.00
-10763,3.09,1335,2.17,642,2.07,15492,15_47_57_23_06_2025,1.20,6.06,7.58,0.00,-0.00,-0.00
-10785,3.09,1175,2.18,642,2.07,15520,15_47_57_23_06_2025,1.19,6.07,7.58,0.01,-0.00,-0.00
-10650,3.08,1126,2.19,643,2.07,15543,15_47_57_23_06_2025,1.21,6.07,7.58,0.01,-0.00,0.00
-10712,3.08,1049,2.19,643,2.07,15568,15_47_57_23_06_2025,1.20,6.07,7.57,0.00,-0.00,-0.00
-10707,3.08,1172,2.18,643,2.07,15593,15_47_57_23_06_2025,1.20,6.07,7.57,0.01,-0.00,-0.00
-10896,3.10,1233,2.18,642,2.07,15618,15_47_57_23_06_2025,1.20,6.08,7.58,0.00,-0.00,0.00
-10637,3.08,1058,2.19,642,2.07,15643,15_47_58_23_06_2025,1.19,6.07,7.57,0.00,-0.00,0.00
-10555,3.07,1254,2.18,642,2.07,15671,15_47_58_23_06_2025,1.20,6.07,7.59,0.01,-0.00,0.00
-10678,3.08,1201,2.18,641,2.07,15693,15_47_58_23_06_2025,1.20,6.08,7.58,0.00,-0.00,0.00
-10739,3.09,1255,2.18,643,2.07,15718,15_47_58_23_06_2025,1.20,6.07,7.58,0.00,-0.00,0.00
-10648,3.08,1224,2.18,642,2.07,15743,15_47_58_23_06_2025,1.20,6.07,7.58,0.01,-0.00,-0.00
-10720,3.08,1103,2.19,642,2.07,15768,15_47_58_23_06_2025,1.19,6.07,7.58,0.00,-0.00,0.00
-10719,3.08,1369,2.17,643,2.07,15796,15_47_58_23_06_2025,1.20,6.07,7.58,0.00,-0.00,-0.00
-10651,3.08,1113,2.19,643,2.07,15818,15_47_58_23_06_2025,1.20,6.07,7.57,0.01,-0.00,-0.00
-10754,3.09,1385,2.17,642,2.07,15844,15_47_58_23_06_2025,1.20,6.06,7.58,0.00,-0.00,-0.00
-10522,3.07,994,2.20,643,2.07,15869,15_47_58_23_06_2025,1.19,6.07,7.57,0.00,-0.00,0.00
-10582,3.07,1169,2.18,643,2.07,15894,15_47_58_23_06_2025,1.20,6.06,7.59,0.00,-0.00,-0.00
-10593,3.08,1165,2.18,643,2.07,15919,15_47_58_23_06_2025,1.20,6.07,7.58,0.01,-0.00,-0.00
-10754,3.09,1235,2.18,643,2.07,15947,15_47_58_23_06_2025,1.20,6.07,7.57,0.01,-0.00,0.00
-10672,3.08,1094,2.19,643,2.07,15970,15_47_58_23_06_2025,1.19,6.07,7.58,0.00,-0.00,-0.00
-10760,3.09,1181,2.18,643,2.07,15993,15_47_58_23_06_2025,1.20,6.07,7.58,0.01,-0.00,0.00
-10705,3.08,1255,2.18,642,2.07,16015,15_47_58_23_06_2025,1.20,6.08,7.58,0.01,-0.00,0.00
-10703,3.08,1059,2.19,643,2.07,16037,15_47_58_23_06_2025,1.20,6.06,7.58,0.01,-0.00,0.00
-10677,3.08,1096,2.19,643,2.07,16060,15_47_58_23_06_2025,1.19,6.07,7.58,0.01,-0.00,0.00
-10556,3.07,1210,2.18,643,2.07,16224,15_47_58_23_06_2025,1.20,6.07,7.58,0.01,-0.00,0.00
-10631,3.08,1165,2.18,642,2.07,16247,15_47_58_23_06_2025,1.19,6.06,7.59,0.00,-0.00,-0.00
-10666,3.08,1228,2.18,643,2.07,16269,15_47_58_23_06_2025,1.19,6.06,7.58,0.01,-0.00,0.00
-10705,3.08,1328,2.17,642,2.07,16294,15_47_58_23_06_2025,1.20,6.07,7.58,0.00,-0.00,0.00
-10611,3.08,1232,2.18,642,2.07,16319,15_47_58_23_06_2025,1.20,6.07,7.58,0.01,-0.00,-0.00
-10713,3.08,1220,2.18,642,2.07,16344,15_47_58_23_06_2025,1.20,6.07,7.58,0.01,-0.00,-0.00
-10489,3.07,1135,2.19,642,2.07,16372,15_47_58_23_06_2025,1.19,6.07,7.58,0.01,-0.00,-0.00
-10605,3.08,1193,2.18,643,2.07,16395,15_47_58_23_06_2025,1.19,6.07,7.58,0.01,-0.00,-0.00
-10537,3.07,1284,2.18,642,2.07,16420,15_47_58_23_06_2025,1.19,6.07,7.58,0.00,-0.00,0.00
-10485,3.07,1223,2.18,642,2.07,16445,15_47_58_23_06_2025,1.19,6.06,7.57,0.00,-0.00,-0.00
-10550,3.07,1154,2.19,643,2.07,16470,15_47_58_23_06_2025,1.20,6.06,7.57,0.00,-0.01,-0.00
-10730,3.09,1121,2.19,643,2.07,16498,15_47_58_23_06_2025,1.19,6.07,7.58,0.01,-0.00,0.00
-10449,3.06,1140,2.19,643,2.07,16520,15_47_58_23_06_2025,1.20,6.07,7.58,0.01,-0.00,0.00
-10617,3.08,1227,2.18,642,2.07,16545,15_47_58_23_06_2025,1.20,6.07,7.57,0.01,-0.00,-0.00
-10674,3.08,1253,2.18,643,2.07,16570,15_47_58_23_06_2025,1.20,6.07,7.57,0.01,-0.00,-0.00
-10613,3.08,1315,2.17,643,2.07,16596,15_47_58_23_06_2025,1.20,6.07,7.57,0.00,-0.00,-0.00
-10693,3.08,1284,2.18,643,2.07,16621,15_47_58_23_06_2025,1.20,6.07,7.58,0.01,-0.00,0.00
-10782,3.09,1206,2.18,642,2.07,16649,15_47_59_23_06_2025,1.20,6.07,7.57,0.00,-0.00,0.00
-10667,3.08,1315,2.17,643,2.07,16671,15_47_59_23_06_2025,1.20,6.07,7.58,0.00,-0.00,0.00
-10556,3.07,1050,2.19,643,2.07,16696,15_47_59_23_06_2025,1.19,6.06,7.57,0.01,-0.00,-0.00
-10494,3.07,1167,2.18,643,2.07,16721,15_47_59_23_06_2025,1.20,6.07,7.57,0.01,-0.00,0.00
-10733,3.09,1236,2.18,642,2.07,16746,15_47_59_23_06_2025,1.19,6.06,7.58,0.01,-0.00,-0.00
-10736,3.09,1322,2.17,642,2.07,16771,15_47_59_23_06_2025,1.19,6.07,7.57,0.01,-0.00,0.00
-10824,3.09,1042,2.19,643,2.07,16799,15_47_59_23_06_2025,1.19,6.07,7.58,0.01,-0.00,-0.00
-10844,3.09,1334,2.17,642,2.07,16822,15_47_59_23_06_2025,1.20,6.07,7.58,0.00,-0.00,0.00
-10637,3.08,1213,2.18,643,2.07,16847,15_47_59_23_06_2025,1.19,6.06,7.58,0.00,-0.00,0.00
-10523,3.07,1197,2.18,643,2.07,16872,15_47_59_23_06_2025,1.20,6.06,7.58,0.00,-0.00,-0.00
-10684,3.08,1204,2.18,643,2.07,16897,15_47_59_23_06_2025,1.19,6.07,7.58,0.01,-0.00,0.00
-10731,3.09,1225,2.18,642,2.07,16925,15_47_59_23_06_2025,1.20,6.06,7.58,0.01,-0.00,-0.00
-10471,3.07,1334,2.17,643,2.07,16948,15_47_59_23_06_2025,1.20,6.06,7.58,0.01,-0.00,-0.00
-10516,3.07,1207,2.18,642,2.07,16971,15_47_59_23_06_2025,1.20,6.06,7.57,0.01,-0.00,-0.00
-10458,3.07,1274,2.18,642,2.07,16993,15_47_59_23_06_2025,1.19,6.06,7.58,0.01,-0.00,-0.00
-10661,3.08,1188,2.18,643,2.07,17015,15_47_59_23_06_2025,1.19,6.08,7.57,0.01,-0.01,-0.00
-10719,3.08,1341,2.17,643,2.07,17037,15_47_59_23_06_2025,1.19,6.07,7.57,0.01,-0.00,0.00
-10639,3.08,1342,2.17,643,2.07,17065,15_47_59_23_06_2025,1.19,6.07,7.58,0.01,-0.00,-0.00
-10538,3.07,1423,2.16,643,2.07,17088,15_47_59_23_06_2025,1.19,6.07,7.57,0.01,-0.00,-0.00
-10584,3.07,1134,2.19,642,2.07,17113,15_47_59_23_06_2025,1.20,6.07,7.58,0.00,-0.00,-0.00
-10647,3.08,1093,2.19,643,2.07,17138,15_47_59_23_06_2025,1.19,6.06,7.58,0.01,-0.00,0.00
-10762,3.09,1224,2.18,642,2.07,17163,15_47_59_23_06_2025,1.19,6.07,7.58,0.01,-0.00,0.00
-10677,3.08,1169,2.18,643,2.07,17188,15_47_59_23_06_2025,1.20,6.07,7.58,0.01,-0.00,-0.00
-10515,3.07,1435,2.16,642,2.07,17216,15_47_59_23_06_2025,1.18,6.07,7.58,0.01,-0.00,-0.00
-10517,3.07,1166,2.18,642,2.07,17238,15_47_59_23_06_2025,1.19,6.07,7.58,0.01,-0.00,0.00
-10758,3.09,1186,2.18,643,2.07,17263,15_47_59_23_06_2025,1.20,6.06,7.58,0.00,-0.00,-0.00
-10691,3.08,1237,2.18,643,2.07,17289,15_47_59_23_06_2025,1.19,6.06,7.58,0.01,-0.00,-0.00
-10458,3.07,1146,2.19,643,2.07,17314,15_47_59_23_06_2025,1.19,6.07,7.58,0.01,-0.00,-0.00
-10673,3.08,1329,2.17,643,2.07,17339,15_47_59_23_06_2025,1.19,6.06,7.58,0.01,-0.00,0.00
-10608,3.08,1226,2.18,643,2.07,17367,15_47_59_23_06_2025,1.19,6.06,7.57,0.01,-0.00,0.00
-10613,3.08,1139,2.19,642,2.07,17389,15_47_59_23_06_2025,1.19,6.06,7.57,0.01,-0.00,-0.00
-10659,3.08,1306,2.17,643,2.07,17414,15_47_59_23_06_2025,1.20,6.07,7.59,0.01,-0.00,0.00
-10781,3.09,983,2.20,643,2.07,17439,15_47_59_23_06_2025,1.19,6.06,7.58,0.01,-0.00,-0.00
-10514,3.07,1109,2.19,643,2.07,17464,15_47_59_23_06_2025,1.19,6.06,7.58,0.00,-0.00,0.00
-10579,3.07,1250,2.18,642,2.07,17492,15_47_59_23_06_2025,1.19,6.06,7.58,0.01,-0.00,-0.00
-10753,3.09,1349,2.17,643,2.07,17514,15_47_59_23_06_2025,1.20,6.07,7.57,0.01,-0.00,0.00
-10667,3.08,1428,2.16,643,2.07,17539,15_47_59_23_06_2025,1.19,6.06,7.58,0.00,-0.00,-0.00
-10605,3.08,1129,2.19,642,2.07,17564,15_47_59_23_06_2025,1.19,6.08,7.57,0.00,-0.00,-0.00
-10432,3.06,1116,2.19,643,2.07,17589,15_47_59_23_06_2025,1.19,6.07,7.57,0.00,-0.00,0.00
-10418,3.06,1174,2.18,643,2.07,17614,15_47_59_23_06_2025,1.20,6.07,7.58,0.01,-0.00,0.00
-10590,3.08,1388,2.17,643,2.07,17642,15_48_00_23_06_2025,1.20,6.06,7.56,0.00,-0.01,-0.00
-10646,3.08,1204,2.18,642,2.07,17665,15_48_00_23_06_2025,1.20,6.07,7.57,0.01,-0.00,0.00
-10725,3.09,1326,2.17,642,2.07,17687,15_48_00_23_06_2025,1.18,6.07,7.58,0.00,-0.00,0.00
-10796,3.09,1157,2.19,642,2.07,17710,15_48_00_23_06_2025,1.19,6.06,7.58,0.01,-0.00,-0.00
-10559,3.07,1040,2.19,643,2.07,17735,15_48_00_23_06_2025,1.19,6.06,7.57,0.00,-0.00,-0.00
-10674,3.08,1168,2.18,643,2.07,17760,15_48_00_23_06_2025,1.19,6.07,7.57,0.01,-0.00,0.00
-10536,3.07,1198,2.18,642,2.07,17788,15_48_00_23_06_2025,1.20,6.06,7.58,0.00,-0.00,0.00
-10742,3.09,1221,2.18,643,2.07,17810,15_48_00_23_06_2025,1.20,6.06,7.57,0.00,-0.00,-0.00
-10643,3.08,1275,2.18,642,2.07,17835,15_48_00_23_06_2025,1.19,6.06,7.58,0.00,-0.00,0.00
-10602,3.08,1333,2.17,642,2.07,17860,15_48_00_23_06_2025,1.20,6.06,7.57,0.00,-0.00,0.00
-10642,3.08,1269,2.18,643,2.07,17885,15_48_00_23_06_2025,1.20,6.06,7.58,0.01,-0.00,0.00
-10776,3.09,1250,2.18,642,2.07,17913,15_48_00_23_06_2025,1.20,6.07,7.58,0.01,-0.00,0.00
-10663,3.08,1371,2.17,643,2.07,17935,15_48_00_23_06_2025,1.20,6.06,7.57,0.01,-0.00,0.00
-10598,3.08,1270,2.18,642,2.07,17960,15_48_00_23_06_2025,1.19,6.07,7.58,0.00,-0.00,-0.00
-10603,3.08,1227,2.18,642,2.07,17986,15_48_00_23_06_2025,1.20,6.07,7.58,0.01,-0.00,0.00
-10638,3.08,1273,2.18,642,2.07,18011,15_48_00_23_06_2025,1.20,6.06,7.58,0.00,-0.00,-0.00
-10701,3.08,1109,2.19,643,2.07,18036,15_48_00_23_06_2025,1.19,6.06,7.57,0.01,-0.00,0.00
-10643,3.08,1150,2.19,642,2.07,18064,15_48_00_23_06_2025,1.19,6.07,7.57,0.01,-0.00,0.00
-10461,3.07,1268,2.18,643,2.07,18086,15_48_00_23_06_2025,1.20,6.06,7.58,0.01,-0.00,-0.00
-10461,3.07,1390,2.17,643,2.07,18111,15_48_00_23_06_2025,1.20,6.07,7.57,0.01,-0.00,0.00
-10652,3.08,1349,2.17,642,2.07,18133,15_48_00_23_06_2025,1.19,6.07,7.57,0.01,-0.00,0.00
-10478,3.07,1125,2.19,642,2.07,18155,15_48_00_23_06_2025,1.19,6.06,7.58,0.01,-0.00,-0.00
-10639,3.08,1198,2.18,642,2.07,18177,15_48_00_23_06_2025,1.20,6.07,7.57,0.01,-0.00,0.00
-10751,3.09,1329,2.17,643,2.07,18202,15_48_00_23_06_2025,1.19,6.06,7.58,0.01,-0.00,0.00
-10632,3.08,1101,2.19,643,2.07,18225,15_48_00_23_06_2025,1.19,6.07,7.57,0.01,-0.00,0.00
-10693,3.08,1120,2.19,643,2.07,18247,15_48_00_23_06_2025,1.20,6.07,7.58,0.01,-0.00,-0.00
-10716,3.08,1160,2.18,642,2.07,18269,15_48_00_23_06_2025,1.19,6.07,7.57,0.00,-0.00,-0.00
-10623,3.08,1084,2.19,643,2.07,18291,15_48_00_23_06_2025,1.19,6.07,7.59,0.01,-0.00,0.00
-10668,3.08,1119,2.19,642,2.07,18314,15_48_00_23_06_2025,1.19,6.07,7.58,0.01,-0.00,0.00
-10555,3.07,1432,2.16,642,2.07,18339,15_48_00_23_06_2025,1.19,6.07,7.58,0.00,-0.00,-0.00
-10586,3.07,1377,2.17,642,2.07,18362,15_48_00_23_06_2025,1.19,6.07,7.57,0.00,-0.00,0.00
-10664,3.08,1138,2.19,643,2.07,18384,15_48_00_23_06_2025,1.19,6.06,7.58,0.01,-0.00,-0.00
-10508,3.07,1179,2.18,643,2.07,18406,15_48_00_23_06_2025,1.19,6.08,7.58,0.01,-0.00,0.00
-10757,3.09,1168,2.18,643,2.07,18429,15_48_00_23_06_2025,1.19,6.07,7.58,0.01,-0.00,0.00
-10742,3.09,1189,2.18,643,2.07,18454,15_48_00_23_06_2025,1.19,6.07,7.57,0.01,-0.00,0.00
-10585,3.07,1207,2.18,642,2.07,18476,15_48_00_23_06_2025,1.19,6.06,7.59,0.00,-0.00,-0.00
-10667,3.08,1252,2.18,643,2.07,18498,15_48_00_23_06_2025,1.19,6.07,7.58,0.00,-0.00,-0.00
-10745,3.09,1349,2.17,643,2.07,18520,15_48_00_23_06_2025,1.19,6.07,7.58,0.01,-0.00,-0.00
-10694,3.08,1056,2.19,643,2.07,18545,15_48_00_23_06_2025,1.20,6.06,7.59,0.00,-0.00,-0.00
-10617,3.08,1165,2.18,642,2.07,18570,15_48_00_23_06_2025,1.19,6.06,7.58,0.01,-0.00,0.00
-10561,3.07,1353,2.17,642,2.07,18605,15_48_00_23_06_2025,1.20,6.06,7.57,0.01,-0.00,0.00
-10754,3.09,1126,2.19,642,2.07,18631,15_48_00_23_06_2025,1.20,6.07,7.58,0.00,-0.00,-0.00
-10611,3.08,1016,2.20,643,2.07,18656,15_48_01_23_06_2025,1.20,6.06,7.58,0.00,-0.00,-0.00
-10558,3.07,1186,2.18,643,2.07,18681,15_48_01_23_06_2025,1.20,6.07,7.58,0.01,-0.00,-0.00
-10533,3.07,1233,2.18,642,2.07,18706,15_48_01_23_06_2025,1.20,6.07,7.57,0.01,-0.00,-0.00
-10707,3.08,1275,2.18,642,2.07,18731,15_48_01_23_06_2025,1.20,6.07,7.58,0.01,-0.00,-0.00
-10614,3.08,1421,2.17,643,2.07,18759,15_48_01_23_06_2025,1.19,6.07,7.58,0.01,-0.00,0.00
-10623,3.08,1415,2.17,642,2.07,18781,15_48_01_23_06_2025,1.19,6.06,7.57,0.01,-0.00,-0.00
-10470,3.07,1283,2.18,643,2.07,18806,15_48_01_23_06_2025,1.20,6.06,7.57,0.00,-0.00,0.00
-10706,3.08,1352,2.17,642,2.07,18831,15_48_01_23_06_2025,1.19,6.06,7.58,0.00,-0.00,0.00
-10707,3.08,1089,2.19,643,2.07,18857,15_48_01_23_06_2025,1.19,6.06,7.57,0.01,-0.01,0.00
-10451,3.06,1064,2.19,643,2.07,18882,15_48_01_23_06_2025,1.19,6.06,7.57,0.00,-0.00,-0.00
-10779,3.09,1056,2.19,642,2.07,18905,15_48_01_23_06_2025,1.19,6.06,7.56,0.00,-0.00,-0.00
-10699,3.08,1178,2.18,643,2.07,18927,15_48_01_23_06_2025,1.20,6.06,7.57,0.01,-0.00,-0.00
-10771,3.09,986,2.20,643,2.07,18952,15_48_01_23_06_2025,1.20,6.07,7.57,0.00,-0.00,-0.00
-10660,3.08,1219,2.18,642,2.07,18977,15_48_01_23_06_2025,1.20,6.07,7.57,0.00,-0.00,0.00
-10670,3.08,1052,2.19,643,2.07,19003,15_48_01_23_06_2025,1.20,6.07,7.59,0.00,-0.00,0.00
-10412,3.06,1196,2.18,642,2.07,19030,15_48_01_23_06_2025,1.20,6.06,7.58,0.01,-0.00,-0.00
-10556,3.07,1112,2.19,643,2.07,19054,15_48_01_23_06_2025,1.18,6.01,7.61,0.01,-0.00,-0.00
-10638,3.08,1122,2.19,643,2.07,19076,15_48_01_23_06_2025,1.22,6.07,7.63,0.01,-0.00,0.00
-10671,3.08,1233,2.18,643,2.07,19098,15_48_01_23_06_2025,1.17,6.12,7.41,0.02,-0.02,0.01
-10551,3.07,1183,2.18,643,2.07,19123,15_48_01_23_06_2025,1.28,6.14,7.54,0.00,0.01,-0.00
-10612,3.08,1394,2.17,642,2.07,19149,15_48_01_23_06_2025,1.16,6.04,7.70,0.00,-0.00,0.01
-10746,3.09,1296,2.17,642,2.07,19177,15_48_01_23_06_2025,1.17,6.03,7.61,0.01,-0.00,0.01
-10635,3.08,1370,2.17,642,2.07,19199,15_48_01_23_06_2025,1.23,6.09,7.61,0.01,-0.00,0.01
-10696,3.08,1195,2.18,643,2.07,19224,15_48_01_23_06_2025,1.22,6.06,7.53,0.01,-0.00,0.00
-10696,3.08,1220,2.18,643,2.07,19249,15_48_01_23_06_2025,1.21,6.10,7.55,0.00,-0.00,-0.00
-10670,3.08,1242,2.18,642,2.07,19274,15_48_01_23_06_2025,1.18,6.06,7.58,0.00,-0.00,-0.00
-10498,3.07,1247,2.18,642,2.07,19299,15_48_01_23_06_2025,1.20,6.06,7.60,0.00,-0.00,0.00
-10711,3.08,1188,2.18,643,2.07,19327,15_48_01_23_06_2025,1.18,6.05,7.58,0.01,-0.01,-0.00
-10632,3.08,1274,2.18,642,2.07,19350,15_48_01_23_06_2025,1.19,6.07,7.57,0.01,-0.00,-0.00
-10377,3.06,1222,2.18,643,2.07,19375,15_48_01_23_06_2025,1.19,6.07,7.58,0.01,-0.00,0.00
-10874,3.10,1134,2.19,642,2.07,19400,15_48_01_23_06_2025,1.19,6.07,7.58,0.01,-0.00,0.00
-10695,3.08,1230,2.18,643,2.07,19425,15_48_01_23_06_2025,1.21,6.07,7.55,0.01,-0.00,0.00
-10717,3.08,1262,2.18,642,2.07,19453,15_48_01_23_06_2025,1.20,6.07,7.56,0.00,-0.00,0.00
-10642,3.08,1283,2.18,642,2.07,19475,15_48_01_23_06_2025,1.19,6.05,7.62,0.00,-0.00,-0.00
-10641,3.08,1291,2.17,642,2.07,19500,15_48_01_23_06_2025,1.17,6.05,7.60,0.01,-0.00,-0.00
-10646,3.08,1369,2.17,642,2.07,19525,15_48_01_23_06_2025,1.19,6.08,7.56,0.01,-0.00,0.00
-10552,3.07,930,2.20,643,2.07,19551,15_48_01_23_06_2025,1.21,6.09,7.54,0.00,-0.00,0.00
-10586,3.07,1083,2.19,642,2.07,19576,15_48_01_23_06_2025,1.21,6.07,7.57,0.00,-0.00,-0.00
-10681,3.08,1193,2.18,643,2.07,19604,15_48_01_23_06_2025,1.18,6.05,7.60,0.00,-0.00,-0.00
-10555,3.07,1197,2.18,642,2.07,19626,15_48_01_23_06_2025,1.18,6.05,7.60,0.01,-0.01,-0.00
-10778,3.09,1076,2.19,643,2.07,19651,15_48_02_23_06_2025,1.20,6.07,7.55,0.01,-0.00,0.00
-10553,3.07,1079,2.19,643,2.07,19676,15_48_02_23_06_2025,1.21,6.08,7.53,0.01,-0.00,0.00
-10695,3.08,1079,2.19,643,2.07,19701,15_48_02_23_06_2025,1.21,6.06,7.59,0.00,-0.00,-0.00
-10653,3.08,1243,2.18,643,2.07,19726,15_48_02_23_06_2025,1.19,6.05,7.62,0.00,-0.00,-0.00
-10620,3.08,1163,2.18,643,2.07,19754,15_48_02_23_06_2025,1.18,6.06,7.59,0.01,-0.00,-0.00
-10462,3.07,1172,2.18,643,2.07,19777,15_48_02_23_06_2025,1.19,6.08,7.56,0.00,-0.00,-0.00
-10497,3.07,1464,2.16,642,2.07,19799,15_48_02_23_06_2025,1.20,6.08,7.55,0.01,-0.00,0.00
-10653,3.08,1131,2.19,643,2.07,19821,15_48_02_23_06_2025,1.19,6.07,7.58,0.01,-0.00,0.00
-10822,3.09,1139,2.19,642,2.07,19846,15_48_02_23_06_2025,1.19,6.06,7.60,0.01,-0.00,0.00
-10754,3.09,1198,2.18,642,2.07,19871,15_48_02_23_06_2025,1.20,6.06,7.60,0.01,-0.00,0.00
-10478,3.07,1426,2.16,643,2.07,19899,15_48_02_23_06_2025,1.20,6.07,7.57,0.01,-0.00,-0.00
-10617,3.08,1229,2.18,642,2.07,19921,15_48_02_23_06_2025,1.19,6.08,7.56,0.01,-0.00,-0.00
-10702,3.08,1231,2.18,643,2.07,19946,15_48_02_23_06_2025,1.19,6.07,7.58,0.01,-0.00,0.00
-10831,3.09,1196,2.18,642,2.07,19971,15_48_02_23_06_2025,1.20,6.07,7.57,0.00,-0.00,0.00
-10696,3.08,1246,2.18,642,2.07,19996,15_48_02_23_06_2025,1.20,6.07,7.57,0.01,-0.00,0.00
-10592,3.08,1132,2.19,642,2.07,20024,15_48_02_23_06_2025,1.19,6.08,7.57,0.00,-0.00,-0.00
-10707,3.08,1034,2.19,643,2.07,20047,15_48_02_23_06_2025,1.20,6.07,7.58,0.01,-0.00,0.00
-10668,3.08,1407,2.17,642,2.07,20072,15_48_02_23_06_2025,1.19,6.06,7.58,0.01,-0.00,0.00
-10628,3.08,1317,2.17,642,2.07,20097,15_48_02_23_06_2025,1.19,6.08,7.57,0.01,-0.00,-0.00
-10578,3.07,1389,2.17,642,2.07,20122,15_48_02_23_06_2025,1.20,6.07,7.58,0.00,-0.00,-0.00
-10523,3.07,1191,2.18,643,2.07,20147,15_48_02_23_06_2025,1.19,6.07,7.59,0.00,-0.00,-0.00
-10743,3.09,1188,2.18,642,2.07,20175,15_48_02_23_06_2025,1.19,6.06,7.57,0.01,-0.00,0.00
-10520,3.07,1517,2.16,643,2.07,20197,15_48_02_23_06_2025,1.19,6.07,7.58,0.01,-0.00,0.00
-10626,3.08,1251,2.18,643,2.07,20222,15_48_02_23_06_2025,1.20,6.06,7.57,0.00,-0.00,0.00
-10613,3.08,1381,2.17,642,2.07,20247,15_48_02_23_06_2025,1.20,6.07,7.57,0.01,-0.00,-0.00
-10741,3.09,1202,2.18,643,2.07,20273,15_48_02_23_06_2025,1.19,6.06,7.57,0.01,-0.00,-0.00
-10721,3.08,1177,2.18,643,2.07,20298,15_48_02_23_06_2025,1.19,6.07,7.58,0.00,-0.00,-0.00
-10712,3.08,1198,2.18,643,2.07,20326,15_48_02_23_06_2025,1.20,6.07,7.56,0.01,-0.00,0.00
-10787,3.09,1309,2.17,643,2.07,20348,15_48_02_23_06_2025,1.20,6.07,7.57,0.00,-0.00,-0.00
-10750,3.09,1300,2.17,642,2.07,20373,15_48_02_23_06_2025,1.20,6.06,7.58,0.01,-0.00,0.00
-10458,3.07,1088,2.19,642,2.07,20398,15_48_02_23_06_2025,1.20,6.06,7.58,0.00,-0.00,-0.00
-10517,3.07,1284,2.18,643,2.07,20423,15_48_02_23_06_2025,1.20,6.06,7.57,0.00,-0.00,0.00
-10520,3.07,1287,2.18,642,2.07,20451,15_48_02_23_06_2025,1.20,6.08,7.57,0.01,-0.00,0.00
-10582,3.07,1245,2.18,643,2.07,20474,15_48_02_23_06_2025,1.19,6.07,7.57,0.00,-0.00,-0.00
-10510,3.07,1306,2.17,642,2.07,20497,15_48_02_23_06_2025,1.20,6.07,7.57,0.01,-0.00,-0.00
-10644,3.08,1138,2.19,643,2.07,20519,15_48_02_23_06_2025,1.20,6.06,7.58,0.01,-0.00,0.00
-10532,3.07,1082,2.19,643,2.07,20544,15_48_02_23_06_2025,1.20,6.07,7.58,0.01,-0.00,0.00
-10825,3.09,1294,2.17,642,2.07,20569,15_48_02_23_06_2025,1.19,6.07,7.59,0.00,-0.00,-0.00
-10715,3.08,1458,2.16,642,2.07,20597,15_48_02_23_06_2025,1.21,6.06,7.58,0.01,-0.00,0.00
-10562,3.07,1352,2.17,643,2.07,20619,15_48_02_23_06_2025,1.19,6.07,7.58,0.00,-0.00,0.00
-10596,3.08,1075,2.19,643,2.07,20644,15_48_03_23_06_2025,1.20,6.07,7.58,0.01,-0.00,-0.00
-10619,3.08,1122,2.19,643,2.07,20669,15_48_03_23_06_2025,1.20,6.07,7.58,0.00,-0.00,-0.00
-10802,3.09,1298,2.17,642,2.07,20695,15_48_03_23_06_2025,1.19,6.08,7.57,0.01,-0.00,0.00
-10627,3.08,969,2.20,642,2.07,20720,15_48_03_23_06_2025,1.19,6.06,7.58,0.01,-0.00,0.00
-10704,3.08,1336,2.17,642,2.07,20748,15_48_03_23_06_2025,1.20,6.06,7.58,0.01,-0.00,0.00
-10584,3.07,1120,2.19,642,2.07,20770,15_48_03_23_06_2025,1.20,6.06,7.58,0.01,-0.00,0.00
-10468,3.07,1170,2.18,643,2.07,20792,15_48_03_23_06_2025,1.21,6.06,7.58,0.01,-0.00,0.00
-10527,3.07,1235,2.18,642,2.07,20814,15_48_03_23_06_2025,1.20,6.07,7.57,0.00,-0.00,-0.00
-10655,3.08,1218,2.18,643,2.07,20836,15_48_03_23_06_2025,1.18,6.07,7.57,0.01,-0.00,-0.00
-10539,3.07,1062,2.19,642,2.07,20858,15_48_03_23_06_2025,1.19,6.07,7.57,0.01,-0.00,-0.00
-10657,3.08,1086,2.19,642,2.07,20883,15_48_03_23_06_2025,1.20,6.06,7.57,0.00,-0.00,0.00
-10698,3.08,1179,2.18,643,2.07,20905,15_48_03_23_06_2025,1.21,6.07,7.59,0.00,-0.00,0.00
-10919,3.10,1160,2.18,643,2.07,20927,15_48_03_23_06_2025,1.19,6.06,7.58,0.01,-0.00,0.00
-10691,3.08,1218,2.18,643,2.07,20950,15_48_03_23_06_2025,1.20,6.06,7.58,0.01,-0.00,-0.00
-10686,3.08,1154,2.19,642,2.07,20975,15_48_03_23_06_2025,1.19,6.07,7.58,0.01,-0.00,0.00
-10630,3.08,1128,2.19,643,2.07,21002,15_48_03_23_06_2025,1.20,6.06,7.58,0.00,-0.00,0.00
-10502,3.07,1145,2.19,642,2.07,21025,15_48_03_23_06_2025,1.19,6.07,7.58,0.00,-0.00,-0.00
-10708,3.08,1194,2.18,642,2.07,21050,15_48_03_23_06_2025,1.20,6.08,7.58,0.01,-0.00,-0.00
-10491,3.07,1162,2.18,643,2.07,21075,15_48_03_23_06_2025,1.20,6.06,7.58,0.01,-0.00,0.00
-10666,3.08,1207,2.18,642,2.07,21100,15_48_03_23_06_2025,1.19,6.07,7.57,0.00,-0.00,-0.00
-10667,3.08,1233,2.18,643,2.07,21125,15_48_03_23_06_2025,1.20,6.07,7.57,0.01,-0.00,-0.00
-10773,3.09,1108,2.19,643,2.07,21153,15_48_03_23_06_2025,1.19,6.06,7.58,0.00,-0.00,-0.00
-10688,3.08,1214,2.18,643,2.07,21177,15_48_03_23_06_2025,1.20,6.07,7.59,0.01,-0.00,-0.00
-10701,3.08,1353,2.17,643,2.07,21199,15_48_03_23_06_2025,1.20,6.06,7.58,0.01,-0.01,-0.00
-10759,3.09,1208,2.18,642,2.07,21221,15_48_03_23_06_2025,1.20,6.07,7.57,0.01,-0.00,-0.00
-10786,3.09,1296,2.17,642,2.07,21244,15_48_03_23_06_2025,1.19,6.07,7.59,0.00,-0.00,0.00
-10786,3.09,1117,2.19,642,2.07,21266,15_48_03_23_06_2025,1.20,6.07,7.58,0.00,-0.00,-0.00
-10463,3.07,1243,2.18,643,2.07,21294,15_48_03_23_06_2025,1.20,6.07,7.58,0.01,-0.00,0.00
-10652,3.08,1247,2.18,642,2.07,21316,15_48_03_23_06_2025,1.20,6.07,7.57,0.01,-0.00,-0.00
-10585,3.07,1353,2.17,642,2.07,21341,15_48_03_23_06_2025,1.19,6.07,7.57,0.01,-0.00,-0.00
-10748,3.09,1094,2.19,643,2.07,21366,15_48_03_23_06_2025,1.19,6.08,7.58,0.00,-0.00,0.00
-10499,3.07,1196,2.18,642,2.07,21391,15_48_03_23_06_2025,1.18,6.07,7.58,0.01,-0.00,-0.00
-10613,3.08,1341,2.17,642,2.07,21416,15_48_03_23_06_2025,1.20,6.07,7.57,0.00,-0.00,0.00
-10557,3.07,1189,2.18,643,2.07,21444,15_48_03_23_06_2025,1.20,6.07,7.58,0.01,-0.00,0.00
-10573,3.07,1165,2.18,643,2.07,21466,15_48_03_23_06_2025,1.19,6.07,7.57,0.01,-0.01,0.00
-10712,3.08,1113,2.19,642,2.07,21491,15_48_03_23_06_2025,1.20,6.07,7.58,0.00,-0.00,0.00
-10649,3.08,1138,2.19,642,2.07,21517,15_48_03_23_06_2025,1.20,6.06,7.58,0.01,-0.00,0.00
-10525,3.07,1373,2.17,642,2.07,21542,15_48_03_23_06_2025,1.20,6.07,7.57,0.01,-0.00,0.00
-10541,3.07,1072,2.19,643,2.07,21569,15_48_03_23_06_2025,1.20,6.06,7.58,0.00,-0.00,0.00
-10674,3.08,1480,2.16,643,2.07,21592,15_48_03_23_06_2025,1.19,6.07,7.58,0.00,-0.00,-0.00
-10467,3.07,1244,2.18,643,2.07,21617,15_48_03_23_06_2025,1.19,6.07,7.58,0.01,-0.00,-0.00
-10545,3.07,1221,2.18,643,2.07,21642,15_48_04_23_06_2025,1.19,6.08,7.58,0.00,-0.00,-0.00
-10677,3.08,1330,2.17,642,2.07,21667,15_48_04_23_06_2025,1.19,6.07,7.59,0.01,-0.00,-0.00
-10537,3.07,1172,2.18,642,2.07,21692,15_48_04_23_06_2025,1.20,6.06,7.58,0.01,-0.00,0.00
-10633,3.08,1327,2.17,642,2.07,21720,15_48_04_23_06_2025,1.19,6.07,7.58,0.01,-0.00,0.00
-10690,3.08,1222,2.18,643,2.07,21742,15_48_04_23_06_2025,1.19,6.07,7.57,0.00,-0.00,0.00
-10577,3.07,1019,2.20,643,2.07,21768,15_48_04_23_06_2025,1.20,6.07,7.58,0.00,-0.00,-0.00
-10416,3.06,1109,2.19,642,2.07,21793,15_48_04_23_06_2025,1.20,6.07,7.58,0.01,-0.00,0.00
-10783,3.09,1268,2.18,642,2.07,21818,15_48_04_23_06_2025,1.20,6.07,7.58,0.01,-0.00,-0.00
-10606,3.08,1293,2.17,643,2.07,21843,15_48_04_23_06_2025,1.19,6.06,7.58,0.01,-0.00,-0.00
-10602,3.08,1321,2.17,642,2.07,21871,15_48_04_23_06_2025,1.19,6.07,7.59,0.00,-0.00,0.00
-10610,3.08,1341,2.17,642,2.07,21894,15_48_04_23_06_2025,1.20,6.07,7.58,0.01,-0.00,0.00
-10485,3.07,1170,2.18,643,2.07,21919,15_48_04_23_06_2025,1.18,6.08,7.58,0.00,-0.00,-0.00
-10670,3.08,1261,2.18,642,2.07,21944,15_48_04_23_06_2025,1.20,6.07,7.58,0.01,-0.00,0.00
-10631,3.08,1137,2.19,642,2.07,21969,15_48_04_23_06_2025,1.19,6.07,7.57,0.01,-0.00,0.00
-10590,3.08,1238,2.18,643,2.07,21997,15_48_04_23_06_2025,1.20,6.07,7.57,0.00,-0.00,-0.00
-10630,3.08,1201,2.18,642,2.07,22019,15_48_04_23_06_2025,1.20,6.07,7.57,0.01,-0.00,0.00
-10683,3.08,1268,2.18,643,2.07,22049,15_48_04_23_06_2025,1.20,6.06,7.58,0.01,-0.00,0.00
-10648,3.08,1306,2.17,643,2.07,22153,15_48_04_23_06_2025,1.20,6.07,7.57,0.01,-0.00,-0.00
-10465,3.07,1144,2.19,640,2.06,22175,15_48_04_23_06_2025,1.19,6.07,7.57,0.01,-0.00,0.00
-10525,3.07,1209,2.18,642,2.07,22197,15_48_04_23_06_2025,1.19,6.07,7.58,0.00,-0.00,-0.00
-10486,3.07,1238,2.18,642,2.07,22222,15_48_04_23_06_2025,1.20,6.08,7.58,0.01,-0.00,0.00
-10556,3.07,993,2.20,642,2.07,22245,15_48_04_23_06_2025,1.20,6.07,7.58,0.01,-0.00,0.00
-10571,3.07,1244,2.18,642,2.07,22270,15_48_04_23_06_2025,1.20,6.07,7.58,0.01,-0.00,0.00
-10491,3.07,1265,2.18,643,2.07,22295,15_48_04_23_06_2025,1.20,6.06,7.58,0.00,-0.00,-0.00
-10402,3.06,1200,2.18,642,2.07,22320,15_48_04_23_06_2025,1.19,6.07,7.58,0.01,-0.00,0.00
-10617,3.08,1063,2.19,642,2.07,22345,15_48_04_23_06_2025,1.20,6.06,7.57,0.01,-0.00,-0.00
-10562,3.07,1161,2.18,642,2.07,22373,15_48_04_23_06_2025,1.19,6.06,7.58,0.01,-0.00,0.00
-10510,3.07,1137,2.19,642,2.07,22396,15_48_04_23_06_2025,1.20,6.07,7.57,0.01,-0.00,-0.00
-10632,3.08,1108,2.19,642,2.07,22421,15_48_04_23_06_2025,1.20,6.07,7.58,0.01,-0.01,-0.00
-10586,3.07,1155,2.19,643,2.07,22446,15_48_04_23_06_2025,1.20,6.06,7.57,0.01,-0.00,0.00
-10525,3.07,1305,2.17,642,2.07,22471,15_48_04_23_06_2025,1.20,6.06,7.58,0.01,-0.00,-0.00
-10563,3.07,1351,2.17,643,2.07,22496,15_48_04_23_06_2025,1.19,6.07,7.59,0.01,-0.00,0.00
-10644,3.08,1215,2.18,642,2.07,22524,15_48_04_23_06_2025,1.20,6.07,7.57,0.00,-0.00,-0.00
-10812,3.09,1212,2.18,642,2.07,22547,15_48_04_23_06_2025,1.20,6.07,7.58,0.01,-0.00,-0.00
-10796,3.09,1188,2.18,643,2.07,22572,15_48_04_23_06_2025,1.20,6.07,7.58,0.01,-0.00,0.00
-10627,3.08,1330,2.17,643,2.07,22597,15_48_04_23_06_2025,1.20,6.07,7.58,0.00,-0.00,0.00
-10697,3.08,1328,2.17,643,2.07,22622,15_48_04_23_06_2025,1.20,6.07,7.58,0.01,-0.00,0.00
-10628,3.08,1462,2.16,643,2.07,22650,15_48_05_23_06_2025,1.20,6.07,7.58,0.00,-0.00,-0.00
-10743,3.09,1036,2.19,642,2.07,22672,15_48_05_23_06_2025,1.20,6.07,7.58,0.01,-0.00,-0.00
-10726,3.09,1264,2.18,643,2.07,22697,15_48_05_23_06_2025,1.20,6.07,7.57,0.00,-0.00,-0.00
-10603,3.08,1260,2.18,643,2.07,22722,15_48_05_23_06_2025,1.19,6.06,7.57,0.00,-0.00,0.00
-10606,3.08,1310,2.17,643,2.07,22747,15_48_05_23_06_2025,1.19,6.06,7.58,0.00,-0.00,-0.00
-10823,3.09,1360,2.17,643,2.07,22773,15_48_05_23_06_2025,1.20,6.07,7.57,0.00,-0.00,0.00
-10676,3.08,1301,2.17,642,2.07,22800,15_48_05_23_06_2025,1.20,6.06,7.58,0.01,-0.00,0.00
-10535,3.07,1290,2.17,642,2.07,22823,15_48_05_23_06_2025,1.20,6.08,7.58,0.01,-0.00,-0.00
-10574,3.07,1292,2.17,642,2.07,22849,15_48_05_23_06_2025,1.20,6.06,7.58,0.00,-0.00,-0.00
-10514,3.07,1331,2.17,643,2.07,22871,15_48_05_23_06_2025,1.19,6.07,7.57,0.01,-0.00,-0.00
-10564,3.07,1155,2.19,643,2.07,22893,15_48_05_23_06_2025,1.19,6.07,7.57,0.00,-0.00,0.00
-10641,3.08,1199,2.18,643,2.07,22919,15_48_05_23_06_2025,1.20,6.07,7.57,0.00,-0.00,-0.00
-10678,3.08,1222,2.18,642,2.07,22947,15_48_05_23_06_2025,1.20,6.06,7.58,0.00,-0.00,-0.00
-10706,3.08,1311,2.17,642,2.07,22969,15_48_05_23_06_2025,1.20,6.07,7.58,0.00,-0.00,0.00
-10552,3.07,1131,2.19,643,2.07,22994,15_48_05_23_06_2025,1.20,6.07,7.57,0.00,-0.00,-0.00
-10637,3.08,1343,2.17,642,2.07,23019,15_48_05_23_06_2025,1.20,6.07,7.58,0.01,-0.00,0.00
-10717,3.08,1343,2.17,642,2.07,23044,15_48_05_23_06_2025,1.20,6.07,7.57,0.00,-0.01,0.00
-10693,3.08,1053,2.19,642,2.07,23072,15_48_05_23_06_2025,1.19,6.07,7.58,0.00,-0.00,-0.00
-10631,3.08,1231,2.18,643,2.07,23094,15_48_05_23_06_2025,1.20,6.06,7.58,0.00,-0.00,0.00
-10479,3.07,1468,2.16,642,2.07,23119,15_48_05_23_06_2025,1.20,6.07,7.58,0.01,-0.00,-0.00
-10644,3.08,1012,2.20,643,2.07,23144,15_48_05_23_06_2025,1.20,6.07,7.58,0.00,-0.00,0.00
-10580,3.07,1218,2.18,642,2.07,23169,15_48_05_23_06_2025,1.19,6.07,7.56,0.01,-0.00,-0.00
-10754,3.09,1288,2.18,643,2.07,23194,15_48_05_23_06_2025,1.20,6.07,7.58,0.01,-0.00,-0.00
-10517,3.07,1139,2.19,642,2.07,23222,15_48_05_23_06_2025,1.19,6.07,7.57,0.01,-0.00,-0.00
-10583,3.07,1098,2.19,642,2.07,23244,15_48_05_23_06_2025,1.20,6.07,7.58,0.01,-0.00,-0.00
-10678,3.08,1254,2.18,642,2.07,23269,15_48_05_23_06_2025,1.20,6.07,7.58,0.00,-0.00,0.00
-10597,3.08,1078,2.19,643,2.07,23294,15_48_05_23_06_2025,1.19,6.07,7.56,0.01,-0.00,0.00
-10680,3.08,1238,2.18,642,2.07,23319,15_48_05_23_06_2025,1.20,6.07,7.57,0.01,-0.00,-0.00
-10618,3.08,1191,2.18,642,2.07,23344,15_48_05_23_06_2025,1.20,6.07,7.58,0.01,-0.00,0.00
-10835,3.09,1211,2.18,643,2.07,23372,15_48_05_23_06_2025,1.01,5.97,7.63,0.01,-0.02,0.01
-10599,3.08,1170,2.18,642,2.07,23394,15_48_05_23_06_2025,1.13,6.03,7.51,0.01,-0.01,-0.00
