-10831,3.09,0,2.27,626,2.02,1115,16_03_16_23_06_2025,1.75,-0.25,9.75,0.12,-1.39,0.71
-10965,3.10,787,2.21,627,2.02,1210,16_03_17_23_06_2025,1.73,-0.24,9.72,0.00,-0.00,-0.00
-10915,3.10,801,2.21,627,2.02,1230,16_03_17_23_06_2025,1.75,-0.25,9.72,0.00,-0.00,-0.00
-10935,3.10,571,2.23,627,2.02,1250,16_03_17_23_06_2025,1.73,-0.25,9.72,0.00,-0.00,0.00
-10806,3.09,761,2.22,627,2.02,1270,16_03_17_23_06_2025,1.74,-0.26,9.73,0.01,-0.00,-0.00
-10893,3.10,812,2.21,627,2.02,1290,16_03_17_23_06_2025,1.74,-0.24,9.72,0.01,-0.00,-0.00
-10949,3.10,1037,2.19,627,2.02,1313,16_03_17_23_06_2025,1.75,-0.25,9.72,0.01,-0.00,-0.00
-10941,3.10,902,2.20,626,2.02,1333,16_03_17_23_06_2025,1.74,-0.25,9.71,0.01,-0.00,-0.00
-10988,3.11,963,2.20,627,2.02,1354,16_03_17_23_06_2025,1.74,-0.25,9.73,0.01,-0.00,0.00
-10941,3.10,883,2.21,627,2.02,1374,16_03_17_23_06_2025,1.74,-0.24,9.73,0.01,-0.00,-0.00
-10869,3.10,1001,2.20,627,2.02,1394,16_03_17_23_06_2025,1.74,-0.24,9.71,0.00,-0.00,-0.00
-10983,3.10,918,2.20,627,2.02,1414,16_03_17_23_06_2025,1.75,-0.24,9.72,0.01,-0.00,0.00
-10875,3.10,884,2.21,627,2.02,1437,16_03_17_23_06_2025,1.74,-0.24,9.72,0.00,-0.01,-0.00
-10927,3.10,643,2.22,627,2.02,1460,16_03_17_23_06_2025,1.74,-0.24,9.72,0.00,-0.00,-0.00
-11033,3.11,924,2.20,628,2.03,1480,16_03_17_23_06_2025,1.74,-0.24,9.73,0.01,-0.01,0.00
-10883,3.10,714,2.22,627,2.02,1500,16_03_17_23_06_2025,1.74,-0.24,9.74,0.01,-0.00,-0.00
-10859,3.10,753,2.22,627,2.02,1520,16_03_17_23_06_2025,1.74,-0.25,9.73,0.00,-0.00,0.00
-10818,3.09,701,2.22,627,2.02,1540,16_03_17_23_06_2025,1.74,-0.25,9.72,0.01,-0.00,-0.00
-10865,3.10,757,2.22,627,2.02,1565,16_03_17_23_06_2025,1.74,-0.25,9.73,0.01,-0.00,-0.00
-10863,3.10,817,2.21,627,2.02,1585,16_03_17_23_06_2025,1.74,-0.24,9.72,0.00,-0.00,-0.00
-10761,3.09,900,2.20,627,2.02,1605,16_03_17_23_06_2025,1.74,-0.25,9.73,0.01,-0.00,-0.00
-10912,3.10,968,2.20,628,2.03,1625,16_03_17_23_06_2025,1.74,-0.24,9.72,0.00,-0.00,0.00
-10895,3.10,959,2.20,627,2.02,1645,16_03_17_23_06_2025,1.75,-0.25,9.73,0.01,-0.00,0.00
-10817,3.09,860,2.21,627,2.02,1666,16_03_17_23_06_2025,1.74,-0.25,9.73,0.01,-0.00,0.00
-10913,3.10,1031,2.19,627,2.02,1688,16_03_17_23_06_2025,1.74,-0.25,9.73,0.00,-0.00,-0.00
-10697,3.08,978,2.20,627,2.02,1709,16_03_17_23_06_2025,1.75,-0.24,9.73,0.01,-0.00,-0.00
-10825,3.09,1147,2.19,627,2.02,1729,16_03_17_23_06_2025,1.74,-0.25,9.73,0.00,-0.00,-0.00
-10991,3.11,910,2.20,628,2.03,1749,16_03_17_23_06_2025,1.74,-0.25,9.73,0.00,-0.00,-0.00
-11005,3.11,802,2.21,627,2.02,1769,16_03_17_23_06_2025,1.74,-0.25,9.73,0.00,-0.00,-0.00
-10759,3.09,918,2.20,626,2.02,1792,16_03_17_23_06_2025,1.74,-0.24,9.74,0.01,-0.00,-0.00
-10871,3.10,921,2.20,627,2.02,1812,16_03_17_23_06_2025,1.74,-0.24,9.73,0.01,-0.00,-0.00
-10982,3.10,875,2.21,627,2.02,1832,16_03_17_23_06_2025,1.74,-0.25,9.73,0.01,-0.00,-0.00
-10970,3.10,960,2.20,627,2.02,1853,16_03_17_23_06_2025,1.74,-0.24,9.73,0.01,-0.00,-0.00
-10907,3.10,1076,2.19,627,2.02,1873,16_03_17_23_06_2025,1.74,-0.24,9.74,0.01,-0.00,-0.00
-10999,3.11,1084,2.19,626,2.02,1893,16_03_17_23_06_2025,1.74,-0.25,9.74,0.01,-0.00,-0.00
-11083,3.11,1017,2.20,627,2.02,1916,16_03_17_23_06_2025,1.74,-0.24,9.74,0.00,-0.00,0.00
-10818,3.09,789,2.21,626,2.02,1939,16_03_17_23_06_2025,1.73,-0.25,9.72,0.01,-0.00,-0.00
-10733,3.09,789,2.21,626,2.02,1959,16_03_17_23_06_2025,1.74,-0.25,9.74,0.01,-0.00,-0.00
-10785,3.09,1001,2.20,627,2.02,1979,16_03_17_23_06_2025,1.73,-0.25,9.74,0.00,-0.00,-0.00
-10788,3.09,1017,2.20,627,2.02,2000,16_03_17_23_06_2025,1.74,-0.24,9.74,0.00,-0.00,0.00
-11092,3.11,942,2.20,627,2.02,2020,16_03_17_23_06_2025,1.73,-0.25,9.74,0.00,-0.00,0.00
-11092,3.11,905,2.20,627,2.02,2042,16_03_17_23_06_2025,1.74,-0.24,9.73,0.00,-0.00,0.00
-10980,3.10,1019,2.20,627,2.02,2062,16_03_17_23_06_2025,1.74,-0.24,9.74,0.00,-0.00,-0.00
-10771,3.09,827,2.21,627,2.02,2082,16_03_17_23_06_2025,1.75,-0.25,9.73,0.00,-0.00,-0.00
-10611,3.08,791,2.21,627,2.02,2103,16_03_17_23_06_2025,1.74,-0.23,9.72,0.00,-0.00,-0.00
-10889,3.10,1068,2.19,627,2.02,2123,16_03_17_23_06_2025,1.74,-0.24,9.74,0.01,-0.00,-0.00
-10598,3.08,956,2.20,627,2.02,2143,16_03_18_23_06_2025,1.74,-0.24,9.73,0.00,-0.00,-0.00
-10944,3.10,755,2.22,627,2.02,2167,16_03_18_23_06_2025,1.74,-0.25,9.73,0.00,-0.00,0.00
-11021,3.11,1068,2.19,627,2.02,2187,16_03_18_23_06_2025,1.73,-0.25,9.73,0.00,-0.01,-0.00
-10996,3.11,1070,2.19,627,2.02,2207,16_03_18_23_06_2025,1.74,-0.24,9.74,0.00,-0.00,-0.00
-10996,3.11,940,2.20,627,2.02,2227,16_03_18_23_06_2025,1.74,-0.25,9.74,0.01,-0.00,0.00
-10796,3.09,849,2.21,627,2.02,2247,16_03_18_23_06_2025,1.75,-0.24,9.73,0.01,-0.00,0.00
-10774,3.09,1056,2.19,628,2.03,2270,16_03_18_23_06_2025,1.74,-0.24,9.74,0.00,-0.00,0.00
-10937,3.10,957,2.20,628,2.03,2293,16_03_18_23_06_2025,1.73,-0.23,9.74,0.01,-0.00,-0.00
-10868,3.10,938,2.20,627,2.02,2319,16_03_18_23_06_2025,1.74,-0.24,9.74,0.01,-0.00,-0.00
-10836,3.09,899,2.20,627,2.02,2339,16_03_18_23_06_2025,1.74,-0.24,9.74,0.00,-0.00,0.00
-10748,3.09,840,2.21,627,2.02,2359,16_03_18_23_06_2025,1.75,-0.25,9.75,0.00,-0.00,-0.00
-10892,3.10,822,2.21,627,2.02,2379,16_03_18_23_06_2025,1.75,-0.24,9.74,0.01,-0.00,0.00
-10962,3.10,1203,2.18,627,2.02,2402,16_03_18_23_06_2025,1.74,-0.24,9.74,0.00,-0.00,0.00
-10969,3.10,866,2.21,627,2.02,2422,16_03_18_23_06_2025,1.74,-0.24,9.74,0.01,-0.00,-0.00
-10870,3.10,943,2.20,627,2.02,2442,16_03_18_23_06_2025,1.74,-0.24,9.74,0.01,-0.00,-0.00
-10816,3.09,890,2.21,627,2.02,2463,16_03_18_23_06_2025,1.74,-0.24,9.74,0.00,-0.00,-0.00
-10837,3.09,949,2.20,627,2.02,2483,16_03_18_23_06_2025,1.74,-0.25,9.74,0.00,-0.00,0.00
-10783,3.09,922,2.20,626,2.02,2503,16_03_18_23_06_2025,1.73,-0.24,9.74,0.01,-0.00,-0.00
-10866,3.10,790,2.21,627,2.02,2526,16_03_18_23_06_2025,1.74,-0.24,9.74,0.00,-0.00,-0.00
-10827,3.09,935,2.20,627,2.02,2546,16_03_18_23_06_2025,1.75,-0.24,9.73,0.00,-0.00,-0.00
-11051,3.11,942,2.20,626,2.02,2567,16_03_18_23_06_2025,1.74,-0.25,9.73,0.01,-0.00,-0.00
-10845,3.09,960,2.20,627,2.02,2587,16_03_18_23_06_2025,1.75,-0.24,9.74,0.01,-0.00,-0.00
-10930,3.10,1019,2.20,627,2.02,2607,16_03_18_23_06_2025,1.74,-0.24,9.74,0.01,-0.00,-0.00
-10998,3.11,1003,2.20,626,2.02,2627,16_03_18_23_06_2025,1.74,-0.24,9.74,0.01,-0.00,-0.00
-11043,3.11,1018,2.20,627,2.02,2650,16_03_18_23_06_2025,1.75,-0.24,9.75,0.00,-0.00,0.00
-10918,3.10,976,2.20,627,2.02,2670,16_03_18_23_06_2025,1.74,-0.24,9.74,0.01,-0.00,-0.00
-10834,3.09,633,2.22,626,2.02,2691,16_03_18_23_06_2025,1.75,-0.24,9.73,0.00,-0.00,-0.00
-10860,3.10,890,2.21,627,2.02,2711,16_03_18_23_06_2025,1.73,-0.24,9.73,0.00,-0.00,-0.00
-10785,3.09,986,2.20,627,2.02,2731,16_03_18_23_06_2025,1.74,-0.24,9.74,0.01,-0.00,-0.00
-10798,3.09,817,2.21,627,2.02,2755,16_03_18_23_06_2025,1.74,-0.24,9.74,0.01,-0.00,-0.00
-10902,3.10,894,2.20,627,2.02,2775,16_03_18_23_06_2025,1.74,-0.24,9.73,0.01,-0.00,-0.00
-10703,3.08,1064,2.19,627,2.02,2796,16_03_18_23_06_2025,1.74,-0.24,9.74,0.01,-0.00,-0.00
-10739,3.09,964,2.20,627,2.02,2816,16_03_18_23_06_2025,1.74,-0.24,9.74,0.01,-0.00,-0.00
-10890,3.10,944,2.20,626,2.02,2836,16_03_18_23_06_2025,1.74,-0.24,9.74,0.00,-0.00,-0.00
-10803,3.09,1011,2.20,626,2.02,2856,16_03_18_23_06_2025,1.74,-0.24,9.75,0.01,-0.00,-0.00
-10905,3.10,1076,2.19,626,2.02,2879,16_03_18_23_06_2025,1.74,-0.24,9.74,0.01,-0.00,0.00
-10983,3.10,998,2.20,627,2.02,2902,16_03_18_23_06_2025,1.74,-0.24,9.74,0.00,-0.00,0.00
-10908,3.10,721,2.22,627,2.02,2922,16_03_18_23_06_2025,1.74,-0.24,9.74,0.01,-0.00,-0.00
-10845,3.09,721,2.22,627,2.02,2942,16_03_18_23_06_2025,1.74,-0.25,9.74,0.01,-0.00,-0.00
-10784,3.09,933,2.20,627,2.02,2962,16_03_18_23_06_2025,1.74,-0.24,9.74,0.01,-0.00,-0.00
-10851,3.09,789,2.21,627,2.02,2983,16_03_18_23_06_2025,1.74,-0.25,9.73,0.00,-0.00,0.00
-10895,3.10,906,2.20,627,2.02,3005,16_03_18_23_06_2025,1.75,-0.24,9.74,0.01,-0.00,-0.00
-10735,3.09,912,2.20,627,2.02,3025,16_03_18_23_06_2025,1.74,-0.24,9.74,0.00,-0.00,-0.00
-10954,3.10,770,2.21,628,2.03,3045,16_03_18_23_06_2025,1.74,-0.24,9.74,0.01,-0.00,-0.00
-10981,3.10,877,2.21,627,2.02,3066,16_03_18_23_06_2025,1.74,-0.25,9.75,0.01,-0.00,-0.00
-10631,3.08,905,2.20,627,2.02,3086,16_03_18_23_06_2025,1.74,-0.25,9.74,0.00,-0.00,-0.00
-10874,3.10,911,2.20,627,2.02,3106,16_03_18_23_06_2025,1.74,-0.23,9.74,0.00,-0.00,-0.00
-10863,3.10,937,2.20,627,2.02,3129,16_03_19_23_06_2025,1.75,-0.25,9.74,0.01,-0.00,-0.00
-10862,3.10,998,2.20,627,2.02,3152,16_03_19_23_06_2025,1.74,-0.24,9.74,0.01,-0.00,-0.00
-10942,3.10,964,2.20,627,2.02,3172,16_03_19_23_06_2025,1.74,-0.24,9.74,0.00,-0.00,-0.00
-10784,3.09,1116,2.19,627,2.02,3192,16_03_19_23_06_2025,1.74,-0.23,9.73,0.00,-0.00,0.00
-10758,3.09,1001,2.20,627,2.02,3212,16_03_19_23_06_2025,1.74,-0.24,9.74,0.01,-0.00,0.00
-10952,3.10,992,2.20,627,2.02,3235,16_03_19_23_06_2025,1.75,-0.24,9.73,0.01,-0.00,-0.00
-10829,3.09,1018,2.20,627,2.02,3255,16_03_19_23_06_2025,1.73,-0.24,9.74,0.00,-0.00,-0.00
-10899,3.10,1111,2.19,627,2.02,3275,16_03_19_23_06_2025,1.74,-0.24,9.74,0.00,-0.00,-0.00
-10940,3.10,1026,2.19,627,2.02,3295,16_03_19_23_06_2025,1.74,-0.23,9.74,0.01,-0.00,-0.00
-10838,3.09,987,2.20,627,2.02,3315,16_03_19_23_06_2025,1.75,-0.23,9.74,0.00,-0.00,0.00
-10999,3.11,801,2.21,627,2.02,3336,16_03_19_23_06_2025,1.74,-0.25,9.75,0.00,-0.00,0.00
-10961,3.10,884,2.21,626,2.02,3359,16_03_19_23_06_2025,1.74,-0.24,9.73,0.00,-0.00,-0.00
-10889,3.10,1020,2.20,626,2.02,3380,16_03_19_23_06_2025,1.73,-0.25,9.75,0.00,-0.00,-0.00
-10707,3.08,914,2.20,625,2.02,3400,16_03_19_23_06_2025,1.74,-0.24,9.74,0.00,-0.00,0.00
-10811,3.09,916,2.20,626,2.02,3420,16_03_19_23_06_2025,1.74,-0.24,9.74,0.00,-0.00,0.00
-10857,3.10,965,2.20,627,2.02,3440,16_03_19_23_06_2025,1.73,-0.24,9.74,0.00,-0.00,0.00
-10933,3.10,1148,2.19,627,2.02,3460,16_03_19_23_06_2025,1.75,-0.24,9.74,0.01,-0.00,-0.00
-10878,3.10,766,2.21,627,2.02,3483,16_03_19_23_06_2025,1.74,-0.24,9.74,0.01,-0.00,-0.00
-10840,3.09,990,2.20,626,2.02,3506,16_03_19_23_06_2025,1.74,-0.24,9.74,0.01,-0.00,-0.00
-10800,3.09,1187,2.18,627,2.02,3526,16_03_19_23_06_2025,1.74,-0.25,9.74,0.00,-0.00,-0.00
-10913,3.10,1149,2.19,627,2.02,3547,16_03_19_23_06_2025,1.74,-0.24,9.74,0.00,-0.00,-0.00
-10949,3.10,1126,2.19,627,2.02,3567,16_03_19_23_06_2025,1.74,-0.25,9.74,0.01,-0.00,-0.00
-10867,3.10,738,2.22,627,2.02,3587,16_03_19_23_06_2025,1.75,-0.25,9.73,0.00,-0.00,-0.00
-10797,3.09,995,2.20,627,2.02,3610,16_03_19_23_06_2025,1.73,-0.24,9.74,0.00,-0.00,-0.00
-10822,3.09,1045,2.19,627,2.02,3630,16_03_19_23_06_2025,1.74,-0.24,9.75,0.01,-0.00,0.00
-10926,3.10,988,2.20,626,2.02,3650,16_03_19_23_06_2025,1.75,-0.24,9.73,0.00,-0.01,0.00
-11014,3.11,1074,2.19,626,2.02,3670,16_03_19_23_06_2025,1.75,-0.24,9.74,0.00,-0.00,0.00
-10925,3.10,1047,2.19,627,2.02,3690,16_03_19_23_06_2025,1.73,-0.24,9.73,0.00,-0.00,0.00
-10809,3.09,1029,2.19,626,2.02,3713,16_03_19_23_06_2025,1.73,-0.25,9.75,0.01,-0.00,0.00
-10840,3.09,1063,2.19,627,2.02,3736,16_03_19_23_06_2025,1.75,-0.24,9.73,0.00,-0.00,0.00
-10914,3.10,966,2.20,626,2.02,3756,16_03_19_23_06_2025,1.73,-0.24,9.74,0.00,-0.00,0.00
-10974,3.10,946,2.20,626,2.02,3776,16_03_19_23_06_2025,1.74,-0.25,9.74,0.01,-0.00,-0.00
-11018,3.11,1076,2.19,627,2.02,3797,16_03_19_23_06_2025,1.73,-0.23,9.74,0.01,-0.00,-0.00
-10864,3.10,849,2.21,627,2.02,3817,16_03_19_23_06_2025,1.74,-0.24,9.74,0.01,-0.00,-0.00
-10888,3.10,883,2.21,627,2.02,3840,16_03_19_23_06_2025,1.75,-0.24,9.73,0.00,-0.00,-0.00
-10902,3.10,775,2.21,626,2.02,3860,16_03_19_23_06_2025,1.73,-0.24,9.74,0.01,-0.00,0.00
-11034,3.11,1027,2.19,627,2.02,3880,16_03_19_23_06_2025,1.75,-0.25,9.74,0.01,-0.00,-0.00
-10904,3.10,985,2.20,626,2.02,3900,16_03_19_23_06_2025,1.74,-0.25,9.75,0.00,-0.00,0.00
-10995,3.11,1110,2.19,627,2.02,3920,16_03_19_23_06_2025,1.74,-0.23,9.73,0.00,-0.00,-0.00
-10932,3.10,932,2.20,627,2.02,3940,16_03_19_23_06_2025,1.73,-0.23,9.74,0.01,-0.00,0.00
-10806,3.09,1068,2.19,626,2.02,3964,16_03_19_23_06_2025,1.74,-0.24,9.74,0.00,-0.00,-0.00
-10748,3.09,928,2.20,626,2.02,3984,16_03_19_23_06_2025,1.74,-0.24,9.74,0.01,-0.00,-0.00
-10500,3.07,785,2.21,624,2.01,4004,16_03_19_23_06_2025,1.74,-0.25,9.74,0.01,-0.00,0.00
-11165,3.12,892,2.21,627,2.02,4024,16_03_19_23_06_2025,1.74,-0.24,9.74,0.01,-0.00,-0.00
-11142,3.12,931,2.20,627,2.02,4044,16_03_19_23_06_2025,1.75,-0.24,9.75,0.00,-0.00,0.00
-10950,3.10,1103,2.19,627,2.02,4064,16_03_19_23_06_2025,1.74,-0.24,9.74,0.01,-0.01,0.00
-10805,3.09,1014,2.20,627,2.02,4087,16_03_19_23_06_2025,1.75,-0.24,9.74,0.00,-0.00,0.00
-10745,3.09,1032,2.19,627,2.02,4110,16_03_19_23_06_2025,1.74,-0.25,9.74,0.00,-0.00,-0.00
-10657,3.08,900,2.20,626,2.02,4130,16_03_20_23_06_2025,1.74,-0.26,9.74,0.01,-0.01,0.00
-10833,3.09,890,2.21,627,2.02,4150,16_03_20_23_06_2025,1.76,-0.29,9.73,0.00,-0.00,0.00
-10858,3.10,1064,2.19,627,2.02,4170,16_03_20_23_06_2025,1.77,-0.25,9.77,0.01,-0.00,-0.00
-10823,3.09,1083,2.19,627,2.02,4193,16_03_20_23_06_2025,1.75,-0.18,9.72,0.01,-0.00,-0.00
-10824,3.09,941,2.20,627,2.02,4213,16_03_20_23_06_2025,1.72,-0.15,9.71,0.01,-0.00,-0.00
-10983,3.10,989,2.20,627,2.02,4234,16_03_20_23_06_2025,1.69,-0.23,9.73,0.00,-0.00,-0.00
-10908,3.10,973,2.20,627,2.02,4254,16_03_20_23_06_2025,1.71,-0.29,9.78,0.00,-0.01,-0.00
-10868,3.10,993,2.20,627,2.02,4274,16_03_20_23_06_2025,1.73,-0.29,9.76,0.00,-0.01,-0.00
-10887,3.10,927,2.20,626,2.02,4294,16_03_20_23_06_2025,1.76,-0.27,9.75,0.00,-0.01,-0.00
-10877,3.10,947,2.20,626,2.02,4317,16_03_20_23_06_2025,1.79,-0.25,9.73,0.01,-0.00,0.00
-10709,3.08,1293,2.17,627,2.02,4340,16_03_20_23_06_2025,1.78,-0.24,9.73,0.01,-0.00,0.00
-11014,3.11,1074,2.19,627,2.02,4360,16_03_20_23_06_2025,1.74,-0.22,9.73,0.00,-0.00,-0.00
-10837,3.09,1061,2.19,626,2.02,4381,16_03_20_23_06_2025,1.72,-0.23,9.74,0.00,-0.00,-0.00
-10921,3.10,961,2.20,627,2.02,4401,16_03_20_23_06_2025,1.73,-0.24,9.74,0.00,-0.00,-0.00
-10930,3.10,787,2.21,627,2.02,4421,16_03_20_23_06_2025,1.75,-0.25,9.74,0.00,-0.00,-0.01
-10927,3.10,897,2.20,627,2.02,4444,16_03_20_23_06_2025,1.78,-0.25,9.77,0.00,-0.00,-0.01
-10869,3.10,961,2.20,626,2.02,4464,16_03_20_23_06_2025,1.75,-0.21,9.75,0.01,-0.00,-0.01
-10909,3.10,1017,2.20,627,2.02,4484,16_03_20_23_06_2025,1.73,-0.18,9.69,0.00,-0.00,-0.01
-10899,3.10,1131,2.19,627,2.02,4505,16_03_20_23_06_2025,1.72,-0.21,9.74,0.00,-0.00,-0.01
-10898,3.10,1198,2.18,627,2.02,4525,16_03_20_23_06_2025,1.69,-0.23,9.74,0.00,-0.00,-0.01
-10978,3.10,1114,2.19,627,2.02,4545,16_03_20_23_06_2025,1.69,-0.25,9.75,0.00,-0.01,-0.01
-11043,3.11,1145,2.19,627,2.02,4569,16_03_20_23_06_2025,1.74,-0.28,9.75,0.00,-0.01,-0.01
-10836,3.09,981,2.20,627,2.02,4589,16_03_20_23_06_2025,1.76,-0.28,9.76,0.01,-0.01,-0.00
-10882,3.10,976,2.20,627,2.02,4609,16_03_20_23_06_2025,1.77,-0.26,9.74,0.01,-0.01,-0.00
-10944,3.10,1017,2.20,627,2.02,4629,16_03_20_23_06_2025,1.76,-0.23,9.71,0.00,-0.00,-0.00
-10737,3.09,997,2.20,626,2.02,4650,16_03_20_23_06_2025,1.77,-0.23,9.75,0.01,-0.00,-0.00
-10944,3.10,1035,2.19,627,2.02,4673,16_03_20_23_06_2025,1.72,-0.23,9.75,0.00,-0.00,-0.00
-10754,3.09,1009,2.20,627,2.02,4693,16_03_20_23_06_2025,1.72,-0.25,9.74,0.00,-0.00,0.00
-10817,3.09,798,2.21,627,2.02,4713,16_03_20_23_06_2025,1.70,-0.26,9.75,0.00,-0.00,0.00
-10949,3.10,983,2.20,626,2.02,4733,16_03_20_23_06_2025,1.71,-0.26,9.74,0.01,-0.01,0.00
-10855,3.10,1045,2.19,626,2.02,4753,16_03_20_23_06_2025,1.73,-0.24,9.74,0.01,-0.01,-0.00
-10774,3.09,1039,2.19,627,2.02,4773,16_03_20_23_06_2025,1.75,-0.22,9.73,0.01,-0.00,-0.00
-10820,3.09,928,2.20,627,2.02,4796,16_03_20_23_06_2025,1.77,-0.23,9.74,0.00,-0.00,0.00
-10711,3.08,1039,2.19,627,2.02,4819,16_03_20_23_06_2025,1.77,-0.25,9.74,0.01,-0.00,0.00
-10826,3.09,892,2.21,626,2.02,4840,16_03_20_23_06_2025,1.75,-0.26,9.75,0.00,-0.00,-0.00
-10883,3.10,904,2.20,627,2.02,4860,16_03_20_23_06_2025,1.73,-0.25,9.74,0.01,-0.00,-0.00
-11056,3.11,914,2.20,627,2.02,4880,16_03_20_23_06_2025,1.73,-0.24,9.74,0.01,-0.00,0.00
-10994,3.11,818,2.21,627,2.02,4900,16_03_20_23_06_2025,1.72,-0.21,9.73,0.01,-0.00,-0.00
-10837,3.09,948,2.20,626,2.02,4923,16_03_20_23_06_2025,1.73,-0.22,9.74,0.00,-0.00,0.00
-10894,3.10,1012,2.20,627,2.02,4943,16_03_20_23_06_2025,1.73,-0.24,9.75,0.00,-0.00,0.00
-10953,3.10,1082,2.19,628,2.03,4963,16_03_20_23_06_2025,1.74,-0.27,9.75,0.00,-0.01,-0.00
-10906,3.10,1053,2.19,627,2.02,4983,16_03_20_23_06_2025,1.75,-0.26,9.75,0.01,-0.00,0.00
-11072,3.11,1078,2.19,627,2.02,5003,16_03_20_23_06_2025,1.76,-0.24,9.75,0.01,-0.00,-0.00
-11028,3.11,1069,2.19,627,2.02,5023,16_03_20_23_06_2025,1.76,-0.22,9.73,0.00,-0.00,-0.00
-10941,3.10,869,2.21,626,2.02,5046,16_03_20_23_06_2025,1.76,-0.23,9.74,0.00,-0.00,-0.00
-10860,3.10,862,2.21,627,2.02,5069,16_03_20_23_06_2025,1.72,-0.23,9.74,0.01,-0.00,-0.00
-10871,3.10,948,2.20,626,2.02,5089,16_03_20_23_06_2025,1.72,-0.24,9.74,0.00,-0.00,0.00
-10901,3.10,1192,2.18,626,2.02,5109,16_03_20_23_06_2025,1.73,-0.24,9.75,0.00,-0.01,-0.00
-10900,3.10,1243,2.18,626,2.02,5129,16_03_21_23_06_2025,1.73,-0.25,9.74,0.01,-0.00,0.00
-10878,3.10,1024,2.20,627,2.02,5152,16_03_21_23_06_2025,1.75,-0.24,9.74,0.01,-0.00,0.00
-10884,3.10,1010,2.20,627,2.02,5176,16_03_21_23_06_2025,1.74,-0.25,9.75,0.01,-0.00,0.00
-10932,3.10,972,2.20,627,2.02,5196,16_03_21_23_06_2025,1.76,-0.24,9.74,0.01,-0.00,0.00
-10938,3.10,976,2.20,627,2.02,5216,16_03_21_23_06_2025,1.75,-0.24,9.74,0.00,-0.00,0.00
-10732,3.09,1108,2.19,627,2.02,5236,16_03_21_23_06_2025,1.73,-0.24,9.74,0.00,-0.00,-0.00
-10727,3.09,1078,2.19,627,2.02,5256,16_03_21_23_06_2025,1.72,-0.25,9.75,0.00,-0.00,-0.00
-10778,3.09,899,2.20,627,2.02,5279,16_03_21_23_06_2025,1.72,-0.24,9.75,0.00,-0.00,-0.00
-10890,3.10,1027,2.19,627,2.02,5300,16_03_21_23_06_2025,1.73,-0.24,9.74,0.00,-0.00,-0.00
-10751,3.09,947,2.20,626,2.02,5320,16_03_21_23_06_2025,1.73,-0.23,9.74,0.00,-0.00,-0.00
-10755,3.09,1080,2.19,626,2.02,5340,16_03_21_23_06_2025,1.75,-0.24,9.74,0.00,-0.00,0.00
-10974,3.10,1024,2.20,627,2.02,5360,16_03_21_23_06_2025,1.76,-0.24,9.73,0.00,-0.00,-0.00
-10963,3.10,1023,2.20,627,2.02,5380,16_03_21_23_06_2025,1.75,-0.25,9.74,0.01,-0.00,-0.00
-10659,3.08,931,2.20,626,2.02,5403,16_03_21_23_06_2025,1.75,-0.25,9.74,0.01,-0.00,-0.00
-10707,3.08,1044,2.19,627,2.02,5423,16_03_21_23_06_2025,1.74,-0.25,9.74,0.00,-0.00,-0.00
-10859,3.10,1089,2.19,627,2.02,5444,16_03_21_23_06_2025,1.74,-0.24,9.74,0.01,-0.00,-0.00
-10967,3.10,1177,2.18,626,2.02,5464,16_03_21_23_06_2025,1.73,-0.24,9.74,0.00,-0.01,-0.00
-10753,3.09,1002,2.20,627,2.02,5484,16_03_21_23_06_2025,1.73,-0.23,9.74,0.01,-0.00,-0.00
-10944,3.10,990,2.20,627,2.02,5507,16_03_21_23_06_2025,1.74,-0.26,9.75,0.00,-0.00,0.00
-10913,3.10,936,2.20,627,2.02,5527,16_03_21_23_06_2025,1.73,-0.25,9.73,0.00,-0.00,0.00
-10980,3.10,841,2.21,627,2.02,5547,16_03_21_23_06_2025,1.74,-0.25,9.75,0.00,-0.00,0.00
-10745,3.09,1078,2.19,626,2.02,5567,16_03_21_23_06_2025,1.75,-0.24,9.73,0.00,-0.00,-0.00
-10822,3.09,1087,2.19,627,2.02,5587,16_03_21_23_06_2025,1.75,-0.24,9.74,0.00,-0.00,-0.00
-10815,3.09,1085,2.19,627,2.02,5607,16_03_21_23_06_2025,1.74,-0.23,9.74,0.00,-0.00,-0.00
-10830,3.09,1143,2.19,626,2.02,5630,16_03_21_23_06_2025,1.73,-0.25,9.74,0.00,-0.00,0.00
-10830,3.09,1086,2.19,627,2.02,5653,16_03_21_23_06_2025,1.74,-0.24,9.75,0.01,-0.00,-0.00
-10798,3.09,1086,2.19,627,2.02,5674,16_03_21_23_06_2025,1.73,-0.24,9.75,0.00,-0.00,-0.00
-10797,3.09,811,2.21,627,2.02,5694,16_03_21_23_06_2025,1.75,-0.24,9.74,0.00,-0.00,0.00
-10950,3.10,944,2.20,627,2.02,5714,16_03_21_23_06_2025,1.75,-0.24,9.74,0.00,-0.00,0.00
-10880,3.10,971,2.20,627,2.02,5734,16_03_21_23_06_2025,1.75,-0.24,9.75,0.01,-0.00,-0.00
-10784,3.09,999,2.20,627,2.02,5758,16_03_21_23_06_2025,1.74,-0.24,9.73,0.00,-0.00,-0.00
-10880,3.10,908,2.20,627,2.02,5778,16_03_21_23_06_2025,1.75,-0.24,9.75,0.00,-0.00,0.00
-10865,3.10,1100,2.19,627,2.02,5798,16_03_21_23_06_2025,1.73,-0.23,9.75,0.01,-0.00,0.00
-10896,3.10,1040,2.19,627,2.02,5818,16_03_21_23_06_2025,1.73,-0.24,9.75,0.01,-0.00,0.00
-10995,3.11,1150,2.19,625,2.02,5838,16_03_21_23_06_2025,1.74,-0.24,9.74,0.01,-0.00,-0.00
-11077,3.11,1059,2.19,627,2.02,5859,16_03_21_23_06_2025,1.74,-0.24,9.74,0.01,-0.00,-0.00
-10963,3.10,1164,2.18,627,2.02,5881,16_03_21_23_06_2025,1.73,-0.24,9.74,0.00,-0.00,-0.00
-10994,3.11,1030,2.19,627,2.02,5902,16_03_21_23_06_2025,1.74,-0.24,9.75,0.01,-0.00,-0.00
-10852,3.09,999,2.20,627,2.02,5922,16_03_21_23_06_2025,1.74,-0.24,9.75,0.01,-0.00,-0.00
-10773,3.09,961,2.20,626,2.02,5942,16_03_21_23_06_2025,1.74,-0.24,9.75,0.00,-0.00,-0.00
-10702,3.08,965,2.20,627,2.02,5962,16_03_21_23_06_2025,1.73,-0.24,9.75,0.01,-0.00,0.00
-10824,3.09,860,2.21,626,2.02,5985,16_03_21_23_06_2025,1.74,-0.24,9.75,0.00,-0.00,-0.00
-10942,3.10,1009,2.20,627,2.02,6008,16_03_21_23_06_2025,1.74,-0.23,9.74,0.00,-0.00,-0.00
-11025,3.11,920,2.20,625,2.02,6028,16_03_21_23_06_2025,1.74,-0.25,9.74,0.00,-0.01,-0.00
-10954,3.10,965,2.20,627,2.02,6048,16_03_21_23_06_2025,1.74,-0.24,9.75,0.01,-0.01,-0.00
-11033,3.11,1100,2.19,627,2.02,6068,16_03_21_23_06_2025,1.73,-0.24,9.74,0.00,-0.00,-0.00
-10846,3.09,1091,2.19,627,2.02,6088,16_03_21_23_06_2025,1.75,-0.25,9.74,0.01,-0.00,-0.00
-10900,3.10,1046,2.19,627,2.02,6111,16_03_21_23_06_2025,1.74,-0.24,9.74,0.00,-0.00,-0.00
-11043,3.11,1027,2.19,627,2.02,6131,16_03_22_23_06_2025,1.74,-0.24,9.74,0.01,-0.00,-0.00
-10898,3.10,1079,2.19,627,2.02,6151,16_03_22_23_06_2025,1.73,-0.25,9.73,0.01,-0.00,-0.00
-10715,3.08,1085,2.19,626,2.02,6171,16_03_22_23_06_2025,1.73,-0.24,9.73,0.01,-0.00,-0.00
-10778,3.09,1079,2.19,627,2.02,6192,16_03_22_23_06_2025,1.74,-0.24,9.75,0.00,-0.00,-0.00
-10778,3.09,990,2.20,627,2.02,6212,16_03_22_23_06_2025,1.74,-0.24,9.74,0.00,-0.00,0.00
-10825,3.09,1070,2.19,627,2.02,6235,16_03_22_23_06_2025,1.73,-0.24,9.74,0.01,-0.00,0.00
-10882,3.10,992,2.20,626,2.02,6258,16_03_22_23_06_2025,1.73,-0.23,9.74,0.01,-0.00,0.00
-11050,3.11,992,2.20,627,2.02,6278,16_03_22_23_06_2025,1.74,-0.23,9.74,0.00,-0.00,-0.00
-10766,3.09,1231,2.18,627,2.02,6298,16_03_22_23_06_2025,1.75,-0.24,9.74,0.01,-0.00,-0.00
-10798,3.09,824,2.21,627,2.02,6318,16_03_22_23_06_2025,1.74,-0.24,9.74,0.00,-0.00,-0.00
-10977,3.10,1079,2.19,627,2.02,6338,16_03_22_23_06_2025,1.74,-0.24,9.74,0.00,-0.00,0.00
-10944,3.10,886,2.21,627,2.02,6362,16_03_22_23_06_2025,1.74,-0.25,9.75,0.01,-0.00,-0.00
-10904,3.10,1031,2.19,627,2.02,6383,16_03_22_23_06_2025,1.73,-0.23,9.75,0.00,-0.00,-0.00
-10607,3.08,862,2.21,627,2.02,6403,16_03_22_23_06_2025,1.73,-0.24,9.74,0.00,-0.00,-0.00
-10765,3.09,949,2.20,627,2.02,6423,16_03_22_23_06_2025,1.73,-0.25,9.74,0.00,-0.00,-0.00
-10776,3.09,898,2.20,626,2.02,6443,16_03_22_23_06_2025,1.75,-0.24,9.73,0.00,-0.00,-0.00
-10948,3.10,1035,2.19,627,2.02,6466,16_03_22_23_06_2025,1.74,-0.24,9.75,0.01,-0.00,-0.00
-11033,3.11,955,2.20,626,2.02,6486,16_03_22_23_06_2025,1.74,-0.25,9.74,0.00,-0.00,-0.00
-11076,3.11,1022,2.20,627,2.02,6506,16_03_22_23_06_2025,1.74,-0.24,9.74,0.01,-0.00,-0.00
-11107,3.11,1110,2.19,626,2.02,6527,16_03_22_23_06_2025,1.75,-0.24,9.75,0.01,-0.00,-0.00
-10940,3.10,1039,2.19,627,2.02,6547,16_03_22_23_06_2025,1.73,-0.24,9.74,0.01,-0.00,-0.00
-10858,3.10,1115,2.19,626,2.02,6567,16_03_22_23_06_2025,1.74,-0.23,9.74,0.01,-0.00,-0.00
-10879,3.10,1021,2.20,627,2.02,6590,16_03_22_23_06_2025,1.73,-0.24,9.74,0.00,-0.00,-0.00
-10773,3.09,802,2.21,626,2.02,6610,16_03_22_23_06_2025,1.74,-0.23,9.75,0.01,-0.00,-0.00
-10958,3.10,787,2.21,627,2.02,6630,16_03_22_23_06_2025,1.73,-0.24,9.75,0.00,-0.00,-0.00
-10962,3.10,1083,2.19,627,2.02,6651,16_03_22_23_06_2025,1.73,-0.24,9.74,0.00,-0.00,-0.00
-10886,3.10,1064,2.19,627,2.02,6671,16_03_22_23_06_2025,1.75,-0.24,9.74,0.00,-0.00,-0.00
-10842,3.09,928,2.20,627,2.02,6691,16_03_22_23_06_2025,1.74,-0.24,9.74,0.01,-0.00,0.00
-10817,3.09,928,2.20,627,2.02,6714,16_03_22_23_06_2025,1.74,-0.24,9.74,0.00,-0.00,0.00
-10950,3.10,1268,2.18,627,2.02,6737,16_03_22_23_06_2025,1.74,-0.24,9.74,0.01,-0.00,-0.00
-10935,3.10,1023,2.20,627,2.02,6757,16_03_22_23_06_2025,1.74,-0.24,9.73,0.01,-0.00,-0.00
-11033,3.11,844,2.21,626,2.02,6777,16_03_22_23_06_2025,1.73,-0.23,9.74,0.00,-0.00,0.00
-10900,3.10,1245,2.18,627,2.02,6797,16_03_22_23_06_2025,1.74,-0.23,9.74,0.01,-0.00,-0.00
-10669,3.08,1041,2.19,627,2.02,6817,16_03_22_23_06_2025,1.74,-0.23,9.74,0.01,-0.00,-0.00
-10847,3.09,1124,2.19,626,2.02,6840,16_03_22_23_06_2025,1.74,-0.24,9.74,0.00,-0.00,-0.00
-10956,3.10,1045,2.19,627,2.02,6860,16_03_22_23_06_2025,1.73,-0.24,9.74,0.00,-0.00,-0.00
-10922,3.10,1097,2.19,626,2.02,6880,16_03_22_23_06_2025,1.74,-0.23,9.74,0.01,-0.01,0.00
-10969,3.10,1091,2.19,626,2.02,6900,16_03_22_23_06_2025,1.74,-0.24,9.75,0.01,-0.00,-0.00
-10767,3.09,1160,2.18,627,2.02,6920,16_03_22_23_06_2025,1.74,-0.24,9.73,0.01,-0.00,0.00
-10890,3.10,1024,2.20,627,2.02,6943,16_03_22_23_06_2025,1.74,-0.24,9.74,0.01,-0.00,-0.00
-10774,3.09,1191,2.18,627,2.02,6967,16_03_22_23_06_2025,1.73,-0.23,9.74,0.00,-0.01,0.00
-10804,3.09,1060,2.19,626,2.02,6988,16_03_22_23_06_2025,1.74,-0.24,9.74,0.00,-0.00,-0.00
-10733,3.09,970,2.20,627,2.02,7008,16_03_22_23_06_2025,1.74,-0.24,9.75,0.01,-0.00,0.00
-10744,3.09,895,2.20,627,2.02,7028,16_03_22_23_06_2025,1.75,-0.23,9.75,0.01,-0.00,0.00
-10738,3.09,1045,2.19,627,2.02,7047,16_03_22_23_06_2025,1.74,-0.25,9.74,0.01,-0.00,0.00
-11041,3.11,1014,2.20,626,2.02,7070,16_03_22_23_06_2025,1.73,-0.24,9.75,0.01,-0.00,0.00
-10884,3.10,918,2.20,627,2.02,7090,16_03_22_23_06_2025,1.73,-0.25,9.75,0.00,-0.00,-0.00
-10848,3.09,1146,2.19,626,2.02,7111,16_03_22_23_06_2025,1.75,-0.25,9.75,0.00,-0.00,0.00
-10799,3.09,1131,2.19,627,2.02,7131,16_03_23_23_06_2025,1.73,-0.24,9.75,0.00,-0.00,-0.00
-10828,3.09,952,2.20,626,2.02,7151,16_03_23_23_06_2025,1.74,-0.24,9.74,0.00,-0.00,0.00
-10946,3.10,1063,2.19,627,2.02,7171,16_03_23_23_06_2025,1.75,-0.24,9.74,0.01,-0.00,-0.00
-10808,3.09,1064,2.19,626,2.02,7194,16_03_23_23_06_2025,1.74,-0.23,9.74,0.00,-0.00,0.00
-11057,3.11,925,2.20,626,2.02,7220,16_03_23_23_06_2025,1.75,-0.24,9.75,0.00,-0.00,-0.00
-10903,3.10,952,2.20,627,2.02,7246,16_03_23_23_06_2025,1.74,-0.25,9.74,0.00,-0.00,-0.00
-11015,3.11,1040,2.19,627,2.02,7266,16_03_23_23_06_2025,1.75,-0.24,9.75,0.00,-0.00,-0.00
-10757,3.09,896,2.20,626,2.02,7287,16_03_23_23_06_2025,1.73,-0.25,9.75,0.00,-0.00,-0.00
-10811,3.09,1020,2.20,627,2.02,7307,16_03_23_23_06_2025,1.73,-0.23,9.74,0.01,-0.00,-0.00
-10705,3.08,983,2.20,627,2.02,7330,16_03_23_23_06_2025,1.74,-0.24,9.74,0.01,-0.00,-0.00
-10864,3.10,981,2.20,627,2.02,7350,16_03_23_23_06_2025,1.74,-0.23,9.74,0.00,-0.00,-0.00
-10870,3.10,908,2.20,627,2.02,7371,16_03_23_23_06_2025,1.73,-0.24,9.75,0.01,-0.01,0.00
-10931,3.10,996,2.20,627,2.02,7391,16_03_23_23_06_2025,1.74,-0.24,9.75,0.00,-0.00,-0.00
-10692,3.08,1010,2.20,627,2.02,7411,16_03_23_23_06_2025,1.74,-0.24,9.74,0.01,-0.00,-0.00
-10899,3.10,1033,2.19,627,2.02,7434,16_03_23_23_06_2025,1.74,-0.25,9.74,0.01,-0.00,0.00
-10943,3.10,1182,2.18,626,2.02,7455,16_03_23_23_06_2025,1.74,-0.24,9.75,0.01,-0.00,-0.00
-10952,3.10,998,2.20,627,2.02,7475,16_03_23_23_06_2025,1.73,-0.25,9.74,0.00,-0.00,-0.00
-11052,3.11,1222,2.18,627,2.02,7495,16_03_23_23_06_2025,1.74,-0.24,9.75,0.01,-0.00,-0.00
-10856,3.10,1130,2.19,627,2.02,7516,16_03_23_23_06_2025,1.73,-0.24,9.74,0.00,-0.00,-0.00
-10777,3.09,1075,2.19,627,2.02,7536,16_03_23_23_06_2025,1.73,-0.23,9.74,0.01,-0.00,0.00
-10892,3.10,1213,2.18,627,2.02,7559,16_03_23_23_06_2025,1.75,-0.24,9.74,0.00,-0.00,-0.00
-10914,3.10,1161,2.18,626,2.02,7581,16_03_23_23_06_2025,1.74,-0.24,9.74,0.01,-0.00,-0.00
-10900,3.10,996,2.20,627,2.02,7601,16_03_23_23_06_2025,1.74,-0.23,9.74,0.00,-0.01,0.00
-10839,3.09,990,2.20,627,2.02,7621,16_03_23_23_06_2025,1.74,-0.24,9.74,0.00,-0.00,-0.00
-10740,3.09,1060,2.19,627,2.02,7642,16_03_23_23_06_2025,1.74,-0.24,9.74,0.00,-0.00,0.00
-10844,3.09,920,2.20,626,2.02,7665,16_03_23_23_06_2025,1.74,-0.25,9.75,0.01,-0.00,-0.00
-10965,3.10,886,2.21,627,2.02,7688,16_03_23_23_06_2025,1.74,-0.24,9.74,0.00,-0.00,0.00
-10746,3.09,979,2.20,626,2.02,7708,16_03_23_23_06_2025,1.74,-0.24,9.74,0.00,-0.00,-0.00
-10910,3.10,970,2.20,627,2.02,7729,16_03_23_23_06_2025,1.73,-0.24,9.74,0.00,-0.00,0.00
-10982,3.10,865,2.21,626,2.02,7749,16_03_23_23_06_2025,1.74,-0.23,9.74,0.01,-0.00,0.00
-10714,3.08,994,2.20,627,2.02,7769,16_03_23_23_06_2025,1.74,-0.24,9.75,0.00,-0.00,-0.00
-10904,3.10,1031,2.19,626,2.02,7789,16_03_23_23_06_2025,1.74,-0.24,9.74,0.00,-0.00,-0.00
-10838,3.09,1077,2.19,626,2.02,7807,16_03_23_23_06_2025,1.74,-0.24,9.75,0.01,-0.00,-0.00
-10985,3.10,1100,2.19,626,2.02,7827,16_03_23_23_06_2025,1.74,-0.24,9.74,0.00,-0.00,-0.00
-10798,3.09,912,2.20,627,2.02,7847,16_03_23_23_06_2025,1.74,-0.24,9.74,0.01,-0.00,-0.00
-10763,3.09,812,2.21,627,2.02,7868,16_03_23_23_06_2025,1.74,-0.24,9.74,0.01,-0.00,0.00
-10855,3.10,915,2.20,627,2.02,7888,16_03_23_23_06_2025,1.74,-0.24,9.75,0.00,-0.00,-0.00
-10867,3.10,788,2.21,626,2.02,7911,16_03_23_23_06_2025,1.73,-0.23,9.74,0.00,-0.00,0.00
-10638,3.08,951,2.20,627,2.02,7934,16_03_23_23_06_2025,1.74,-0.24,9.75,0.00,-0.00,0.00
-10813,3.09,1078,2.19,626,2.02,7954,16_03_23_23_06_2025,1.74,-0.25,9.73,0.00,-0.01,0.00
-10920,3.10,856,2.21,627,2.02,7974,16_03_23_23_06_2025,1.74,-0.24,9.74,0.01,-0.00,0.00
-10890,3.10,1067,2.19,626,2.02,7994,16_03_23_23_06_2025,1.74,-0.24,9.74,0.00,-0.01,-0.00
-10949,3.10,1055,2.19,627,2.02,8014,16_03_23_23_06_2025,1.73,-0.24,9.74,0.00,-0.00,-0.00
-10917,3.10,1000,2.20,627,2.02,8037,16_03_23_23_06_2025,1.74,-0.23,9.74,0.01,-0.00,-0.00
-10846,3.09,1139,2.19,626,2.02,8057,16_03_23_23_06_2025,1.73,-0.24,9.74,0.01,-0.00,-0.00
-10829,3.09,1007,2.20,627,2.02,8077,16_03_23_23_06_2025,1.73,-0.24,9.74,0.01,-0.00,0.00
-10897,3.10,1138,2.19,627,2.02,8098,16_03_23_23_06_2025,1.75,-0.24,9.74,0.00,-0.00,0.00
-10834,3.09,927,2.20,626,2.02,8118,16_03_23_23_06_2025,1.75,-0.24,9.74,0.01,-0.00,0.00
-10656,3.08,816,2.21,627,2.02,8138,16_03_24_23_06_2025,1.74,-0.24,9.74,0.00,-0.00,-0.00
-11045,3.11,1067,2.19,627,2.02,8161,16_03_24_23_06_2025,1.75,-0.24,9.74,0.01,-0.00,-0.00
-11020,3.11,846,2.21,627,2.02,8194,16_03_24_23_06_2025,1.73,-0.24,9.75,0.01,-0.00,-0.00
-10823,3.09,964,2.20,626,2.02,8226,16_03_24_23_06_2025,1.73,-0.23,9.75,0.00,-0.00,-0.00
-10953,3.10,872,2.21,627,2.02,8247,16_03_24_23_06_2025,1.75,-0.24,9.74,0.00,-0.00,-0.00
-10928,3.10,957,2.20,627,2.02,8267,16_03_24_23_06_2025,1.73,-0.24,9.74,0.00,-0.00,-0.00
-10844,3.09,961,2.20,627,2.02,8291,16_03_24_23_06_2025,1.73,-0.24,9.74,0.00,-0.00,0.00
-10906,3.10,851,2.21,627,2.02,8317,16_03_24_23_06_2025,1.74,-0.25,9.74,0.00,-0.00,0.00
-11071,3.11,1093,2.19,627,2.02,8337,16_03_24_23_06_2025,1.74,-0.24,9.75,0.01,-0.00,-0.00
-10914,3.10,1175,2.18,626,2.02,8357,16_03_24_23_06_2025,1.74,-0.24,9.74,0.00,-0.00,0.00
-10858,3.10,1143,2.19,627,2.02,8378,16_03_24_23_06_2025,1.74,-0.24,9.74,0.00,-0.00,0.00
-10808,3.09,946,2.20,626,2.02,8398,16_03_24_23_06_2025,1.74,-0.24,9.74,0.01,-0.00,-0.00
-10940,3.10,1122,2.19,626,2.02,8421,16_03_24_23_06_2025,1.74,-0.23,9.74,0.00,-0.00,0.00
-10654,3.08,1121,2.19,627,2.02,8444,16_03_24_23_06_2025,1.74,-0.23,9.75,0.01,-0.00,-0.00
-10929,3.10,1111,2.19,626,2.02,8464,16_03_24_23_06_2025,1.74,-0.24,9.74,0.00,-0.00,0.00
-10952,3.10,1025,2.20,627,2.02,8484,16_03_24_23_06_2025,1.75,-0.24,9.74,0.01,-0.00,-0.00
-10875,3.10,1006,2.20,627,2.02,8505,16_03_24_23_06_2025,1.73,-0.24,9.74,0.01,-0.00,-0.00
-10848,3.09,1148,2.19,626,2.02,8525,16_03_24_23_06_2025,1.74,-0.24,9.75,0.01,-0.00,-0.00
-10839,3.09,920,2.20,627,2.02,8548,16_03_24_23_06_2025,1.74,-0.24,9.74,0.01,-0.00,-0.00
-10904,3.10,1077,2.19,627,2.02,8568,16_03_24_23_06_2025,1.74,-0.24,9.74,0.01,-0.00,-0.00
-10809,3.09,979,2.20,627,2.02,8588,16_03_24_23_06_2025,1.74,-0.23,9.75,0.01,-0.00,-0.00
-10779,3.09,1110,2.19,627,2.02,8609,16_03_24_23_06_2025,1.74,-0.25,9.74,0.00,-0.00,-0.00
-10910,3.10,1110,2.19,626,2.02,8629,16_03_24_23_06_2025,1.73,-0.25,9.74,0.00,-0.00,0.00
-10924,3.10,1173,2.18,627,2.02,8649,16_03_24_23_06_2025,1.74,-0.23,9.74,0.01,-0.00,-0.00
-10818,3.09,1094,2.19,626,2.02,8672,16_03_24_23_06_2025,1.75,-0.24,9.74,0.01,-0.00,0.00
-10866,3.10,1007,2.20,627,2.02,8692,16_03_24_23_06_2025,1.75,-0.24,9.74,0.00,-0.00,0.00
-10836,3.09,1063,2.19,627,2.02,8712,16_03_24_23_06_2025,1.75,-0.24,9.74,0.01,-0.00,-0.00
-10934,3.10,948,2.20,627,2.02,8733,16_03_24_23_06_2025,1.75,-0.24,9.74,0.00,-0.00,0.00
-10784,3.09,1057,2.19,626,2.02,8753,16_03_24_23_06_2025,1.74,-0.24,9.75,0.01,-0.00,-0.00
-11029,3.11,1079,2.19,626,2.02,8776,16_03_24_23_06_2025,1.74,-0.24,9.75,0.00,-0.00,-0.00
-10919,3.10,1081,2.19,627,2.02,8796,16_03_24_23_06_2025,1.74,-0.23,9.74,0.00,-0.00,-0.00
-10853,3.09,1168,2.18,626,2.02,8818,16_03_24_23_06_2025,1.74,-0.24,9.75,0.00,-0.00,0.00
-10746,3.09,1228,2.18,627,2.02,8838,16_03_24_23_06_2025,1.74,-0.24,9.74,0.01,-0.01,-0.00
-10858,3.10,1026,2.19,627,2.02,8858,16_03_24_23_06_2025,1.74,-0.23,9.75,0.01,-0.00,-0.00
-10831,3.09,1006,2.20,626,2.02,8878,16_03_24_23_06_2025,1.73,-0.23,9.75,0.01,-0.00,-0.00
-10852,3.09,1161,2.18,626,2.02,8909,16_03_24_23_06_2025,1.73,-0.24,9.74,0.01,-0.00,-0.00
-11001,3.11,900,2.20,627,2.02,8931,16_03_24_23_06_2025,1.74,-0.25,9.76,0.00,-0.00,-0.00
-10864,3.10,1028,2.19,626,2.02,8954,16_03_24_23_06_2025,1.74,-0.24,9.75,0.01,-0.00,-0.00
-10870,3.10,1270,2.18,627,2.02,8976,16_03_24_23_06_2025,1.73,-0.24,9.74,0.01,-0.00,-0.00
-10903,3.10,914,2.20,627,2.02,8998,16_03_24_23_06_2025,1.74,-0.23,9.74,0.00,-0.00,-0.00
-10996,3.11,1123,2.19,626,2.02,9020,16_03_24_23_06_2025,1.73,-0.24,9.74,0.01,-0.00,-0.00
-10761,3.09,901,2.20,626,2.02,9045,16_03_24_23_06_2025,1.74,-0.25,9.74,0.00,-0.00,0.00
-10963,3.10,981,2.20,627,2.02,9068,16_03_24_23_06_2025,1.74,-0.24,9.75,0.01,-0.00,-0.00
-10992,3.11,1141,2.19,626,2.02,9090,16_03_24_23_06_2025,1.74,-0.24,9.73,0.01,-0.00,0.00
-10817,3.09,1097,2.19,626,2.02,9112,16_03_24_23_06_2025,1.73,-0.24,9.74,0.00,-0.00,-0.00
-10906,3.10,1097,2.19,626,2.02,9135,16_03_25_23_06_2025,1.74,-0.24,9.75,0.01,-0.00,-0.00
-10889,3.10,1085,2.19,626,2.02,9157,16_03_25_23_06_2025,1.73,-0.24,9.74,0.01,-0.00,0.00
-10776,3.09,991,2.20,627,2.02,9182,16_03_25_23_06_2025,1.75,-0.24,9.75,0.00,-0.00,0.00
-10781,3.09,991,2.20,627,2.02,9205,16_03_25_23_06_2025,1.73,-0.24,9.74,0.01,-0.00,0.00
-10758,3.09,1118,2.19,627,2.02,9227,16_03_25_23_06_2025,1.74,-0.24,9.74,0.00,-0.00,-0.00
-10737,3.09,1110,2.19,627,2.02,9249,16_03_25_23_06_2025,1.74,-0.24,9.74,0.01,-0.00,-0.00
-10971,3.10,795,2.21,627,2.02,9278,16_03_25_23_06_2025,1.74,-0.24,9.74,0.01,-0.00,0.00
-10777,3.09,970,2.20,627,2.02,9303,16_03_25_23_06_2025,1.73,-0.24,9.74,0.00,-0.00,-0.00
-10759,3.09,1057,2.19,627,2.02,9325,16_03_25_23_06_2025,1.74,-0.23,9.75,0.01,-0.00,-0.00
-10736,3.09,814,2.21,626,2.02,9348,16_03_25_23_06_2025,1.73,-0.25,9.74,0.01,-0.00,0.00
-10881,3.10,982,2.20,626,2.02,9370,16_03_25_23_06_2025,1.74,-0.24,9.75,0.01,-0.00,-0.00
-10961,3.10,1108,2.19,626,2.02,9392,16_03_25_23_06_2025,1.74,-0.24,9.74,0.01,-0.01,-0.00
-10857,3.10,827,2.21,626,2.02,9415,16_03_25_23_06_2025,1.74,-0.25,9.73,0.00,-0.00,-0.00
-10866,3.10,1153,2.19,626,2.02,9440,16_03_25_23_06_2025,1.74,-0.24,9.74,0.01,-0.00,-0.00
-11078,3.11,888,2.21,627,2.02,9464,16_03_25_23_06_2025,1.74,-0.24,9.74,0.01,-0.00,-0.00
-10905,3.10,1020,2.20,627,2.02,9489,16_03_25_23_06_2025,1.74,-0.24,9.74,0.00,-0.00,-0.00
-11032,3.11,1157,2.19,627,2.02,9514,16_03_25_23_06_2025,1.74,-0.24,9.74,0.00,-0.00,-0.00
-10893,3.10,1109,2.19,627,2.02,9540,16_03_25_23_06_2025,1.74,-0.23,9.74,0.00,-0.00,-0.00
-10865,3.10,1139,2.19,626,2.02,9565,16_03_25_23_06_2025,1.73,-0.23,9.75,0.00,-0.00,0.00
-10977,3.10,1049,2.19,627,2.02,9593,16_03_25_23_06_2025,1.75,-0.24,9.74,0.01,-0.00,-0.00
-10821,3.09,1053,2.19,627,2.02,9615,16_03_25_23_06_2025,1.73,-0.23,9.75,0.00,-0.00,-0.00
-10860,3.10,963,2.20,626,2.02,9640,16_03_25_23_06_2025,1.73,-0.23,9.73,0.00,-0.00,-0.00
-10925,3.10,882,2.21,627,2.02,9666,16_03_25_23_06_2025,1.74,-0.24,9.74,0.00,-0.00,-0.00
-10862,3.10,895,2.20,627,2.02,9691,16_03_25_23_06_2025,1.74,-0.23,9.74,0.01,-0.00,0.00
-10737,3.09,1015,2.20,626,2.02,9716,16_03_25_23_06_2025,1.75,-0.24,9.74,0.00,-0.00,-0.00
-10828,3.09,1115,2.19,626,2.02,9744,16_03_25_23_06_2025,1.74,-0.24,9.74,0.00,-0.00,0.00
-10979,3.10,987,2.20,626,2.02,9766,16_03_25_23_06_2025,1.73,-0.24,9.74,0.00,-0.00,-0.00
-10784,3.09,1249,2.18,627,2.02,9792,16_03_25_23_06_2025,1.74,-0.24,9.74,0.01,-0.00,-0.00
-10908,3.10,1065,2.19,626,2.02,9817,16_03_25_23_06_2025,1.75,-0.24,9.74,0.00,-0.00,-0.00
-10768,3.09,1132,2.19,626,2.02,9842,16_03_25_23_06_2025,1.74,-0.24,9.74,0.00,-0.00,0.00
-10933,3.10,1031,2.19,626,2.02,9870,16_03_25_23_06_2025,1.73,-0.24,9.74,0.01,-0.00,-0.00
-10993,3.11,899,2.20,626,2.02,9892,16_03_25_23_06_2025,1.74,-0.24,9.74,0.01,-0.00,-0.00
-10739,3.09,1184,2.18,627,2.02,9917,16_03_25_23_06_2025,1.75,-0.24,9.75,0.00,-0.00,0.00
-11063,3.11,852,2.21,626,2.02,9942,16_03_25_23_06_2025,1.73,-0.24,9.75,0.01,-0.00,0.00
-10866,3.10,956,2.20,626,2.02,9967,16_03_25_23_06_2025,1.74,-0.24,9.75,0.00,-0.00,-0.00
-10826,3.09,1076,2.19,627,2.02,9993,16_03_25_23_06_2025,1.74,-0.23,9.73,0.01,-0.00,-0.00
-11073,3.11,1155,2.19,626,2.02,10021,16_03_25_23_06_2025,1.74,-0.23,9.75,0.00,-0.00,0.00
-10706,3.08,1010,2.20,626,2.02,10043,16_03_25_23_06_2025,1.74,-0.24,9.74,0.00,-0.00,-0.00
-10747,3.09,854,2.21,626,2.02,10068,16_03_25_23_06_2025,1.74,-0.24,9.75,0.00,-0.00,-0.00
-10747,3.09,972,2.20,626,2.02,10093,16_03_25_23_06_2025,1.74,-0.24,9.73,0.00,-0.00,-0.00
-11026,3.11,1165,2.18,626,2.02,10118,16_03_25_23_06_2025,1.73,-0.24,9.74,0.00,-0.00,-0.00
-10886,3.10,941,2.20,627,2.02,10143,16_03_26_23_06_2025,1.73,-0.24,9.74,0.00,-0.00,-0.00
-10833,3.09,1074,2.19,627,2.02,10171,16_03_26_23_06_2025,1.74,-0.24,9.74,0.00,-0.00,0.00
-10777,3.09,965,2.20,626,2.02,10195,16_03_26_23_06_2025,1.74,-0.25,9.74,0.00,-0.00,0.00
-10525,3.07,1125,2.19,627,2.02,10217,16_03_26_23_06_2025,1.73,-0.24,9.75,0.01,-0.00,-0.00
-10756,3.09,1013,2.20,627,2.02,10240,16_03_26_23_06_2025,1.74,-0.24,9.75,0.01,-0.00,-0.00
-10966,3.10,1108,2.19,626,2.02,10262,16_03_26_23_06_2025,1.74,-0.23,9.74,0.00,-0.00,-0.00
-10835,3.09,993,2.20,627,2.02,10287,16_03_26_23_06_2025,1.74,-0.24,9.74,0.01,-0.00,-0.00
-10783,3.09,930,2.20,626,2.02,10310,16_03_26_23_06_2025,1.74,-0.24,9.75,0.00,-0.00,-0.00
-10740,3.09,1094,2.19,627,2.02,10332,16_03_26_23_06_2025,1.74,-0.24,9.74,0.00,-0.00,-0.00
-10951,3.10,876,2.21,627,2.02,10355,16_03_26_23_06_2025,1.74,-0.24,9.74,0.01,-0.00,0.00
-10840,3.09,1011,2.20,626,2.02,10377,16_03_26_23_06_2025,1.73,-0.24,9.75,0.01,-0.00,-0.00
-10773,3.09,1148,2.19,626,2.02,10399,16_03_26_23_06_2025,1.73,-0.24,9.75,0.00,-0.00,-0.00
-10766,3.09,1087,2.19,626,2.02,10424,16_03_26_23_06_2025,1.73,-0.24,9.74,0.00,-0.00,-0.00
-10887,3.10,1112,2.19,627,2.02,10447,16_03_26_23_06_2025,1.74,-0.24,9.75,0.00,-0.00,-0.00
-11028,3.11,1212,2.18,627,2.02,10469,16_03_26_23_06_2025,1.74,-0.24,9.74,0.00,-0.00,-0.00
-10753,3.09,988,2.20,627,2.02,10492,16_03_26_23_06_2025,1.74,-0.24,9.74,0.01,-0.00,-0.00
-10800,3.09,1170,2.18,627,2.02,10514,16_03_26_23_06_2025,1.73,-0.24,9.74,0.01,-0.00,-0.00
-10893,3.10,961,2.20,626,2.02,10536,16_03_26_23_06_2025,1.74,-0.23,9.74,0.00,-0.00,0.00
-10792,3.09,1120,2.19,627,2.02,10561,16_03_26_23_06_2025,1.74,-0.24,9.74,0.00,-0.00,0.00
-11006,3.11,1118,2.19,627,2.02,10584,16_03_26_23_06_2025,1.74,-0.24,9.75,0.00,-0.00,-0.00
-10910,3.10,1045,2.19,626,2.02,10606,16_03_26_23_06_2025,1.74,-0.24,9.74,0.00,-0.00,-0.00
-10971,3.10,1024,2.20,626,2.02,10629,16_03_26_23_06_2025,1.74,-0.24,9.74,0.00,-0.00,-0.00
-10959,3.10,1112,2.19,626,2.02,10651,16_03_26_23_06_2025,1.73,-0.24,9.73,0.00,-0.00,0.00
-11042,3.11,890,2.21,627,2.02,10676,16_03_26_23_06_2025,1.75,-0.24,9.74,0.00,-0.00,0.00
-10968,3.10,945,2.20,626,2.02,10698,16_03_26_23_06_2025,1.74,-0.24,9.74,0.00,-0.00,-0.00
-10896,3.10,969,2.20,626,2.02,10721,16_03_26_23_06_2025,1.74,-0.24,9.75,0.00,-0.00,0.00
-10648,3.08,1034,2.19,626,2.02,10743,16_03_26_23_06_2025,1.73,-0.24,9.75,0.00,-0.00,-0.00
-11010,3.11,992,2.20,627,2.02,10765,16_03_26_23_06_2025,1.73,-0.23,9.76,0.01,-0.00,-0.00
-10955,3.10,1238,2.18,626,2.02,10788,16_03_26_23_06_2025,1.74,-0.23,9.75,0.00,-0.00,0.00
-10936,3.10,962,2.20,626,2.02,10813,16_03_26_23_06_2025,1.73,-0.24,9.75,0.00,-0.00,-0.00
-10819,3.09,1018,2.20,627,2.02,10836,16_03_26_23_06_2025,1.74,-0.24,9.75,0.00,-0.00,-0.00
-10891,3.10,1185,2.18,627,2.02,10865,16_03_26_23_06_2025,1.74,-0.24,9.74,0.01,-0.00,-0.00
-10887,3.10,961,2.20,626,2.02,10888,16_03_26_23_06_2025,1.74,-0.23,9.74,0.00,-0.00,-0.00
-10730,3.09,1158,2.18,626,2.02,10910,16_03_26_23_06_2025,1.74,-0.24,9.74,0.01,-0.00,-0.00
-10695,3.08,1129,2.19,626,2.02,10932,16_03_26_23_06_2025,1.74,-0.24,9.75,0.01,-0.00,-0.00
-10720,3.08,1330,2.17,627,2.02,10957,16_03_26_23_06_2025,1.74,-0.24,9.75,0.01,-0.00,-0.00
-10826,3.09,1236,2.18,626,2.02,10980,16_03_26_23_06_2025,1.74,-0.25,9.74,0.01,-0.00,-0.00
-10950,3.10,857,2.21,626,2.02,11002,16_03_26_23_06_2025,1.75,-0.24,9.74,0.01,-0.00,-0.00
-10912,3.10,890,2.21,627,2.02,11024,16_03_26_23_06_2025,1.74,-0.24,9.74,0.01,-0.00,-0.00
-10938,3.10,1159,2.18,626,2.02,11047,16_03_26_23_06_2025,1.74,-0.23,9.74,0.01,-0.00,-0.00
-10827,3.09,1147,2.19,626,2.02,11075,16_03_26_23_06_2025,1.84,-0.44,9.77,-0.03,-0.01,0.00
-10749,3.09,922,2.20,627,2.02,11097,16_03_26_23_06_2025,1.84,-0.35,10.05,0.02,-0.00,-0.00
-10785,3.09,1100,2.19,626,2.02,11122,16_03_26_23_06_2025,1.72,-0.04,9.35,0.03,0.01,-0.01
-10772,3.09,1040,2.19,626,2.02,11147,16_03_27_23_06_2025,1.69,-0.10,9.67,-0.00,0.00,-0.01
-11061,3.11,1161,2.18,627,2.02,11172,16_03_27_23_06_2025,1.62,-0.25,9.73,-0.01,0.00,-0.01
-10940,3.10,1061,2.19,627,2.02,11198,16_03_27_23_06_2025,1.71,-0.28,9.73,0.01,-0.01,-0.02
-10944,3.10,930,2.20,626,2.02,11226,16_03_27_23_06_2025,1.79,-0.26,9.69,0.00,-0.01,-0.02
-10819,3.09,945,2.20,626,2.02,11248,16_03_27_23_06_2025,1.88,-0.28,9.75,0.01,-0.01,-0.02
-11006,3.11,1136,2.19,627,2.02,11273,16_03_27_23_06_2025,1.82,-0.20,9.72,0.00,-0.00,-0.02
-10852,3.09,1127,2.19,626,2.02,11299,16_03_27_23_06_2025,1.78,-0.18,9.70,0.00,0.00,-0.03
-10903,3.10,1098,2.19,627,2.02,11324,16_03_27_23_06_2025,1.71,-0.27,9.76,-0.00,0.00,-0.03
-10850,3.09,848,2.21,627,2.02,11349,16_03_27_23_06_2025,1.69,-0.28,9.78,-0.00,0.00,-0.03
-10922,3.10,1334,2.17,626,2.02,11377,16_03_27_23_06_2025,1.67,-0.25,9.77,0.00,-0.00,-0.03
-10761,3.09,1187,2.18,627,2.02,11400,16_03_27_23_06_2025,1.72,-0.25,9.75,0.00,-0.01,-0.03
-10887,3.10,909,2.20,627,2.02,11425,16_03_27_23_06_2025,1.77,-0.23,9.73,0.00,-0.01,-0.03
-11192,3.12,1009,2.20,626,2.02,11450,16_03_27_23_06_2025,1.80,-0.21,9.71,-0.00,-0.01,-0.03
-10737,3.09,1085,2.19,627,2.02,11476,16_03_27_23_06_2025,1.80,-0.21,9.74,-0.00,-0.00,-0.03
-10791,3.09,1069,2.19,626,2.02,11504,16_03_27_23_06_2025,1.75,-0.24,9.75,-0.00,0.00,-0.03
-10890,3.10,1080,2.19,626,2.02,11526,16_03_27_23_06_2025,1.67,-0.25,9.75,0.00,0.00,-0.03
-10880,3.10,922,2.20,626,2.02,11553,16_03_27_23_06_2025,1.64,-0.24,9.75,0.00,-0.00,-0.03
-10841,3.09,1108,2.19,626,2.02,11575,16_03_27_23_06_2025,1.67,-0.21,9.75,0.00,-0.01,-0.03
-10883,3.10,1028,2.19,627,2.02,11598,16_03_27_23_06_2025,1.75,-0.21,9.73,0.00,-0.01,-0.02
-10809,3.09,830,2.21,626,2.02,11620,16_03_27_23_06_2025,1.78,-0.25,9.74,0.00,-0.01,-0.02
-10974,3.10,1014,2.20,626,2.02,11645,16_03_27_23_06_2025,1.74,-0.28,9.75,0.00,0.00,-0.02
-11019,3.11,1112,2.19,626,2.02,11667,16_03_27_23_06_2025,1.71,-0.27,9.77,0.00,0.00,-0.01
-10904,3.10,1074,2.19,627,2.02,11690,16_03_27_23_06_2025,1.62,-0.25,9.76,0.00,0.00,-0.00
-10896,3.10,989,2.20,627,2.02,11712,16_03_27_23_06_2025,1.64,-0.23,9.79,0.00,-0.00,-0.00
-10801,3.09,1132,2.19,627,2.02,11734,16_03_27_23_06_2025,1.67,-0.23,9.74,0.00,-0.01,0.00
-10752,3.09,1174,2.18,627,2.02,11757,16_03_27_23_06_2025,1.73,-0.26,9.74,0.01,-0.01,0.00
-10814,3.09,984,2.20,626,2.02,11782,16_03_27_23_06_2025,1.74,-0.25,9.73,0.01,-0.01,0.01
-10981,3.10,1057,2.19,627,2.02,11804,16_03_27_23_06_2025,1.75,-0.23,9.71,0.01,-0.00,0.01
-10907,3.10,1038,2.19,626,2.02,11827,16_03_27_23_06_2025,1.73,-0.23,9.75,0.01,-0.00,0.01
-10864,3.10,983,2.20,626,2.02,11849,16_03_27_23_06_2025,1.72,-0.23,9.74,0.01,-0.00,0.01
-10977,3.10,1063,2.19,626,2.02,11872,16_03_27_23_06_2025,1.71,-0.25,9.76,0.00,-0.01,0.01
-10807,3.09,1320,2.17,626,2.02,11897,16_03_27_23_06_2025,1.73,-0.25,9.76,0.00,-0.01,0.01
-10980,3.10,1056,2.19,627,2.02,11919,16_03_27_23_06_2025,1.75,-0.25,9.74,0.01,-0.01,0.01
-10684,3.08,1258,2.18,626,2.02,11942,16_03_27_23_06_2025,1.78,-0.23,9.72,0.01,-0.01,0.01
-10755,3.09,1049,2.19,626,2.02,11964,16_03_27_23_06_2025,1.78,-0.22,9.72,0.01,-0.00,0.01
-10785,3.09,1071,2.19,626,2.02,11987,16_03_27_23_06_2025,1.76,-0.24,9.73,0.00,-0.00,0.01
-10778,3.09,952,2.20,627,2.02,12009,16_03_27_23_06_2025,1.75,-0.26,9.75,0.00,-0.00,0.00
-10753,3.09,987,2.20,626,2.02,12034,16_03_27_23_06_2025,1.73,-0.25,9.75,0.01,-0.00,0.00
-10826,3.09,1117,2.19,626,2.02,12056,16_03_27_23_06_2025,1.71,-0.23,9.74,0.01,-0.00,0.00
-10848,3.09,1150,2.19,626,2.02,12079,16_03_27_23_06_2025,1.73,-0.22,9.74,0.00,-0.00,0.00
-10743,3.09,1304,2.17,627,2.02,12101,16_03_27_23_06_2025,1.74,-0.23,9.74,0.01,-0.01,0.00
-10761,3.09,1131,2.19,626,2.02,12123,16_03_27_23_06_2025,1.74,-0.25,9.75,0.00,-0.00,0.00
-10738,3.09,1003,2.20,627,2.02,12145,16_03_28_23_06_2025,1.77,-0.26,9.75,0.01,-0.00,0.00
-10603,3.08,1197,2.18,626,2.02,12171,16_03_28_23_06_2025,1.77,-0.24,9.74,0.00,-0.00,0.00
-10882,3.10,1115,2.19,626,2.02,12193,16_03_28_23_06_2025,1.76,-0.24,9.73,0.01,-0.00,0.00
-10918,3.10,961,2.20,626,2.02,12216,16_03_28_23_06_2025,1.74,-0.23,9.74,0.01,-0.00,-0.00
-10711,3.08,1104,2.19,626,2.02,12238,16_03_28_23_06_2025,1.72,-0.22,9.74,0.00,-0.00,-0.00
-10813,3.09,929,2.20,627,2.02,12261,16_03_28_23_06_2025,1.71,-0.23,9.75,0.00,-0.00,-0.00
-10886,3.10,1092,2.19,627,2.02,12286,16_03_28_23_06_2025,1.72,-0.24,9.74,0.00,-0.00,-0.00
-10790,3.09,1062,2.19,626,2.02,12308,16_03_28_23_06_2025,1.74,-0.23,9.75,0.00,-0.00,0.00
-10776,3.09,1060,2.19,626,2.02,12330,16_03_28_23_06_2025,1.76,-0.25,9.74,0.00,-0.00,0.00
-10962,3.10,1158,2.18,626,2.02,12353,16_03_28_23_06_2025,1.75,-0.25,9.74,0.01,-0.00,0.00
-10864,3.10,1040,2.19,626,2.02,12375,16_03_28_23_06_2025,1.76,-0.24,9.74,0.01,-0.00,0.00
-10915,3.10,1207,2.18,626,2.02,12397,16_03_28_23_06_2025,1.74,-0.23,9.74,0.00,-0.00,-0.00
-10835,3.09,1177,2.18,626,2.02,12422,16_03_28_23_06_2025,1.73,-0.24,9.74,0.00,-0.00,-0.00
-10991,3.11,1001,2.20,626,2.02,12445,16_03_28_23_06_2025,1.72,-0.24,9.74,0.00,-0.00,-0.00
-10918,3.10,1135,2.19,627,2.02,12467,16_03_28_23_06_2025,1.72,-0.24,9.75,0.00,-0.00,-0.00
-10781,3.09,1064,2.19,626,2.02,12490,16_03_28_23_06_2025,1.73,-0.24,9.73,0.00,-0.00,-0.00
-10920,3.10,859,2.21,626,2.02,12512,16_03_28_23_06_2025,1.74,-0.23,9.74,0.00,-0.00,0.00
-10843,3.09,1104,2.19,627,2.02,12535,16_03_28_23_06_2025,1.75,-0.23,9.74,0.01,-0.00,0.00
-10841,3.09,938,2.20,626,2.02,12560,16_03_28_23_06_2025,1.74,-0.25,9.75,0.01,-0.00,0.00
-10994,3.11,986,2.20,626,2.02,12582,16_03_28_23_06_2025,1.74,-0.24,9.75,0.00,-0.00,0.00
-11090,3.11,1110,2.19,627,2.02,12610,16_03_28_23_06_2025,1.73,-0.24,9.75,0.01,-0.00,-0.00
-10900,3.10,908,2.20,626,2.02,12632,16_03_28_23_06_2025,1.73,-0.23,9.75,0.01,-0.00,-0.00
-10936,3.10,1002,2.20,627,2.02,12661,16_03_28_23_06_2025,1.73,-0.24,9.75,0.00,-0.00,0.00
-10867,3.10,1085,2.19,627,2.02,12686,16_03_28_23_06_2025,1.73,-0.25,9.75,0.01,-0.00,0.00
-10881,3.10,1192,2.18,627,2.02,12708,16_03_28_23_06_2025,1.74,-0.25,9.75,0.01,-0.00,0.00
-10700,3.08,1017,2.20,627,2.02,12731,16_03_28_23_06_2025,1.75,-0.24,9.74,0.01,-0.00,0.00
-10943,3.10,906,2.20,626,2.02,12753,16_03_28_23_06_2025,1.75,-0.24,9.74,0.01,-0.00,-0.00
-10995,3.11,1195,2.18,627,2.02,12776,16_03_28_23_06_2025,1.73,-0.24,9.74,0.00,-0.00,0.00
-10763,3.09,1030,2.19,627,2.02,12798,16_03_28_23_06_2025,1.73,-0.24,9.75,0.00,-0.00,-0.00
-10923,3.10,1339,2.17,627,2.02,12823,16_03_28_23_06_2025,1.72,-0.23,9.74,0.01,-0.00,-0.00
-10780,3.09,1050,2.19,626,2.02,12846,16_03_28_23_06_2025,1.73,-0.24,9.74,0.00,-0.00,-0.00
-10824,3.09,970,2.20,626,2.02,12868,16_03_28_23_06_2025,1.73,-0.23,9.74,0.01,-0.00,0.00
-10903,3.10,1109,2.19,626,2.02,12892,16_03_28_23_06_2025,1.75,-0.23,9.74,0.01,-0.00,0.00
-10888,3.10,1072,2.19,627,2.02,12921,16_03_28_23_06_2025,1.75,-0.24,9.74,0.00,-0.00,0.00
-10941,3.10,1195,2.18,626,2.02,12943,16_03_28_23_06_2025,1.73,-0.24,9.74,0.01,-0.00,-0.00
-10976,3.10,1082,2.19,626,2.02,12968,16_03_28_23_06_2025,1.73,-0.24,9.74,0.00,-0.00,-0.00
-10851,3.09,1038,2.19,626,2.02,12991,16_03_28_23_06_2025,1.73,-0.24,9.75,0.01,-0.00,-0.00
-10871,3.10,1105,2.19,627,2.02,13013,16_03_28_23_06_2025,1.73,-0.23,9.75,0.00,-0.00,-0.00
-10840,3.09,894,2.20,626,2.02,13036,16_03_28_23_06_2025,1.73,-0.24,9.75,0.00,-0.00,-0.00
-10794,3.09,1082,2.19,627,2.02,13058,16_03_28_23_06_2025,1.74,-0.23,9.74,0.00,-0.00,0.00
-10861,3.10,1138,2.19,626,2.02,13083,16_03_28_23_06_2025,1.74,-0.25,9.74,0.00,-0.00,-0.00
-11034,3.11,1076,2.19,627,2.02,13105,16_03_28_23_06_2025,1.74,-0.24,9.75,0.01,-0.00,-0.00
-10887,3.10,1076,2.19,627,2.02,13127,16_03_29_23_06_2025,1.74,-0.24,9.74,0.00,-0.00,-0.00
-10932,3.10,964,2.20,627,2.02,13150,16_03_29_23_06_2025,1.74,-0.24,9.74,0.00,-0.00,-0.00
-10809,3.09,1084,2.19,626,2.02,13172,16_03_29_23_06_2025,1.73,-0.23,9.73,0.00,-0.00,-0.00
-10849,3.09,998,2.20,626,2.02,13197,16_03_29_23_06_2025,1.73,-0.23,9.75,0.01,-0.00,-0.00
-10902,3.10,1197,2.18,626,2.02,13225,16_03_29_23_06_2025,1.73,-0.23,9.75,0.01,-0.00,0.00
-10822,3.09,1128,2.19,626,2.02,13248,16_03_29_23_06_2025,1.75,-0.24,9.75,0.00,-0.00,-0.00
-11021,3.11,1014,2.20,627,2.02,13273,16_03_29_23_06_2025,1.74,-0.24,9.74,0.00,-0.00,-0.00
-10807,3.09,971,2.20,626,2.02,13298,16_03_29_23_06_2025,1.74,-0.24,9.74,0.00,-0.00,-0.00
-10733,3.09,1122,2.19,626,2.02,13323,16_03_29_23_06_2025,1.74,-0.24,9.74,0.01,-0.00,-0.00
-10824,3.09,1228,2.18,626,2.02,13348,16_03_29_23_06_2025,1.73,-0.24,9.74,0.00,-0.00,-0.00
-10911,3.10,978,2.20,626,2.02,13376,16_03_29_23_06_2025,1.73,-0.24,9.74,0.00,-0.00,-0.00
-10925,3.10,1155,2.19,626,2.02,13399,16_03_29_23_06_2025,1.74,-0.23,9.74,0.00,-0.00,-0.00
-10893,3.10,960,2.20,627,2.02,13424,16_03_29_23_06_2025,1.73,-0.23,9.75,0.01,-0.00,0.00
-10975,3.10,1096,2.19,627,2.02,13449,16_03_29_23_06_2025,1.74,-0.24,9.75,0.00,-0.00,-0.00
-10985,3.10,997,2.20,626,2.02,13474,16_03_29_23_06_2025,1.73,-0.24,9.74,0.00,-0.00,-0.00
-10871,3.10,1055,2.19,626,2.02,13502,16_03_29_23_06_2025,1.75,-0.24,9.75,0.00,-0.00,-0.00
-11021,3.11,1024,2.20,626,2.02,13525,16_03_29_23_06_2025,1.74,-0.24,9.75,0.01,-0.00,0.00
-10816,3.09,1208,2.18,626,2.02,13550,16_03_29_23_06_2025,1.73,-0.24,9.75,0.00,-0.00,-0.00
-10941,3.10,854,2.21,627,2.02,13575,16_03_29_23_06_2025,1.74,-0.24,9.74,0.01,-0.00,0.00
-11006,3.11,1154,2.19,626,2.02,13602,16_03_29_23_06_2025,1.73,-0.24,9.74,0.00,-0.00,-0.00
-10854,3.10,1185,2.18,626,2.02,13625,16_03_29_23_06_2025,1.74,-0.25,9.75,0.01,-0.00,0.00
-10979,3.10,1276,2.18,627,2.02,13650,16_03_29_23_06_2025,1.74,-0.23,9.74,0.00,-0.00,0.00
-11003,3.11,1215,2.18,627,2.02,13672,16_03_29_23_06_2025,1.74,-0.24,9.74,0.00,-0.00,-0.00
-10851,3.09,1098,2.19,627,2.02,13694,16_03_29_23_06_2025,1.74,-0.23,9.73,0.01,-0.00,-0.00
-10820,3.09,1089,2.19,626,2.02,13717,16_03_29_23_06_2025,1.74,-0.23,9.75,0.00,-0.00,-0.00
-10788,3.09,1008,2.20,626,2.02,13739,16_03_29_23_06_2025,1.74,-0.24,9.74,0.01,-0.00,-0.00
-10885,3.10,959,2.20,625,2.02,13761,16_03_29_23_06_2025,1.73,-0.25,9.75,0.00,-0.00,0.00
-10657,3.08,877,2.21,626,2.02,13787,16_03_29_23_06_2025,1.74,-0.23,9.73,0.00,-0.00,0.00
-10674,3.08,1033,2.19,626,2.02,13809,16_03_29_23_06_2025,1.74,-0.24,9.74,0.01,-0.00,0.00
-10952,3.10,1144,2.19,626,2.02,13831,16_03_29_23_06_2025,1.74,-0.24,9.75,0.00,-0.00,0.00
-10952,3.10,978,2.20,626,2.02,13853,16_03_29_23_06_2025,1.74,-0.24,9.74,0.01,-0.00,0.00
-10734,3.09,943,2.20,626,2.02,13875,16_03_29_23_06_2025,1.74,-0.24,9.74,0.01,-0.00,-0.00
-10802,3.09,1099,2.19,626,2.02,13901,16_03_29_23_06_2025,1.74,-0.24,9.74,0.00,-0.00,-0.00
-10860,3.10,1113,2.19,626,2.02,13923,16_03_29_23_06_2025,1.74,-0.24,9.75,0.01,-0.00,-0.00
-10901,3.10,1154,2.19,626,2.02,13945,16_03_29_23_06_2025,1.73,-0.25,9.75,0.00,-0.00,-0.00
-10771,3.09,954,2.20,626,2.02,13968,16_03_29_23_06_2025,1.73,-0.24,9.74,0.01,-0.00,0.00
-10867,3.10,1131,2.19,626,2.02,13990,16_03_29_23_06_2025,1.74,-0.24,9.74,0.00,-0.00,-0.00
-10977,3.10,1145,2.19,626,2.02,14013,16_03_29_23_06_2025,1.74,-0.24,9.74,0.00,-0.00,-0.00
-10975,3.10,957,2.20,626,2.02,14038,16_03_29_23_06_2025,1.74,-0.24,9.74,0.00,-0.00,-0.00
-10809,3.09,978,2.20,626,2.02,14060,16_03_29_23_06_2025,1.74,-0.24,9.75,0.01,-0.00,-0.00
-10885,3.10,1075,2.19,626,2.02,14083,16_03_29_23_06_2025,1.73,-0.24,9.75,0.00,-0.00,0.00
-10809,3.09,1137,2.19,627,2.02,14105,16_03_29_23_06_2025,1.73,-0.24,9.75,0.00,-0.00,-0.00
-10908,3.10,1172,2.18,627,2.02,14127,16_03_30_23_06_2025,1.73,-0.23,9.74,0.01,-0.00,0.00
-10872,3.10,1019,2.20,626,2.02,14150,16_03_30_23_06_2025,1.73,-0.24,9.74,0.01,-0.00,-0.00
-10555,3.07,1212,2.18,627,2.02,14175,16_03_30_23_06_2025,1.73,-0.23,9.75,0.00,-0.00,-0.00
-10762,3.09,1212,2.18,627,2.02,14197,16_03_30_23_06_2025,1.73,-0.24,9.75,0.01,-0.00,-0.00
-10947,3.10,951,2.20,626,2.02,14219,16_03_30_23_06_2025,1.74,-0.24,9.74,0.00,-0.00,-0.00
-10899,3.10,1047,2.19,626,2.02,14243,16_03_30_23_06_2025,1.74,-0.24,9.74,0.00,-0.00,0.00
-10642,3.08,1166,2.18,627,2.02,14265,16_03_30_23_06_2025,1.74,-0.24,9.75,0.00,-0.00,-0.00
-10848,3.09,1105,2.19,627,2.02,14290,16_03_30_23_06_2025,1.74,-0.24,9.74,0.00,-0.00,-0.00
-10679,3.08,1103,2.19,626,2.02,14312,16_03_30_23_06_2025,1.74,-0.24,9.74,0.00,-0.00,-0.00
-10783,3.09,1003,2.20,626,2.02,14335,16_03_30_23_06_2025,1.73,-0.24,9.74,0.01,-0.00,-0.00
-10928,3.10,981,2.20,627,2.02,14357,16_03_30_23_06_2025,1.74,-0.25,9.75,0.01,-0.00,-0.00
-10853,3.09,902,2.20,626,2.02,14379,16_03_30_23_06_2025,1.74,-0.25,9.74,0.00,-0.00,-0.00
-10846,3.09,1139,2.19,627,2.02,14402,16_03_30_23_06_2025,1.73,-0.24,9.74,0.01,-0.00,0.00
-10903,3.10,1102,2.19,626,2.02,14427,16_03_30_23_06_2025,1.74,-0.25,9.74,0.00,-0.00,0.00
-10873,3.10,925,2.20,626,2.02,14449,16_03_30_23_06_2025,1.74,-0.24,9.74,0.00,-0.00,-0.00
-10833,3.09,918,2.20,627,2.02,14471,16_03_30_23_06_2025,1.73,-0.24,9.74,0.01,-0.00,0.00
-10832,3.09,1112,2.19,626,2.02,14494,16_03_30_23_06_2025,1.74,-0.23,9.75,0.01,-0.00,-0.00
-10979,3.10,967,2.20,626,2.02,14516,16_03_30_23_06_2025,1.73,-0.24,9.74,0.00,-0.00,-0.00
-10962,3.10,1099,2.19,627,2.02,14538,16_03_30_23_06_2025,1.74,-0.23,9.74,0.00,-0.00,-0.00
-10711,3.08,1078,2.19,626,2.02,14564,16_03_30_23_06_2025,1.73,-0.24,9.76,0.00,-0.00,0.00
-10850,3.09,1134,2.19,627,2.02,14586,16_03_30_23_06_2025,1.75,-0.24,9.73,0.00,-0.00,-0.00
-10878,3.10,914,2.20,626,2.02,14608,16_03_30_23_06_2025,1.74,-0.23,9.75,0.01,-0.00,0.00
-10859,3.10,1170,2.18,626,2.02,14631,16_03_30_23_06_2025,1.74,-0.24,9.74,0.01,-0.00,-0.00
-10787,3.09,1130,2.19,626,2.02,14653,16_03_30_23_06_2025,1.74,-0.24,9.74,0.00,-0.00,0.00
-10681,3.08,982,2.20,626,2.02,14678,16_03_30_23_06_2025,1.75,-0.24,9.74,0.00,-0.00,-0.00
-10915,3.10,1151,2.19,626,2.02,14700,16_03_30_23_06_2025,1.73,-0.24,9.74,0.01,-0.00,-0.00
-11138,3.12,1029,2.19,627,2.02,14723,16_03_30_23_06_2025,1.73,-0.23,9.75,0.01,-0.00,-0.00
-10981,3.10,1028,2.19,626,2.02,14745,16_03_30_23_06_2025,1.74,-0.24,9.74,0.01,-0.00,0.00
-10905,3.10,1101,2.19,627,2.02,14768,16_03_30_23_06_2025,1.75,-0.24,9.74,0.00,-0.00,-0.00
-10846,3.09,1002,2.20,627,2.02,14790,16_03_30_23_06_2025,1.73,-0.24,9.74,0.00,-0.00,-0.00
-10687,3.08,1159,2.18,626,2.02,14815,16_03_30_23_06_2025,1.74,-0.24,9.75,0.00,-0.00,-0.00
-10799,3.09,1173,2.18,627,2.02,14838,16_03_30_23_06_2025,1.74,-0.23,9.75,0.00,-0.00,-0.00
-10834,3.09,1174,2.18,626,2.02,14860,16_03_30_23_06_2025,1.73,-0.24,9.75,0.01,-0.00,-0.00
-10726,3.09,1110,2.19,626,2.02,14882,16_03_30_23_06_2025,1.73,-0.23,9.74,0.01,-0.00,0.00
-10799,3.09,1138,2.19,626,2.02,14906,16_03_30_23_06_2025,1.74,-0.23,9.75,0.00,-0.00,0.00
-10684,3.08,1150,2.19,627,2.02,14928,16_03_30_23_06_2025,1.74,-0.23,9.75,0.00,-0.00,0.00
-10915,3.10,936,2.20,626,2.02,14953,16_03_30_23_06_2025,1.74,-0.24,9.74,0.00,-0.00,-0.00
-10872,3.10,840,2.21,626,2.02,14976,16_03_30_23_06_2025,1.74,-0.24,9.75,0.01,-0.00,0.00
-10860,3.10,1147,2.19,626,2.02,15001,16_03_30_23_06_2025,1.73,-0.24,9.74,0.00,-0.00,-0.00
-10787,3.09,1039,2.19,625,2.02,15027,16_03_30_23_06_2025,1.74,-0.23,9.74,0.00,-0.00,-0.00
-10836,3.09,1185,2.18,627,2.02,15052,16_03_30_23_06_2025,1.74,-0.24,9.74,0.00,-0.00,-0.00
-10898,3.10,1155,2.19,626,2.02,15080,16_03_30_23_06_2025,1.73,-0.24,9.75,0.00,-0.00,-0.00
-10898,3.10,1077,2.19,626,2.02,15102,16_03_30_23_06_2025,1.74,-0.24,9.75,0.00,-0.00,-0.00
-11046,3.11,890,2.21,626,2.02,15128,16_03_31_23_06_2025,1.73,-0.24,9.74,0.01,-0.00,-0.00
-10809,3.09,1116,2.19,626,2.02,15153,16_03_31_23_06_2025,1.74,-0.25,9.74,0.00,-0.00,0.00
-10875,3.10,953,2.20,626,2.02,15178,16_03_31_23_06_2025,1.74,-0.23,9.74,0.00,-0.00,-0.00
-10642,3.08,967,2.20,626,2.02,15203,16_03_31_23_06_2025,1.73,-0.24,9.74,0.01,-0.00,-0.00
-10766,3.09,1120,2.19,626,2.02,15231,16_03_31_23_06_2025,1.74,-0.24,9.74,0.00,-0.00,0.00
-10993,3.11,1107,2.19,626,2.02,15254,16_03_31_23_06_2025,1.73,-0.24,9.74,0.00,-0.00,-0.00
-11017,3.11,1184,2.18,626,2.02,15279,16_03_31_23_06_2025,1.74,-0.23,9.73,0.01,-0.00,0.00
-10914,3.10,989,2.20,626,2.02,15304,16_03_31_23_06_2025,1.74,-0.24,9.74,0.00,-0.00,-0.00
-10849,3.09,1083,2.19,626,2.02,15329,16_03_31_23_06_2025,1.74,-0.24,9.74,0.01,-0.00,-0.00
-10956,3.10,1236,2.18,626,2.02,15354,16_03_31_23_06_2025,1.74,-0.24,9.74,0.00,-0.00,-0.00
-11026,3.11,1052,2.19,627,2.02,15382,16_03_31_23_06_2025,1.74,-0.24,9.74,0.01,-0.00,-0.00
-10838,3.09,971,2.20,626,2.02,15405,16_03_31_23_06_2025,1.73,-0.24,9.74,0.00,-0.00,-0.00
-10733,3.09,1162,2.18,626,2.02,15430,16_03_31_23_06_2025,1.73,-0.24,9.75,0.01,-0.00,-0.00
-10884,3.10,1092,2.19,627,2.02,15455,16_03_31_23_06_2025,1.73,-0.24,9.75,0.01,-0.00,-0.00
-10882,3.10,1015,2.20,626,2.02,15480,16_03_31_23_06_2025,1.73,-0.24,9.74,0.01,-0.00,0.00
-10983,3.10,951,2.20,627,2.02,15508,16_03_31_23_06_2025,1.73,-0.25,9.74,0.00,-0.00,0.00
-10825,3.09,1135,2.19,627,2.02,15530,16_03_31_23_06_2025,1.74,-0.24,9.74,0.00,-0.00,0.00
-10803,3.09,989,2.20,626,2.02,15555,16_03_31_23_06_2025,1.73,-0.24,9.74,0.01,-0.00,-0.00
-10837,3.09,1053,2.19,626,2.02,15581,16_03_31_23_06_2025,1.74,-0.24,9.75,0.00,-0.00,-0.00
-10757,3.09,858,2.21,627,2.02,15606,16_03_31_23_06_2025,1.73,-0.25,9.74,0.01,-0.00,0.00
-10952,3.10,1172,2.18,627,2.02,15633,16_03_31_23_06_2025,1.74,-0.24,9.75,0.00,-0.00,-0.00
-10769,3.09,970,2.20,626,2.02,15658,16_03_31_23_06_2025,1.74,-0.24,9.74,0.00,-0.00,-0.00
-10861,3.10,968,2.20,626,2.02,15680,16_03_31_23_06_2025,1.74,-0.24,9.75,0.01,-0.00,-0.00
-10912,3.10,1011,2.20,626,2.02,15703,16_03_31_23_06_2025,1.74,-0.24,9.73,0.01,-0.00,-0.00
-10715,3.08,928,2.20,626,2.02,15725,16_03_31_23_06_2025,1.74,-0.24,9.73,0.00,-0.00,-0.00
-10970,3.10,1129,2.19,626,2.02,15748,16_03_31_23_06_2025,1.73,-0.24,9.73,0.00,-0.00,0.00
-10881,3.10,1152,2.19,626,2.02,15770,16_03_31_23_06_2025,1.74,-0.24,9.74,0.00,-0.00,-0.00
-10644,3.08,1130,2.19,626,2.02,15795,16_03_31_23_06_2025,1.73,-0.24,9.74,0.01,-0.00,0.00
-11042,3.11,982,2.20,626,2.02,15817,16_03_31_23_06_2025,1.73,-0.23,9.74,0.00,-0.00,-0.00
-10793,3.09,1032,2.19,626,2.02,15840,16_03_31_23_06_2025,1.74,-0.24,9.74,0.01,-0.00,-0.00
-10921,3.10,1264,2.18,627,2.02,15862,16_03_31_23_06_2025,1.75,-0.24,9.75,0.01,-0.00,-0.00
-10816,3.09,1052,2.19,627,2.02,15884,16_03_31_23_06_2025,1.74,-0.24,9.74,0.00,-0.00,-0.00
-10901,3.10,944,2.20,626,2.02,15910,16_03_31_23_06_2025,1.74,-0.24,9.75,0.00,-0.00,0.00
-10999,3.11,969,2.20,626,2.02,15932,16_03_31_23_06_2025,1.73,-0.24,9.75,0.00,-0.00,-0.00
-10968,3.10,1098,2.19,626,2.02,15954,16_03_31_23_06_2025,1.75,-0.24,9.73,0.01,-0.00,-0.00
-10753,3.09,1121,2.19,626,2.02,15977,16_03_31_23_06_2025,1.74,-0.24,9.74,0.01,-0.00,-0.00
-10906,3.10,883,2.21,626,2.02,15999,16_03_31_23_06_2025,1.74,-0.24,9.74,0.00,-0.00,-0.00
-10803,3.09,1009,2.20,626,2.02,16021,16_03_31_23_06_2025,1.73,-0.23,9.74,0.00,-0.00,-0.00
-10897,3.10,889,2.21,626,2.02,16047,16_03_31_23_06_2025,1.73,-0.24,9.75,0.00,-0.00,-0.00
-10854,3.10,1036,2.19,626,2.02,16069,16_03_31_23_06_2025,1.73,-0.23,9.74,0.01,-0.00,-0.00
-10666,3.08,1091,2.19,626,2.02,16091,16_03_31_23_06_2025,1.74,-0.23,9.74,0.01,-0.00,-0.00
-10754,3.09,1027,2.19,626,2.02,16114,16_03_31_23_06_2025,1.74,-0.25,9.75,0.00,-0.00,0.00
-10716,3.08,1108,2.19,626,2.02,16136,16_03_32_23_06_2025,1.74,-0.23,9.74,0.00,-0.00,-0.00
-10826,3.09,984,2.20,627,2.02,16158,16_03_32_23_06_2025,1.73,-0.23,9.75,0.00,-0.00,0.00
-10622,3.08,1130,2.19,626,2.02,16184,16_03_32_23_06_2025,1.73,-0.24,9.74,0.01,-0.00,0.00
-10873,3.10,992,2.20,626,2.02,16206,16_03_32_23_06_2025,1.74,-0.24,9.74,0.01,-0.00,0.00
-10873,3.10,1016,2.20,626,2.02,16228,16_03_32_23_06_2025,1.73,-0.24,9.74,0.01,-0.00,-0.00
-10895,3.10,1188,2.18,626,2.02,16250,16_03_32_23_06_2025,1.73,-0.24,9.75,0.00,-0.00,-0.00
-10652,3.08,1101,2.19,626,2.02,16273,16_03_32_23_06_2025,1.74,-0.24,9.73,0.00,-0.00,0.00
-10842,3.09,1055,2.19,626,2.02,16299,16_03_32_23_06_2025,1.73,-0.24,9.74,0.01,-0.00,-0.00
-10721,3.08,1212,2.18,625,2.02,16327,16_03_32_23_06_2025,1.74,-0.24,9.76,0.01,-0.00,0.00
-10851,3.09,1110,2.19,626,2.02,16350,16_03_32_23_06_2025,1.73,-0.24,9.74,0.00,-0.00,0.00
-10662,3.08,1240,2.18,626,2.02,16375,16_03_32_23_06_2025,1.73,-0.24,9.74,0.00,-0.00,-0.00
-10861,3.10,986,2.20,626,2.02,16400,16_03_32_23_06_2025,1.74,-0.23,9.74,0.01,-0.00,-0.00
-10902,3.10,1019,2.20,626,2.02,16425,16_03_32_23_06_2025,1.74,-0.25,9.75,0.01,-0.00,0.00
-10792,3.09,1135,2.19,627,2.02,16453,16_03_32_23_06_2025,1.74,-0.24,9.74,0.01,-0.00,0.00
-10765,3.09,1204,2.18,626,2.02,16475,16_03_32_23_06_2025,1.73,-0.23,9.75,0.01,-0.00,0.00
-10672,3.08,965,2.20,626,2.02,16500,16_03_32_23_06_2025,1.73,-0.24,9.74,0.00,-0.00,-0.00
-10835,3.09,885,2.21,626,2.02,16526,16_03_32_23_06_2025,1.74,-0.23,9.73,0.00,-0.00,0.00
-10840,3.09,852,2.21,626,2.02,16551,16_03_32_23_06_2025,1.74,-0.25,9.75,0.01,-0.00,0.00
-10779,3.09,1169,2.18,627,2.02,16576,16_03_32_23_06_2025,1.73,-0.24,9.75,0.01,-0.00,0.00
-10776,3.09,1170,2.18,626,2.02,16603,16_03_32_23_06_2025,1.74,-0.24,9.74,0.00,-0.00,-0.00
-10950,3.10,952,2.20,626,2.02,16626,16_03_32_23_06_2025,1.74,-0.23,9.76,0.01,-0.00,0.00
-10934,3.10,1046,2.19,626,2.02,16651,16_03_32_23_06_2025,1.73,-0.23,9.75,0.01,-0.00,-0.00
-10896,3.10,1039,2.19,626,2.02,16676,16_03_32_23_06_2025,1.74,-0.24,9.75,0.00,-0.00,0.00
-10780,3.09,1140,2.19,626,2.02,16701,16_03_32_23_06_2025,1.73,-0.24,9.74,0.01,-0.00,-0.00
-10893,3.10,868,2.21,626,2.02,16730,16_03_32_23_06_2025,1.74,-0.24,9.74,0.00,-0.00,-0.00
-10944,3.10,924,2.20,626,2.02,16752,16_03_32_23_06_2025,1.74,-0.23,9.74,0.01,-0.00,-0.00
-10991,3.11,949,2.20,626,2.02,16777,16_03_32_23_06_2025,1.74,-0.24,9.74,0.00,-0.00,0.00
-10643,3.08,1039,2.19,626,2.02,16802,16_03_32_23_06_2025,1.74,-0.23,9.75,0.00,-0.00,-0.00
-10884,3.10,964,2.20,626,2.02,16828,16_03_32_23_06_2025,1.73,-0.26,9.78,0.00,-0.00,-0.00
-10985,3.10,934,2.20,626,2.02,16853,16_03_32_23_06_2025,1.71,-0.27,9.76,0.01,-0.00,0.00
-10719,3.08,1229,2.18,626,2.02,16881,16_03_32_23_06_2025,1.70,-0.20,9.75,0.01,-0.00,0.00
-10710,3.08,1089,2.19,626,2.02,16903,16_03_32_23_06_2025,1.73,-0.18,9.73,0.01,-0.00,0.01
-10843,3.09,1011,2.20,626,2.02,16929,16_03_32_23_06_2025,1.76,-0.23,9.74,0.00,-0.00,0.01
-10934,3.10,1124,2.19,626,2.02,16954,16_03_32_23_06_2025,1.76,-0.29,9.77,0.00,-0.00,0.01
-10612,3.08,1053,2.19,626,2.02,16979,16_03_32_23_06_2025,1.75,-0.29,9.77,0.01,-0.00,0.00
-10999,3.11,996,2.20,626,2.02,17004,16_03_32_23_06_2025,1.76,-0.22,9.73,0.01,-0.00,0.00
-10731,3.09,986,2.20,626,2.02,17034,16_03_32_23_06_2025,1.74,-0.20,9.73,0.01,-0.00,0.00
-10746,3.09,1105,2.19,626,2.02,17056,16_03_32_23_06_2025,1.73,-0.23,9.74,0.00,-0.00,0.00
-10832,3.09,1100,2.19,627,2.02,17079,16_03_32_23_06_2025,1.72,-0.25,9.75,0.00,-0.00,-0.00
-10824,3.09,1141,2.19,626,2.02,17101,16_03_32_23_06_2025,1.73,-0.25,9.75,0.00,-0.00,-0.00
-10915,3.10,1150,2.19,626,2.02,17123,16_03_32_23_06_2025,1.73,-0.24,9.75,0.01,-0.00,-0.00
-10856,3.10,1171,2.18,627,2.02,17149,16_03_33_23_06_2025,1.75,-0.24,9.74,0.00,-0.00,-0.00
-10860,3.10,1216,2.18,626,2.02,17171,16_03_33_23_06_2025,1.74,-0.24,9.74,0.01,-0.00,0.00
-10957,3.10,1032,2.19,626,2.02,17193,16_03_33_23_06_2025,1.75,-0.23,9.74,0.01,-0.00,0.00
-10861,3.10,1027,2.19,626,2.02,17216,16_03_33_23_06_2025,1.74,-0.22,9.73,0.01,-0.00,0.00
-10995,3.11,1175,2.18,626,2.02,17238,16_03_33_23_06_2025,1.73,-0.23,9.74,0.01,-0.00,-0.00
-10994,3.11,1114,2.19,626,2.02,17260,16_03_33_23_06_2025,1.73,-0.24,9.74,0.00,-0.00,-0.00
-10749,3.09,1289,2.18,626,2.02,17286,16_03_33_23_06_2025,1.72,-0.26,9.75,0.00,-0.00,-0.00
-10896,3.10,1151,2.19,626,2.02,17308,16_03_33_23_06_2025,1.73,-0.23,9.74,0.01,-0.01,-0.00
-10935,3.10,1189,2.18,626,2.02,17330,16_03_33_23_06_2025,1.75,-0.21,9.74,0.01,-0.00,0.00
-10693,3.08,1087,2.19,626,2.02,17353,16_03_33_23_06_2025,1.75,-0.21,9.72,0.00,-0.00,0.00
-10697,3.08,1197,2.18,627,2.02,17375,16_03_33_23_06_2025,1.74,-0.25,9.75,0.00,-0.00,0.00
-10681,3.08,1074,2.19,626,2.02,17397,16_03_33_23_06_2025,1.73,-0.27,9.75,0.00,-0.00,-0.00
-10838,3.09,1236,2.18,626,2.02,17422,16_03_33_23_06_2025,1.73,-0.24,9.75,0.01,-0.00,-0.00
-10854,3.10,1139,2.19,626,2.02,17445,16_03_33_23_06_2025,1.73,-0.21,9.73,0.01,-0.00,0.00
-10795,3.09,927,2.20,627,2.02,17467,16_03_33_23_06_2025,1.74,-0.21,9.73,0.00,-0.01,-0.00
-10828,3.09,1127,2.19,626,2.02,17489,16_03_33_23_06_2025,1.74,-0.23,9.74,0.01,-0.00,0.00
-10832,3.09,1010,2.20,626,2.02,17511,16_03_33_23_06_2025,1.74,-0.26,9.76,0.00,-0.00,0.00
-11010,3.11,810,2.21,626,2.02,17544,16_03_33_23_06_2025,1.75,-0.24,9.74,0.00,-0.00,-0.00
-10863,3.10,1127,2.19,626,2.02,17566,16_03_33_23_06_2025,1.75,-0.22,9.74,0.01,-0.00,0.00
-10810,3.09,994,2.20,626,2.02,17589,16_03_33_23_06_2025,1.74,-0.22,9.74,0.01,-0.00,-0.00
-10799,3.09,988,2.20,626,2.02,17611,16_03_33_23_06_2025,1.74,-0.24,9.74,0.01,-0.00,-0.00
-10773,3.09,1265,2.18,627,2.02,17633,16_03_33_23_06_2025,1.72,-0.25,9.75,0.00,-0.00,-0.00
-10775,3.09,1096,2.19,626,2.02,17656,16_03_33_23_06_2025,1.73,-0.25,9.75,0.01,-0.00,-0.00
-10867,3.10,1169,2.18,626,2.02,17682,16_03_33_23_06_2025,1.74,-0.24,9.74,0.00,-0.00,-0.00
-10962,3.10,964,2.20,626,2.02,17704,16_03_33_23_06_2025,1.74,-0.23,9.74,0.00,-0.00,0.00
-10906,3.10,1109,2.19,627,2.02,17726,16_03_33_23_06_2025,1.73,-0.23,9.75,0.01,-0.00,-0.00
-10933,3.10,1071,2.19,626,2.02,17749,16_03_33_23_06_2025,1.73,-0.24,9.74,0.01,-0.00,-0.00
-10624,3.08,1139,2.19,626,2.02,17771,16_03_33_23_06_2025,1.74,-0.24,9.75,0.00,-0.00,-0.00
-10835,3.09,1164,2.18,626,2.02,17794,16_03_33_23_06_2025,1.73,-0.25,9.74,0.00,-0.00,-0.00
-10816,3.09,1105,2.19,626,2.02,17819,16_03_33_23_06_2025,1.74,-0.24,9.75,0.00,-0.00,-0.00
-10936,3.10,1184,2.18,626,2.02,17841,16_03_33_23_06_2025,1.73,-0.24,9.74,0.01,-0.00,-0.00
-10790,3.09,1220,2.18,626,2.02,17864,16_03_33_23_06_2025,1.73,-0.23,9.74,0.01,-0.00,0.00
-11016,3.11,1119,2.19,626,2.02,17886,16_03_33_23_06_2025,1.74,-0.23,9.74,0.01,-0.00,-0.00
-11080,3.11,1154,2.19,626,2.02,17908,16_03_33_23_06_2025,1.74,-0.24,9.74,0.01,-0.00,0.00
-10822,3.09,1154,2.19,626,2.02,17933,16_03_33_23_06_2025,1.74,-0.25,9.75,0.00,-0.00,-0.00
-11000,3.11,1233,2.18,626,2.02,17956,16_03_33_23_06_2025,1.74,-0.25,9.75,0.01,-0.01,0.00
-10768,3.09,1335,2.17,626,2.02,17978,16_03_33_23_06_2025,1.73,-0.23,9.76,0.01,-0.00,-0.00
-11024,3.11,1205,2.18,627,2.02,18000,16_03_33_23_06_2025,1.74,-0.23,9.74,0.01,-0.00,-0.00
-10928,3.10,1095,2.19,626,2.02,18023,16_03_33_23_06_2025,1.73,-0.22,9.74,0.01,-0.00,0.00
-10831,3.09,1080,2.19,627,2.02,18045,16_03_33_23_06_2025,1.74,-0.24,9.74,0.01,-0.00,-0.00
-10805,3.09,921,2.20,626,2.02,18070,16_03_33_23_06_2025,1.73,-0.25,9.75,0.01,-0.00,-0.00
-10794,3.09,1014,2.20,626,2.02,18093,16_03_33_23_06_2025,1.74,-0.24,9.75,0.01,-0.00,-0.00
-10830,3.09,1061,2.19,626,2.02,18115,16_03_33_23_06_2025,1.74,-0.23,9.74,0.01,-0.00,0.00
-11063,3.11,1196,2.18,627,2.02,18137,16_03_34_23_06_2025,1.75,-0.23,9.75,0.00,-0.00,0.00
-10974,3.10,1167,2.18,626,2.02,18160,16_03_34_23_06_2025,1.74,-0.24,9.75,0.00,-0.00,-0.00
-10974,3.10,1013,2.20,626,2.02,18182,16_03_34_23_06_2025,1.73,-0.25,9.75,0.00,-0.00,0.00
-11051,3.11,1256,2.18,626,2.02,18212,16_03_34_23_06_2025,1.73,-0.23,9.73,0.00,-0.00,-0.00
-10927,3.10,1064,2.19,626,2.02,18235,16_03_34_23_06_2025,1.73,-0.23,9.73,0.01,-0.00,-0.00
-10638,3.08,1012,2.20,626,2.02,18260,16_03_34_23_06_2025,1.75,-0.23,9.74,0.01,-0.00,0.00
-10824,3.09,1272,2.18,626,2.02,18286,16_03_34_23_06_2025,1.74,-0.24,9.75,0.00,-0.00,-0.00
-10831,3.09,1027,2.19,627,2.02,18311,16_03_34_23_06_2025,1.74,-0.25,9.74,0.00,-0.00,0.00
-10782,3.09,1161,2.18,625,2.02,18341,16_03_34_23_06_2025,1.73,-0.24,9.73,0.00,-0.00,0.00
-10906,3.10,1001,2.20,626,2.02,18363,16_03_34_23_06_2025,1.74,-0.23,9.74,0.00,-0.01,-0.00
-10695,3.08,1004,2.20,626,2.02,18385,16_03_34_23_06_2025,1.73,-0.22,9.74,0.00,-0.00,-0.00
-10946,3.10,1033,2.19,627,2.02,18408,16_03_34_23_06_2025,1.73,-0.24,9.75,0.00,-0.00,0.00
-10707,3.08,1015,2.20,626,2.02,18430,16_03_34_23_06_2025,1.73,-0.24,9.75,0.01,-0.00,-0.00
-10666,3.08,1071,2.19,626,2.02,18453,16_03_34_23_06_2025,1.74,-0.24,9.75,0.00,-0.00,0.00
-10901,3.10,983,2.20,626,2.02,18478,16_03_34_23_06_2025,1.74,-0.24,9.73,0.01,-0.00,-0.00
-10928,3.10,991,2.20,626,2.02,18500,16_03_34_23_06_2025,1.73,-0.24,9.74,0.00,-0.00,-0.00
-10887,3.10,1160,2.18,627,2.02,18523,16_03_34_23_06_2025,1.74,-0.24,9.75,0.01,-0.00,-0.00
-10960,3.10,1041,2.19,626,2.02,18545,16_03_34_23_06_2025,1.73,-0.24,9.75,0.01,-0.00,-0.00
-10956,3.10,1052,2.19,628,2.03,18567,16_03_34_23_06_2025,1.73,-0.23,9.75,0.00,-0.00,0.00
-10805,3.09,1164,2.18,626,2.02,18589,16_03_34_23_06_2025,1.73,-0.24,9.75,0.00,-0.00,-0.00
-10857,3.10,1190,2.18,625,2.02,18615,16_03_34_23_06_2025,1.74,-0.24,9.75,0.00,-0.00,0.00
-10631,3.08,1048,2.19,626,2.02,18637,16_03_34_23_06_2025,1.74,-0.24,9.74,0.01,-0.00,-0.00
-10960,3.10,983,2.20,626,2.02,18659,16_03_34_23_06_2025,1.73,-0.24,9.73,0.01,-0.00,-0.00
-10702,3.08,908,2.20,626,2.02,18681,16_03_34_23_06_2025,1.73,-0.24,9.74,0.01,-0.00,-0.00
-10639,3.08,1205,2.18,626,2.02,18704,16_03_34_23_06_2025,1.74,-0.23,9.76,0.00,-0.00,-0.00
-10831,3.09,883,2.21,626,2.02,18729,16_03_34_23_06_2025,1.72,-0.24,9.74,0.00,-0.00,-0.00
-10664,3.08,1257,2.18,626,2.02,18751,16_03_34_23_06_2025,1.74,-0.24,9.75,0.01,-0.00,-0.00
-10832,3.09,1114,2.19,627,2.02,18774,16_03_34_23_06_2025,1.74,-0.23,9.74,0.01,-0.00,0.00
-10924,3.10,1002,2.20,626,2.02,18796,16_03_34_23_06_2025,1.74,-0.24,9.73,0.01,-0.00,0.00
-10951,3.10,1012,2.20,626,2.02,18818,16_03_34_23_06_2025,1.73,-0.23,9.75,0.01,-0.00,-0.00
-10823,3.09,1117,2.19,626,2.02,18841,16_03_34_23_06_2025,1.74,-0.25,9.75,0.00,-0.00,0.00
-10852,3.09,1072,2.19,626,2.02,18866,16_03_34_23_06_2025,1.74,-0.24,9.74,0.01,-0.00,-0.00
-10916,3.10,1056,2.19,626,2.02,18888,16_03_34_23_06_2025,1.73,-0.24,9.75,0.01,-0.00,0.00
-10901,3.10,1051,2.19,626,2.02,18910,16_03_34_23_06_2025,1.73,-0.23,9.76,0.00,-0.00,-0.00
-11071,3.11,1107,2.19,626,2.02,18933,16_03_34_23_06_2025,1.74,-0.23,9.74,0.00,-0.00,-0.00
-10806,3.09,1129,2.19,626,2.02,18955,16_03_34_23_06_2025,1.75,-0.24,9.75,0.01,-0.00,0.00
-10733,3.09,1066,2.19,626,2.02,18977,16_03_34_23_06_2025,1.74,-0.24,9.75,0.00,-0.00,0.00
-10861,3.10,1078,2.19,626,2.02,19004,16_03_34_23_06_2025,1.73,-0.24,9.73,0.00,-0.00,-0.00
-10806,3.09,1099,2.19,626,2.02,19032,16_03_34_23_06_2025,1.74,-0.24,9.75,0.01,-0.00,-0.00
-10800,3.09,1091,2.19,626,2.02,19055,16_03_34_23_06_2025,1.74,-0.23,9.75,0.00,-0.00,-0.00
-10853,3.09,1115,2.19,626,2.02,19077,16_03_34_23_06_2025,1.73,-0.24,9.75,0.00,-0.00,-0.00
-11055,3.11,1304,2.17,626,2.02,19100,16_03_34_23_06_2025,1.74,-0.24,9.74,0.01,-0.00,0.00
-10850,3.09,1077,2.19,626,2.02,19125,16_03_34_23_06_2025,1.74,-0.24,9.74,0.00,-0.00,0.00
-10785,3.09,990,2.20,627,2.02,19147,16_03_35_23_06_2025,1.74,-0.23,9.75,0.01,-0.00,0.00
-10792,3.09,1150,2.19,626,2.02,19169,16_03_35_23_06_2025,1.73,-0.24,9.74,0.01,-0.00,-0.00
-10905,3.10,995,2.20,626,2.02,19192,16_03_35_23_06_2025,1.74,-0.24,9.75,0.01,-0.00,-0.00
-10802,3.09,1095,2.19,626,2.02,19214,16_03_35_23_06_2025,1.74,-0.24,9.75,0.01,-0.00,-0.00
-10937,3.10,1160,2.18,625,2.02,19237,16_03_35_23_06_2025,1.74,-0.24,9.74,0.00,-0.00,0.00
-10888,3.10,1122,2.19,626,2.02,19262,16_03_35_23_06_2025,1.74,-0.24,9.75,0.01,-0.00,-0.00
-10958,3.10,938,2.20,626,2.02,19284,16_03_35_23_06_2025,1.74,-0.24,9.75,0.00,-0.00,0.00
-10943,3.10,1061,2.19,625,2.02,19306,16_03_35_23_06_2025,1.74,-0.24,9.75,0.01,-0.00,-0.00
-11044,3.11,936,2.20,626,2.02,19329,16_03_35_23_06_2025,1.74,-0.23,9.75,0.01,-0.01,-0.00
-10776,3.09,813,2.21,626,2.02,19354,16_03_35_23_06_2025,1.73,-0.24,9.75,0.00,-0.00,-0.00
-10861,3.10,1167,2.18,626,2.02,19379,16_03_35_23_06_2025,1.73,-0.24,9.74,0.00,-0.00,-0.00
-10967,3.10,1106,2.19,626,2.02,19407,16_03_35_23_06_2025,1.73,-0.23,9.75,0.00,-0.00,-0.00
-10784,3.09,1022,2.20,626,2.02,19430,16_03_35_23_06_2025,1.74,-0.24,9.74,0.00,-0.00,-0.00
-10752,3.09,1068,2.19,626,2.02,19455,16_03_35_23_06_2025,1.74,-0.23,9.74,0.01,-0.00,-0.00
-10719,3.08,1081,2.19,626,2.02,19481,16_03_35_23_06_2025,1.73,-0.23,9.74,0.00,-0.00,-0.00
-11013,3.11,1269,2.18,626,2.02,19506,16_03_35_23_06_2025,1.73,-0.23,9.74,0.00,-0.00,-0.00
-10729,3.09,1185,2.18,626,2.02,19534,16_03_35_23_06_2025,1.73,-0.23,9.74,0.00,-0.00,-0.00
-10919,3.10,1132,2.19,626,2.02,19556,16_03_35_23_06_2025,1.74,-0.23,9.74,0.01,-0.01,0.00
-10989,3.11,1034,2.19,626,2.02,19581,16_03_35_23_06_2025,1.73,-0.25,9.74,0.01,-0.00,-0.00
-10960,3.10,891,2.21,626,2.02,19606,16_03_35_23_06_2025,1.73,-0.24,9.75,0.01,-0.00,-0.00
-10815,3.09,1116,2.19,626,2.02,19631,16_03_35_23_06_2025,1.74,-0.24,9.75,0.00,-0.00,0.00
-10914,3.10,1086,2.19,626,2.02,19656,16_03_35_23_06_2025,1.75,-0.24,9.75,0.00,-0.00,0.00
-10723,3.09,990,2.20,626,2.02,19686,16_03_35_23_06_2025,1.73,-0.23,9.75,0.01,-0.00,-0.00
-10856,3.10,1173,2.18,626,2.02,19712,16_03_35_23_06_2025,1.74,-0.24,9.75,0.00,-0.00,-0.00
-10812,3.09,1112,2.19,627,2.02,19737,16_03_35_23_06_2025,1.74,-0.23,9.75,0.00,-0.00,-0.00
-10736,3.09,1251,2.18,626,2.02,19762,16_03_35_23_06_2025,1.74,-0.23,9.75,0.00,-0.00,0.00
-10740,3.09,1047,2.19,626,2.02,19787,16_03_35_23_06_2025,1.74,-0.24,9.74,0.00,-0.00,0.00
-10971,3.10,1006,2.20,626,2.02,19812,16_03_35_23_06_2025,1.73,-0.23,9.74,0.00,-0.00,0.00
-10814,3.09,1072,2.19,626,2.02,19840,16_03_35_23_06_2025,1.74,-0.24,9.75,0.01,-0.00,-0.00
-10910,3.10,1007,2.20,626,2.02,19863,16_03_35_23_06_2025,1.73,-0.23,9.74,0.00,-0.00,-0.00
-11177,3.12,1233,2.18,626,2.02,19888,16_03_35_23_06_2025,1.73,-0.24,9.75,0.00,-0.00,0.00
-10720,3.08,1049,2.19,626,2.02,19913,16_03_35_23_06_2025,1.74,-0.23,9.74,0.01,-0.00,0.00
-10943,3.10,1265,2.18,626,2.02,19938,16_03_35_23_06_2025,1.73,-0.24,9.76,0.00,-0.00,0.00
-10943,3.10,1208,2.18,626,2.02,19966,16_03_35_23_06_2025,1.74,-0.23,9.74,0.01,-0.00,-0.00
-10908,3.10,1148,2.19,626,2.02,19989,16_03_35_23_06_2025,1.73,-0.24,9.75,0.00,-0.00,-0.00
-10861,3.10,1250,2.18,626,2.02,20014,16_03_35_23_06_2025,1.74,-0.24,9.75,0.00,-0.00,0.00
-10881,3.10,1221,2.18,626,2.02,20039,16_03_35_23_06_2025,1.73,-0.24,9.75,0.01,-0.00,-0.00
-10740,3.09,1045,2.19,626,2.02,20064,16_03_35_23_06_2025,1.73,-0.24,9.74,0.01,-0.00,-0.00
-10748,3.09,971,2.20,626,2.02,20090,16_03_35_23_06_2025,1.74,-0.24,9.74,0.00,-0.00,0.00
-10603,3.08,1040,2.19,626,2.02,20118,16_03_35_23_06_2025,1.74,-0.25,9.75,0.01,-0.00,-0.00
-10666,3.08,1066,2.19,626,2.02,20140,16_03_36_23_06_2025,1.73,-0.24,9.74,0.01,-0.00,0.00
-10854,3.10,888,2.21,626,2.02,20165,16_03_36_23_06_2025,1.74,-0.24,9.74,0.01,-0.00,-0.00
-10981,3.10,1026,2.19,626,2.02,20190,16_03_36_23_06_2025,1.74,-0.24,9.75,0.00,-0.00,-0.00
-11091,3.11,1043,2.19,626,2.02,20216,16_03_36_23_06_2025,1.73,-0.25,9.74,0.00,-0.00,0.00
-10807,3.09,1237,2.18,626,2.02,20241,16_03_36_23_06_2025,1.74,-0.23,9.74,0.01,-0.00,-0.00
-10997,3.11,1130,2.19,627,2.02,20269,16_03_36_23_06_2025,1.74,-0.24,9.75,0.00,-0.00,0.00
-10880,3.10,1151,2.19,626,2.02,20291,16_03_36_23_06_2025,1.73,-0.24,9.75,0.00,-0.00,0.00
-10840,3.09,1266,2.18,626,2.02,20316,16_03_36_23_06_2025,1.74,-0.24,9.74,0.00,-0.00,0.00
-10709,3.08,1031,2.19,626,2.02,20341,16_03_36_23_06_2025,1.74,-0.25,9.74,0.01,-0.00,0.00
-10928,3.10,1093,2.19,626,2.02,20367,16_03_36_23_06_2025,1.74,-0.24,9.75,0.00,-0.00,-0.00
-10804,3.09,909,2.20,626,2.02,20396,16_03_36_23_06_2025,1.74,-0.22,9.75,0.00,-0.00,0.00
-10899,3.10,1126,2.19,626,2.02,20419,16_03_36_23_06_2025,1.73,-0.24,9.75,0.00,-0.00,-0.00
-10865,3.10,1085,2.19,626,2.02,20441,16_03_36_23_06_2025,1.73,-0.24,9.74,0.00,-0.00,-0.00
-10845,3.09,918,2.20,626,2.02,20464,16_03_36_23_06_2025,1.73,-0.24,9.74,0.01,-0.00,-0.00
-10742,3.09,972,2.20,626,2.02,20486,16_03_36_23_06_2025,1.74,-0.23,9.74,0.01,-0.00,-0.00
-10869,3.10,1085,2.19,626,2.02,20512,16_03_36_23_06_2025,1.73,-0.24,9.75,0.00,-0.00,0.00
-10621,3.08,908,2.20,625,2.02,20540,16_03_36_23_06_2025,1.74,-0.23,9.76,0.00,-0.00,-0.00
-10814,3.09,947,2.20,626,2.02,20562,16_03_36_23_06_2025,1.74,-0.23,9.74,0.00,-0.00,-0.00
-10795,3.09,1077,2.19,626,2.02,20588,16_03_36_23_06_2025,1.73,-0.23,9.74,0.00,-0.00,0.00
-10804,3.09,973,2.20,626,2.02,20613,16_03_36_23_06_2025,1.74,-0.24,9.74,0.01,-0.00,0.00
-10839,3.09,1160,2.18,626,2.02,20638,16_03_36_23_06_2025,1.74,-0.23,9.75,0.01,-0.00,0.00
-10780,3.09,1010,2.20,626,2.02,20663,16_03_36_23_06_2025,1.74,-0.24,9.75,0.00,-0.00,-0.00
-10879,3.10,1070,2.19,625,2.02,20691,16_03_36_23_06_2025,1.74,-0.23,9.75,0.00,-0.00,0.00
-11069,3.11,1173,2.18,626,2.02,20713,16_03_36_23_06_2025,1.74,-0.24,9.75,0.00,-0.00,-0.00
-11042,3.11,1182,2.18,626,2.02,20738,16_03_36_23_06_2025,1.74,-0.23,9.74,0.00,-0.00,-0.00
-10885,3.10,1072,2.19,626,2.02,20764,16_03_36_23_06_2025,1.73,-0.24,9.75,0.00,-0.00,-0.00
-10959,3.10,1234,2.18,626,2.02,20789,16_03_36_23_06_2025,1.73,-0.23,9.74,0.00,-0.00,-0.00
-10822,3.09,1062,2.19,626,2.02,20817,16_03_36_23_06_2025,1.74,-0.23,9.74,0.01,-0.00,-0.00
-10928,3.10,1149,2.19,627,2.02,20839,16_03_36_23_06_2025,1.73,-0.24,9.75,0.01,-0.00,-0.00
-10649,3.08,902,2.20,626,2.02,20864,16_03_36_23_06_2025,1.74,-0.24,9.74,0.00,-0.00,-0.00
-10717,3.08,1159,2.18,626,2.02,20890,16_03_36_23_06_2025,1.74,-0.24,9.75,0.00,-0.01,-0.00
-10818,3.09,1011,2.20,625,2.02,20915,16_03_36_23_06_2025,1.73,-0.23,9.74,0.00,-0.00,0.00
-10700,3.08,1119,2.19,626,2.02,20940,16_03_36_23_06_2025,1.74,-0.25,9.74,0.00,-0.01,-0.00
-10914,3.10,1051,2.19,627,2.02,20968,16_03_36_23_06_2025,1.74,-0.23,9.73,0.00,-0.00,0.00
-10883,3.10,1010,2.20,626,2.02,20990,16_03_36_23_06_2025,1.73,-0.24,9.74,0.00,-0.00,0.00
-11109,3.11,958,2.20,625,2.02,21015,16_03_36_23_06_2025,1.74,-0.23,9.75,0.00,-0.00,-0.00
-10920,3.10,1101,2.19,627,2.02,21041,16_03_36_23_06_2025,1.74,-0.23,9.75,0.00,-0.00,-0.00
-11054,3.11,913,2.20,626,2.02,21066,16_03_36_23_06_2025,1.74,-0.23,9.74,0.00,-0.00,0.00
-10932,3.10,1017,2.20,626,2.02,21091,16_03_36_23_06_2025,1.74,-0.24,9.74,0.01,-0.00,0.00
-10873,3.10,1096,2.19,626,2.02,21121,16_03_36_23_06_2025,1.73,-0.24,9.74,0.01,-0.00,-0.00
-10808,3.09,989,2.20,627,2.02,21143,16_03_37_23_06_2025,1.74,-0.24,9.74,0.00,-0.00,-0.00
-10722,3.09,1077,2.19,627,2.02,21166,16_03_37_23_06_2025,1.73,-0.23,9.74,0.00,-0.00,-0.00
-10888,3.10,843,2.21,626,2.02,21188,16_03_37_23_06_2025,1.74,-0.24,9.75,0.00,-0.00,-0.00
-10827,3.09,1069,2.19,626,2.02,21211,16_03_37_23_06_2025,1.74,-0.24,9.75,0.00,-0.00,-0.00
-10712,3.08,1189,2.18,627,2.02,21236,16_03_37_23_06_2025,1.73,-0.23,9.74,0.01,-0.00,0.00
-10639,3.08,1257,2.18,626,2.02,21261,16_03_37_23_06_2025,1.73,-0.24,9.74,0.00,-0.00,-0.00
-10838,3.09,1340,2.17,626,2.02,21287,16_03_37_23_06_2025,1.74,-0.24,9.75,0.00,-0.00,0.00
-10878,3.10,1078,2.19,627,2.02,21312,16_03_37_23_06_2025,1.73,-0.23,9.75,0.00,-0.00,-0.00
-10880,3.10,1218,2.18,626,2.02,21337,16_03_37_23_06_2025,1.73,-0.24,9.75,0.01,-0.00,-0.00
-10686,3.08,1034,2.19,626,2.02,21362,16_03_37_23_06_2025,1.73,-0.23,9.74,0.00,-0.01,0.00
-10887,3.10,1172,2.18,627,2.02,21390,16_03_37_23_06_2025,1.73,-0.24,9.75,0.00,-0.00,-0.00
-10783,3.09,1285,2.18,626,2.02,21413,16_03_37_23_06_2025,1.74,-0.24,9.75,0.00,-0.00,-0.00
-10856,3.10,1025,2.20,627,2.02,21438,16_03_37_23_06_2025,1.74,-0.24,9.74,0.00,-0.00,-0.00
-10890,3.10,1055,2.19,626,2.02,21463,16_03_37_23_06_2025,1.73,-0.24,9.75,0.01,-0.00,0.00
-10990,3.11,1027,2.19,626,2.02,21488,16_03_37_23_06_2025,1.73,-0.24,9.74,0.00,-0.00,-0.00
-10808,3.09,1074,2.19,626,2.02,21514,16_03_37_23_06_2025,1.74,-0.24,9.75,0.00,-0.00,-0.00
-10809,3.09,1026,2.19,626,2.02,21542,16_03_37_23_06_2025,1.73,-0.24,9.74,0.01,-0.00,-0.00
-10852,3.09,1026,2.19,627,2.02,21564,16_03_37_23_06_2025,1.73,-0.23,9.74,0.01,-0.00,0.00
-10953,3.10,1038,2.19,626,2.02,21589,16_03_37_23_06_2025,1.74,-0.24,9.74,0.00,-0.00,0.00
-10713,3.08,1036,2.19,627,2.02,21614,16_03_37_23_06_2025,1.74,-0.24,9.74,0.00,-0.00,-0.00
-10933,3.10,910,2.20,626,2.02,21640,16_03_37_23_06_2025,1.74,-0.23,9.75,0.00,-0.00,0.00
-10756,3.09,1059,2.19,626,2.02,21668,16_03_37_23_06_2025,1.74,-0.23,9.75,0.00,-0.00,-0.00
-10763,3.09,1061,2.19,627,2.02,21690,16_03_37_23_06_2025,1.74,-0.23,9.74,0.00,-0.00,0.00
-10903,3.10,1265,2.18,626,2.02,21715,16_03_37_23_06_2025,1.74,-0.25,9.75,0.00,-0.00,-0.00
-10834,3.09,1052,2.19,625,2.02,21741,16_03_37_23_06_2025,1.73,-0.24,9.74,0.01,-0.00,-0.00
-10714,3.08,952,2.20,625,2.02,21766,16_03_37_23_06_2025,1.74,-0.24,9.75,0.00,-0.00,-0.00
-11048,3.11,1031,2.19,626,2.02,21791,16_03_37_23_06_2025,1.73,-0.23,9.75,0.01,-0.00,-0.00
-10978,3.10,1167,2.18,626,2.02,21819,16_03_37_23_06_2025,1.74,-0.24,9.75,0.00,-0.00,0.00
-10818,3.09,1094,2.19,626,2.02,21843,16_03_37_23_06_2025,1.75,-0.23,9.75,0.00,-0.00,-0.00
-10891,3.10,1096,2.19,626,2.02,21865,16_03_37_23_06_2025,1.74,-0.24,9.74,0.01,-0.00,-0.00
-10679,3.08,947,2.20,626,2.02,21887,16_03_37_23_06_2025,1.73,-0.24,9.74,0.01,-0.00,-0.00
-10769,3.09,1114,2.19,626,2.02,21910,16_03_37_23_06_2025,1.73,-0.23,9.75,0.01,-0.00,0.00
-10788,3.09,1014,2.20,626,2.02,21932,16_03_37_23_06_2025,1.73,-0.23,9.74,0.01,-0.00,-0.00
-10825,3.09,1105,2.19,627,2.02,21957,16_03_37_23_06_2025,1.74,-0.24,9.75,0.00,-0.00,0.00
-10864,3.10,1015,2.20,626,2.02,21979,16_03_37_23_06_2025,1.74,-0.23,9.75,0.00,-0.00,-0.00
-10784,3.09,1262,2.18,626,2.02,22002,16_03_37_23_06_2025,1.74,-0.24,9.73,0.01,-0.00,-0.00
-10820,3.09,1169,2.18,626,2.02,22024,16_03_37_23_06_2025,1.73,-0.24,9.74,0.01,-0.00,0.00
-10741,3.09,1126,2.19,626,2.02,22046,16_03_37_23_06_2025,1.74,-0.24,9.74,0.01,-0.00,-0.00
-10878,3.10,979,2.20,626,2.02,22077,16_03_37_23_06_2025,1.74,-0.24,9.75,0.01,-0.00,0.00
-10744,3.09,967,2.20,626,2.02,22100,16_03_37_23_06_2025,1.74,-0.24,9.75,0.01,-0.00,-0.00
-10770,3.09,1040,2.19,626,2.02,22122,16_03_37_23_06_2025,1.74,-0.23,9.75,0.00,-0.00,-0.00
-10876,3.10,1105,2.19,626,2.02,22144,16_03_38_23_06_2025,1.73,-0.24,9.76,0.00,-0.00,-0.00
-10861,3.10,1076,2.19,627,2.02,22167,16_03_38_23_06_2025,1.74,-0.25,9.74,0.00,-0.00,-0.00
-10796,3.09,1114,2.19,627,2.02,22189,16_03_38_23_06_2025,1.74,-0.24,9.75,0.00,-0.00,-0.00
-10943,3.10,969,2.20,627,2.02,22215,16_03_38_23_06_2025,1.73,-0.24,9.74,0.01,-0.00,-0.00
-10753,3.09,922,2.20,626,2.02,22237,16_03_38_23_06_2025,1.74,-0.23,9.75,0.00,-0.00,-0.00
-10757,3.09,1056,2.19,626,2.02,22259,16_03_38_23_06_2025,1.73,-0.23,9.75,0.00,-0.00,-0.00
-10885,3.10,1026,2.19,626,2.02,22282,16_03_38_23_06_2025,1.74,-0.24,9.74,0.00,-0.00,-0.00
-10804,3.09,1195,2.18,626,2.02,22304,16_03_38_23_06_2025,1.73,-0.24,9.74,0.00,-0.00,-0.00
-10900,3.10,1087,2.19,627,2.02,22329,16_03_38_23_06_2025,1.74,-0.23,9.73,0.00,-0.00,0.00
-10917,3.10,1051,2.19,627,2.02,22352,16_03_38_23_06_2025,1.74,-0.24,9.73,0.00,-0.00,-0.00
-10760,3.09,1054,2.19,627,2.02,22374,16_03_38_23_06_2025,1.73,-0.23,9.75,0.01,-0.00,0.00
-10748,3.09,1142,2.19,626,2.02,22396,16_03_38_23_06_2025,1.74,-0.23,9.75,0.00,-0.00,0.00
-10682,3.08,1050,2.19,627,2.02,22419,16_03_38_23_06_2025,1.73,-0.23,9.75,0.00,-0.01,-0.00
-10845,3.09,1152,2.19,626,2.02,22441,16_03_38_23_06_2025,1.74,-0.23,9.74,0.01,-0.00,0.00
-10748,3.09,1350,2.17,626,2.02,22466,16_03_38_23_06_2025,1.73,-0.24,9.74,0.00,-0.00,-0.00
-10723,3.09,1147,2.19,626,2.02,22488,16_03_38_23_06_2025,1.74,-0.24,9.75,0.00,-0.00,-0.00
-10798,3.09,870,2.21,626,2.02,22512,16_03_38_23_06_2025,1.74,-0.24,9.74,0.00,-0.00,-0.00
-10850,3.09,1003,2.20,626,2.02,22535,16_03_38_23_06_2025,1.74,-0.24,9.75,0.00,-0.00,0.00
-10908,3.10,995,2.20,626,2.02,22563,16_03_38_23_06_2025,1.74,-0.24,9.75,0.00,-0.00,0.00
-10829,3.09,999,2.20,626,2.02,22586,16_03_38_23_06_2025,1.74,-0.23,9.74,0.01,-0.00,-0.00
-10805,3.09,838,2.21,626,2.02,22614,16_03_38_23_06_2025,1.74,-0.23,9.75,0.01,-0.00,-0.00
-10802,3.09,946,2.20,626,2.02,22636,16_03_38_23_06_2025,1.74,-0.23,9.74,0.01,-0.00,-0.00
-10928,3.10,1276,2.18,626,2.02,22661,16_03_38_23_06_2025,1.74,-0.25,9.74,0.01,-0.00,0.00
-10933,3.10,1035,2.19,627,2.02,22686,16_03_38_23_06_2025,1.74,-0.24,9.74,0.01,-0.00,-0.00
-10883,3.10,970,2.20,626,2.02,22712,16_03_38_23_06_2025,1.73,-0.24,9.74,0.01,-0.00,0.00
-11016,3.11,915,2.20,626,2.02,22737,16_03_38_23_06_2025,1.74,-0.23,9.73,0.00,-0.00,-0.00
-10869,3.10,969,2.20,626,2.02,22765,16_03_38_23_06_2025,1.74,-0.24,9.75,0.00,-0.00,0.00
-10815,3.09,965,2.20,626,2.02,22787,16_03_38_23_06_2025,1.73,-0.23,9.74,0.00,-0.00,-0.00
-10892,3.10,1206,2.18,626,2.02,22813,16_03_38_23_06_2025,1.74,-0.25,9.74,0.00,-0.00,0.00
-10843,3.09,997,2.20,626,2.02,22838,16_03_38_23_06_2025,1.74,-0.24,9.74,0.00,-0.00,-0.00
-10804,3.09,1081,2.19,626,2.02,22863,16_03_38_23_06_2025,1.74,-0.24,9.74,0.01,-0.00,-0.00
-10894,3.10,1020,2.20,625,2.02,22891,16_03_38_23_06_2025,1.74,-0.24,9.75,0.00,-0.00,-0.00
-10853,3.09,926,2.20,626,2.02,22913,16_03_38_23_06_2025,1.73,-0.24,9.74,0.01,-0.00,0.00
-10809,3.09,1007,2.20,626,2.02,22938,16_03_38_23_06_2025,1.74,-0.24,9.74,0.00,-0.00,-0.00
-10983,3.10,1193,2.18,626,2.02,22963,16_03_38_23_06_2025,1.74,-0.24,9.74,0.00,-0.00,0.00
-10757,3.09,1123,2.19,626,2.02,22988,16_03_38_23_06_2025,1.73,-0.25,9.74,0.01,-0.00,0.00
-10827,3.09,1104,2.19,626,2.02,23013,16_03_38_23_06_2025,1.73,-0.23,9.75,0.00,-0.00,-0.00
-10871,3.10,1036,2.19,626,2.02,23042,16_03_38_23_06_2025,1.74,-0.24,9.74,0.01,-0.00,0.00
-10860,3.10,1002,2.20,626,2.02,23064,16_03_38_23_06_2025,1.74,-0.23,9.75,0.00,-0.00,-0.00
-10793,3.09,967,2.20,626,2.02,23089,16_03_38_23_06_2025,1.74,-0.23,9.75,0.00,-0.00,-0.00
-10810,3.09,1078,2.19,626,2.02,23114,16_03_38_23_06_2025,1.74,-0.23,9.75,0.01,-0.00,-0.00
-10906,3.10,1211,2.18,625,2.02,23140,16_03_39_23_06_2025,1.73,-0.23,9.74,0.00,-0.00,-0.00
-10942,3.10,960,2.20,626,2.02,23165,16_03_39_23_06_2025,1.73,-0.24,9.76,0.00,-0.00,-0.00
-10904,3.10,1089,2.19,626,2.02,23193,16_03_39_23_06_2025,1.73,-0.24,9.74,0.01,-0.00,-0.00
-10868,3.10,1046,2.19,627,2.02,23215,16_03_39_23_06_2025,1.74,-0.23,9.74,0.00,-0.00,-0.00
-10861,3.10,1156,2.19,626,2.02,23244,16_03_39_23_06_2025,1.74,-0.23,9.75,0.00,-0.00,-0.00
-10748,3.09,947,2.20,626,2.02,23268,16_03_39_23_06_2025,1.73,-0.23,9.74,0.01,-0.00,-0.00
-10694,3.08,986,2.20,626,2.02,23290,16_03_39_23_06_2025,1.74,-0.23,9.74,0.01,-0.00,-0.00
-10840,3.09,1243,2.18,626,2.02,23319,16_03_39_23_06_2025,1.74,-0.23,9.75,0.01,-0.00,-0.00
-10949,3.10,1017,2.20,626,2.02,23341,16_03_39_23_06_2025,1.74,-0.23,9.75,0.00,-0.00,-0.00
-10987,3.11,1008,2.20,626,2.02,23366,16_03_39_23_06_2025,1.73,-0.23,9.74,0.00,-0.00,0.00
-10933,3.10,1041,2.19,626,2.02,23391,16_03_39_23_06_2025,1.74,-0.24,9.74,0.00,-0.00,-0.00
-10891,3.10,1126,2.19,626,2.02,23417,16_03_39_23_06_2025,1.74,-0.24,9.75,0.00,-0.00,0.00
-10863,3.10,1149,2.19,625,2.02,23442,16_03_39_23_06_2025,1.73,-0.24,9.75,0.00,-0.00,-0.00
-10741,3.09,1007,2.20,626,2.02,23470,16_03_39_23_06_2025,1.74,-0.23,9.74,0.01,-0.00,-0.00
-10747,3.09,1053,2.19,626,2.02,23492,16_03_39_23_06_2025,1.74,-0.23,9.75,0.01,-0.00,0.00
-10701,3.08,1123,2.19,626,2.02,23517,16_03_39_23_06_2025,1.74,-0.21,9.72,0.01,-0.00,-0.00
-10723,3.09,1106,2.19,626,2.02,23543,16_03_39_23_06_2025,1.74,-0.23,9.74,0.01,-0.00,-0.00
-10702,3.08,1097,2.19,626,2.02,23568,16_03_39_23_06_2025,1.73,-0.26,9.75,0.00,-0.00,-0.00
-10774,3.09,1092,2.19,626,2.02,23596,16_03_39_23_06_2025,1.73,-0.24,9.74,0.01,-0.00,-0.00
-10872,3.10,1233,2.18,626,2.02,23618,16_03_39_23_06_2025,1.74,-0.23,9.74,0.01,-0.00,0.00
-10891,3.10,1065,2.19,626,2.02,23643,16_03_39_23_06_2025,1.74,-0.24,9.74,0.01,-0.00,-0.00
-10853,3.09,1009,2.20,626,2.02,23669,16_03_39_23_06_2025,1.73,-0.23,9.74,0.00,-0.00,0.00
-10948,3.10,1187,2.18,626,2.02,23694,16_03_39_23_06_2025,1.74,-0.25,9.75,0.00,-0.00,0.00
-10945,3.10,1238,2.18,627,2.02,23719,16_03_39_23_06_2025,1.73,-0.23,9.75,0.00,-0.00,-0.00
-10999,3.11,1221,2.18,626,2.02,23747,16_03_39_23_06_2025,1.73,-0.24,9.74,0.00,-0.00,-0.00
-10862,3.10,1098,2.19,626,2.02,23769,16_03_39_23_06_2025,1.73,-0.24,9.73,0.01,-0.00,-0.00
-10938,3.10,1144,2.19,626,2.02,23795,16_03_39_23_06_2025,1.74,-0.24,9.74,0.00,-0.00,0.00
-10802,3.09,1021,2.20,626,2.02,23820,16_03_39_23_06_2025,1.73,-0.23,9.74,0.01,-0.00,0.00
-10813,3.09,1190,2.18,626,2.02,23845,16_03_39_23_06_2025,1.74,-0.22,9.74,0.00,-0.00,0.00
-10844,3.09,943,2.20,626,2.02,23870,16_03_39_23_06_2025,1.73,-0.23,9.75,0.00,-0.00,-0.00
-10641,3.08,1193,2.18,626,2.02,23899,16_03_39_23_06_2025,1.73,-0.24,9.75,0.01,-0.00,-0.00
-10814,3.09,1135,2.19,625,2.02,23921,16_03_39_23_06_2025,1.72,-0.23,9.74,0.01,-0.00,-0.00
-10961,3.10,1166,2.18,626,2.02,23948,16_03_39_23_06_2025,1.74,-0.23,9.74,0.01,-0.00,-0.00
-10867,3.10,1117,2.19,626,2.02,23974,16_03_39_23_06_2025,1.74,-0.23,9.73,0.00,-0.00,0.00
-11027,3.11,1311,2.17,626,2.02,24002,16_03_39_23_06_2025,1.74,-0.25,9.75,0.01,-0.00,-0.00
-10766,3.09,968,2.20,626,2.02,24033,16_03_39_23_06_2025,1.73,-0.23,9.74,0.01,-0.00,0.00
-10802,3.09,1068,2.19,626,2.02,24055,16_03_39_23_06_2025,1.73,-0.22,9.74,0.00,-0.00,-0.00
-10824,3.09,1044,2.19,626,2.02,24078,16_03_39_23_06_2025,1.73,-0.23,9.75,0.00,-0.00,-0.00
-10894,3.10,1116,2.19,625,2.02,24100,16_03_39_23_06_2025,1.74,-0.23,9.74,0.00,-0.00,-0.00
-10691,3.08,1222,2.18,626,2.02,24122,16_03_39_23_06_2025,1.73,-0.24,9.75,0.01,-0.00,-0.00
-10816,3.09,1009,2.20,626,2.02,24147,16_03_40_23_06_2025,1.75,-0.24,9.75,0.01,-0.00,-0.00
-10993,3.11,986,2.20,626,2.02,24176,16_03_40_23_06_2025,1.74,-0.23,9.74,0.01,-0.00,-0.00
-10735,3.09,923,2.20,626,2.02,24198,16_03_40_23_06_2025,1.74,-0.23,9.74,0.01,-0.00,0.00
-10790,3.09,1114,2.19,626,2.02,24223,16_03_40_23_06_2025,1.73,-0.24,9.75,0.00,-0.00,-0.00
-10796,3.09,1027,2.19,626,2.02,24248,16_03_40_23_06_2025,1.73,-0.24,9.75,0.01,-0.00,0.00
-10792,3.09,1202,2.18,626,2.02,24274,16_03_40_23_06_2025,1.73,-0.23,9.74,0.01,-0.00,-0.00
-11071,3.11,1190,2.18,627,2.02,24299,16_03_40_23_06_2025,1.73,-0.38,9.87,-0.01,0.01,0.00
-10857,3.10,1139,2.19,626,2.02,24327,16_03_40_23_06_2025,1.73,-0.19,9.70,0.01,-0.00,-0.00
-10771,3.09,1196,2.18,626,2.02,24349,16_03_40_23_06_2025,1.74,-0.24,9.73,0.01,-0.01,-0.00
-10856,3.10,1111,2.19,626,2.02,24374,16_03_40_23_06_2025,1.69,-0.25,9.82,-0.01,-0.00,0.00
-10816,3.09,1097,2.19,626,2.02,24400,16_03_40_23_06_2025,1.72,-0.22,9.69,0.01,-0.01,0.00
-10769,3.09,998,2.20,626,2.02,24425,16_03_40_23_06_2025,1.74,-0.26,9.78,0.00,-0.01,0.00
-10816,3.09,1402,2.17,626,2.02,24453,16_03_40_23_06_2025,1.78,-0.23,9.71,0.00,-0.00,0.00
-11150,3.12,1093,2.19,626,2.02,24475,16_03_40_23_06_2025,1.76,-0.22,9.74,0.01,-0.00,-0.00
-11064,3.11,1219,2.18,626,2.02,24500,16_03_40_23_06_2025,1.71,-0.20,9.71,0.01,-0.01,-0.00
-10837,3.09,875,2.21,627,2.02,24526,16_03_40_23_06_2025,1.68,-0.24,9.76,0.00,-0.01,-0.00
-10856,3.10,1153,2.19,626,2.02,24551,16_03_40_23_06_2025,1.68,-0.21,9.72,-0.01,-0.01,-0.00
-10990,3.11,1102,2.19,626,2.02,24576,16_03_40_23_06_2025,1.72,-0.16,9.70,-0.00,-0.01,-0.00
-10856,3.10,1027,2.19,626,2.02,24604,16_03_40_23_06_2025,1.87,-0.30,9.78,-0.00,-0.01,0.00
-10720,3.08,1047,2.19,626,2.02,24627,16_03_40_23_06_2025,1.93,-0.42,9.81,0.00,-0.02,-0.01
-10846,3.09,949,2.20,627,2.02,24652,16_03_40_23_06_2025,1.81,-0.33,9.75,0.01,0.00,-0.01
-10852,3.09,1096,2.19,626,2.02,24679,16_03_40_23_06_2025,1.68,-0.16,9.68,-0.01,0.03,-0.01
-10756,3.09,1072,2.19,627,2.02,24701,16_03_40_23_06_2025,1.62,-0.27,9.84,0.01,-0.05,-0.02
-10636,3.08,1212,2.18,625,2.02,24724,16_03_40_23_06_2025,1.64,-0.22,9.77,0.01,-0.05,-0.03
-10885,3.10,1218,2.18,626,2.02,24749,16_03_40_23_06_2025,1.42,-0.11,9.87,0.02,-0.10,-0.05
-10875,3.10,1068,2.19,626,2.02,24771,16_03_40_23_06_2025,2.15,-0.50,9.64,0.00,-0.04,-0.08
-10866,3.10,997,2.20,626,2.02,24794,16_03_40_23_06_2025,1.96,-0.24,9.74,0.00,-0.01,0.01
-10931,3.10,1020,2.20,626,2.02,24816,16_03_40_23_06_2025,1.78,-0.20,9.74,0.00,-0.02,0.02
-11058,3.11,1029,2.19,626,2.02,24839,16_03_40_23_06_2025,1.79,-0.19,9.75,0.01,0.00,0.01
-10828,3.09,1363,2.17,626,2.02,24864,16_03_40_23_06_2025,1.71,-0.25,9.73,0.01,0.00,0.03
-10839,3.09,1097,2.19,626,2.02,24886,16_03_40_23_06_2025,1.77,-0.24,9.79,0.00,-0.00,0.01
-10878,3.10,1132,2.19,626,2.02,24908,16_03_40_23_06_2025,1.79,-0.29,9.72,-0.02,0.06,0.01
-10885,3.10,1029,2.19,626,2.02,24931,16_03_40_23_06_2025,1.83,-0.35,9.75,0.01,-0.00,-0.00
-10871,3.10,920,2.20,626,2.02,24953,16_03_40_23_06_2025,1.82,-0.26,9.74,0.02,-0.01,0.00
-10805,3.09,1145,2.19,626,2.02,24976,16_03_40_23_06_2025,1.87,-0.11,9.80,0.01,-0.01,0.01
-10964,3.10,1055,2.19,626,2.02,25001,16_03_40_23_06_2025,1.79,-0.06,9.71,0.01,-0.01,0.01
-10855,3.10,1057,2.19,626,2.02,25026,16_03_40_23_06_2025,1.71,-0.33,9.73,-0.01,0.02,0.01
-10678,3.08,1285,2.18,626,2.02,25052,16_03_40_23_06_2025,1.77,-0.25,9.74,0.00,-0.01,0.03
-10793,3.09,988,2.20,626,2.02,25077,16_03_40_23_06_2025,1.81,-0.28,9.78,-0.00,-0.02,0.05
-10980,3.10,1261,2.18,627,2.02,25102,16_03_40_23_06_2025,1.74,-0.23,9.76,-0.00,-0.02,0.04
-10658,3.08,1097,2.19,626,2.02,25127,16_03_41_23_06_2025,1.74,-0.22,9.69,0.01,-0.02,-0.01
-10757,3.09,1021,2.20,626,2.02,25155,16_03_41_23_06_2025,1.74,-0.23,9.72,-0.00,-0.02,0.00
-10889,3.10,1054,2.19,626,2.02,25178,16_03_41_23_06_2025,1.78,-0.24,9.76,-0.00,-0.03,0.01
-10894,3.10,1064,2.19,626,2.02,25203,16_03_41_23_06_2025,1.77,-0.29,9.76,-0.01,-0.02,-0.00
-10929,3.10,1242,2.18,627,2.02,25228,16_03_41_23_06_2025,1.79,-0.28,9.77,-0.01,-0.00,-0.04
-10837,3.09,1260,2.18,626,2.02,25253,16_03_41_23_06_2025,1.78,-0.33,9.76,0.01,-0.00,-0.05
-11061,3.11,1260,2.18,627,2.02,25281,16_03_41_23_06_2025,1.80,-0.21,9.71,0.01,-0.00,-0.01
-11031,3.11,1133,2.19,626,2.02,25304,16_03_41_23_06_2025,1.77,-0.24,9.71,0.00,0.00,-0.01
-10797,3.09,1041,2.19,627,2.02,25329,16_03_41_23_06_2025,1.77,-0.30,9.75,-0.00,-0.01,-0.01
-10852,3.09,872,2.21,626,2.02,25354,16_03_41_23_06_2025,1.80,-0.29,9.75,-0.01,-0.02,-0.01
-10902,3.10,961,2.20,625,2.02,25380,16_03_41_23_06_2025,1.83,-0.26,9.74,-0.00,-0.01,0.00
-10945,3.10,1271,2.18,625,2.02,25403,16_03_41_23_06_2025,1.77,-0.26,9.72,-0.01,0.01,-0.00
-10898,3.10,1191,2.18,626,2.02,25428,16_03_41_23_06_2025,1.77,-0.28,9.74,-0.01,-0.02,0.01
-10763,3.09,1113,2.19,626,2.02,25450,16_03_41_23_06_2025,1.75,-0.30,9.67,-0.03,-0.05,0.04
-10854,3.10,1261,2.18,626,2.02,25473,16_03_41_23_06_2025,1.40,-0.03,9.64,-0.06,-0.01,-0.15
