-8086,2.89,1174,2.18,643,3,55496,15_05_21_05_00_2000,-0.48,9.67,0.08,0.13,-1.33,0.68
-7942,2.87,1303,2.17,644,3,55551,15_05_21_05_00_2000,-0.48,9.66,0.08,0.00,-0.00,0.00
-7939,2.87,1175,2.18,644,3,55589,15_05_21_05_00_2000,-0.48,9.66,0.07,0.00,0.00,-0.00
-7998,2.88,1141,2.19,644,3,55627,15_05_21_05_00_2000,-0.48,9.67,0.07,0.00,-0.00,0.00
-8058,2.88,1219,2.18,644,3,55665,15_05_21_05_00_2000,-0.48,9.66,0.07,0.00,0.00,-0.00
-8142,2.89,1230,2.18,644,3,55702,15_05_21_05_00_2000,-0.48,9.66,0.07,0.00,-0.00,0.00
-8003,2.88,1125,2.19,644,3,55742,15_05_21_05_00_2000,-0.49,9.65,0.08,0.00,0.00,-0.00
-8008,2.88,1271,2.18,645,3,55780,15_05_21_05_00_2000,-0.48,9.66,0.06,0.00,-0.00,-0.00
-7864,2.87,1407,2.17,644,3,55818,15_05_21_05_00_2000,-0.49,9.66,0.07,0.00,0.00,-0.00
-8152,2.89,1141,2.19,644,3,55855,15_05_21_05_00_2000,-0.49,9.65,0.07,0.00,0.00,0.00
-7911,2.87,1169,2.18,644,3,55893,15_05_21_05_00_2000,-0.48,9.66,0.08,0.00,0.00,-0.00
-8228,2.90,1234,2.18,644,3,55931,15_05_21_05_00_2000,-0.49,9.66,0.07,0.00,-0.00,0.00
-8292,2.90,1233,2.18,644,3,55971,15_05_21_05_00_2000,-0.48,9.67,0.07,0.00,0.00,-0.00
-7944,2.87,1280,2.18,644,3,56008,15_05_21_05_00_2000,-0.47,9.66,0.07,0.00,0.00,0.00
-8240,2.90,1320,2.17,644,3,56046,15_05_22_05_00_2000,-0.48,9.65,0.07,0.00,0.00,0.00
-8095,2.89,1282,2.18,644,3,56084,15_05_22_05_00_2000,-0.49,9.66,0.07,0.00,-0.00,0.00
-8081,2.88,1282,2.18,644,3,56121,15_05_22_05_00_2000,-0.49,9.68,0.08,0.00,-0.00,0.00
-8055,2.88,1070,2.19,644,3,56158,15_05_22_05_00_2000,-0.48,9.66,0.08,0.00,-0.00,0.00
-8074,2.88,1171,2.18,644,3,56199,15_05_22_05_00_2000,-0.48,9.68,0.09,0.00,-0.00,0.00
-7906,2.87,1389,2.17,644,3,56236,15_05_22_05_00_2000,-0.49,9.66,0.07,0.00,-0.00,0.00
-8041,2.88,1438,2.16,645,3,56273,15_05_22_05_00_2000,-0.48,9.67,0.07,0.00,-0.00,0.00
-7906,2.87,1413,2.17,644,3,56311,15_05_22_05_00_2000,-0.49,9.66,0.08,0.00,-0.00,-0.00
-8122,2.89,1340,2.17,645,3,56349,15_05_22_05_00_2000,-0.48,9.67,0.07,0.00,-0.00,0.00
-8168,2.89,1290,2.17,644,3,56386,15_05_22_05_00_2000,-0.48,9.66,0.08,0.00,0.00,-0.00
-7916,2.87,1250,2.18,644,3,56426,15_05_22_05_00_2000,-0.49,9.66,0.08,0.00,-0.00,-0.00
-7928,2.87,1220,2.18,644,3,56466,15_05_22_05_00_2000,-0.48,9.66,0.08,0.00,0.00,-0.00
-8152,2.89,1410,2.17,644,3,56504,15_05_22_05_00_2000,-0.48,9.67,0.08,0.00,0.00,-0.00
-7813,2.86,1417,2.17,644,3,56541,15_05_22_05_00_2000,-0.49,9.65,0.08,0.00,-0.00,0.00
-7904,2.87,1078,2.19,645,3,56579,15_05_22_05_00_2000,-0.48,9.66,0.08,0.00,-0.00,0.00
-8010,2.88,1293,2.17,644,3,56617,15_05_22_05_00_2000,-0.49,9.67,0.07,0.00,0.00,-0.00
-8231,2.90,1220,2.18,644,3,56657,15_05_22_05_00_2000,-0.49,9.66,0.09,0.00,0.00,-0.00
-7816,2.86,1258,2.18,644,3,56694,15_05_22_05_00_2000,-0.48,9.67,0.08,0.00,-0.00,0.00
-8145,2.89,1346,2.17,645,3,56732,15_05_22_05_00_2000,-0.48,9.66,0.08,0.00,-0.00,0.00
-8113,2.89,1424,2.16,644,3,56771,15_05_22_05_00_2000,-0.48,9.66,0.09,0.00,-0.00,-0.00
-8143,2.89,1167,2.18,644,3,56814,15_05_22_05_00_2000,-0.47,9.66,0.08,0.00,-0.00,0.00
-8099,2.89,1207,2.18,645,3,56852,15_05_22_05_00_2000,-0.49,9.66,0.08,0.00,0.00,0.00
-7973,2.88,1234,2.18,644,3,56893,15_05_22_05_00_2000,-0.49,9.66,0.08,0.00,-0.00,0.00
-8065,2.88,1377,2.17,644,3,56930,15_05_22_05_00_2000,-0.49,9.66,0.09,0.00,0.00,0.00
-8323,2.90,1272,2.18,644,3,56967,15_05_22_05_00_2000,-0.49,9.66,0.08,0.00,0.00,-0.00
-7928,2.87,1272,2.18,644,3,57005,15_05_22_05_00_2000,-0.49,9.66,0.08,0.00,-0.00,-0.00
-8011,2.88,1145,2.19,644,3,57043,15_05_23_05_00_2000,-0.49,9.66,0.09,0.00,0.00,0.00
-8202,2.89,1297,2.17,642,3,57080,15_05_23_05_00_2000,-0.48,9.67,0.08,0.00,-0.00,-0.00
-8210,2.89,1317,2.17,645,3,57121,15_05_23_05_00_2000,-0.48,9.66,0.09,0.00,0.00,0.00
-8120,2.89,1422,2.16,642,3,57159,15_05_23_05_00_2000,-0.48,9.67,0.08,0.00,0.00,-0.00
-7892,2.87,1429,2.16,644,3,57196,15_05_23_05_00_2000,-0.48,9.67,0.09,0.00,-0.00,-0.00
-8091,2.89,1388,2.17,644,3,57234,15_05_23_05_00_2000,-0.49,9.66,0.08,0.00,-0.00,0.00
-7809,2.86,1466,2.16,645,3,57271,15_05_23_05_00_2000,-0.48,9.66,0.08,0.00,-0.00,-0.00
-8066,2.88,1316,2.17,644,3,57310,15_05_23_05_00_2000,-0.48,9.66,0.09,0.00,-0.00,-0.00
-8191,2.89,1310,2.17,644,3,57350,15_05_23_05_00_2000,-0.48,9.67,0.08,0.00,0.00,-0.00
-7955,2.88,1318,2.17,644,3,57387,15_05_23_05_00_2000,-0.48,9.66,0.08,0.00,0.00,0.00
-8151,2.89,1318,2.17,644,3,57425,15_05_23_05_00_2000,-0.48,9.66,0.08,0.00,-0.00,0.00
-7936,2.87,1156,2.19,644,3,57463,15_05_23_05_00_2000,-0.49,9.66,0.08,0.00,-0.00,-0.00
-8058,2.88,1192,2.18,644,3,57500,15_05_23_05_00_2000,-0.49,9.67,0.08,0.00,-0.00,-0.00
-7967,2.88,1275,2.18,644,3,57537,15_05_23_05_00_2000,-0.48,9.67,0.09,0.00,-0.00,0.00
-8103,2.89,1436,2.16,643,3,57579,15_05_23_05_00_2000,-0.49,9.67,0.09,0.00,-0.00,-0.00
-8049,2.88,1022,2.20,644,3,57616,15_05_23_05_00_2000,-0.49,9.66,0.08,0.00,-0.00,0.00
-7982,2.88,1322,2.17,644,3,57653,15_05_23_05_00_2000,-0.50,9.67,0.08,0.00,0.00,0.00
-8200,2.89,1298,2.17,644,3,57691,15_05_23_05_00_2000,-0.48,9.67,0.08,0.00,-0.00,0.00
-7846,2.87,1314,2.17,644,3,57729,15_05_23_05_00_2000,-0.49,9.67,0.09,0.00,-0.00,0.00
-7986,2.88,1203,2.18,644,3,57766,15_05_23_05_00_2000,-0.48,9.66,0.08,0.00,0.00,0.00
-7903,2.87,1333,2.17,644,3,57807,15_05_23_05_00_2000,-0.47,9.66,0.08,0.00,-0.00,0.00
-8041,2.88,1191,2.18,644,3,57845,15_05_23_05_00_2000,-0.48,9.67,0.08,0.00,-0.00,-0.00
-8110,2.89,1343,2.17,644,3,57883,15_05_23_05_00_2000,-0.48,9.67,0.08,0.00,-0.00,-0.00
-8082,2.88,1402,2.17,644,3,57920,15_05_23_05_00_2000,-0.49,9.66,0.09,0.00,0.00,-0.00
-8202,2.89,1351,2.17,644,3,57957,15_05_23_05_00_2000,-0.48,9.66,0.10,0.00,-0.00,0.00
-8052,2.88,1073,2.19,645,3,57996,15_05_23_05_00_2000,-0.49,9.65,0.10,0.00,-0.00,0.00
-8079,2.88,1210,2.18,644,3,58036,15_05_24_05_00_2000,-0.47,9.67,0.08,0.00,-0.00,0.00
-8004,2.88,1088,2.19,643,3,58073,15_05_24_05_00_2000,-0.50,9.66,0.08,0.00,-0.00,-0.00
-7991,2.88,1487,2.16,644,3,58110,15_05_24_05_00_2000,-0.48,9.67,0.07,0.00,-0.00,-0.00
-8116,2.89,1322,2.17,644,3,58148,15_05_24_05_00_2000,-0.49,9.66,0.08,0.00,0.00,0.00
-8192,2.89,1318,2.17,643,3,58186,15_05_24_05_00_2000,-0.49,9.67,0.10,0.00,0.00,-0.00
-8041,2.88,1248,2.18,644,3,58223,15_05_24_05_00_2000,-0.48,9.66,0.09,0.00,-0.00,-0.00
-7969,2.88,1284,2.18,643,3,58263,15_05_24_05_00_2000,-0.48,9.67,0.09,0.00,0.00,0.00
-8124,2.89,1176,2.18,644,3,58302,15_05_24_05_00_2000,-0.48,9.66,0.08,0.00,-0.00,0.00
-7979,2.88,1269,2.18,642,3,58339,15_05_24_05_00_2000,-0.49,9.67,0.09,0.00,-0.00,0.00
-7999,2.88,1316,2.17,644,3,58376,15_05_24_05_00_2000,-0.48,9.66,0.08,0.00,-0.00,-0.00
-7901,2.87,1271,2.18,645,3,58414,15_05_24_05_00_2000,-0.48,9.67,0.09,0.00,-0.00,0.00
-8105,2.89,1211,2.18,644,3,58452,15_05_24_05_00_2000,-0.48,9.67,0.08,0.00,-0.00,0.00
-8068,2.88,1137,2.19,644,3,58492,15_05_24_05_00_2000,-0.48,9.66,0.08,0.00,-0.00,0.00
-8068,2.88,1429,2.16,644,3,58530,15_05_24_05_00_2000,-0.49,9.66,0.08,0.00,-0.00,0.00
-8048,2.88,1264,2.18,644,3,58568,15_05_24_05_00_2000,-0.50,9.66,0.10,0.00,-0.00,-0.00
-8086,2.89,1334,2.17,644,3,58605,15_05_24_05_00_2000,-0.50,9.66,0.08,0.00,0.00,-0.00
-8079,2.88,1189,2.18,644,3,58643,15_05_24_05_00_2000,-0.48,9.66,0.10,0.00,0.00,-0.00
-8156,2.89,1221,2.18,644,3,58682,15_05_24_05_00_2000,-0.48,9.67,0.08,0.00,-0.00,-0.00
-7827,2.87,1313,2.17,644,3,58723,15_05_24_05_00_2000,-0.50,9.66,0.09,0.00,-0.00,0.00
-8191,2.89,1329,2.17,644,3,58760,15_05_24_05_00_2000,-0.49,9.67,0.09,0.00,-0.00,0.00
-7991,2.88,1304,2.17,645,3,58798,15_05_24_05_00_2000,-0.47,9.67,0.09,0.00,-0.00,-0.00
-8230,2.90,1270,2.18,644,3,58836,15_05_24_05_00_2000,-0.49,9.67,0.08,0.00,0.00,0.00
-8009,2.88,1543,2.16,644,3,58873,15_05_24_05_00_2000,-0.48,9.66,0.08,0.00,-0.00,0.00
-8065,2.88,1193,2.18,644,3,58911,15_05_24_05_00_2000,-0.49,9.67,0.08,0.00,-0.00,0.00
-8037,2.88,1267,2.18,644,3,58951,15_05_24_05_00_2000,-0.48,9.66,0.08,0.00,-0.00,0.00
-7914,2.87,1190,2.18,645,3,58990,15_05_24_05_00_2000,-0.49,9.67,0.09,0.00,-0.00,0.00
-8009,2.88,1360,2.17,642,3,59027,15_05_25_05_00_2000,-0.49,9.67,0.09,0.00,-0.00,0.00
-8079,2.88,1349,2.17,644,3,59064,15_05_25_05_00_2000,-0.49,9.67,0.09,0.00,0.00,-0.00
-8073,2.88,1356,2.17,644,3,59102,15_05_25_05_00_2000,-0.48,9.66,0.07,0.00,0.00,0.00
-8152,2.89,1523,2.16,644,3,59139,15_05_25_05_00_2000,-0.49,9.66,0.08,0.00,0.00,-0.00
-8010,2.88,1523,2.16,644,3,59180,15_05_25_05_00_2000,-0.48,9.66,0.07,0.00,-0.00,-0.00
-8234,2.90,1512,2.16,644,3,59217,15_05_25_05_00_2000,-0.48,9.67,0.09,0.00,0.00,0.00
-8254,2.90,1081,2.19,645,3,59262,15_05_25_05_00_2000,-0.48,9.66,0.10,0.00,-0.00,0.00
-8037,2.88,1466,2.16,644,3,59299,15_05_25_05_00_2000,-0.48,9.67,0.08,0.00,0.00,0.00
-8126,2.89,1280,2.18,644,3,59336,15_05_25_05_00_2000,-0.49,9.66,0.08,0.00,-0.00,-0.00
-8209,2.89,1361,2.17,644,3,59374,15_05_25_05_00_2000,-0.48,9.67,0.09,0.00,-0.00,-0.00
-7793,2.86,1262,2.18,644,3,59415,15_05_25_05_00_2000,-0.48,9.66,0.08,0.00,-0.00,0.00
-8106,2.89,1387,2.17,644,3,59452,15_05_25_05_00_2000,-0.49,9.67,0.08,0.00,0.00,0.00
-8061,2.88,1361,2.17,644,3,59489,15_05_25_05_00_2000,-0.48,9.67,0.09,0.00,-0.00,-0.00
-7960,2.88,1332,2.17,644,3,59527,15_05_25_05_00_2000,-0.48,9.67,0.08,0.00,-0.00,0.00
-8060,2.88,1461,2.16,643,3,59565,15_05_25_05_00_2000,-0.48,9.67,0.09,0.00,0.00,-0.00
-8119,2.89,1270,2.18,644,3,59602,15_05_25_05_00_2000,-0.48,9.67,0.08,0.00,0.00,0.00
-8066,2.88,1346,2.17,644,3,59643,15_05_25_05_00_2000,-0.48,9.67,0.09,0.00,-0.00,0.00
-8065,2.88,1311,2.17,644,3,59681,15_05_25_05_00_2000,-0.49,9.67,0.09,0.00,-0.00,-0.00
-8031,2.88,1305,2.17,644,3,59719,15_05_25_05_00_2000,-0.48,9.66,0.08,0.00,-0.00,0.00
-8069,2.88,1365,2.17,644,3,59756,15_05_25_05_00_2000,-0.49,9.66,0.08,0.00,0.00,0.00
-8136,2.89,1348,2.17,644,3,59795,15_05_25_05_00_2000,-0.48,9.67,0.09,0.00,-0.00,-0.00
-7965,2.88,1346,2.17,643,3,59833,15_05_25_05_00_2000,-0.49,9.66,0.10,0.00,-0.00,-0.00
-8186,2.89,1334,2.17,644,3,59873,15_05_25_05_00_2000,-0.48,9.66,0.09,0.00,-0.00,-0.00
-7942,2.87,1398,2.17,644,3,59911,15_05_25_05_00_2000,-0.48,9.67,0.10,0.00,-0.00,0.00
-7956,2.88,1309,2.17,644,3,59949,15_05_25_05_00_2000,-0.49,9.67,0.08,0.00,-0.00,0.00
-7980,2.88,1286,2.18,644,3,59986,15_05_25_05_00_2000,-0.48,9.66,0.09,0.00,-0.00,0.00
-7945,2.87,1243,2.18,644,3,60024,15_05_26_05_00_2000,-0.47,9.67,0.09,0.00,-0.00,-0.00
-8065,2.88,1402,2.17,645,3,60065,15_05_26_05_00_2000,-0.48,9.67,0.09,0.00,0.00,0.00
-7998,2.88,1387,2.17,644,3,60103,15_05_26_05_00_2000,-0.48,9.66,0.09,0.00,-0.00,-0.00
-8163,2.89,1137,2.19,644,3,60140,15_05_26_05_00_2000,-0.48,9.67,0.08,0.00,0.00,-0.00
-7940,2.87,1387,2.17,644,3,60177,15_05_26_05_00_2000,-0.48,9.67,0.08,0.00,0.00,-0.00
-8008,2.88,1231,2.18,644,3,60215,15_05_26_05_00_2000,-0.48,9.66,0.09,0.00,-0.00,0.00
-8200,2.89,1241,2.18,644,3,60253,15_05_26_05_00_2000,-0.48,9.66,0.09,0.00,-0.00,-0.00
-7955,2.88,1232,2.18,644,3,60293,15_05_26_05_00_2000,-0.48,9.66,0.09,0.00,-0.00,0.00
-7945,2.87,1153,2.19,644,3,60331,15_05_26_05_00_2000,-0.49,9.66,0.08,0.00,0.00,0.00
-8007,2.88,1116,2.19,643,3,60370,15_05_26_05_00_2000,-0.48,9.67,0.08,0.00,0.00,0.00
-7948,2.87,1209,2.18,645,3,60407,15_05_26_05_00_2000,-0.48,9.66,0.08,0.00,-0.00,0.00
-8113,2.89,1298,2.17,644,3,60444,15_05_26_05_00_2000,-0.47,9.66,0.08,0.00,0.00,0.00
-8228,2.90,1282,2.18,644,3,60482,15_05_26_05_00_2000,-0.48,9.66,0.09,0.00,-0.00,-0.00
-7979,2.88,1222,2.18,644,3,60523,15_05_26_05_00_2000,-0.49,9.67,0.09,0.00,-0.00,0.00
-7825,2.87,1359,2.17,644,3,60560,15_05_26_05_00_2000,-0.48,9.66,0.08,0.00,-0.00,0.00
-8128,2.89,1424,2.16,644,3,60597,15_05_26_05_00_2000,-0.47,9.67,0.09,0.00,0.00,-0.00
-7850,2.87,1333,2.17,644,3,60636,15_05_26_05_00_2000,-0.49,9.66,0.09,0.00,-0.00,-0.00
-8016,2.88,1261,2.18,644,3,60673,15_05_26_05_00_2000,-0.49,9.67,0.08,0.00,-0.00,0.00
-7871,2.87,1387,2.17,644,3,60711,15_05_26_05_00_2000,-0.48,9.67,0.08,0.00,-0.00,-0.00
-7966,2.88,1585,2.15,642,3,60751,15_05_26_05_00_2000,-0.50,9.66,0.08,0.00,-0.00,0.00
-7762,2.86,1351,2.17,644,3,60789,15_05_26_05_00_2000,-0.49,9.66,0.08,0.00,0.00,0.00
-8111,2.89,1244,2.18,644,3,60826,15_05_26_05_00_2000,-0.49,9.67,0.08,0.00,-0.00,0.00
-7830,2.87,1244,2.18,644,3,60864,15_05_26_05_00_2000,-0.49,9.66,0.09,0.00,-0.00,0.00
-7965,2.88,1328,2.17,644,3,60903,15_05_26_05_00_2000,-0.48,9.67,0.08,0.00,0.00,-0.00
-8140,2.89,1340,2.17,644,3,60941,15_05_26_05_00_2000,-0.49,9.66,0.08,0.00,-0.00,0.00
-8130,2.89,1249,2.18,644,3,60980,15_05_26_05_00_2000,-0.49,9.66,0.10,0.00,0.00,-0.00
-7965,2.88,1343,2.17,644,3,61018,15_05_27_05_00_2000,-0.48,9.66,0.08,0.00,-0.00,0.00
-7936,2.87,1133,2.19,644,3,61056,15_05_27_05_00_2000,-0.48,9.67,0.09,0.00,-0.00,0.00
-7974,2.88,1447,2.16,644,3,61093,15_05_27_05_00_2000,-0.48,9.67,0.09,0.00,0.00,-0.00
-7912,2.87,1214,2.18,645,3,61131,15_05_27_05_00_2000,-0.48,9.66,0.08,0.00,-0.00,-0.00
-7814,2.86,1412,2.17,644,3,61168,15_05_27_05_00_2000,-0.47,9.66,0.08,0.00,-0.00,0.00
-8160,2.89,1491,2.16,644,3,61208,15_05_27_05_00_2000,-0.49,9.67,0.09,0.00,-0.00,0.00
-8168,2.89,1151,2.19,644,3,61246,15_05_27_05_00_2000,-0.48,9.67,0.09,0.00,-0.00,0.00
-8006,2.88,1301,2.17,644,3,61283,15_05_27_05_00_2000,-0.49,9.66,0.09,0.00,0.00,0.00
-8002,2.88,1206,2.18,644,3,61320,15_05_27_05_00_2000,-0.48,9.67,0.09,0.00,-0.00,0.00
-8076,2.88,1157,2.19,644,3,61359,15_05_27_05_00_2000,-0.48,9.66,0.08,0.00,0.00,0.00
-8097,2.89,1410,2.17,643,3,61396,15_05_27_05_00_2000,-0.48,9.66,0.09,0.00,-0.00,0.00
-8123,2.89,1392,2.17,644,3,61436,15_05_27_05_00_2000,-0.48,9.66,0.10,0.00,-0.00,-0.00
-7880,2.87,1563,2.15,642,3,61474,15_05_27_05_00_2000,-0.48,9.67,0.09,0.00,0.00,-0.00
-8122,2.89,1346,2.17,644,3,61512,15_05_27_05_00_2000,-0.48,9.66,0.08,0.00,-0.00,0.00
-8012,2.88,1211,2.18,642,3,61550,15_05_27_05_00_2000,-0.48,9.67,0.08,0.00,-0.00,0.00
-8174,2.89,1361,2.17,644,3,61587,15_05_27_05_00_2000,-0.48,9.67,0.08,0.00,-0.00,0.00
-7983,2.88,1284,2.18,644,3,61625,15_05_27_05_00_2000,-0.48,9.66,0.08,0.00,-0.00,0.00
-8018,2.88,1467,2.16,644,3,61665,15_05_27_05_00_2000,-0.48,9.67,0.09,0.00,-0.00,0.00
-8089,2.89,1353,2.17,644,3,61702,15_05_27_05_00_2000,-0.48,9.66,0.09,0.00,0.00,0.00
-8168,2.89,1371,2.17,644,3,61740,15_05_27_05_00_2000,-0.49,9.67,0.08,0.00,-0.00,0.00
-8317,2.90,1206,2.18,644,3,61778,15_05_27_05_00_2000,-0.49,9.67,0.09,0.00,-0.00,0.00
-7971,2.88,1154,2.19,644,3,61816,15_05_27_05_00_2000,-0.49,9.67,0.08,0.00,-0.00,-0.00
-8043,2.88,1182,2.18,644,3,61853,15_05_27_05_00_2000,-0.49,9.66,0.09,0.00,-0.00,0.00
-7981,2.88,1119,2.19,644,3,61894,15_05_27_05_00_2000,-0.48,9.67,0.08,0.00,0.00,0.00
-8097,2.89,1288,2.18,644,3,61932,15_05_27_05_00_2000,-0.49,9.67,0.08,0.00,0.00,-0.00
-8112,2.89,1332,2.17,644,3,61970,15_05_27_05_00_2000,-0.48,9.67,0.09,0.00,-0.00,0.00
-8112,2.89,1369,2.17,644,3,62007,15_05_27_05_00_2000,-0.48,9.66,0.10,0.00,0.00,-0.00
-7891,2.87,1179,2.18,644,3,62046,15_05_28_05_00_2000,-0.48,9.66,0.08,0.00,0.00,0.00
-7943,2.87,1286,2.18,644,3,62084,15_05_28_05_00_2000,-0.48,9.67,0.09,0.00,-0.00,0.00
-8013,2.88,1453,2.16,644,3,62124,15_05_28_05_00_2000,-0.48,9.66,0.09,0.00,-0.00,0.00
-8019,2.88,1407,2.17,644,3,62162,15_05_28_05_00_2000,-0.49,9.66,0.09,0.00,0.00,0.00
-7951,2.88,1270,2.18,644,3,62200,15_05_28_05_00_2000,-0.48,9.66,0.09,0.00,-0.00,-0.00
-8156,2.89,1153,2.19,644,3,62238,15_05_28_05_00_2000,-0.48,9.66,0.09,0.00,-0.00,0.00
-8166,2.89,1468,2.16,644,3,62275,15_05_28_05_00_2000,-0.49,9.66,0.09,0.00,0.00,0.00
-8216,2.90,1300,2.17,644,3,62313,15_05_28_05_00_2000,-0.48,9.67,0.08,0.00,0.00,-0.00
-7966,2.88,1448,2.16,644,3,62354,15_05_28_05_00_2000,-0.49,9.66,0.09,0.00,0.00,0.00
-8028,2.88,1326,2.17,644,3,62391,15_05_28_05_00_2000,-0.48,9.66,0.08,0.00,0.00,-0.00
-7811,2.86,1548,2.16,644,3,62428,15_05_28_05_00_2000,-0.48,9.68,0.09,0.00,0.00,0.00
-7962,2.88,1482,2.16,644,3,62466,15_05_28_05_00_2000,-0.50,9.67,0.10,0.00,-0.00,-0.00
-8024,2.88,1440,2.16,644,3,62504,15_05_28_05_00_2000,-0.48,9.67,0.08,0.00,0.00,0.00
-8127,2.89,1352,2.17,644,3,62542,15_05_28_05_00_2000,-0.49,9.65,0.08,0.00,-0.00,0.00
-7837,2.87,1290,2.17,642,3,62582,15_05_28_05_00_2000,-0.48,9.66,0.09,0.00,-0.00,0.00
-8246,2.90,1491,2.16,644,3,62620,15_05_28_05_00_2000,-0.49,9.66,0.08,0.00,-0.00,0.00
-8086,2.89,1285,2.18,644,3,62657,15_05_28_05_00_2000,-0.49,9.66,0.09,0.00,-0.00,0.00
-7984,2.88,1093,2.19,644,3,62694,15_05_28_05_00_2000,-0.49,9.66,0.09,0.00,0.00,-0.00
-7822,2.87,1323,2.17,644,3,62733,15_05_28_05_00_2000,-0.48,9.66,0.09,0.00,-0.00,-0.00
-8145,2.89,1284,2.18,644,3,62771,15_05_28_05_00_2000,-0.49,9.66,0.09,0.00,-0.00,0.00
-7876,2.87,1578,2.15,644,3,62811,15_05_28_05_00_2000,-0.48,9.66,0.08,0.00,0.00,0.00
-8029,2.88,1141,2.19,644,3,62848,15_05_28_05_00_2000,-0.49,9.66,0.09,0.00,0.00,0.00
-7911,2.87,1504,2.16,644,3,62931,15_05_28_05_00_2000,-0.49,9.67,0.10,0.00,0.00,0.00
-7995,2.88,1533,2.16,644,3,62968,15_05_28_05_00_2000,-0.49,9.66,0.09,0.00,-0.00,-0.00
-8028,2.88,1273,2.18,644,3,63038,15_05_28_05_00_2000,-0.49,9.67,0.08,0.00,-0.00,0.00
-8135,2.89,1390,2.17,644,3,63127,15_05_29_05_00_2000,-0.48,9.66,0.09,0.00,-0.00,-0.00
-8068,2.88,1378,2.17,644,3,63167,15_05_29_05_00_2000,-0.48,9.66,0.09,0.00,-0.00,0.00
-7900,2.87,1420,2.17,644,3,63233,15_05_29_05_00_2000,-0.48,9.66,0.09,0.00,-0.00,-0.00
-7883,2.87,1347,2.17,643,3,63323,15_05_29_05_00_2000,-0.48,9.66,0.09,0.00,-0.00,0.00
-7946,2.87,1337,2.17,644,3,63360,15_05_29_05_00_2000,-0.49,9.66,0.08,0.00,-0.00,0.00
-8067,2.88,1298,2.17,644,3,63430,15_05_29_05_00_2000,-0.48,9.66,0.08,0.00,-0.00,0.00
-8196,2.89,1307,2.17,644,3,63519,15_05_29_05_00_2000,-0.49,9.67,0.09,0.00,-0.00,0.00
-8176,2.89,1298,2.17,643,3,63560,15_05_29_05_00_2000,-0.49,9.67,0.09,0.00,-0.00,0.00
-8052,2.88,1288,2.18,644,3,63626,15_05_29_05_00_2000,-0.48,9.66,0.09,0.00,0.00,0.00
-8041,2.88,1213,2.18,644,3,63716,15_05_29_05_00_2000,-0.48,9.67,0.08,0.00,-0.00,-0.00
-8210,2.89,1385,2.17,644,3,63754,15_05_29_05_00_2000,-0.49,9.67,0.08,0.00,-0.00,-0.00
-8038,2.88,1385,2.17,643,3,63822,15_05_29_05_00_2000,-0.48,9.67,0.09,0.00,-0.00,0.00
-8034,2.88,1319,2.17,644,3,63859,15_05_29_05_00_2000,-0.49,9.66,0.08,0.00,-0.00,-0.00
-8234,2.90,1335,2.17,644,3,63928,15_05_29_05_00_2000,-0.48,9.67,0.10,0.00,-0.00,0.00
-8238,2.90,1107,2.19,645,3,64017,15_05_29_05_00_2000,-0.49,9.67,0.08,0.00,0.00,0.00
-7950,2.88,1395,2.17,643,3,64055,15_05_30_05_00_2000,-0.49,9.66,0.08,0.00,-0.00,0.00
-8023,2.88,1265,2.18,644,3,64124,15_05_30_05_00_2000,-0.48,9.67,0.09,0.00,0.00,-0.00
-7938,2.87,1446,2.16,644,3,64214,15_05_30_05_00_2000,-0.49,9.66,0.09,0.00,-0.00,0.00
-8184,2.89,1323,2.17,643,3,64251,15_05_30_05_00_2000,-0.48,9.67,0.08,0.00,-0.00,0.00
-8130,2.89,1483,2.16,644,3,64320,15_05_30_05_00_2000,-0.49,9.67,0.09,0.00,0.00,-0.00
-8119,2.89,1413,2.17,643,3,64410,15_05_30_05_00_2000,-0.49,9.66,0.10,0.00,0.00,0.00
-8100,2.89,1436,2.16,644,3,64448,15_05_30_05_00_2000,-0.49,9.66,0.09,0.00,-0.00,-0.00
-7915,2.87,1155,2.19,644,3,64516,15_05_30_05_00_2000,-0.49,9.67,0.09,0.00,0.00,0.00
-7978,2.88,1541,2.16,644,3,64606,15_05_30_05_00_2000,-0.49,9.66,0.09,0.00,-0.00,-0.00
-7938,2.87,1420,2.17,642,3,64644,15_05_30_05_00_2000,-0.48,9.66,0.08,0.00,-0.00,0.00
-7947,2.87,1308,2.17,643,3,64713,15_05_30_05_00_2000,-0.48,9.66,0.10,0.00,-0.00,0.00
-8054,2.88,1344,2.17,643,3,64803,15_05_30_05_00_2000,-0.48,9.66,0.09,0.00,-0.00,0.00
-8041,2.88,1305,2.17,644,3,64841,15_05_30_05_00_2000,-0.49,9.66,0.10,0.00,-0.00,0.00
-8115,2.89,1156,2.19,644,3,64909,15_05_30_05_00_2000,-0.48,9.67,0.08,0.00,-0.00,0.00
-7940,2.87,1142,2.19,644,3,64999,15_05_30_05_00_2000,-0.49,9.67,0.08,0.00,0.00,0.00
-7918,2.87,1188,2.18,644,3,65036,15_05_31_05_00_2000,-0.49,9.68,0.09,0.00,-0.00,-0.00
-8009,2.88,1508,2.16,644,3,65105,15_05_31_05_00_2000,-0.49,9.67,0.08,0.00,0.00,0.00
-8154,2.89,1331,2.17,644,3,65143,15_05_31_05_00_2000,-0.49,9.67,0.08,0.00,-0.00,-0.00
-8014,2.88,1325,2.17,644,3,65210,15_05_31_05_00_2000,-0.48,9.66,0.09,0.00,-0.00,0.00
-7950,2.88,1453,2.16,644,3,65301,15_05_31_05_00_2000,-0.49,9.66,0.09,0.00,-0.00,-0.00
-8069,2.88,1405,2.17,644,3,65338,15_05_31_05_00_2000,-0.48,9.66,0.09,0.00,-0.00,0.00
-8090,2.89,1247,2.18,644,3,65408,15_05_31_05_00_2000,-0.49,9.66,0.08,0.00,0.00,0.00
-8065,2.88,1217,2.18,644,3,65497,15_05_31_05_00_2000,-0.48,9.66,0.09,0.00,-0.00,-0.00
-7964,2.88,1255,2.18,644,3,65535,15_05_31_05_00_2000,-0.49,9.67,0.08,0.00,-0.00,0.00
-8118,2.89,1151,2.19,644,3,65603,15_05_31_05_00_2000,-0.49,9.66,0.08,0.00,-0.00,-0.00
-7947,2.87,1418,2.17,644,3,65693,15_05_31_05_00_2000,-0.48,9.65,0.09,0.00,0.00,0.00
-8133,2.89,1265,2.18,644,3,65730,15_05_31_05_00_2000,-0.49,9.67,0.08,0.00,0.00,0.00
-8027,2.88,1469,2.16,644,3,65800,15_05_31_05_00_2000,-0.48,9.66,0.09,0.00,0.00,0.00
-8071,2.88,1088,2.19,643,3,65890,15_05_31_05_00_2000,-0.48,9.67,0.09,0.00,-0.00,0.00
-8084,2.89,1233,2.18,644,3,65927,15_05_31_05_00_2000,-0.48,9.66,0.08,0.00,-0.00,0.00
-8054,2.88,1351,2.17,644,3,65996,15_05_31_05_00_2000,-0.48,9.67,0.09,0.00,-0.00,0.00
-7995,2.88,1169,2.18,644,3,66085,15_05_32_05_00_2000,-0.48,9.67,0.09,0.00,0.00,-0.00
-7920,2.87,1618,2.15,644,3,66123,15_05_32_05_00_2000,-0.48,9.67,0.09,0.00,-0.00,0.00
-8061,2.88,1213,2.18,644,3,66192,15_05_32_05_00_2000,-0.49,9.66,0.08,0.00,-0.00,0.00
-7872,2.87,1550,2.16,644,3,66283,15_05_32_05_00_2000,-0.49,9.67,0.09,0.00,0.00,0.00
-7872,2.87,1352,2.17,643,3,66320,15_05_32_05_00_2000,-0.49,9.67,0.09,0.00,-0.00,0.00
-8061,2.88,1328,2.17,644,3,66388,15_05_32_05_00_2000,-0.49,9.68,0.09,0.00,0.00,-0.00
-8040,2.88,1413,2.17,644,3,66427,15_05_32_05_00_2000,-0.48,9.66,0.09,0.00,-0.00,-0.00
-8005,2.88,1236,2.18,645,3,66495,15_05_32_05_00_2000,-0.49,9.67,0.09,0.00,-0.00,0.00
-8077,2.88,1480,2.16,644,3,66584,15_05_32_05_00_2000,-0.49,9.67,0.08,0.00,-0.00,0.00
-7997,2.88,1418,2.17,643,3,66621,15_05_32_05_00_2000,-0.48,9.67,0.09,0.00,0.00,-0.00
-8062,2.88,1367,2.17,644,3,66690,15_05_32_05_00_2000,-0.49,9.66,0.09,0.00,-0.00,-0.00
-8025,2.88,1409,2.17,644,3,66781,15_05_32_05_00_2000,-0.48,9.66,0.09,0.00,0.00,0.00
-8103,2.89,1433,2.16,644,3,66819,15_05_32_05_00_2000,-0.49,9.66,0.09,0.00,-0.00,0.00
-7987,2.88,1111,2.19,644,3,66887,15_05_32_05_00_2000,-0.49,9.67,0.09,0.00,-0.00,0.00
-8101,2.89,1324,2.17,644,3,66976,15_05_32_05_00_2000,-0.48,9.66,0.09,0.00,0.00,0.00
-8088,2.89,1415,2.17,644,3,67014,15_05_33_05_00_2000,-0.49,9.66,0.09,0.00,0.00,0.00
-8128,2.89,1377,2.17,644,3,67084,15_05_33_05_00_2000,-0.48,9.67,0.09,0.00,-0.00,0.00
-8145,2.89,1448,2.16,644,3,67173,15_05_33_05_00_2000,-0.48,9.66,0.10,0.00,0.00,0.00
-7978,2.88,1244,2.18,644,3,67211,15_05_33_05_00_2000,-0.49,9.66,0.08,0.00,-0.00,0.00
-8095,2.89,1235,2.18,644,3,67278,15_05_33_05_00_2000,-0.48,9.67,0.09,0.00,0.00,-0.00
-8038,2.88,1419,2.17,644,3,67369,15_05_33_05_00_2000,-0.49,9.67,0.09,0.00,-0.00,0.00
-8129,2.89,1210,2.18,644,3,67406,15_05_33_05_00_2000,-0.49,9.67,0.09,0.00,-0.00,0.00
-7897,2.87,1213,2.18,644,3,67476,15_05_33_05_00_2000,-0.48,9.67,0.09,0.00,-0.00,0.00
-8109,2.89,1268,2.18,644,3,67567,15_05_33_05_00_2000,-0.48,9.66,0.09,0.00,-0.00,0.00
-7976,2.88,1392,2.17,642,3,67605,15_05_33_05_00_2000,-0.48,9.66,0.08,0.00,-0.00,-0.00
-8085,2.89,1379,2.17,644,3,67671,15_05_33_05_00_2000,-0.49,9.67,0.09,0.00,-0.00,-0.00
-7906,2.87,1399,2.17,644,3,67712,15_05_33_05_00_2000,-0.48,9.66,0.10,0.00,-0.00,0.00
-7997,2.88,1346,2.17,644,3,67778,15_05_33_05_00_2000,-0.48,9.67,0.09,0.00,-0.00,0.00
-7912,2.87,1324,2.17,643,3,67868,15_05_33_05_00_2000,-0.48,9.66,0.08,0.00,-0.00,-0.00
-8057,2.88,1406,2.17,644,3,68036,15_05_34_05_00_2000,-0.48,9.66,0.09,0.00,-0.00,0.00
-8022,2.88,1284,2.18,644,3,68074,15_05_34_05_00_2000,-0.48,9.66,0.09,0.00,-0.00,-0.00
-8010,2.88,1317,2.17,644,3,68112,15_05_34_05_00_2000,-0.49,9.67,0.08,0.00,-0.00,0.00
-7942,2.87,1337,2.17,645,3,68152,15_05_34_05_00_2000,-0.48,9.66,0.09,0.00,0.00,-0.00
-8231,2.90,1281,2.18,644,3,68190,15_05_34_05_00_2000,-0.48,9.66,0.09,0.00,-0.00,0.00
-7996,2.88,1257,2.18,644,3,68259,15_05_34_05_00_2000,-0.49,9.66,0.09,0.00,0.00,0.00
-7959,2.88,1427,2.16,644,3,68297,15_05_34_05_00_2000,-0.48,9.66,0.08,0.00,-0.00,0.00
-7859,2.87,1534,2.16,644,3,68366,15_05_34_05_00_2000,-0.49,9.66,0.09,0.00,0.00,0.00
-7955,2.88,1293,2.17,644,3,68456,15_05_34_05_00_2000,-0.49,9.67,0.09,0.00,0.00,-0.00
-8088,2.89,1295,2.17,644,3,68498,15_05_34_05_00_2000,-0.49,9.66,0.09,0.00,-0.00,-0.00
-7955,2.88,1243,2.18,644,3,68562,15_05_34_05_00_2000,-0.48,9.66,0.09,0.00,-0.00,0.00
-8135,2.89,1563,2.15,644,3,68653,15_05_34_05_00_2000,-0.48,9.66,0.09,0.00,-0.00,-0.00
-8063,2.88,1400,2.17,644,3,68690,15_05_34_05_00_2000,-0.48,9.66,0.08,0.00,-0.00,-0.00
-8257,2.90,1506,2.16,644,3,68758,15_05_34_05_00_2000,-0.48,9.67,0.09,0.00,-0.00,0.00
-7961,2.88,1303,2.17,644,3,68850,15_05_34_05_00_2000,-0.48,9.67,0.08,0.00,-0.00,0.00
-7991,2.88,1185,2.18,644,3,68891,15_05_34_05_00_2000,-0.48,9.66,0.08,0.00,-0.00,-0.00
-7842,2.87,1399,2.17,644,3,68955,15_05_34_05_00_2000,-0.49,9.66,0.07,0.00,-0.00,0.00
-8160,2.89,1382,2.17,644,3,68992,15_05_34_05_00_2000,-0.48,9.66,0.09,0.00,0.00,-0.00
-7943,2.87,1404,2.17,644,3,69062,15_05_35_05_00_2000,-0.48,9.66,0.09,0.00,-0.00,0.00
-7983,2.88,1335,2.17,644,3,69151,15_05_35_05_00_2000,-0.49,9.67,0.10,0.00,0.00,0.00
-8149,2.89,1297,2.17,644,3,69189,15_05_35_05_00_2000,-0.48,9.66,0.09,0.00,0.00,0.00
-7996,2.88,1659,2.15,644,3,69257,15_05_35_05_00_2000,-0.49,9.67,0.10,0.00,-0.00,0.00
-7999,2.88,1376,2.17,644,3,69347,15_05_35_05_00_2000,-0.48,9.67,0.09,0.00,-0.00,0.00
-8117,2.89,1321,2.17,644,3,69384,15_05_35_05_00_2000,-0.49,9.67,0.08,0.00,-0.00,0.00
-8003,2.88,1465,2.16,644,3,69454,15_05_35_05_00_2000,-0.49,9.66,0.08,0.00,0.00,0.00
-8150,2.89,1415,2.17,644,3,69544,15_05_35_05_00_2000,-0.48,9.66,0.09,0.00,-0.00,0.00
-7963,2.88,1366,2.17,645,3,69583,15_05_35_05_00_2000,-0.49,9.66,0.10,0.00,-0.00,0.00
-8084,2.89,1297,2.17,644,3,69650,15_05_35_05_00_2000,-0.48,9.65,0.09,0.00,-0.00,0.00
-8057,2.88,1528,2.16,644,3,69740,15_05_35_05_00_2000,-0.49,9.66,0.07,0.00,-0.00,-0.00
-7971,2.88,1407,2.17,644,3,69778,15_05_35_05_00_2000,-0.49,9.66,0.08,0.00,-0.00,0.00
-8158,2.89,1337,2.17,644,3,69846,15_05_35_05_00_2000,-0.49,9.67,0.09,0.00,0.00,0.00
-8092,2.89,1464,2.16,645,3,69935,15_05_35_05_00_2000,-0.48,9.67,0.09,0.00,0.00,-0.00
-8174,2.89,1221,2.18,643,3,69974,15_05_35_05_00_2000,-0.49,9.66,0.08,0.00,0.00,0.00
-7987,2.88,1383,2.17,643,3,70042,15_05_36_05_00_2000,-0.48,9.66,0.09,0.00,0.00,0.00
-7987,2.88,1276,2.18,644,3,70133,15_05_36_05_00_2000,-0.48,9.66,0.09,0.00,0.00,-0.00
-8095,2.89,1361,2.17,644,3,70171,15_05_36_05_00_2000,-0.49,9.66,0.08,0.00,0.00,0.00
-7980,2.88,1300,2.17,644,3,70238,15_05_36_05_00_2000,-0.48,9.66,0.09,0.00,-0.00,0.00
-7851,2.87,1305,2.17,644,3,70277,15_05_36_05_00_2000,-0.48,9.66,0.09,0.00,-0.00,0.00
-7851,2.87,1267,2.18,644,3,70344,15_05_36_05_00_2000,-0.48,9.66,0.08,0.00,-0.00,-0.00
-8101,2.89,1324,2.17,644,3,70434,15_05_36_05_00_2000,-0.49,9.67,0.09,0.00,0.00,-0.00
-7773,2.86,1409,2.17,644,3,70472,15_05_36_05_00_2000,-0.48,9.66,0.08,0.00,-0.00,0.00
-7868,2.87,1533,2.16,642,3,70541,15_05_36_05_00_2000,-0.48,9.66,0.09,0.00,-0.00,-0.00
-8086,2.89,1169,2.18,644,3,70630,15_05_36_05_00_2000,-0.48,9.66,0.08,0.00,-0.00,0.00
-7857,2.87,1442,2.16,644,3,70668,15_05_36_05_00_2000,-0.48,9.67,0.09,0.00,-0.00,0.00
-8161,2.89,1235,2.18,644,3,70737,15_05_36_05_00_2000,-0.48,9.67,0.10,0.00,-0.00,0.00
-7942,2.87,1388,2.17,644,3,70826,15_05_36_05_00_2000,-0.49,9.66,0.09,0.00,0.00,0.00
-7861,2.87,1497,2.16,644,3,70865,15_05_36_05_00_2000,-0.48,9.65,0.09,0.00,0.00,-0.00
-8101,2.89,1482,2.16,644,3,70933,15_05_36_05_00_2000,-0.48,9.67,0.08,0.00,-0.00,0.00
-8031,2.88,1494,2.16,644,3,71022,15_05_36_05_00_2000,-0.48,9.66,0.09,0.00,-0.00,0.00
-8101,2.89,1420,2.17,644,3,71060,15_05_37_05_00_2000,-0.49,9.66,0.09,0.00,0.00,-0.00
-7847,2.87,1298,2.17,644,3,71129,15_05_37_05_00_2000,-0.49,9.67,0.09,0.00,-0.00,-0.00
-8107,2.89,1528,2.16,644,3,71219,15_05_37_05_00_2000,-0.48,9.66,0.09,0.00,0.00,0.00
-8032,2.88,1346,2.17,644,3,71257,15_05_37_05_00_2000,-0.49,9.66,0.08,0.00,-0.00,-0.00
-8003,2.88,1215,2.18,644,3,71325,15_05_37_05_00_2000,-0.48,9.66,0.09,0.00,-0.00,-0.00
-8042,2.88,1194,2.18,644,3,71415,15_05_37_05_00_2000,-0.48,9.65,0.08,0.00,-0.00,0.00
-8062,2.88,1422,2.16,644,3,71453,15_05_37_05_00_2000,-0.49,9.67,0.09,0.00,-0.00,0.00
-8052,2.88,1379,2.17,643,3,71521,15_05_37_05_00_2000,-0.48,9.66,0.08,0.00,0.00,0.00
-8165,2.89,1291,2.17,643,3,71564,15_05_37_05_00_2000,-0.48,9.67,0.09,0.00,-0.00,0.00
-7977,2.88,1364,2.17,644,3,71627,15_05_37_05_00_2000,-0.48,9.66,0.09,0.00,0.00,0.00
-8032,2.88,1210,2.18,644,3,71717,15_05_37_05_00_2000,-0.49,9.66,0.08,0.00,-0.00,-0.00
-8004,2.88,1360,2.17,644,3,71755,15_05_37_05_00_2000,-0.48,9.67,0.08,0.00,-0.00,0.00
-8109,2.89,1269,2.18,645,3,71824,15_05_37_05_00_2000,-0.48,9.66,0.08,0.00,0.00,0.00
-8055,2.88,1211,2.18,644,3,71914,15_05_37_05_00_2000,-0.48,9.66,0.10,0.00,-0.00,-0.00
-7948,2.87,1355,2.17,642,3,71955,15_05_37_05_00_2000,-0.48,9.66,0.09,0.00,0.00,0.00
-7986,2.88,1321,2.17,644,3,72019,15_05_37_05_00_2000,-0.48,9.67,0.09,0.00,0.00,0.00
-8097,2.89,1584,2.15,644,3,72110,15_05_38_05_00_2000,-0.48,9.66,0.10,0.00,0.00,-0.00
-8088,2.89,1259,2.18,643,3,72148,15_05_38_05_00_2000,-0.48,9.66,0.10,0.00,-0.00,-0.00
-8186,2.89,1396,2.17,644,3,72217,15_05_38_05_00_2000,-0.48,9.66,0.09,0.00,-0.00,0.00
-8058,2.88,1358,2.17,644,3,72306,15_05_38_05_00_2000,-0.48,9.66,0.10,0.00,-0.00,-0.00
-8055,2.88,1293,2.17,644,3,72348,15_05_38_05_00_2000,-0.49,9.66,0.09,0.00,-0.00,-0.00
-8109,2.89,1363,2.17,643,3,72412,15_05_38_05_00_2000,-0.48,9.67,0.08,0.00,-0.00,0.00
-8148,2.89,1453,2.16,644,3,72502,15_05_38_05_00_2000,-0.48,9.67,0.08,0.00,-0.00,0.00
-8151,2.89,1313,2.17,644,3,72540,15_05_38_05_00_2000,-0.48,9.66,0.09,0.00,-0.00,0.00
-7877,2.87,1240,2.18,643,3,72609,15_05_38_05_00_2000,-0.48,9.65,0.09,0.00,0.00,0.00
-7991,2.88,1032,2.19,644,3,72698,15_05_38_05_00_2000,-0.49,9.66,0.09,0.00,-0.00,0.00
-8170,2.89,1289,2.18,644,3,72739,15_05_38_05_00_2000,-0.49,9.66,0.09,0.00,-0.00,-0.00
-7970,2.88,1369,2.17,644,3,72805,15_05_38_05_00_2000,-0.48,9.67,0.09,0.00,0.00,-0.00
-8429,2.91,1362,2.17,644,3,72844,15_05_38_05_00_2000,-0.48,9.66,0.09,0.00,-0.00,-0.00
-7915,2.87,1264,2.18,643,3,72911,15_05_38_05_00_2000,-0.48,9.66,0.09,0.00,0.00,0.00
-8116,2.89,1229,2.18,641,3,73000,15_05_38_05_00_2000,-0.49,9.66,0.10,0.00,-0.00,0.00
-8240,2.90,1225,2.18,644,3,73038,15_05_39_05_00_2000,-0.48,9.66,0.09,0.00,-0.00,0.00
-7991,2.88,1343,2.17,643,3,73107,15_05_39_05_00_2000,-0.49,9.67,0.08,0.00,-0.00,-0.00
-8122,2.89,1361,2.17,643,3,73197,15_05_39_05_00_2000,-0.48,9.67,0.09,0.00,-0.00,0.00
-8127,2.89,1482,2.16,644,3,73236,15_05_39_05_00_2000,-0.48,9.66,0.09,0.00,-0.00,0.00
-8041,2.88,1172,2.18,642,3,73303,15_05_39_05_00_2000,-0.49,9.67,0.09,0.00,-0.00,0.00
-8025,2.88,1295,2.17,644,3,73393,15_05_39_05_00_2000,-0.49,9.66,0.09,0.00,0.00,0.00
-8036,2.88,1503,2.16,644,3,73431,15_05_39_05_00_2000,-0.48,9.66,0.09,0.00,-0.00,0.00
-8014,2.88,1470,2.16,644,3,73499,15_05_39_05_00_2000,-0.49,9.66,0.08,0.00,-0.00,0.00
-8089,2.89,1228,2.18,644,3,73589,15_05_39_05_00_2000,-0.49,9.66,0.09,0.00,0.00,-0.00
-7978,2.88,1309,2.17,644,3,73628,15_05_39_05_00_2000,-0.48,9.66,0.09,0.00,-0.00,0.00
-8146,2.89,1408,2.17,644,3,73695,15_05_39_05_00_2000,-0.49,9.66,0.08,0.00,-0.00,0.00
-7992,2.88,1304,2.17,643,3,73785,15_05_39_05_00_2000,-0.48,9.66,0.09,0.00,0.00,0.00
-8111,2.89,1066,2.19,644,3,73823,15_05_39_05_00_2000,-0.48,9.67,0.10,0.00,-0.00,0.00
-8171,2.89,1227,2.18,643,3,73891,15_05_39_05_00_2000,-0.48,9.67,0.09,0.00,-0.00,0.00
-8070,2.88,1314,2.17,644,3,73983,15_05_39_05_00_2000,-0.47,9.66,0.08,0.00,-0.00,-0.00
-8199,2.89,1428,2.16,642,3,74022,15_05_40_05_00_2000,-0.49,9.66,0.09,0.00,0.00,0.00
-8070,2.88,1267,2.18,644,3,74088,15_05_40_05_00_2000,-0.49,9.66,0.09,0.00,-0.00,0.00
-7750,2.86,1292,2.17,644,3,74126,15_05_40_05_00_2000,-0.49,9.67,0.09,0.00,0.00,0.00
-7959,2.88,1331,2.17,644,3,74195,15_05_40_05_00_2000,-0.48,9.67,0.10,0.00,0.00,0.00
-7955,2.88,1275,2.18,643,3,74285,15_05_40_05_00_2000,-0.48,9.66,0.08,0.00,-0.00,-0.00
-8301,2.90,1368,2.17,644,3,74324,15_05_40_05_00_2000,-0.49,9.66,0.09,0.00,0.00,0.00
-8175,2.89,1335,2.17,644,3,74390,15_05_40_05_00_2000,-0.49,9.67,0.08,0.00,-0.00,0.00
-8190,2.89,1226,2.18,644,3,74480,15_05_40_05_00_2000,-0.48,9.66,0.09,0.00,-0.00,0.00
-8053,2.88,1248,2.18,643,3,74518,15_05_40_05_00_2000,-0.48,9.68,0.08,0.00,0.00,-0.00
-8020,2.88,1346,2.17,644,3,74586,15_05_40_05_00_2000,-0.48,9.66,0.10,0.00,0.00,-0.00
-8017,2.88,1474,2.16,643,3,74676,15_05_40_05_00_2000,-0.49,9.67,0.08,0.00,0.00,0.00
-8267,2.90,1474,2.16,639,3,74715,15_05_40_05_00_2000,-0.49,9.66,0.09,0.00,-0.00,-0.00
-7859,2.87,1271,2.18,644,3,74782,15_05_40_05_00_2000,-0.48,9.66,0.09,0.00,0.00,-0.00
-7901,2.87,1425,2.16,644,3,74872,15_05_40_05_00_2000,-0.49,9.66,0.08,0.00,-0.00,0.00
-8011,2.88,1403,2.17,644,3,74910,15_05_40_05_00_2000,-0.48,9.66,0.08,0.00,-0.00,0.00
-7971,2.88,1194,2.18,644,3,74979,15_05_40_05_00_2000,-0.49,9.67,0.09,0.00,-0.00,0.00
-8018,2.88,1322,2.17,645,3,75068,15_05_41_05_00_2000,-0.47,9.66,0.09,0.00,-0.00,0.00
-8056,2.88,1183,2.18,644,3,75108,15_05_41_05_00_2000,-0.49,9.66,0.08,0.00,0.00,0.00
-8282,2.90,1414,2.17,644,3,75174,15_05_41_05_00_2000,-0.49,9.66,0.09,0.00,-0.00,-0.00
-8117,2.89,1391,2.17,643,3,75265,15_05_41_05_00_2000,-0.49,9.66,0.08,0.00,-0.00,-0.00
-8177,2.89,1445,2.16,644,3,75306,15_05_41_05_00_2000,-0.48,9.66,0.09,0.00,0.00,0.00
-8216,2.90,1447,2.16,642,3,75371,15_05_41_05_00_2000,-0.49,9.66,0.08,0.00,0.00,-0.00
-7837,2.87,1515,2.16,643,3,75411,15_05_41_05_00_2000,-0.49,9.66,0.09,0.00,-0.00,0.00
-8127,2.89,1253,2.18,644,3,75477,15_05_41_05_00_2000,-0.49,9.66,0.09,0.00,-0.00,-0.00
-8120,2.89,1328,2.17,644,3,75566,15_05_41_05_00_2000,-0.49,9.67,0.09,0.00,-0.00,0.00
-8076,2.88,1478,2.16,644,3,75608,15_05_41_05_00_2000,-0.50,9.65,0.09,0.00,0.00,0.00
-7783,2.86,1474,2.16,644,3,75674,15_05_41_05_00_2000,-0.49,9.67,0.08,0.00,-0.00,0.00
-7969,2.88,1391,2.17,644,3,75763,15_05_41_05_00_2000,-0.48,9.65,0.09,0.00,-0.00,0.00
-8070,2.88,1460,2.16,644,3,75804,15_05_41_05_00_2000,-0.48,9.66,0.09,0.00,-0.00,0.00
-7903,2.87,1321,2.17,643,3,75870,15_05_41_05_00_2000,-0.49,9.66,0.09,0.00,0.00,0.00
-8035,2.88,1219,2.18,643,3,75959,15_05_41_05_00_2000,-0.49,9.66,0.09,0.00,-0.00,0.00
-7866,2.87,1257,2.18,644,3,76000,15_05_41_05_00_2000,-0.50,9.66,0.09,0.00,0.00,-0.00
-7990,2.88,1181,2.18,643,3,76065,15_05_42_05_00_2000,-0.48,9.66,0.09,0.00,0.00,0.00
-8128,2.89,1299,2.17,644,3,76156,15_05_42_05_00_2000,-0.47,9.66,0.09,0.00,0.00,-0.00
-8157,2.89,1431,2.16,644,3,76196,15_05_42_05_00_2000,-0.49,9.66,0.09,0.00,-0.00,0.00
-8022,2.88,1374,2.17,643,3,76263,15_05_42_05_00_2000,-0.47,9.67,0.09,0.00,-0.00,0.00
-8174,2.89,1265,2.18,643,3,76352,15_05_42_05_00_2000,-0.48,9.66,0.09,0.00,-0.00,0.00
-8083,2.89,1225,2.18,643,3,76393,15_05_42_05_00_2000,-0.48,9.66,0.08,0.00,-0.00,-0.00
-7979,2.88,1114,2.19,644,3,76457,15_05_42_05_00_2000,-0.48,9.67,0.08,0.00,-0.00,0.00
-8119,2.89,1134,2.19,643,3,76549,15_05_42_05_00_2000,-0.48,9.66,0.08,0.00,-0.00,0.00
-8132,2.89,1426,2.16,644,3,76589,15_05_42_05_00_2000,-0.48,9.66,0.10,0.00,0.00,-0.00
-8146,2.89,1460,2.16,644,3,76654,15_05_42_05_00_2000,-0.49,9.67,0.08,0.00,-0.00,0.00
-7929,2.87,1351,2.17,644,3,76696,15_05_42_05_00_2000,-0.49,9.66,0.08,0.00,0.00,0.00
-7957,2.88,1127,2.19,643,3,76761,15_05_42_05_00_2000,-0.49,9.66,0.08,0.00,-0.00,0.00
-8096,2.89,1418,2.17,644,3,76849,15_05_42_05_00_2000,-0.48,9.67,0.08,0.00,-0.00,0.00
-8107,2.89,1239,2.18,644,3,76894,15_05_42_05_00_2000,-0.48,9.66,0.09,0.00,0.00,0.00
-8041,2.88,1415,2.17,644,3,76957,15_05_42_05_00_2000,-0.49,9.67,0.08,0.00,-0.00,0.00
-8037,2.88,1277,2.18,643,3,77046,15_05_42_05_00_2000,-0.49,9.67,0.09,0.00,-0.00,0.00
-8002,2.88,1567,2.15,644,3,77088,15_05_43_05_00_2000,-0.49,9.66,0.08,0.00,-0.00,0.00
-7949,2.87,1014,2.20,644,3,77152,15_05_43_05_00_2000,-0.49,9.67,0.09,0.00,-0.00,0.00
-7937,2.87,1257,2.18,643,3,77242,15_05_43_05_00_2000,-0.49,9.66,0.08,0.00,-0.00,0.00
-8059,2.88,1373,2.17,644,3,77286,15_05_43_05_00_2000,-0.48,9.67,0.09,0.00,0.00,0.00
-7941,2.87,1258,2.18,644,3,77350,15_05_43_05_00_2000,-0.49,9.66,0.09,0.00,-0.00,-0.00
-8057,2.88,1320,2.17,643,3,77439,15_05_43_05_00_2000,-0.49,9.66,0.08,0.00,-0.00,0.00
-8082,2.88,1370,2.17,644,3,77479,15_05_43_05_00_2000,-0.48,9.67,0.09,0.00,-0.00,-0.00
-8122,2.89,1272,2.18,644,3,77545,15_05_43_05_00_2000,-0.48,9.66,0.08,0.00,-0.00,0.00
-7991,2.88,1161,2.18,644,3,77635,15_05_43_05_00_2000,-0.48,9.66,0.09,0.00,0.00,-0.00
-8021,2.88,1536,2.16,643,3,77679,15_05_43_05_00_2000,-0.48,9.67,0.08,0.00,-0.00,0.00
-8043,2.88,1459,2.16,641,3,77742,15_05_43_05_00_2000,-0.48,9.66,0.09,0.00,-0.00,0.00
-7688,2.86,1439,2.16,644,3,77831,15_05_43_05_00_2000,-0.49,9.66,0.08,0.00,-0.00,0.00
-8025,2.88,1536,2.16,644,3,77872,15_05_43_05_00_2000,-0.49,9.66,0.09,0.00,-0.00,-0.00
-8386,2.91,1411,2.17,643,3,77937,15_05_43_05_00_2000,-0.49,9.66,0.08,0.00,0.00,-0.00
-8084,2.89,1411,2.17,644,3,77978,15_05_43_05_00_2000,-0.48,9.67,0.09,0.00,-0.00,0.00
-8060,2.88,1290,2.17,644,3,78045,15_05_44_05_00_2000,-0.50,9.66,0.09,0.00,-0.00,-0.00
-8107,2.89,1386,2.17,644,3,78133,15_05_44_05_00_2000,-0.48,9.66,0.09,0.00,0.00,0.00
-8143,2.89,1213,2.18,644,3,78173,15_05_44_05_00_2000,-0.49,9.66,0.09,0.00,-0.00,-0.00
-7956,2.88,1396,2.17,644,3,78239,15_05_44_05_00_2000,-0.48,9.66,0.09,0.00,-0.00,0.00
-7918,2.87,1436,2.16,643,3,78329,15_05_44_05_00_2000,-0.49,9.66,0.09,0.00,-0.00,0.00
-7935,2.87,1440,2.16,642,3,78370,15_05_44_05_00_2000,-0.49,9.67,0.09,0.00,-0.00,0.00
-7983,2.88,1441,2.16,643,3,78436,15_05_44_05_00_2000,-0.49,9.67,0.09,0.00,0.00,0.00
-8232,2.90,1278,2.18,643,3,78526,15_05_44_05_00_2000,-0.49,9.67,0.09,0.00,0.00,-0.00
-8082,2.88,1306,2.17,644,3,78566,15_05_44_05_00_2000,-0.49,9.66,0.09,0.00,0.00,-0.00
-7894,2.87,1404,2.17,644,3,78633,15_05_44_05_00_2000,-0.49,9.66,0.09,0.00,-0.00,0.00
-7955,2.88,1474,2.16,642,3,78721,15_05_44_05_00_2000,-0.49,9.67,0.09,0.00,-0.00,0.00
-8336,2.90,1294,2.17,644,3,78763,15_05_44_05_00_2000,-0.49,9.66,0.09,0.00,0.00,0.00
-7899,2.87,1239,2.18,643,3,78828,15_05_44_05_00_2000,-0.49,9.66,0.08,0.00,0.00,0.00
-7889,2.87,1319,2.17,644,3,78918,15_05_44_05_00_2000,-0.48,9.67,0.09,0.00,-0.00,-0.00
-8059,2.88,1572,2.15,644,3,78959,15_05_44_05_00_2000,-0.48,9.67,0.08,0.00,-0.00,-0.00
-7933,2.87,1455,2.16,644,3,79025,15_05_44_05_00_2000,-0.48,9.66,0.10,0.00,0.00,-0.00
-8151,2.89,1474,2.16,644,3,79115,15_05_45_05_00_2000,-0.48,9.67,0.08,0.00,-0.00,0.00
-7822,2.87,1340,2.17,644,3,79156,15_05_45_05_00_2000,-0.49,9.67,0.09,0.00,-0.00,0.00
-8140,2.89,1305,2.17,643,3,79221,15_05_45_05_00_2000,-0.48,9.67,0.09,0.01,0.00,-0.00
-8087,2.89,1524,2.16,644,3,79261,15_05_45_05_00_2000,-0.48,9.66,0.08,0.00,-0.00,0.00
-7983,2.88,1398,2.17,643,3,79327,15_05_45_05_00_2000,-0.48,9.66,0.09,0.00,-0.00,0.00
-8090,2.89,1363,2.17,643,3,79417,15_05_45_05_00_2000,-0.49,9.67,0.09,0.00,-0.00,0.00
-8105,2.89,1561,2.15,644,3,79457,15_05_45_05_00_2000,-0.48,9.66,0.09,0.00,-0.00,0.00
-7971,2.88,1243,2.18,643,3,79523,15_05_45_05_00_2000,-0.49,9.67,0.09,0.00,0.00,0.00
-8086,2.89,1318,2.17,643,3,79613,15_05_45_05_00_2000,-0.48,9.67,0.10,0.00,-0.00,0.00
-8048,2.88,1201,2.18,643,3,79654,15_05_45_05_00_2000,-0.49,9.67,0.09,0.00,-0.00,-0.00
-7965,2.88,1237,2.18,643,3,79720,15_05_45_05_00_2000,-0.49,9.65,0.09,0.00,0.00,0.00
-7961,2.88,1432,2.16,643,3,79809,15_05_45_05_00_2000,-0.48,9.66,0.09,0.00,0.00,0.00
-8040,2.88,1354,2.17,643,3,79849,15_05_45_05_00_2000,-0.48,9.66,0.09,0.00,0.00,0.00
-8014,2.88,1414,2.17,644,3,79915,15_05_45_05_00_2000,-0.49,9.66,0.08,0.00,-0.00,0.00
-7794,2.86,1216,2.18,643,3,80005,15_05_45_05_00_2000,-0.48,9.66,0.08,0.00,-0.00,-0.00
-8045,2.88,1339,2.17,642,3,80046,15_05_46_05_00_2000,-0.48,9.66,0.08,0.00,-0.00,-0.00
-8143,2.89,1258,2.18,644,3,80112,15_05_46_05_00_2000,-0.48,9.66,0.08,0.00,-0.00,0.00
-8226,2.90,1325,2.17,643,3,80201,15_05_46_05_00_2000,-0.48,9.67,0.08,0.00,-0.00,0.00
-8093,2.89,1460,2.16,643,3,80241,15_05_46_05_00_2000,-0.49,9.66,0.09,0.00,-0.00,-0.00
-8115,2.89,1373,2.17,644,3,80307,15_05_46_05_00_2000,-0.48,9.66,0.09,0.00,-0.00,-0.00
-8108,2.89,1487,2.16,644,3,80398,15_05_46_05_00_2000,-0.49,9.66,0.08,0.00,-0.00,0.00
-7897,2.87,1205,2.18,643,3,80439,15_05_46_05_00_2000,-0.48,9.67,0.08,0.00,0.00,-0.00
-7910,2.87,1461,2.16,643,3,80504,15_05_46_05_00_2000,-0.49,9.67,0.08,0.00,0.00,-0.00
-8086,2.89,1238,2.18,643,3,80544,15_05_46_05_00_2000,-0.48,9.66,0.08,0.00,-0.00,0.00
-8060,2.88,1152,2.19,644,3,80609,15_05_46_05_00_2000,-0.49,9.66,0.08,0.00,0.00,-0.00
-7965,2.88,1522,2.16,643,3,80699,15_05_46_05_00_2000,-0.48,9.66,0.09,0.00,-0.00,0.00
-8229,2.90,1576,2.15,641,3,80744,15_05_46_05_00_2000,-0.49,9.67,0.09,0.00,-0.00,0.00
-7929,2.87,1466,2.16,644,3,80807,15_05_46_05_00_2000,-0.48,9.68,0.09,0.00,-0.00,0.00
-7947,2.87,1312,2.17,644,3,80896,15_05_46_05_00_2000,-0.48,9.67,0.09,0.00,-0.00,0.00
-8125,2.89,1511,2.16,643,3,80936,15_05_46_05_00_2000,-0.48,9.67,0.08,0.00,-0.00,0.00
-8112,2.89,1395,2.17,643,3,81002,15_05_46_05_00_2000,-0.49,9.68,0.09,0.00,-0.00,0.00
-8075,2.88,1203,2.18,644,3,81091,15_05_47_05_00_2000,-0.49,9.66,0.09,0.00,-0.00,0.00
-8208,2.89,1260,2.18,643,3,81135,15_05_47_05_00_2000,-0.48,9.65,0.08,0.00,0.00,-0.00
-7941,2.87,1403,2.17,643,3,81198,15_05_47_05_00_2000,-0.48,9.66,0.09,0.00,0.00,0.00
-7995,2.88,1505,2.16,644,3,81287,15_05_47_05_00_2000,-0.48,9.66,0.09,0.00,-0.00,-0.00
-7907,2.87,1547,2.16,643,3,81328,15_05_47_05_00_2000,-0.48,9.66,0.08,0.00,-0.00,-0.00
-8117,2.89,1362,2.17,644,3,81395,15_05_47_05_00_2000,-0.48,9.67,0.08,0.00,-0.00,0.00
-8226,2.90,1404,2.17,644,3,81484,15_05_47_05_00_2000,-0.49,9.66,0.09,0.00,0.00,-0.00
-8085,2.89,1262,2.18,643,3,81528,15_05_47_05_00_2000,-0.48,9.67,0.08,0.00,-0.00,0.00
-8021,2.88,1273,2.18,643,3,81591,15_05_47_05_00_2000,-0.49,9.65,0.09,0.00,-0.00,0.00
-7890,2.87,1444,2.16,643,3,81681,15_05_47_05_00_2000,-0.48,9.65,0.09,0.00,0.00,-0.00
-7870,2.87,1278,2.18,644,3,81721,15_05_47_05_00_2000,-0.48,9.67,0.09,0.00,-0.00,0.00
-8007,2.88,1561,2.15,644,3,81787,15_05_47_05_00_2000,-0.48,9.66,0.09,0.00,-0.00,0.00
-8055,2.88,1369,2.17,643,3,81828,15_05_47_05_00_2000,-0.49,9.66,0.08,0.00,-0.00,0.00
-8095,2.89,1296,2.17,643,3,81893,15_05_47_05_00_2000,-0.48,9.66,0.08,0.00,-0.00,-0.00
-8066,2.88,1530,2.16,643,3,81983,15_05_47_05_00_2000,-0.49,9.67,0.08,0.00,-0.00,-0.00
-8051,2.88,1333,2.17,642,3,82024,15_05_48_05_00_2000,-0.48,9.67,0.08,0.00,-0.00,-0.00
-7917,2.87,1395,2.17,642,3,82090,15_05_48_05_00_2000,-0.49,9.66,0.09,0.00,-0.00,0.00
-8148,2.89,1423,2.16,644,3,82178,15_05_48_05_00_2000,-0.48,9.66,0.09,0.00,0.00,0.00
-8079,2.88,1295,2.17,644,3,82219,15_05_48_05_00_2000,-0.48,9.67,0.09,0.00,-0.00,0.00
-7926,2.87,1382,2.17,644,3,82285,15_05_48_05_00_2000,-0.48,9.66,0.08,0.00,-0.00,0.00
-8108,2.89,1274,2.18,644,3,82374,15_05_48_05_00_2000,-0.48,9.68,0.09,0.00,0.00,0.00
-8034,2.88,1375,2.17,643,3,82416,15_05_48_05_00_2000,-0.48,9.65,0.09,0.00,-0.00,0.00
-8212,2.89,1367,2.17,644,3,82482,15_05_48_05_00_2000,-0.49,9.66,0.08,0.00,-0.00,-0.00
-7893,2.87,1337,2.17,644,3,82571,15_05_48_05_00_2000,-0.48,9.67,0.09,0.00,0.00,0.00
-8040,2.88,1213,2.18,644,3,82611,15_05_48_05_00_2000,-0.49,9.66,0.08,0.00,0.00,0.00
-8068,2.88,1340,2.17,644,3,82678,15_05_48_05_00_2000,-0.48,9.66,0.08,0.00,-0.00,0.00
-8003,2.88,1257,2.18,643,3,82766,15_05_48_05_00_2000,-0.50,9.67,0.09,0.00,-0.00,-0.00
-7919,2.87,1308,2.17,644,3,82808,15_05_48_05_00_2000,-0.48,9.67,0.09,0.00,0.00,-0.00
-7947,2.87,1032,2.19,643,3,82874,15_05_48_05_00_2000,-0.48,9.66,0.09,0.00,-0.00,-0.00
-7950,2.88,1468,2.16,644,3,82965,15_05_48_05_00_2000,-0.47,9.66,0.08,0.00,-0.00,-0.00
-7933,2.87,1173,2.18,643,3,83274,15_05_49_05_00_2000,-0.49,9.67,0.09,0.00,0.00,0.00
-8152,2.89,1475,2.16,643,3,83317,15_05_49_05_00_2000,-0.47,9.66,0.08,0.00,-0.00,0.00
-8004,2.88,1349,2.17,643,3,83358,15_05_49_05_00_2000,-0.48,9.67,0.08,0.00,-0.00,0.00
-8004,2.88,1304,2.17,643,3,83399,15_05_49_05_00_2000,-0.48,9.67,0.08,0.00,0.00,-0.00
-8023,2.88,1289,2.18,644,3,83440,15_05_49_05_00_2000,-0.49,9.67,0.09,0.00,0.00,-0.00
-8022,2.88,1385,2.17,644,3,83480,15_05_49_05_00_2000,-0.48,9.66,0.09,0.00,-0.00,-0.00
-8065,2.88,1281,2.18,644,3,83524,15_05_49_05_00_2000,-0.47,9.67,0.08,0.00,-0.00,0.00
-8143,2.89,1363,2.17,643,3,83566,15_05_49_05_00_2000,-0.47,9.66,0.08,0.00,-0.00,0.00
-8054,2.88,1195,2.18,644,3,83606,15_05_49_05_00_2000,-0.49,9.66,0.09,0.00,0.00,0.00
-7923,2.87,1179,2.18,644,3,83647,15_05_49_05_00_2000,-0.49,9.66,0.09,0.00,-0.00,-0.00
-7894,2.87,1454,2.16,643,3,83688,15_05_49_05_00_2000,-0.49,9.67,0.09,0.00,-0.00,0.00
-8080,2.88,1586,2.15,643,3,83729,15_05_49_05_00_2000,-0.48,9.66,0.08,0.00,0.00,-0.00
-7978,2.88,1371,2.17,644,3,83773,15_05_49_05_00_2000,-0.48,9.66,0.08,0.00,-0.00,-0.00
-8049,2.88,1420,2.17,643,3,83855,15_05_49_05_00_2000,-0.48,9.67,0.09,0.00,-0.00,0.00
-7939,2.87,1367,2.17,643,3,83896,15_05_49_05_00_2000,-0.49,9.66,0.08,0.00,0.00,-0.00
-8080,2.88,1470,2.16,643,3,83961,15_05_49_05_00_2000,-0.48,9.66,0.10,0.00,-0.00,0.00
-7855,2.87,1287,2.18,643,3,84050,15_05_49_05_00_2000,-0.47,9.67,0.09,0.00,-0.00,-0.00
-7974,2.88,1468,2.16,644,3,84090,15_05_50_05_00_2000,-0.48,9.67,0.09,0.00,-0.00,0.00
-7875,2.87,1173,2.18,643,3,84158,15_05_50_05_00_2000,-0.49,9.67,0.08,0.00,0.00,0.00
-8048,2.88,1536,2.16,644,3,84247,15_05_50_05_00_2000,-0.48,9.67,0.09,0.00,0.00,0.00
-8082,2.88,1415,2.17,644,3,84288,15_05_50_05_00_2000,-0.48,9.67,0.09,0.00,-0.00,0.00
-8031,2.88,1154,2.19,644,3,84353,15_05_50_05_00_2000,-0.49,9.66,0.09,0.00,0.00,0.00
-8041,2.88,1387,2.17,642,3,84394,15_05_50_05_00_2000,-0.49,9.67,0.08,0.00,-0.00,-0.00
-7993,2.88,1586,2.15,644,3,84460,15_05_50_05_00_2000,-0.48,9.66,0.09,0.00,-0.00,0.00
-8019,2.88,1414,2.17,643,3,84550,15_05_50_05_00_2000,-0.49,9.67,0.09,0.00,-0.00,0.00
-7932,2.87,1361,2.17,644,3,84590,15_05_50_05_00_2000,-0.49,9.66,0.08,0.00,-0.00,0.00
-7863,2.87,1371,2.17,644,3,84656,15_05_50_05_00_2000,-0.49,9.66,0.09,0.00,-0.00,-0.00
-8007,2.88,1251,2.18,643,3,84745,15_05_50_05_00_2000,-0.48,9.66,0.09,0.00,-0.00,0.00
-8054,2.88,1132,2.19,644,3,84786,15_05_50_05_00_2000,-0.49,9.67,0.09,0.00,0.00,0.00
-8125,2.89,1690,2.14,643,3,84853,15_05_50_05_00_2000,-0.48,9.67,0.09,0.00,-0.00,0.00
-7919,2.87,1369,2.17,643,3,84941,15_05_50_05_00_2000,-0.48,9.66,0.09,0.00,0.00,0.00
-8042,2.88,1293,2.17,644,3,84981,15_05_50_05_00_2000,-0.48,9.66,0.09,0.00,0.00,0.00
-7872,2.87,1301,2.17,643,3,85048,15_05_51_05_00_2000,-0.48,9.68,0.08,0.00,-0.00,0.00
-8069,2.88,1311,2.17,644,3,85137,15_05_51_05_00_2000,-0.49,9.67,0.09,0.00,-0.00,-0.00
-8048,2.88,1363,2.17,644,3,85179,15_05_51_05_00_2000,-0.47,9.66,0.08,0.00,-0.00,0.00
-8083,2.89,1480,2.16,644,3,85244,15_05_51_05_00_2000,-0.49,9.66,0.08,0.00,-0.00,0.00
-8233,2.90,1329,2.17,643,3,85333,15_05_51_05_00_2000,-0.48,9.67,0.09,0.00,0.00,0.00
-8015,2.88,1109,2.19,644,3,85373,15_05_51_05_00_2000,-0.48,9.67,0.08,0.00,-0.00,0.00
-7896,2.87,1169,2.18,644,3,85440,15_05_51_05_00_2000,-0.48,9.66,0.08,0.00,-0.00,0.00
-8050,2.88,1530,2.16,644,3,85531,15_05_51_05_00_2000,-0.49,9.66,0.09,0.00,-0.00,0.00
-7951,2.88,1452,2.16,643,3,85572,15_05_51_05_00_2000,-0.48,9.66,0.10,0.00,-0.00,0.00
-8204,2.89,1259,2.18,643,3,85636,15_05_51_05_00_2000,-0.48,9.66,0.09,0.00,-0.00,0.00
-8125,2.89,1232,2.18,643,3,85679,15_05_51_05_00_2000,-0.49,9.66,0.08,0.00,-0.00,0.00
-7978,2.88,1323,2.17,643,3,85742,15_05_51_05_00_2000,-0.48,9.67,0.08,0.00,-0.00,-0.00
-8091,2.89,1352,2.17,644,3,85832,15_05_51_05_00_2000,-0.48,9.66,0.08,0.00,-0.00,0.00
-7916,2.87,1416,2.17,643,3,85873,15_05_51_05_00_2000,-0.47,9.67,0.09,0.00,0.00,0.00
-8137,2.89,1538,2.16,644,3,85938,15_05_51_05_00_2000,-0.49,9.65,0.09,0.00,0.00,0.00
-8030,2.88,1441,2.16,643,3,86028,15_05_51_05_00_2000,-0.49,9.67,0.08,0.00,-0.00,0.00
-8202,2.89,1387,2.17,644,3,86071,15_05_52_05_00_2000,-0.48,9.67,0.08,0.00,-0.00,-0.00
-7921,2.87,1609,2.15,644,3,86135,15_05_52_05_00_2000,-0.48,9.67,0.08,0.00,-0.00,-0.00
-8060,2.88,1327,2.17,641,3,86225,15_05_52_05_00_2000,-0.49,9.65,0.08,0.00,-0.00,0.00
-7989,2.88,1459,2.16,644,3,86266,15_05_52_05_00_2000,-0.48,9.66,0.09,0.00,0.00,0.00
-7668,2.85,1377,2.17,643,3,86331,15_05_52_05_00_2000,-0.48,9.67,0.09,0.00,0.00,-0.00
-8058,2.88,1372,2.17,641,3,86420,15_05_52_05_00_2000,-0.48,9.66,0.08,0.00,-0.00,0.00
-7938,2.87,1448,2.16,643,3,86464,15_05_52_05_00_2000,-0.48,9.67,0.08,0.00,-0.00,0.00
-8057,2.88,1295,2.17,643,3,86528,15_05_52_05_00_2000,-0.48,9.67,0.09,0.00,0.00,-0.00
-8167,2.89,1373,2.17,644,3,86616,15_05_52_05_00_2000,-0.47,9.66,0.08,0.00,-0.00,-0.00
-8130,2.89,1219,2.18,644,3,86657,15_05_52_05_00_2000,-0.49,9.67,0.08,0.00,-0.00,-0.00
-7948,2.87,1396,2.17,644,3,86723,15_05_52_05_00_2000,-0.49,9.67,0.08,0.00,0.00,0.00
-8042,2.88,1333,2.17,644,3,86814,15_05_52_05_00_2000,-0.49,9.67,0.08,0.00,0.00,-0.00
-7934,2.87,1265,2.18,644,3,86858,15_05_52_05_00_2000,-0.49,9.66,0.08,0.00,-0.00,-0.00
-7968,2.88,1175,2.18,643,3,86919,15_05_52_05_00_2000,-0.49,9.67,0.08,0.00,-0.00,0.00
-8052,2.88,1483,2.16,644,3,86960,15_05_52_05_00_2000,-0.47,9.67,0.09,0.00,0.00,0.00
-7896,2.87,1504,2.16,643,3,87026,15_05_52_05_00_2000,-0.49,9.66,0.08,0.00,-0.00,-0.00
-8103,2.89,1353,2.17,644,3,87115,15_05_53_05_00_2000,-0.48,9.67,0.08,0.00,-0.00,0.00
-7985,2.88,1338,2.17,644,3,87156,15_05_53_05_00_2000,-0.48,9.67,0.09,0.00,-0.00,0.00
-8136,2.89,1287,2.18,644,3,87222,15_05_53_05_00_2000,-0.48,9.67,0.09,0.00,-0.00,0.00
-8028,2.88,1419,2.17,644,3,87311,15_05_53_05_00_2000,-0.49,9.67,0.08,0.00,-0.00,-0.00
-8066,2.88,1373,2.17,643,3,87352,15_05_53_05_00_2000,-0.49,9.65,0.08,0.00,0.00,0.00
-7824,2.87,1424,2.16,642,3,87418,15_05_53_05_00_2000,-0.48,9.66,0.08,0.00,0.00,-0.00
-7923,2.87,1519,2.16,644,3,87507,15_05_53_05_00_2000,-0.48,9.66,0.08,0.00,0.00,-0.00
-7951,2.88,1340,2.17,643,3,87548,15_05_53_05_00_2000,-0.49,9.67,0.08,0.00,0.00,-0.00
-7998,2.88,1376,2.17,644,3,87614,15_05_53_05_00_2000,-0.48,9.66,0.08,0.00,0.00,-0.00
-7970,2.88,1388,2.17,644,3,87704,15_05_53_05_00_2000,-0.48,9.66,0.09,0.00,-0.00,-0.00
-7880,2.87,1466,2.16,644,3,87744,15_05_53_05_00_2000,-0.49,9.67,0.08,0.00,0.00,-0.00
-7932,2.87,1217,2.18,643,3,87810,15_05_53_05_00_2000,-0.48,9.66,0.09,0.00,-0.00,-0.00
-8013,2.88,1179,2.18,644,3,87899,15_05_53_05_00_2000,-0.48,9.66,0.08,0.00,-0.00,0.00
-8166,2.89,1540,2.16,644,3,87940,15_05_53_05_00_2000,-0.49,9.67,0.09,0.00,0.00,0.00
-8009,2.88,1308,2.17,644,3,88006,15_05_53_05_00_2000,-0.49,9.66,0.09,0.00,-0.00,-0.00
-7841,2.87,1289,2.18,644,3,88097,15_05_54_05_00_2000,-0.49,9.66,0.08,0.00,-0.00,0.00
-8242,2.90,1166,2.18,643,3,88137,15_05_54_05_00_2000,-0.48,9.68,0.07,0.00,-0.00,-0.00
-8129,2.89,1487,2.16,644,3,88203,15_05_54_05_00_2000,-0.48,9.66,0.09,0.00,0.00,-0.00
-8013,2.88,1455,2.16,644,3,88244,15_05_54_05_00_2000,-0.48,9.66,0.09,0.00,0.00,0.00
-8169,2.89,1410,2.17,644,3,88310,15_05_54_05_00_2000,-0.49,9.67,0.08,0.00,-0.00,0.00
-7840,2.87,1362,2.17,643,3,88399,15_05_54_05_00_2000,-0.48,9.67,0.09,0.00,0.00,-0.00
-7914,2.87,1348,2.17,644,3,88439,15_05_54_05_00_2000,-0.49,9.66,0.08,0.00,0.00,0.00
-7979,2.88,1382,2.17,644,3,88506,15_05_54_05_00_2000,-0.48,9.67,0.08,0.00,0.00,0.00
-7956,2.88,1274,2.18,644,3,88595,15_05_54_05_00_2000,-0.48,9.66,0.08,0.00,-0.00,-0.00
-8182,2.89,1414,2.17,644,3,88637,15_05_54_05_00_2000,-0.49,9.66,0.09,0.00,-0.00,0.00
-7989,2.88,1401,2.17,644,3,88701,15_05_54_05_00_2000,-0.49,9.67,0.09,0.00,-0.00,0.00
-8174,2.89,1479,2.16,643,3,88791,15_05_54_05_00_2000,-0.48,9.66,0.08,0.00,0.00,0.00
-8213,2.89,1338,2.17,644,3,88832,15_05_54_05_00_2000,-0.48,9.67,0.09,0.00,0.00,0.00
-8130,2.89,1368,2.17,643,3,88898,15_05_54_05_00_2000,-0.49,9.66,0.09,0.00,-0.00,-0.00
-8022,2.88,1301,2.17,643,3,88987,15_05_54_05_00_2000,-0.48,9.67,0.08,0.00,-0.00,0.00
-7903,2.87,1325,2.17,644,3,89028,15_05_55_05_00_2000,-0.48,9.67,0.08,0.00,0.00,0.00
-8159,2.89,1382,2.17,643,3,89093,15_05_55_05_00_2000,-0.48,9.67,0.08,0.00,0.00,-0.00
-8130,2.89,1330,2.17,643,3,89183,15_05_55_05_00_2000,-0.49,9.66,0.08,0.00,0.00,0.00
-7897,2.87,1233,2.18,644,3,89224,15_05_55_05_00_2000,-0.49,9.66,0.09,0.00,-0.00,-0.00
-7893,2.87,1470,2.16,644,3,89291,15_05_55_05_00_2000,-0.48,9.66,0.08,0.00,-0.00,-0.00
-7939,2.87,1400,2.17,644,3,89380,15_05_55_05_00_2000,-0.49,9.67,0.09,0.00,-0.00,-0.00
-8128,2.89,1410,2.17,643,3,89421,15_05_55_05_00_2000,-0.49,9.67,0.09,0.00,0.00,0.00
-7891,2.87,1502,2.16,643,3,89486,15_05_55_05_00_2000,-0.49,9.66,0.09,0.00,-0.00,0.00
-8097,2.89,1381,2.17,644,3,89530,15_05_55_05_00_2000,-0.49,9.66,0.09,0.00,0.00,-0.00
-8271,2.90,1373,2.17,643,3,89593,15_05_55_05_00_2000,-0.48,9.67,0.09,0.00,-0.00,0.00
-7913,2.87,1324,2.17,643,3,89682,15_05_55_05_00_2000,-0.48,9.66,0.09,0.00,-0.00,0.00
-7922,2.87,1234,2.18,643,3,89722,15_05_55_05_00_2000,-0.48,9.67,0.09,0.00,-0.00,-0.00
-8156,2.89,1188,2.18,643,3,89789,15_05_55_05_00_2000,-0.49,9.66,0.09,0.00,0.00,0.00
-8004,2.88,1066,2.19,643,3,89877,15_05_55_05_00_2000,-0.48,9.67,0.08,0.00,-0.00,-0.00
-7978,2.88,1229,2.18,643,3,89921,15_05_55_05_00_2000,-0.47,9.66,0.08,0.00,0.00,0.00
-8112,2.89,1287,2.18,644,3,89985,15_05_55_05_00_2000,-0.48,9.67,0.08,0.00,0.00,-0.00
-8171,2.89,1389,2.17,644,3,90074,15_05_56_05_00_2000,-0.49,9.66,0.09,0.00,0.00,-0.00
-8041,2.88,1491,2.16,643,3,90114,15_05_56_05_00_2000,-0.48,9.66,0.09,0.00,-0.00,-0.00
-8250,2.90,1191,2.18,643,3,90180,15_05_56_05_00_2000,-0.49,9.66,0.09,0.00,-0.00,-0.00
-8016,2.88,1515,2.16,643,3,90270,15_05_56_05_00_2000,-0.49,9.66,0.09,0.00,-0.00,0.00
-7979,2.88,1553,2.16,643,3,90314,15_05_56_05_00_2000,-0.49,9.66,0.08,0.00,0.00,0.00
-8038,2.88,1198,2.18,643,3,90376,15_05_56_05_00_2000,-0.48,9.66,0.08,0.00,-0.00,0.00
-7947,2.87,1353,2.17,643,3,90466,15_05_56_05_00_2000,-0.49,9.66,0.09,0.00,-0.00,0.00
-7997,2.88,1361,2.17,643,3,90506,15_05_56_05_00_2000,-0.49,9.67,0.08,0.00,0.00,0.00
-8000,2.88,1458,2.16,643,3,90572,15_05_56_05_00_2000,-0.48,9.67,0.08,0.00,0.00,-0.00
-7873,2.87,1464,2.16,643,3,90663,15_05_56_05_00_2000,-0.49,9.66,0.08,0.00,0.00,0.00
-8127,2.89,1288,2.18,643,3,90707,15_05_56_05_00_2000,-0.48,9.66,0.08,0.00,-0.00,0.00
-7992,2.88,1314,2.17,643,3,90769,15_05_56_05_00_2000,-0.49,9.66,0.08,0.00,-0.00,0.00
-7999,2.88,1541,2.16,643,3,90809,15_05_56_05_00_2000,-0.48,9.67,0.08,0.00,0.00,0.00
-8042,2.88,1377,2.17,643,3,90876,15_05_56_05_00_2000,-0.48,9.66,0.09,0.00,0.00,0.00
-8031,2.88,1291,2.17,644,3,90966,15_05_56_05_00_2000,-0.49,9.66,0.09,0.00,-0.00,0.00
-8217,2.90,1338,2.17,642,3,91007,15_05_56_05_00_2000,-0.49,9.67,0.09,0.00,-0.00,0.00
-8171,2.89,1363,2.17,643,3,91071,15_05_57_05_00_2000,-0.48,9.67,0.08,0.00,-0.00,0.00
-8174,2.89,1394,2.17,644,3,91161,15_05_57_05_00_2000,-0.48,9.66,0.08,0.00,0.00,-0.00
-7914,2.87,1263,2.18,643,3,91201,15_05_57_05_00_2000,-0.48,9.66,0.09,0.00,-0.00,0.00
-7926,2.87,1313,2.17,643,3,91268,15_05_57_05_00_2000,-0.48,9.67,0.09,0.00,-0.00,0.00
-8025,2.88,1246,2.18,643,3,91357,15_05_57_05_00_2000,-0.49,9.66,0.09,0.00,-0.00,0.00
-7993,2.88,1309,2.17,643,3,91401,15_05_57_05_00_2000,-0.48,9.66,0.08,0.00,-0.00,-0.00
-8140,2.89,1217,2.18,643,3,91464,15_05_57_05_00_2000,-0.48,9.67,0.08,0.00,0.00,-0.00
-8021,2.88,1449,2.16,643,3,91553,15_05_57_05_00_2000,-0.48,9.66,0.08,0.00,-0.00,-0.00
-8020,2.88,1377,2.17,644,3,91593,15_05_57_05_00_2000,-0.48,9.66,0.09,0.00,-0.00,0.00
-8143,2.89,1423,2.16,644,3,91660,15_05_57_05_00_2000,-0.48,9.67,0.08,0.00,0.00,0.00
-7892,2.87,1397,2.17,643,3,91750,15_05_57_05_00_2000,-0.48,9.65,0.08,0.00,-0.00,0.00
-7892,2.87,1383,2.17,643,3,91793,15_05_57_05_00_2000,-0.48,9.66,0.09,0.00,0.00,-0.00
-7998,2.88,1524,2.16,643,3,91856,15_05_57_05_00_2000,-0.48,9.67,0.08,0.00,-0.00,-0.00
-8018,2.88,1306,2.17,643,3,91946,15_05_57_05_00_2000,-0.47,9.66,0.08,0.00,-0.00,0.00
-7981,2.88,1352,2.17,643,3,91987,15_05_57_05_00_2000,-0.49,9.66,0.09,0.00,-0.00,0.00
-8154,2.89,1373,2.17,643,3,92052,15_05_58_05_00_2000,-0.48,9.67,0.08,0.00,-0.00,-0.00
-7959,2.88,1502,2.16,644,3,92092,15_05_58_05_00_2000,-0.48,9.66,0.09,0.00,-0.00,-0.00
-7832,2.87,1281,2.18,641,3,92158,15_05_58_05_00_2000,-0.48,9.67,0.08,0.00,-0.00,0.00
-7948,2.87,1458,2.16,643,3,92248,15_05_58_05_00_2000,-0.48,9.67,0.09,0.00,0.00,0.00
-8158,2.89,1296,2.17,642,3,92290,15_05_58_05_00_2000,-0.48,9.67,0.08,0.00,-0.00,0.00
-7998,2.88,1378,2.17,643,3,92355,15_05_58_05_00_2000,-0.49,9.67,0.09,0.00,-0.00,0.00
-7835,2.87,1479,2.16,644,3,92444,15_05_58_05_00_2000,-0.49,9.66,0.08,0.00,0.00,0.00
-8199,2.89,1388,2.17,643,3,92485,15_05_58_05_00_2000,-0.48,9.66,0.08,0.00,-0.00,0.00
-8124,2.89,1345,2.17,644,3,92550,15_05_58_05_00_2000,-0.47,9.66,0.09,0.00,0.00,0.00
-8172,2.89,1326,2.17,643,3,92640,15_05_58_05_00_2000,-0.48,9.66,0.08,0.00,-0.00,-0.00
-8027,2.88,1287,2.18,644,3,92682,15_05_58_05_00_2000,-0.49,9.65,0.09,0.00,0.00,0.00
-7998,2.88,1328,2.17,644,3,92747,15_05_58_05_00_2000,-0.48,9.67,0.08,0.00,-0.00,0.00
-8048,2.88,1399,2.17,644,3,92836,15_05_58_05_00_2000,-0.49,9.67,0.08,0.00,-0.00,-0.00
-8001,2.88,1069,2.19,643,3,92876,15_05_58_05_00_2000,-0.49,9.67,0.08,0.00,0.00,0.00
-7942,2.87,1540,2.16,644,3,92943,15_05_58_05_00_2000,-0.48,9.66,0.08,0.00,-0.00,0.00
-8095,2.89,1219,2.18,643,3,93033,15_05_58_05_00_2000,-0.48,9.66,0.08,0.00,-0.00,-0.00
-8171,2.89,1369,2.17,644,3,93074,15_05_59_05_00_2000,-0.48,9.67,0.09,0.00,-0.00,0.00
-8090,2.89,1509,2.16,644,3,93139,15_05_59_05_00_2000,-0.49,9.66,0.09,0.00,-0.00,-0.00
-7863,2.87,1510,2.16,641,3,93230,15_05_59_05_00_2000,-0.49,9.67,0.09,0.00,0.00,0.00
-8060,2.88,1622,2.15,644,3,93270,15_05_59_05_00_2000,-0.49,9.66,0.09,0.00,0.00,-0.00
-8113,2.89,1396,2.17,644,3,93335,15_05_59_05_00_2000,-0.49,9.67,0.07,0.00,-0.00,0.00
-7975,2.88,1265,2.18,644,3,93376,15_05_59_05_00_2000,-0.49,9.66,0.08,0.00,-0.00,0.00
-8185,2.89,1396,2.17,643,3,93442,15_05_59_05_00_2000,-0.49,9.67,0.09,0.00,-0.00,-0.00
-8137,2.89,1216,2.18,643,3,93531,15_05_59_05_00_2000,-0.49,9.65,0.08,0.00,-0.00,0.00
-8189,2.89,1210,2.18,644,3,93571,15_05_59_05_00_2000,-0.49,9.67,0.09,0.00,-0.00,0.00
-7919,2.87,1266,2.18,644,3,93638,15_05_59_05_00_2000,-0.48,9.66,0.08,0.00,-0.00,0.00
-8038,2.88,1170,2.18,643,3,93727,15_05_59_05_00_2000,-0.48,9.67,0.08,0.00,-0.00,-0.00
-8065,2.88,1354,2.17,644,3,93769,15_05_59_05_00_2000,-0.48,9.67,0.10,0.00,-0.00,-0.00
-8034,2.88,1395,2.17,641,3,93834,15_05_59_05_00_2000,-0.48,9.66,0.09,0.00,-0.00,0.00
-8109,2.89,1507,2.16,641,3,93923,15_05_59_05_00_2000,-0.48,9.67,0.08,0.00,0.00,0.00
-8054,2.88,1420,2.17,643,3,93963,15_05_59_05_00_2000,-0.48,9.65,0.09,0.00,-0.00,0.00
-8171,2.89,1333,2.17,644,3,94030,15_05_59_05_00_2000,-0.49,9.67,0.08,0.00,-0.00,0.00
-8177,2.89,1268,2.18,643,3,94119,15_06_00_05_00_2000,-0.48,9.67,0.08,0.00,-0.00,0.00
-8127,2.89,1334,2.17,643,3,94161,15_06_00_05_00_2000,-0.48,9.67,0.09,0.00,0.00,0.00
-8067,2.88,1221,2.18,643,3,94226,15_06_00_05_00_2000,-0.48,9.67,0.08,0.00,-0.00,0.00
-7942,2.87,1377,2.17,644,3,94315,15_06_00_05_00_2000,-0.48,9.67,0.08,0.00,-0.00,-0.00
-8093,2.89,1286,2.18,643,3,94356,15_06_00_05_00_2000,-0.48,9.66,0.09,0.00,-0.00,-0.00
-7995,2.88,1370,2.17,643,3,94423,15_06_00_05_00_2000,-0.48,9.66,0.09,0.00,0.00,0.00
-8188,2.89,1508,2.16,643,3,94513,15_06_00_05_00_2000,-0.49,9.66,0.08,0.00,-0.00,0.00
-7957,2.88,1365,2.17,644,3,94553,15_06_00_05_00_2000,-0.47,9.67,0.10,0.00,-0.00,0.00
-8129,2.89,1362,2.17,643,3,94618,15_06_00_05_00_2000,-0.49,9.66,0.09,0.00,-0.00,0.00
-7989,2.88,1561,2.15,644,3,94660,15_06_00_05_00_2000,-0.48,9.66,0.09,0.00,-0.00,0.00
-7964,2.88,1370,2.17,643,3,94725,15_06_00_05_00_2000,-0.48,9.67,0.08,0.00,-0.00,-0.00
-8101,2.89,1397,2.17,643,3,94814,15_06_00_05_00_2000,-0.48,9.67,0.09,0.00,0.00,-0.00
-7900,2.87,1417,2.17,644,3,94857,15_06_00_05_00_2000,-0.48,9.66,0.08,0.00,-0.00,-0.00
-7893,2.87,1293,2.17,643,3,94921,15_06_00_05_00_2000,-0.48,9.67,0.08,0.00,-0.00,-0.00
-7994,2.88,1247,2.18,644,3,95010,15_06_00_05_00_2000,-0.48,9.66,0.09,0.00,-0.00,0.00
-8227,2.90,1421,2.17,643,3,95051,15_06_01_05_00_2000,-0.48,9.66,0.08,0.00,-0.00,0.00
-8089,2.89,1357,2.17,644,3,95117,15_06_01_05_00_2000,-0.49,9.66,0.09,0.00,-0.00,0.00
-8156,2.89,1400,2.17,644,3,95206,15_06_01_05_00_2000,-0.48,9.67,0.08,0.00,-0.00,-0.00
-8024,2.88,1482,2.16,643,3,95249,15_06_01_05_00_2000,-0.49,9.65,0.09,0.00,-0.00,0.00
-8032,2.88,1206,2.18,643,3,95313,15_06_01_05_00_2000,-0.49,9.65,0.08,0.00,0.00,-0.00
-8037,2.88,1551,2.16,644,3,95403,15_06_01_05_00_2000,-0.48,9.67,0.08,0.00,-0.00,0.00
-8037,2.88,1351,2.17,644,3,95444,15_06_01_05_00_2000,-0.49,9.66,0.09,0.00,0.00,0.00
-7989,2.88,1245,2.18,643,3,95509,15_06_01_05_00_2000,-0.49,9.66,0.08,0.00,0.00,-0.00
-7773,2.86,1286,2.18,643,3,95599,15_06_01_05_00_2000,-0.49,9.66,0.08,0.00,-0.00,-0.00
-7926,2.87,1486,2.16,643,3,95642,15_06_01_05_00_2000,-0.48,9.66,0.08,0.00,-0.00,0.00
-7984,2.88,1294,2.17,643,3,95706,15_06_01_05_00_2000,-0.49,9.66,0.07,0.00,0.00,0.00
-8166,2.89,1473,2.16,643,3,95796,15_06_01_05_00_2000,-0.48,9.66,0.08,0.00,-0.00,0.00
-8026,2.88,1264,2.18,644,3,95837,15_06_01_05_00_2000,-0.48,9.66,0.08,0.00,-0.00,0.00
-7983,2.88,1368,2.17,644,3,95901,15_06_01_05_00_2000,-0.48,9.67,0.08,0.00,-0.00,-0.00
-8013,2.88,1543,2.16,644,3,95941,15_06_01_05_00_2000,-0.49,9.66,0.08,0.00,0.00,0.00
-8158,2.89,1393,2.17,643,3,96009,15_06_01_05_00_2000,-0.48,9.65,0.09,0.00,-0.00,0.00
-8026,2.88,1386,2.17,643,3,96098,15_06_02_05_00_2000,-0.49,9.67,0.08,0.00,0.00,0.00
-7940,2.87,1451,2.16,643,3,96139,15_06_02_05_00_2000,-0.49,9.67,0.09,0.00,-0.00,0.00
-7809,2.86,1285,2.18,644,3,96204,15_06_02_05_00_2000,-0.48,9.67,0.08,0.00,-0.00,0.00
-8071,2.88,1432,2.16,644,3,96294,15_06_02_05_00_2000,-0.49,9.66,0.09,0.00,-0.00,-0.00
-8226,2.90,1427,2.16,643,3,96335,15_06_02_05_00_2000,-0.48,9.66,0.08,0.00,0.00,0.00
-8210,2.89,1492,2.16,644,3,96400,15_06_02_05_00_2000,-0.48,9.67,0.09,0.00,-0.00,-0.00
-8035,2.88,1322,2.17,644,3,96490,15_06_02_05_00_2000,-0.48,9.67,0.09,0.00,0.00,-0.00
-8059,2.88,1487,2.16,644,3,96530,15_06_02_05_00_2000,-0.48,9.66,0.09,0.00,-0.00,0.00
-7984,2.88,1532,2.16,643,3,96596,15_06_02_05_00_2000,-0.48,9.67,0.09,0.00,-0.00,0.00
-8081,2.88,1203,2.18,643,3,96686,15_06_02_05_00_2000,-0.49,9.67,0.09,0.00,-0.00,-0.00
-8115,2.89,1328,2.17,644,3,96727,15_06_02_05_00_2000,-0.49,9.66,0.09,0.00,-0.00,0.00
-8201,2.89,1370,2.17,643,3,96793,15_06_02_05_00_2000,-0.48,9.66,0.08,0.00,-0.00,-0.00
-7995,2.88,1509,2.16,643,3,96882,15_06_02_05_00_2000,-0.48,9.66,0.09,0.00,0.00,0.00
-8013,2.88,1396,2.17,643,3,96922,15_06_02_05_00_2000,-0.49,9.67,0.08,0.00,0.00,-0.00
-7933,2.87,1488,2.16,643,3,96988,15_06_02_05_00_2000,-0.48,9.66,0.08,0.00,-0.00,0.00
-8098,2.89,1350,2.17,644,3,97079,15_06_03_05_00_2000,-0.48,9.66,0.09,0.00,-0.00,0.00
-8053,2.88,1438,2.16,643,3,97120,15_06_03_05_00_2000,-0.48,9.67,0.08,0.00,0.00,-0.00
-8090,2.89,1402,2.17,644,3,97184,15_06_03_05_00_2000,-0.48,9.66,0.09,0.00,-0.00,0.00
-8311,2.90,1257,2.18,643,3,97224,15_06_03_05_00_2000,-0.50,9.67,0.08,0.00,-0.00,0.00
-8202,2.89,1530,2.16,643,3,97291,15_06_03_05_00_2000,-0.48,9.66,0.09,0.00,0.00,-0.00
-8115,2.89,1287,2.18,644,3,97381,15_06_03_05_00_2000,-0.48,9.66,0.09,0.00,0.00,0.00
-8122,2.89,1209,2.18,644,3,97422,15_06_03_05_00_2000,-0.48,9.66,0.09,0.00,-0.00,0.00
-8032,2.88,1336,2.17,641,3,97488,15_06_03_05_00_2000,-0.47,9.67,0.09,0.00,-0.00,0.00
-8000,2.88,1285,2.18,644,3,97577,15_06_03_05_00_2000,-0.49,9.66,0.08,0.00,-0.00,-0.00
-8063,2.88,1375,2.17,643,3,97617,15_06_03_05_00_2000,-0.49,9.66,0.09,0.00,-0.00,0.00
-7920,2.87,1391,2.17,644,3,97683,15_06_03_05_00_2000,-0.49,9.67,0.09,0.00,-0.00,0.00
-7850,2.87,1257,2.18,644,3,97773,15_06_03_05_00_2000,-0.48,9.67,0.08,0.00,-0.00,-0.00
-8041,2.88,1517,2.16,643,3,97815,15_06_03_05_00_2000,-0.49,9.66,0.08,0.00,-0.00,0.00
-8132,2.89,1175,2.18,643,3,97879,15_06_03_05_00_2000,-0.49,9.66,0.09,0.00,0.00,0.00
-7896,2.87,1261,2.18,642,3,97969,15_06_03_05_00_2000,-0.49,9.67,0.09,0.00,0.00,-0.00
-7966,2.88,1380,2.17,643,3,98010,15_06_03_05_00_2000,-0.48,9.66,0.09,0.00,-0.00,0.00
-8001,2.88,1474,2.16,643,3,98076,15_06_04_05_00_2000,-0.48,9.66,0.08,0.00,-0.00,0.00
-8069,2.88,1500,2.16,644,3,98262,15_06_04_05_00_2000,-0.48,9.67,0.08,0.00,0.00,-0.00
-8241,2.90,1515,2.16,643,3,98303,15_06_04_05_00_2000,-0.48,9.66,0.08,0.00,0.00,0.00
-8014,2.88,1250,2.18,644,3,98344,15_06_04_05_00_2000,-0.48,9.67,0.09,0.00,-0.00,0.00
-7979,2.88,1219,2.18,644,3,98387,15_06_04_05_00_2000,-0.48,9.67,0.08,0.00,-0.00,0.00
-8126,2.89,1412,2.17,643,3,98428,15_06_04_05_00_2000,-0.48,9.66,0.08,0.00,-0.00,-0.00
-7988,2.88,1509,2.16,644,3,98470,15_06_04_05_00_2000,-0.48,9.67,0.09,0.00,0.00,0.00
-7838,2.87,1369,2.17,643,3,98510,15_06_04_05_00_2000,-0.48,9.66,0.09,0.00,0.00,0.00
-7971,2.88,1243,2.18,643,3,98574,15_06_04_05_00_2000,-0.48,9.66,0.09,0.00,-0.00,-0.00
-7882,2.87,1492,2.16,643,3,98664,15_06_04_05_00_2000,-0.49,9.66,0.09,0.00,-0.00,0.00
-8009,2.88,1370,2.17,643,3,98703,15_06_04_05_00_2000,-0.49,9.66,0.08,0.00,0.00,0.00
-8103,2.89,1402,2.17,643,3,98771,15_06_04_05_00_2000,-0.49,9.67,0.08,0.00,-0.00,0.00
-7896,2.87,1557,2.15,643,3,98860,15_06_04_05_00_2000,-0.48,9.67,0.08,0.00,0.00,-0.00
-7992,2.88,1386,2.17,643,3,98901,15_06_04_05_00_2000,-0.49,9.66,0.09,0.00,0.00,0.00
-8223,2.90,1281,2.18,643,3,98966,15_06_04_05_00_2000,-0.47,9.67,0.08,0.00,-0.00,0.00
-8041,2.88,1458,2.16,643,3,99056,15_06_04_05_00_2000,-0.48,9.67,0.08,0.00,0.00,0.00
-7938,2.87,1528,2.16,644,3,99097,15_06_05_05_00_2000,-0.48,9.66,0.08,0.00,-0.00,0.00
-7867,2.87,1519,2.16,643,3,99163,15_06_05_05_00_2000,-0.49,9.66,0.09,0.00,-0.00,0.00
-7964,2.88,1226,2.18,643,3,99252,15_06_05_05_00_2000,-0.48,9.67,0.09,0.00,0.00,0.00
-8063,2.88,1517,2.16,643,3,99292,15_06_05_05_00_2000,-0.48,9.66,0.09,0.00,-0.00,-0.00
-7930,2.87,1180,2.18,643,3,99358,15_06_05_05_00_2000,-0.49,9.67,0.09,0.00,0.00,-0.00
-7948,2.87,1132,2.19,643,3,99448,15_06_05_05_00_2000,-0.49,9.66,0.08,0.00,0.00,-0.00
-8090,2.89,1249,2.18,642,3,99489,15_06_05_05_00_2000,-0.48,9.67,0.09,0.00,0.00,0.00
-8082,2.88,1345,2.17,643,3,99555,15_06_05_05_00_2000,-0.48,9.66,0.09,0.00,0.00,0.00
-8067,2.88,1377,2.17,644,3,99646,15_06_05_05_00_2000,-0.48,9.67,0.09,0.00,-0.00,-0.00
-8002,2.88,1364,2.17,643,3,99686,15_06_05_05_00_2000,-0.48,9.66,0.08,0.00,0.00,0.00
-8048,2.88,1315,2.17,643,3,99751,15_06_05_05_00_2000,-0.48,9.66,0.08,0.00,-0.00,-0.00
-8143,2.89,1424,2.16,643,3,99795,15_06_05_05_00_2000,-0.48,9.67,0.08,0.00,0.00,0.00
-8026,2.88,1462,2.16,644,3,99858,15_06_05_05_00_2000,-0.48,9.66,0.09,0.00,-0.00,0.00
-8199,2.89,1568,2.15,643,3,99947,15_06_05_05_00_2000,-0.49,9.67,0.09,0.00,-0.00,0.00
-8009,2.88,1365,2.17,644,3,99987,15_06_05_05_00_2000,-0.48,9.66,0.08,0.00,0.00,0.00
-8046,2.88,1564,2.15,644,3,100054,15_06_06_05_00_2000,-0.48,9.66,0.09,0.00,0.00,-0.00
-7968,2.88,1312,2.17,643,3,100143,15_06_06_05_00_2000,-0.48,9.66,0.08,0.00,-0.00,-0.00
-7926,2.87,1484,2.16,644,3,100187,15_06_06_05_00_2000,-0.48,9.66,0.09,0.00,-0.00,-0.00
-7952,2.88,1310,2.17,643,3,100249,15_06_06_05_00_2000,-0.49,9.66,0.09,0.00,-0.00,0.00
-8134,2.89,1361,2.17,644,3,100339,15_06_06_05_00_2000,-0.48,9.66,0.08,0.00,-0.00,0.00
-7847,2.87,1316,2.17,644,3,100379,15_06_06_05_00_2000,-0.48,9.66,0.09,0.00,-0.00,0.00
-8032,2.88,1282,2.18,643,3,100447,15_06_06_05_00_2000,-0.49,9.66,0.08,0.00,-0.00,0.00
-7942,2.87,1234,2.18,643,3,100536,15_06_06_05_00_2000,-0.48,9.67,0.10,0.00,-0.00,0.00
-8112,2.89,1294,2.17,643,3,100580,15_06_06_05_00_2000,-0.48,9.67,0.08,0.00,-0.00,0.00
-8044,2.88,1365,2.17,642,3,100641,15_06_06_05_00_2000,-0.47,9.67,0.09,0.00,-0.00,-0.00
-8060,2.88,1392,2.17,643,3,100731,15_06_06_05_00_2000,-0.48,9.66,0.08,0.00,-0.00,0.00
-8149,2.89,1228,2.18,643,3,100772,15_06_06_05_00_2000,-0.48,9.67,0.08,0.00,-0.00,0.00
-8033,2.88,1360,2.17,644,3,100839,15_06_06_05_00_2000,-0.48,9.66,0.08,0.00,-0.00,0.00
-8022,2.88,1339,2.17,644,3,100928,15_06_06_05_00_2000,-0.48,9.66,0.08,0.00,-0.00,0.00
-7984,2.88,1447,2.16,643,3,100971,15_06_06_05_00_2000,-0.48,9.67,0.08,0.00,-0.00,0.00
-8105,2.89,1493,2.16,644,3,101035,15_06_06_05_00_2000,-0.49,9.67,0.08,0.00,-0.00,0.00
-8089,2.89,1464,2.16,644,3,101076,15_06_07_05_00_2000,-0.48,9.66,0.08,0.00,-0.00,0.00
-7975,2.88,1398,2.17,643,3,101141,15_06_07_05_00_2000,-0.50,9.66,0.08,0.00,0.00,0.00
-7794,2.86,1529,2.16,643,3,101230,15_06_07_05_00_2000,-0.49,9.66,0.09,0.00,-0.00,-0.00
-8220,2.90,1280,2.18,643,3,101270,15_06_07_05_00_2000,-0.48,9.68,0.08,0.00,-0.00,-0.00
-7923,2.87,1333,2.17,644,3,101336,15_06_07_05_00_2000,-0.50,9.66,0.08,0.00,0.00,0.00
-8131,2.89,1338,2.17,644,3,101426,15_06_07_05_00_2000,-0.48,9.67,0.09,0.00,0.00,0.00
-8154,2.89,1493,2.16,643,3,101467,15_06_07_05_00_2000,-0.49,9.66,0.09,0.00,-0.00,-0.00
-8241,2.90,1425,2.16,643,3,101534,15_06_07_05_00_2000,-0.48,9.67,0.09,0.00,-0.00,0.00
-8046,2.88,1378,2.17,643,3,101622,15_06_07_05_00_2000,-0.49,9.66,0.08,0.00,0.00,0.00
-8096,2.89,1352,2.17,643,3,101662,15_06_07_05_00_2000,-0.49,9.66,0.10,0.00,-0.00,0.00
-7966,2.88,1400,2.17,643,3,101728,15_06_07_05_00_2000,-0.48,9.66,0.08,0.00,-0.00,-0.00
-8153,2.89,1407,2.17,643,3,101818,15_06_07_05_00_2000,-0.48,9.67,0.10,0.00,-0.00,-0.00
-8061,2.88,1213,2.18,644,3,101860,15_06_07_05_00_2000,-0.48,9.66,0.09,0.00,-0.00,0.00
-7805,2.86,1409,2.17,643,3,101925,15_06_07_05_00_2000,-0.48,9.66,0.08,0.00,-0.00,0.00
-8011,2.88,1201,2.18,643,3,102014,15_06_07_05_00_2000,-0.48,9.66,0.09,0.00,0.00,-0.00
-7998,2.88,1567,2.15,643,3,102054,15_06_08_05_00_2000,-0.49,9.66,0.08,0.00,-0.00,-0.00
-8113,2.89,1477,2.16,644,3,102121,15_06_08_05_00_2000,-0.49,9.66,0.09,0.00,-0.00,0.00
-8000,2.88,1453,2.16,643,3,102212,15_06_08_05_00_2000,-0.49,9.66,0.09,0.00,-0.00,-0.00
-8027,2.88,1248,2.18,641,3,102253,15_06_08_05_00_2000,-0.48,9.66,0.09,0.00,-0.00,0.00
-8004,2.88,1519,2.16,644,3,102317,15_06_08_05_00_2000,-0.48,9.67,0.09,0.00,-0.00,0.00
-8024,2.88,1397,2.17,643,3,102357,15_06_08_05_00_2000,-0.48,9.65,0.09,0.00,-0.00,0.00
-7992,2.88,1427,2.16,644,3,102424,15_06_08_05_00_2000,-0.48,9.66,0.08,0.00,-0.00,0.00
-7950,2.88,1412,2.17,641,3,102513,15_06_08_05_00_2000,-0.49,9.66,0.09,0.00,-0.00,-0.00
-7991,2.88,1412,2.17,644,3,102554,15_06_08_05_00_2000,-0.48,9.67,0.08,0.00,-0.00,0.00
-8028,2.88,1383,2.17,643,3,102619,15_06_08_05_00_2000,-0.48,9.66,0.09,0.00,0.00,-0.00
-8030,2.88,1400,2.17,644,3,102709,15_06_08_05_00_2000,-0.49,9.66,0.08,0.00,0.00,0.00
-8185,2.89,1427,2.16,644,3,102749,15_06_08_05_00_2000,-0.49,9.66,0.08,0.00,0.00,-0.00
-8081,2.88,1285,2.18,644,3,102817,15_06_08_05_00_2000,-0.49,9.66,0.09,0.00,-0.00,-0.00
-7996,2.88,1422,2.16,643,3,102906,15_06_08_05_00_2000,-0.49,9.67,0.09,0.00,-0.00,0.00
-8120,2.89,1243,2.18,644,3,102948,15_06_08_05_00_2000,-0.49,9.66,0.07,0.00,0.00,-0.00
-8220,2.90,1425,2.16,644,3,103012,15_06_08_05_00_2000,-0.49,9.66,0.08,0.00,-0.00,-0.00
-8018,2.88,1305,2.17,644,3,103101,15_06_09_05_00_2000,-0.48,9.66,0.09,0.00,-0.00,0.00
-8060,2.88,1295,2.17,643,3,103142,15_06_09_05_00_2000,-0.49,9.66,0.09,0.00,-0.00,-0.00
-8071,2.88,1319,2.17,644,3,103209,15_06_09_05_00_2000,-0.49,9.66,0.09,0.00,0.00,0.00
-8084,2.89,1407,2.17,643,3,103298,15_06_09_05_00_2000,-0.49,9.67,0.08,0.00,-0.00,-0.00
-8174,2.89,1323,2.17,643,3,103339,15_06_09_05_00_2000,-0.49,9.66,0.09,0.00,0.00,0.00
-7956,2.88,1411,2.17,643,3,103404,15_06_09_05_00_2000,-0.49,9.66,0.09,0.00,-0.00,0.00
-7985,2.88,1293,2.17,643,3,103495,15_06_09_05_00_2000,-0.48,9.67,0.09,0.00,0.00,-0.00
-7971,2.88,1331,2.17,643,3,103536,15_06_09_05_00_2000,-0.49,9.66,0.08,0.00,-0.00,0.00
-7841,2.87,1361,2.17,644,3,103601,15_06_09_05_00_2000,-0.49,9.66,0.09,0.00,0.00,0.00
-8106,2.89,1359,2.17,643,3,103642,15_06_09_05_00_2000,-0.49,9.66,0.09,0.00,-0.00,-0.00
-8042,2.88,1113,2.19,642,3,103707,15_06_09_05_00_2000,-0.49,9.66,0.08,0.00,-0.00,0.00
-8027,2.88,1318,2.17,642,3,103796,15_06_09_05_00_2000,-0.48,9.67,0.08,0.00,0.00,-0.00
-8011,2.88,1448,2.16,643,3,103837,15_06_09_05_00_2000,-0.49,9.67,0.08,0.00,-0.00,0.00
-8017,2.88,1330,2.17,644,3,103903,15_06_09_05_00_2000,-0.48,9.67,0.08,0.00,0.00,0.00
-8119,2.89,1225,2.18,643,3,103993,15_06_09_05_00_2000,-0.49,9.66,0.09,0.00,-0.00,-0.00
-8077,2.88,1450,2.16,643,3,104033,15_06_10_05_00_2000,-0.48,9.68,0.08,0.00,-0.00,-0.00
-7888,2.87,1376,2.17,643,3,104099,15_06_10_05_00_2000,-0.47,9.66,0.09,0.00,-0.00,0.00
-8088,2.89,1627,2.15,643,3,104189,15_06_10_05_00_2000,-0.48,9.66,0.07,0.00,-0.00,-0.00
-8147,2.89,1304,2.17,644,3,104230,15_06_10_05_00_2000,-0.48,9.67,0.09,0.00,-0.00,0.00
-8068,2.88,1536,2.16,643,3,104296,15_06_10_05_00_2000,-0.48,9.66,0.08,0.00,-0.00,0.00
-8188,2.89,1486,2.16,643,3,104385,15_06_10_05_00_2000,-0.49,9.67,0.09,0.00,-0.00,0.00
-8094,2.89,1582,2.15,643,3,104425,15_06_10_05_00_2000,-0.48,9.66,0.08,0.00,-0.00,0.00
-8127,2.89,1486,2.16,644,3,104491,15_06_10_05_00_2000,-0.49,9.66,0.09,0.00,0.00,-0.00
-8082,2.88,1212,2.18,644,3,104580,15_06_10_05_00_2000,-0.48,9.66,0.09,0.00,-0.00,-0.00
-7909,2.87,1285,2.18,643,3,104622,15_06_10_05_00_2000,-0.48,9.66,0.08,0.00,-0.00,0.00
-8214,2.89,1427,2.16,643,3,104687,15_06_10_05_00_2000,-0.48,9.66,0.08,0.00,0.00,0.00
-7971,2.88,1344,2.17,643,3,104777,15_06_10_05_00_2000,-0.48,9.66,0.09,0.00,-0.00,0.00
-8016,2.88,1487,2.16,643,3,104817,15_06_10_05_00_2000,-0.49,9.67,0.08,0.00,0.00,0.00
-8116,2.89,1455,2.16,644,3,104883,15_06_10_05_00_2000,-0.49,9.67,0.09,0.00,0.00,0.00
-8104,2.89,1339,2.17,643,3,104925,15_06_10_05_00_2000,-0.49,9.67,0.08,0.00,0.00,0.00
-8159,2.89,1417,2.17,644,3,104991,15_06_10_05_00_2000,-0.49,9.66,0.09,0.00,-0.00,0.00
-7864,2.87,1612,2.15,643,3,105080,15_06_11_05_00_2000,-0.48,9.67,0.08,0.00,0.00,0.00
-8001,2.88,1421,2.17,643,3,105123,15_06_11_05_00_2000,-0.49,9.66,0.08,0.00,-0.00,-0.00
-8195,2.89,1528,2.16,644,3,105187,15_06_11_05_00_2000,-0.49,9.68,0.08,0.00,-0.00,0.00
-7874,2.87,1316,2.17,642,3,105277,15_06_11_05_00_2000,-0.49,9.66,0.08,0.00,0.00,0.00
-7847,2.87,1301,2.17,642,3,105318,15_06_11_05_00_2000,-0.49,9.66,0.09,0.00,-0.00,0.00
-8051,2.88,1279,2.18,643,3,105382,15_06_11_05_00_2000,-0.49,9.67,0.08,0.00,-0.00,0.00
-7993,2.88,1456,2.16,644,3,105471,15_06_11_05_00_2000,-0.48,9.65,0.08,0.00,-0.00,-0.00
-8153,2.89,1292,2.17,643,3,105516,15_06_11_05_00_2000,-0.48,9.66,0.08,0.00,0.00,-0.00
-7941,2.87,1503,2.16,641,3,105579,15_06_11_05_00_2000,-0.48,9.66,0.08,0.00,0.00,0.00
-7993,2.88,1255,2.18,644,3,105668,15_06_11_05_00_2000,-0.49,9.67,0.09,0.00,-0.00,0.00
-7955,2.88,1234,2.18,643,3,105709,15_06_11_05_00_2000,-0.49,9.66,0.09,0.00,-0.00,-0.00
-7977,2.88,1447,2.16,643,3,105774,15_06_11_05_00_2000,-0.48,9.67,0.09,0.00,-0.00,0.00
-8082,2.88,1365,2.17,641,3,105864,15_06_11_05_00_2000,-0.49,9.66,0.09,0.00,-0.00,-0.00
-8050,2.88,1340,2.17,643,3,105908,15_06_11_05_00_2000,-0.49,9.66,0.09,0.00,-0.00,0.00
-8125,2.89,1377,2.17,644,3,105971,15_06_11_05_00_2000,-0.49,9.67,0.09,0.00,-0.00,0.00
-7912,2.87,1307,2.17,643,3,106061,15_06_11_05_00_2000,-0.48,9.67,0.09,0.00,0.00,0.00
-8195,2.89,1379,2.17,643,3,106101,15_06_12_05_00_2000,-0.49,9.67,0.09,0.00,0.00,0.00
-8064,2.88,1494,2.16,643,3,106166,15_06_12_05_00_2000,-0.49,9.67,0.09,0.00,-0.00,0.00
-7941,2.87,1257,2.18,644,3,106210,15_06_12_05_00_2000,-0.48,9.67,0.09,0.00,-0.00,0.00
-7989,2.88,1326,2.17,643,3,106275,15_06_12_05_00_2000,-0.48,9.66,0.09,0.00,-0.00,0.00
-8094,2.89,1508,2.16,643,3,106363,15_06_12_05_00_2000,-0.49,9.66,0.09,0.00,-0.00,-0.00
-7918,2.87,1379,2.17,643,3,106403,15_06_12_05_00_2000,-0.49,9.67,0.09,0.00,-0.00,0.00
-7946,2.87,1413,2.17,644,3,106469,15_06_12_05_00_2000,-0.49,9.66,0.08,0.00,-0.00,-0.00
-7879,2.87,1439,2.16,641,3,106559,15_06_12_05_00_2000,-0.48,9.66,0.09,0.00,-0.00,0.00
-7867,2.87,1431,2.16,642,3,106603,15_06_12_05_00_2000,-0.49,9.66,0.08,0.00,-0.00,0.00
-8123,2.89,1615,2.15,644,3,106666,15_06_12_05_00_2000,-0.49,9.66,0.09,0.00,0.00,-0.00
-8071,2.88,1353,2.17,643,3,106755,15_06_12_05_00_2000,-0.48,9.66,0.08,0.00,-0.00,-0.00
-7960,2.88,1263,2.18,644,3,106795,15_06_12_05_00_2000,-0.48,9.66,0.08,0.00,-0.00,0.00
-8006,2.88,1153,2.19,644,3,106861,15_06_12_05_00_2000,-0.49,9.67,0.09,0.00,0.00,0.00
-8089,2.89,1435,2.16,643,3,106951,15_06_12_05_00_2000,-0.50,9.66,0.08,0.00,-0.00,0.00
-7980,2.88,1487,2.16,642,3,106995,15_06_12_05_00_2000,-0.48,9.67,0.08,0.00,-0.00,-0.00
-7956,2.88,1592,2.15,644,3,107057,15_06_13_05_00_2000,-0.49,9.66,0.08,0.00,0.00,0.00
-8069,2.88,1391,2.17,643,3,107147,15_06_13_05_00_2000,-0.49,9.66,0.09,0.00,-0.00,-0.00
-7850,2.87,1171,2.18,643,3,107188,15_06_13_05_00_2000,-0.49,9.67,0.08,0.00,-0.00,-0.00
-8045,2.88,1409,2.17,643,3,107253,15_06_13_05_00_2000,-0.48,9.67,0.09,0.00,0.00,0.00
-7928,2.87,1381,2.17,643,3,107344,15_06_13_05_00_2000,-0.49,9.66,0.08,0.00,-0.00,0.00
-8142,2.89,1391,2.17,643,3,107389,15_06_13_05_00_2000,-0.48,9.66,0.08,0.00,-0.00,-0.00
-7865,2.87,1418,2.17,643,3,107449,15_06_13_05_00_2000,-0.50,9.67,0.09,0.00,-0.00,0.00
-8157,2.89,1356,2.17,643,3,107489,15_06_13_05_00_2000,-0.48,9.66,0.08,0.00,0.00,0.00
-8062,2.88,1243,2.18,643,3,107557,15_06_13_05_00_2000,-0.49,9.67,0.09,0.00,-0.00,-0.00
-7887,2.87,1226,2.18,643,3,107646,15_06_13_05_00_2000,-0.49,9.67,0.09,0.00,-0.00,0.00
-7963,2.88,1377,2.17,644,3,107688,15_06_13_05_00_2000,-0.47,9.66,0.08,0.00,0.00,0.00
-8070,2.88,1398,2.17,643,3,107752,15_06_13_05_00_2000,-0.49,9.67,0.09,0.00,0.00,-0.00
-8189,2.89,1199,2.18,643,3,107842,15_06_13_05_00_2000,-0.49,9.66,0.08,0.00,-0.00,0.00
-8018,2.88,1326,2.17,641,3,107882,15_06_13_05_00_2000,-0.48,9.67,0.08,0.00,-0.00,0.00
-7996,2.88,1358,2.17,643,3,107949,15_06_13_05_00_2000,-0.49,9.66,0.10,0.00,-0.00,-0.00
-7987,2.88,1329,2.17,643,3,108038,15_06_13_05_00_2000,-0.49,9.66,0.07,0.00,0.00,0.00
-8139,2.89,1180,2.18,643,3,108079,15_06_14_05_00_2000,-0.48,9.65,0.08,0.00,-0.00,-0.00
-8104,2.89,1523,2.16,643,3,108144,15_06_14_05_00_2000,-0.49,9.66,0.09,0.00,-0.00,0.00
-8056,2.88,1247,2.18,643,3,108234,15_06_14_05_00_2000,-0.48,9.67,0.08,0.00,0.00,0.00
-7993,2.88,1483,2.16,644,3,108274,15_06_14_05_00_2000,-0.48,9.66,0.08,0.00,0.00,0.00
-8035,2.88,1296,2.17,643,3,108341,15_06_14_05_00_2000,-0.48,9.65,0.09,0.00,-0.00,0.00
-8033,2.88,1516,2.16,643,3,108430,15_06_14_05_00_2000,-0.49,9.65,0.09,0.00,-0.00,0.00
-8003,2.88,1273,2.18,643,3,108471,15_06_14_05_00_2000,-0.48,9.66,0.08,0.00,-0.00,0.00
-8080,2.88,1323,2.17,643,3,108537,15_06_14_05_00_2000,-0.48,9.67,0.08,0.00,-0.00,-0.00
-7988,2.88,1395,2.17,643,3,108628,15_06_14_05_00_2000,-0.49,9.65,0.08,0.00,0.00,0.00
-8005,2.88,1434,2.16,644,3,108669,15_06_14_05_00_2000,-0.48,9.66,0.08,0.00,0.00,-0.00
-7887,2.87,1384,2.17,643,3,108733,15_06_14_05_00_2000,-0.48,9.67,0.09,0.00,0.00,-0.00
-8135,2.89,1266,2.18,643,3,108774,15_06_14_05_00_2000,-0.48,9.65,0.09,0.00,-0.00,0.00
-8033,2.88,1400,2.17,643,3,108839,15_06_14_05_00_2000,-0.49,9.67,0.09,0.00,-0.00,0.00
-7971,2.88,1534,2.16,642,3,108930,15_06_14_05_00_2000,-0.49,9.67,0.09,0.00,-0.00,0.00
-8211,2.89,1428,2.16,643,3,108971,15_06_14_05_00_2000,-0.48,9.67,0.08,0.00,-0.00,0.00
-7915,2.87,1294,2.17,644,3,109036,15_06_14_05_00_2000,-0.48,9.66,0.09,0.00,-0.00,0.00
-8111,2.89,1301,2.17,643,3,109125,15_06_15_05_00_2000,-0.48,9.66,0.08,0.00,-0.00,0.00
-8189,2.89,1586,2.15,643,3,109165,15_06_15_05_00_2000,-0.49,9.67,0.08,0.00,-0.00,0.00
-8195,2.89,1409,2.17,643,3,109231,15_06_15_05_00_2000,-0.49,9.66,0.08,0.00,-0.00,0.00
-8093,2.89,1324,2.17,643,3,109321,15_06_15_05_00_2000,-0.48,9.66,0.09,0.00,-0.00,-0.00
-8169,2.89,1482,2.16,643,3,109362,15_06_15_05_00_2000,-0.49,9.66,0.09,0.00,0.00,-0.00
-8086,2.89,1326,2.17,643,3,109428,15_06_15_05_00_2000,-0.48,9.67,0.08,0.00,0.00,0.00
-8146,2.89,1564,2.15,643,3,109518,15_06_15_05_00_2000,-0.49,9.67,0.07,0.00,-0.00,0.00
-8090,2.89,1402,2.17,643,3,109558,15_06_15_05_00_2000,-0.49,9.66,0.08,0.00,0.00,-0.00
-8198,2.89,1294,2.17,643,3,109624,15_06_15_05_00_2000,-0.48,9.66,0.09,0.00,-0.00,-0.00
-7948,2.87,1278,2.18,643,3,109714,15_06_15_05_00_2000,-0.49,9.67,0.09,0.00,-0.00,0.00
-8067,2.88,1527,2.16,644,3,109755,15_06_15_05_00_2000,-0.48,9.67,0.09,0.00,-0.00,-0.00
-8063,2.88,1061,2.19,643,3,109820,15_06_15_05_00_2000,-0.48,9.66,0.10,0.00,-0.00,0.00
-7847,2.87,1258,2.18,643,3,109911,15_06_15_05_00_2000,-0.49,9.67,0.08,0.00,0.00,0.00
-7999,2.88,1450,2.16,643,3,109951,15_06_15_05_00_2000,-0.48,9.66,0.10,0.00,-0.00,0.00
-7824,2.87,1175,2.18,643,3,110017,15_06_15_05_00_2000,-0.49,9.67,0.08,0.00,-0.00,-0.00
-8005,2.88,1487,2.16,643,3,110058,15_06_16_05_00_2000,-0.49,9.66,0.08,0.00,-0.00,0.00
-8039,2.88,1243,2.18,643,3,110122,15_06_16_05_00_2000,-0.48,9.66,0.08,0.00,-0.00,0.00
-7934,2.87,1374,2.17,643,3,110212,15_06_16_05_00_2000,-0.49,9.67,0.09,0.00,0.00,0.00
-8294,2.90,1322,2.17,642,3,110252,15_06_16_05_00_2000,-0.50,9.66,0.08,0.00,0.00,0.00
-7860,2.87,1395,2.17,643,3,110319,15_06_16_05_00_2000,-0.48,9.66,0.08,0.00,-0.00,-0.00
-8091,2.89,1398,2.17,643,3,110410,15_06_16_05_00_2000,-0.49,9.67,0.09,0.00,0.00,0.00
-8131,2.89,1351,2.17,643,3,110451,15_06_16_05_00_2000,-0.48,9.67,0.09,0.00,-0.00,-0.00
-8109,2.89,1434,2.16,644,3,110515,15_06_16_05_00_2000,-0.49,9.66,0.09,0.00,-0.00,0.00
-7984,2.88,1426,2.16,644,3,110605,15_06_16_05_00_2000,-0.49,9.66,0.09,0.00,-0.00,0.00
-8160,2.89,1388,2.17,644,3,110646,15_06_16_05_00_2000,-0.48,9.67,0.08,0.00,0.00,0.00
-8090,2.89,1491,2.16,643,3,110712,15_06_16_05_00_2000,-0.49,9.66,0.09,0.00,-0.00,0.00
-7994,2.88,1529,2.16,643,3,110800,15_06_16_05_00_2000,-0.49,9.66,0.09,0.00,0.00,0.00
-8003,2.88,1174,2.18,643,3,110841,15_06_16_05_00_2000,-0.49,9.67,0.09,0.00,-0.00,0.00
-7977,2.88,1336,2.17,643,3,110907,15_06_16_05_00_2000,-0.49,9.67,0.09,0.00,-0.00,0.00
-7908,2.87,1336,2.17,643,3,110997,15_06_16_05_00_2000,-0.49,9.66,0.10,0.00,0.00,0.00
-8047,2.88,1442,2.16,643,3,111039,15_06_17_05_00_2000,-0.48,9.66,0.08,0.00,0.00,0.00
-8003,2.88,1386,2.17,644,3,111104,15_06_17_05_00_2000,-0.48,9.67,0.09,0.00,-0.00,0.00
-8200,2.89,1321,2.17,643,3,111194,15_06_17_05_00_2000,-0.50,9.66,0.08,0.00,-0.00,0.00
-7933,2.87,1477,2.16,643,3,111234,15_06_17_05_00_2000,-0.48,9.66,0.08,0.00,-0.00,0.00
-8046,2.88,1569,2.15,642,3,111299,15_06_17_05_00_2000,-0.50,9.67,0.08,0.00,-0.00,0.00
-8081,2.88,1345,2.17,643,3,111340,15_06_17_05_00_2000,-0.49,9.66,0.08,0.00,-0.00,0.00
-8006,2.88,1432,2.16,641,3,111407,15_06_17_05_00_2000,-0.48,9.66,0.08,0.00,-0.00,0.00
-8136,2.89,1278,2.18,643,3,111495,15_06_17_05_00_2000,-0.47,9.66,0.08,0.00,-0.00,-0.00
-7998,2.88,1480,2.16,643,3,111538,15_06_17_05_00_2000,-0.48,9.67,0.10,0.00,-0.00,0.00
-8158,2.89,1270,2.18,641,3,111602,15_06_17_05_00_2000,-0.48,9.67,0.09,0.00,-0.00,0.00
-7909,2.87,1410,2.17,643,3,111691,15_06_17_05_00_2000,-0.48,9.66,0.08,0.00,0.00,0.00
-8057,2.88,1427,2.16,644,3,111732,15_06_17_05_00_2000,-0.49,9.67,0.08,0.00,-0.00,0.00
-7918,2.87,1325,2.17,643,3,111798,15_06_17_05_00_2000,-0.49,9.66,0.08,0.00,0.00,0.00
-8079,2.88,1312,2.17,643,3,111888,15_06_17_05_00_2000,-0.48,9.65,0.09,0.00,-0.00,0.00
-7977,2.88,1272,2.18,643,3,111931,15_06_17_05_00_2000,-0.47,9.65,0.09,0.00,0.00,0.00
-7955,2.88,1605,2.15,643,3,111994,15_06_17_05_00_2000,-0.49,9.66,0.08,0.00,-0.00,-0.00
-8088,2.89,1538,2.16,643,3,112084,15_06_18_05_00_2000,-0.49,9.66,0.09,0.00,-0.00,-0.00
-7999,2.88,1553,2.16,643,3,112125,15_06_18_05_00_2000,-0.48,9.67,0.09,0.00,-0.00,-0.00
-7785,2.86,1201,2.18,643,3,112190,15_06_18_05_00_2000,-0.48,9.67,0.08,0.00,-0.00,0.00
-8049,2.88,1424,2.16,643,3,112280,15_06_18_05_00_2000,-0.48,9.67,0.08,0.00,0.00,-0.00
-8042,2.88,1270,2.18,643,3,112323,15_06_18_05_00_2000,-0.49,9.66,0.09,0.00,0.00,0.00
-8010,2.88,1170,2.18,644,3,112387,15_06_18_05_00_2000,-0.49,9.66,0.09,0.00,-0.00,-0.00
-7920,2.87,1507,2.16,643,3,112477,15_06_18_05_00_2000,-0.49,9.67,0.09,0.00,-0.00,0.00
-7808,2.86,1231,2.18,643,3,112518,15_06_18_05_00_2000,-0.49,9.66,0.08,0.00,-0.00,0.00
-8176,2.89,1485,2.16,642,3,112582,15_06_18_05_00_2000,-0.48,9.66,0.08,0.00,-0.00,0.00
-8018,2.88,1397,2.17,643,3,112622,15_06_18_05_00_2000,-0.48,9.67,0.08,0.00,0.00,0.00
-7967,2.88,1539,2.16,643,3,112689,15_06_18_05_00_2000,-0.49,9.66,0.08,0.00,0.00,0.00
-8049,2.88,1270,2.18,644,3,112779,15_06_18_05_00_2000,-0.49,9.67,0.09,0.00,-0.00,0.00
-7953,2.88,1387,2.17,643,3,112820,15_06_18_05_00_2000,-0.48,9.67,0.08,0.00,-0.00,0.00
-7943,2.87,1419,2.17,643,3,112885,15_06_18_05_00_2000,-0.48,9.66,0.08,0.00,-0.00,0.00
-7976,2.88,1234,2.18,643,3,112974,15_06_18_05_00_2000,-0.49,9.66,0.08,0.00,-0.00,0.00
-8126,2.89,1234,2.18,643,3,113019,15_06_19_05_00_2000,-0.48,9.67,0.09,0.00,-0.00,0.00
-8037,2.88,1506,2.16,643,3,113082,15_06_19_05_00_2000,-0.48,9.65,0.09,0.00,0.00,0.00
-8087,2.89,1304,2.17,644,3,113171,15_06_19_05_00_2000,-0.48,9.66,0.08,0.00,-0.00,-0.00
-7895,2.87,1321,2.17,643,3,113212,15_06_19_05_00_2000,-0.48,9.66,0.09,0.00,0.00,-0.00
-8064,2.88,1268,2.18,644,3,113277,15_06_19_05_00_2000,-0.48,9.66,0.08,0.00,-0.00,-0.00
-7876,2.87,1275,2.18,644,3,113367,15_06_19_05_00_2000,-0.49,9.66,0.08,0.00,0.00,-0.00
-7983,2.88,1265,2.18,643,3,113411,15_06_19_05_00_2000,-0.49,9.66,0.09,0.00,-0.00,0.00
-8100,2.89,1449,2.16,643,3,113474,15_06_19_05_00_2000,-0.49,9.66,0.08,0.00,-0.00,-0.00
-7883,2.87,1423,2.16,644,3,113563,15_06_19_05_00_2000,-0.49,9.66,0.08,0.00,-0.00,-0.00
-8028,2.88,1422,2.16,643,3,113604,15_06_19_05_00_2000,-0.48,9.67,0.08,0.00,-0.00,0.00
-7979,2.88,1365,2.17,643,3,113670,15_06_19_05_00_2000,-0.48,9.66,0.07,0.00,0.00,0.00
-7993,2.88,1321,2.17,643,3,113761,15_06_19_05_00_2000,-0.49,9.66,0.09,0.00,-0.00,0.00
-7957,2.88,1409,2.17,643,3,113805,15_06_19_05_00_2000,-0.49,9.66,0.08,0.00,-0.00,-0.00
-8196,2.89,1286,2.18,643,3,113866,15_06_19_05_00_2000,-0.48,9.66,0.09,0.00,-0.00,0.00
-7991,2.88,1127,2.19,643,3,113906,15_06_19_05_00_2000,-0.48,9.67,0.07,0.00,0.00,0.00
-8035,2.88,1369,2.17,643,3,113972,15_06_19_05_00_2000,-0.49,9.66,0.08,0.00,0.00,0.00
-8147,2.89,1275,2.18,644,3,114062,15_06_19_05_00_2000,-0.49,9.67,0.09,0.00,-0.00,0.00
-8141,2.89,1373,2.17,643,3,114103,15_06_20_05_00_2000,-0.49,9.66,0.09,0.00,-0.00,0.00
-8082,2.88,1593,2.15,643,3,114169,15_06_20_05_00_2000,-0.49,9.66,0.08,0.00,0.00,0.00
-8031,2.88,1398,2.17,643,3,114258,15_06_20_05_00_2000,-0.49,9.67,0.08,0.00,-0.00,0.00
-8086,2.89,1253,2.18,643,3,114298,15_06_20_05_00_2000,-0.49,9.66,0.09,0.00,-0.00,0.00
-8150,2.89,1319,2.17,643,3,114364,15_06_20_05_00_2000,-0.48,9.67,0.09,0.00,-0.00,-0.00
-8101,2.89,1465,2.16,643,3,114454,15_06_20_05_00_2000,-0.49,9.66,0.08,0.00,-0.00,-0.00
-8118,2.89,1257,2.18,643,3,114495,15_06_20_05_00_2000,-0.49,9.67,0.08,0.00,-0.00,0.00
-8157,2.89,1308,2.17,644,3,114560,15_06_20_05_00_2000,-0.49,9.66,0.08,0.00,-0.00,-0.00
-8106,2.89,1457,2.16,643,3,114650,15_06_20_05_00_2000,-0.49,9.67,0.09,0.00,0.00,0.00
-8207,2.89,1447,2.16,643,3,114690,15_06_20_05_00_2000,-0.49,9.66,0.09,0.00,-0.00,-0.00
-7996,2.88,1415,2.17,643,3,114757,15_06_20_05_00_2000,-0.49,9.66,0.08,0.00,-0.00,0.00
-7961,2.88,1369,2.17,643,3,114847,15_06_20_05_00_2000,-0.49,9.66,0.08,0.00,-0.00,0.00
-8021,2.88,1152,2.19,643,3,114888,15_06_20_05_00_2000,-0.48,9.67,0.08,0.00,0.00,-0.00
-7844,2.87,1311,2.17,643,3,114953,15_06_20_05_00_2000,-0.48,9.66,0.08,0.00,-0.00,-0.00
-7848,2.87,1466,2.16,643,3,115043,15_06_20_05_00_2000,-0.48,9.67,0.09,0.00,0.00,-0.00
-8136,2.89,1426,2.16,644,3,115083,15_06_21_05_00_2000,-0.49,9.66,0.09,0.00,-0.00,0.00
-8020,2.88,1446,2.16,644,3,115149,15_06_21_05_00_2000,-0.48,9.65,0.09,0.00,-0.00,0.00
-8104,2.89,1286,2.18,643,3,115191,15_06_21_05_00_2000,-0.49,9.67,0.08,0.00,0.00,-0.00
-8056,2.88,1447,2.16,643,3,115255,15_06_21_05_00_2000,-0.49,9.68,0.08,0.00,0.00,-0.00
-7948,2.87,1269,2.18,644,3,115345,15_06_21_05_00_2000,-0.48,9.67,0.08,0.00,0.00,0.00
-7908,2.87,1287,2.18,643,3,115386,15_06_21_05_00_2000,-0.48,9.67,0.08,0.00,-0.00,0.00
-7986,2.88,1572,2.15,641,3,115453,15_06_21_05_00_2000,-0.49,9.67,0.08,0.00,0.00,0.00
-8123,2.89,1369,2.17,640,3,115541,15_06_21_05_00_2000,-0.49,9.67,0.08,0.00,-0.00,0.00
-8164,2.89,1436,2.16,644,3,115582,15_06_21_05_00_2000,-0.48,9.67,0.09,0.00,-0.00,0.00
-7866,2.87,1484,2.16,643,3,115647,15_06_21_05_00_2000,-0.49,9.66,0.09,0.00,-0.00,-0.00
-7927,2.87,1545,2.16,643,3,115737,15_06_21_05_00_2000,-0.48,9.66,0.09,0.00,0.00,0.00
-8128,2.89,1323,2.17,644,3,115778,15_06_21_05_00_2000,-0.49,9.66,0.08,0.00,-0.00,0.00
-8135,2.89,1343,2.17,643,3,115844,15_06_21_05_00_2000,-0.49,9.66,0.09,0.00,-0.00,-0.00
-7927,2.87,1473,2.16,643,3,115933,15_06_21_05_00_2000,-0.49,9.66,0.08,0.00,-0.00,0.00
-7988,2.88,1323,2.17,643,3,115973,15_06_21_05_00_2000,-0.48,9.66,0.09,0.00,-0.00,0.00
-8122,2.89,1198,2.18,643,3,116039,15_06_22_05_00_2000,-0.48,9.66,0.09,0.00,-0.00,-0.00
-8098,2.89,1576,2.15,643,3,116129,15_06_22_05_00_2000,-0.49,9.67,0.09,0.00,-0.00,0.00
-8025,2.88,1390,2.17,643,3,116170,15_06_22_05_00_2000,-0.49,9.67,0.10,0.00,0.00,-0.00
-8216,2.90,1294,2.17,643,3,117633,15_06_22_05_00_2000,-0.48,9.67,0.09,0.00,0.00,0.00
-8063,2.88,1545,2.16,643,3,120109,15_06_23_05_00_2000,-0.48,9.66,0.08,0.00,-0.00,0.00
-7934,2.87,1311,2.17,643,3,122584,15_06_26_05_00_2000,-0.49,9.67,0.08,0.00,-0.00,0.00
-8062,2.88,1501,2.16,643,3,125061,15_06_28_05_00_2000,-0.49,9.67,0.09,0.00,0.00,0.00
-7881,2.87,1288,2.18,643,3,127534,15_06_31_05_00_2000,-0.48,9.66,0.08,0.00,0.00,-0.00
-8177,2.89,1480,2.16,643,3,130010,15_06_33_05_00_2000,-0.48,9.66,0.08,0.00,-0.00,-0.00
