2097151,-156.60,-348,2.30,545,2,8254,15_45_45_30_04_2025,-1.82,9.37,1.44,0.12,-1.39,0.72
2097151,-156.60,-144,2.28,544,2,8342,15_45_45_30_04_2025,-1.83,9.38,1.42,0.01,-0.00,-0.00
2097151,-156.60,-185,2.29,545,2,8384,15_45_45_30_04_2025,-1.82,9.37,1.42,0.00,-0.00,-0.00
2097151,-156.60,-162,2.29,544,2,8426,15_45_45_30_04_2025,-1.83,9.37,1.42,0.01,-0.00,0.00
2097151,-156.60,-53,2.28,541,2,8468,15_45_45_30_04_2025,-1.82,9.37,1.43,0.00,-0.00,-0.00
2097151,-156.60,-83,2.28,541,2,8509,15_45_45_30_04_2025,-1.83,9.38,1.44,0.00,-0.00,-0.00
2097151,-156.60,-18,2.27,544,2,8554,15_45_45_30_04_2025,-1.82,9.37,1.42,0.00,-0.00,-0.00
2097151,-156.60,-38,2.28,544,2,8596,15_45_45_30_04_2025,-1.83,9.37,1.43,0.00,-0.00,-0.00
2097151,-156.60,-9,2.27,544,2,8638,15_45_45_30_04_2025,-1.82,9.36,1.43,0.00,-0.00,-0.00
2097151,-156.60,-219,2.29,544,2,8681,15_45_46_30_04_2025,-1.82,9.38,1.43,0.00,-0.00,-0.00
2097151,-156.60,-201,2.29,544,2,8722,15_45_46_30_04_2025,-1.82,9.37,1.43,0.01,-0.00,-0.00
2097151,-156.60,-180,2.29,544,2,8765,15_45_46_30_04_2025,-1.83,9.37,1.43,0.00,-0.00,-0.00
2097151,-156.60,-176,2.29,544,2,8809,15_45_46_30_04_2025,-1.83,9.38,1.43,0.00,-0.00,0.00
2097151,-156.60,95,2.27,543,2,8852,15_45_46_30_04_2025,-1.82,9.37,1.42,0.01,-0.00,-0.00
2097151,-156.60,-139,2.28,541,2,8894,15_45_46_30_04_2025,-1.82,9.37,1.43,0.00,-0.00,-0.00
2097151,-156.60,42,2.27,543,2,8935,15_45_46_30_04_2025,-1.83,9.37,1.44,0.00,-0.00,0.00
2097151,-156.60,-72,2.28,543,2,8978,15_45_46_30_04_2025,-1.81,9.37,1.43,0.00,-0.00,0.00
2097151,-156.60,-198,2.29,544,2,9019,15_45_46_30_04_2025,-1.83,9.37,1.43,0.01,-0.00,-0.00
2097151,-156.60,-27,2.27,543,2,9069,15_45_46_30_04_2025,-1.82,9.37,1.44,0.00,-0.00,0.00
2097151,-156.60,-8,2.27,543,2,9113,15_45_46_30_04_2025,-1.83,9.37,1.43,0.00,-0.00,-0.00
2097151,-156.60,-79,2.28,544,2,9156,15_45_46_30_04_2025,-1.83,9.38,1.43,0.00,-0.00,-0.00
2097151,-156.60,-200,2.29,544,2,9198,15_45_46_30_04_2025,-1.82,9.38,1.44,0.00,-0.00,-0.00
2097151,-156.60,9,2.27,544,2,9240,15_45_46_30_04_2025,-1.82,9.38,1.44,0.00,-0.00,-0.00
2097151,-156.60,-55,2.28,544,2,9284,15_45_46_30_04_2025,-1.82,9.38,1.44,0.00,-0.00,-0.00
2097151,-156.60,-388,2.30,543,2,9326,15_45_46_30_04_2025,-1.83,9.37,1.44,0.00,-0.00,0.00
2097151,-156.60,-44,2.28,543,2,9368,15_45_46_30_04_2025,-1.83,9.37,1.43,0.00,-0.00,-0.00
2097151,-156.60,-187,2.29,544,2,9410,15_45_46_30_04_2025,-1.82,9.38,1.43,0.00,-0.00,-0.00
2097151,-156.60,20,2.27,543,2,9452,15_45_46_30_04_2025,-1.82,9.38,1.44,0.00,-0.00,-0.00
2097151,-156.60,-10,2.27,544,2,9495,15_45_46_30_04_2025,-1.83,9.38,1.43,0.00,-0.00,0.00
2097151,-156.60,122,2.26,544,2,9540,15_45_46_30_04_2025,-1.83,9.38,1.43,0.00,-0.00,-0.00
2097151,-156.60,-42,2.28,541,2,9582,15_45_46_30_04_2025,-1.83,9.37,1.44,0.01,-0.00,-0.00
2097151,-156.60,-263,2.29,544,2,9624,15_45_46_30_04_2025,-1.82,9.37,1.44,0.00,-0.00,-0.00
2097151,-156.60,-186,2.29,543,2,9666,15_45_47_30_04_2025,-1.82,9.38,1.43,0.00,-0.00,-0.00
2097151,-156.60,6,2.27,544,2,9708,15_45_47_30_04_2025,-1.82,9.37,1.44,0.00,-0.00,-0.00
2097151,-156.60,-120,2.28,544,2,9750,15_45_47_30_04_2025,-1.83,9.38,1.44,0.00,-0.00,-0.00
2097151,-156.60,-54,2.28,544,2,9795,15_45_47_30_04_2025,-1.82,9.38,1.44,0.00,-0.00,-0.00
2097151,-156.60,-194,2.29,544,2,9836,15_45_47_30_04_2025,-1.82,9.37,1.44,0.00,-0.00,-0.00
2097151,-156.60,-225,2.29,542,2,9879,15_45_47_30_04_2025,-1.82,9.38,1.43,0.01,-0.00,-0.00
2097151,-156.60,-163,2.29,544,2,9920,15_45_47_30_04_2025,-1.82,9.38,1.44,0.00,-0.00,-0.00
2097151,-156.60,66,2.27,543,2,9962,15_45_47_30_04_2025,-1.83,9.38,1.44,0.01,-0.00,-0.00
2097151,-156.60,-36,2.28,544,2,10007,15_45_47_30_04_2025,-1.82,9.37,1.45,0.00,-0.00,-0.00
2097151,-156.60,-221,2.29,543,2,10049,15_45_47_30_04_2025,-1.82,9.37,1.44,0.00,-0.00,-0.00
2097151,-156.60,93,2.27,544,2,10092,15_45_47_30_04_2025,-1.81,9.38,1.43,0.00,-0.00,-0.00
2097151,-156.60,-125,2.28,543,2,10133,15_45_47_30_04_2025,-1.82,9.38,1.43,0.01,-0.00,-0.00
2097151,-156.60,-5,2.27,543,2,10175,15_45_47_30_04_2025,-1.82,9.37,1.44,0.01,-0.00,-0.00
2097151,-156.60,-94,2.28,544,2,10216,15_45_47_30_04_2025,-1.82,9.38,1.43,0.00,-0.00,-0.00
2097151,-156.60,-47,2.28,544,2,10264,15_45_47_30_04_2025,-1.81,9.38,1.44,0.01,-0.00,-0.00
2097151,-156.60,-231,2.29,544,2,10308,15_45_47_30_04_2025,-1.83,9.38,1.43,0.00,-0.00,-0.00
2097151,-156.60,-204,2.29,544,2,10350,15_45_47_30_04_2025,-1.82,9.37,1.45,0.00,-0.00,-0.00
2097151,-156.60,-57,2.28,544,2,10393,15_45_47_30_04_2025,-1.83,9.38,1.44,0.00,-0.00,-0.00
2097151,-156.60,24,2.27,544,2,10434,15_45_47_30_04_2025,-1.82,9.38,1.42,0.00,-0.00,-0.00
2097151,-156.60,-263,2.29,543,2,10476,15_45_47_30_04_2025,-1.82,9.37,1.43,0.01,-0.00,-0.00
2097151,-156.60,-45,2.28,543,2,10520,15_45_47_30_04_2025,-1.82,9.38,1.44,0.01,-0.00,0.00
2097151,-156.60,124,2.26,543,2,10562,15_45_47_30_04_2025,-1.82,9.38,1.45,0.00,-0.00,0.00
2097151,-156.60,-111,2.28,542,2,10605,15_45_47_30_04_2025,-1.83,9.37,1.44,0.00,-0.00,-0.00
2097151,-156.60,-99,2.28,544,2,10646,15_45_48_30_04_2025,-1.83,9.37,1.44,0.00,-0.00,0.00
2097151,-156.60,-184,2.29,544,2,10689,15_45_48_30_04_2025,-1.83,9.38,1.43,0.00,-0.00,0.00
2097151,-156.60,-165,2.29,544,2,10733,15_45_48_30_04_2025,-1.83,9.38,1.44,0.00,-0.00,-0.00
2097151,-156.60,-220,2.29,543,2,10776,15_45_48_30_04_2025,-1.83,9.38,1.44,0.00,-0.00,0.00
2097151,-156.60,137,2.26,544,2,10817,15_45_48_30_04_2025,-1.82,9.37,1.44,0.00,-0.00,0.00
2097151,-156.60,-203,2.29,543,2,10860,15_45_48_30_04_2025,-1.81,9.37,1.43,0.00,-0.00,-0.00
2097151,-156.60,-68,2.28,544,2,10902,15_45_48_30_04_2025,-1.82,9.38,1.44,0.00,-0.00,-0.00
2097151,-156.60,-6,2.27,544,2,10943,15_45_48_30_04_2025,-1.82,9.37,1.43,0.00,-0.00,-0.00
2097151,-156.60,-84,2.28,543,2,10989,15_45_48_30_04_2025,-1.82,9.37,1.43,0.00,-0.00,-0.00
2097151,-156.60,-163,2.29,544,2,11030,15_45_48_30_04_2025,-1.83,9.38,1.44,0.01,-0.00,-0.00
2097151,-156.60,-341,2.30,544,2,11073,15_45_48_30_04_2025,-1.82,9.37,1.44,0.01,-0.00,-0.00
2097151,-156.60,-124,2.28,544,2,11115,15_45_48_30_04_2025,-1.82,9.37,1.45,0.00,-0.00,-0.00
2097151,-156.60,-273,2.29,544,2,11156,15_45_48_30_04_2025,-1.82,9.37,1.44,0.00,-0.00,0.00
2097151,-156.60,-72,2.28,543,2,11201,15_45_48_30_04_2025,-1.83,9.37,1.45,0.00,-0.00,-0.00
2097151,-156.60,-56,2.28,543,2,11243,15_45_48_30_04_2025,-1.82,9.38,1.45,0.01,-0.00,-0.00
2097151,-156.60,-74,2.28,544,2,11285,15_45_48_30_04_2025,-1.83,9.38,1.44,0.00,-0.00,0.00
2097151,-156.60,-104,2.28,544,2,11327,15_45_48_30_04_2025,-1.82,9.37,1.44,0.00,-0.00,0.00
2097151,-156.60,11,2.27,544,2,11369,15_45_48_30_04_2025,-1.82,9.37,1.45,0.01,-0.00,-0.00
2097151,-156.60,-104,2.28,544,2,11412,15_45_48_30_04_2025,-1.82,9.38,1.44,0.00,-0.00,-0.00
2097151,-156.60,8,2.27,544,2,11458,15_45_48_30_04_2025,-1.82,9.37,1.44,0.00,-0.00,0.00
2097151,-156.60,-308,2.30,544,2,11500,15_45_48_30_04_2025,-1.82,9.38,1.45,0.00,-0.00,-0.00
2097151,-156.60,-278,2.29,544,2,11542,15_45_48_30_04_2025,-1.82,9.38,1.45,0.00,-0.00,-0.00
2097151,-156.60,-33,2.28,544,2,11585,15_45_48_30_04_2025,-1.82,9.37,1.43,0.00,-0.00,-0.00
2097151,-156.60,77,2.27,543,2,11627,15_45_48_30_04_2025,-1.83,9.38,1.45,0.00,-0.00,-0.00
2097151,-156.60,77,2.27,544,2,11669,15_45_49_30_04_2025,-1.83,9.38,1.44,0.01,-0.00,0.00
2097151,-156.60,-14,2.27,543,2,11715,15_45_49_30_04_2025,-1.82,9.37,1.45,0.00,-0.00,-0.00
2097151,-156.60,57,2.27,544,2,11756,15_45_49_30_04_2025,-1.83,9.38,1.44,0.00,-0.00,-0.00
2097151,-156.60,-237,2.29,544,2,11799,15_45_49_30_04_2025,-1.82,9.38,1.44,0.00,-0.00,-0.00
2097151,-156.60,-6,2.27,544,2,11840,15_45_49_30_04_2025,-1.82,9.38,1.45,0.00,-0.00,-0.00
2097151,-156.60,85,2.27,543,2,11883,15_45_49_30_04_2025,-1.83,9.38,1.45,0.01,-0.00,0.00
2097151,-156.60,-185,2.29,544,2,11927,15_45_49_30_04_2025,-1.82,9.38,1.45,0.01,-0.00,0.00
2097151,-156.60,-268,2.29,544,2,11969,15_45_49_30_04_2025,-1.82,9.38,1.44,0.00,-0.00,0.00
2097151,-156.60,285,2.25,544,2,12011,15_45_49_30_04_2025,-1.82,9.38,1.44,0.00,-0.00,-0.00
2097151,-156.60,-9,2.27,543,2,12053,15_45_49_30_04_2025,-1.83,9.37,1.44,0.01,-0.00,0.00
2097151,-156.60,-69,2.28,543,2,12095,15_45_49_30_04_2025,-1.82,9.38,1.45,0.01,-0.00,0.00
2097151,-156.60,138,2.26,544,2,12137,15_45_49_30_04_2025,-1.83,9.37,1.45,0.01,-0.00,0.00
2097151,-156.60,-58,2.28,544,2,12181,15_45_49_30_04_2025,-1.83,9.37,1.44,0.00,-0.00,0.00
2097151,-156.60,-64,2.28,544,2,12224,15_45_49_30_04_2025,-1.83,9.37,1.44,0.00,-0.00,-0.00
2097151,-156.60,-82,2.28,543,2,12266,15_45_49_30_04_2025,-1.83,9.38,1.44,0.00,-0.00,-0.00
2097151,-156.60,-91,2.28,544,2,12308,15_45_49_30_04_2025,-1.82,9.37,1.45,0.00,-0.00,-0.00
2097151,-156.60,178,2.26,544,2,12350,15_45_49_30_04_2025,-1.82,9.37,1.44,0.00,-0.00,-0.00
2097151,-156.60,-89,2.28,544,2,12392,15_45_49_30_04_2025,-1.82,9.37,1.43,0.00,-0.00,-0.00
2097151,-156.60,-45,2.28,544,2,12436,15_45_49_30_04_2025,-1.82,9.39,1.45,0.00,-0.00,-0.00
2097151,-156.60,85,2.27,544,2,12479,15_45_49_30_04_2025,-1.83,9.38,1.44,0.01,-0.00,-0.00
2097151,-156.60,-212,2.29,544,2,12521,15_45_49_30_04_2025,-1.82,9.38,1.44,0.00,-0.00,0.00
2097151,-156.60,-87,2.28,543,2,12563,15_45_49_30_04_2025,-1.82,9.38,1.44,0.01,-0.00,-0.00
2097151,-156.60,-93,2.28,544,2,12606,15_45_49_30_04_2025,-1.82,9.38,1.45,0.00,-0.00,-0.00
2097151,-156.60,-23,2.27,542,2,12650,15_45_50_30_04_2025,-1.82,9.38,1.44,0.01,-0.00,-0.00
2097151,-156.60,-43,2.28,544,2,12700,15_45_50_30_04_2025,-1.82,9.38,1.44,0.00,-0.00,0.00
2097151,-156.60,-23,2.27,544,2,12742,15_45_50_30_04_2025,-1.83,9.37,1.43,0.00,-0.00,0.00
2097151,-156.60,-104,2.28,543,2,12787,15_45_50_30_04_2025,-1.82,9.37,1.45,0.00,-0.00,-0.00
2097151,-156.60,-10,2.27,544,2,12829,15_45_50_30_04_2025,-1.83,9.38,1.45,0.01,-0.00,-0.00
2097151,-156.60,-162,2.29,544,2,12871,15_45_50_30_04_2025,-1.82,9.37,1.45,0.00,-0.00,0.00
2097151,-156.60,-43,2.28,545,2,12915,15_45_50_30_04_2025,-1.82,9.38,1.44,0.00,-0.00,-0.00
2097151,-156.60,38,2.27,543,2,12957,15_45_50_30_04_2025,-1.82,9.38,1.45,0.00,-0.00,-0.00
2097151,-156.60,-154,2.28,544,2,13000,15_45_50_30_04_2025,-1.82,9.37,1.44,0.00,-0.00,-0.00
2097151,-156.60,-24,2.27,544,2,13041,15_45_50_30_04_2025,-1.82,9.38,1.44,0.01,-0.00,0.00
2097151,-156.60,-142,2.28,542,2,13084,15_45_50_30_04_2025,-1.82,9.37,1.43,0.00,-0.00,-0.00
2097151,-156.60,59,2.27,544,2,13126,15_45_50_30_04_2025,-1.82,9.37,1.44,0.00,-0.00,-0.00
2097151,-156.60,-264,2.29,544,2,13171,15_45_50_30_04_2025,-1.82,9.38,1.44,0.00,-0.00,-0.00
2097151,-156.60,-76,2.28,541,2,13213,15_45_50_30_04_2025,-1.83,9.37,1.44,0.01,-0.00,-0.00
2097151,-156.60,-248,2.29,543,2,13256,15_45_50_30_04_2025,-1.82,9.37,1.45,0.00,-0.00,-0.00
2097151,-156.60,-90,2.28,544,2,13298,15_45_50_30_04_2025,-1.83,9.38,1.45,0.00,-0.00,-0.00
2097151,-156.60,-259,2.29,544,2,13340,15_45_50_30_04_2025,-1.83,9.38,1.44,0.01,-0.00,0.00
2097151,-156.60,-86,2.28,544,2,13385,15_45_50_30_04_2025,-1.82,9.38,1.44,0.00,-0.00,0.00
2097151,-156.60,-92,2.28,545,2,13427,15_45_50_30_04_2025,-1.83,9.38,1.44,0.00,-0.00,-0.00
2097151,-156.60,-148,2.28,544,2,13468,15_45_50_30_04_2025,-1.82,9.38,1.44,0.01,-0.00,-0.00
2097151,-156.60,-171,2.29,544,2,13511,15_45_50_30_04_2025,-1.82,9.37,1.45,0.00,-0.00,0.00
2097151,-156.60,-57,2.28,543,2,13553,15_45_50_30_04_2025,-1.83,9.37,1.44,0.00,-0.00,-0.00
2097151,-156.60,-52,2.28,543,2,13596,15_45_50_30_04_2025,-1.82,9.37,1.44,0.00,-0.00,0.00
2097151,-156.60,-33,2.28,541,2,13648,15_45_50_30_04_2025,-1.83,9.37,1.45,0.00,-0.00,-0.00
2097151,-156.60,-107,2.28,544,2,13742,15_45_51_30_04_2025,-1.82,9.37,1.44,0.01,-0.00,-0.00
2097151,-156.60,-144,2.28,544,2,13836,15_45_51_30_04_2025,-1.83,9.38,1.44,0.00,-0.00,-0.00
2097151,-156.60,51,2.27,544,2,13878,15_45_51_30_04_2025,-1.82,9.37,1.44,0.00,-0.00,0.00
2097151,-156.60,174,2.26,543,2,13950,15_45_51_30_04_2025,-1.82,9.38,1.44,0.00,-0.00,0.00
2097151,-156.60,-37,2.28,543,2,14043,15_45_51_30_04_2025,-1.82,9.38,1.44,0.00,-0.00,-0.00
2097151,-156.60,-300,2.30,544,2,14137,15_45_51_30_04_2025,-1.82,9.38,1.45,0.01,-0.00,-0.00
2097151,-156.60,56,2.27,543,2,14231,15_45_51_30_04_2025,-1.82,9.37,1.44,0.01,-0.00,-0.00
2097151,-156.60,40,2.27,543,2,14273,15_45_51_30_04_2025,-1.82,9.37,1.44,0.00,-0.00,-0.00
2097151,-156.60,-32,2.28,544,2,14344,15_45_51_30_04_2025,-1.82,9.37,1.45,0.00,-0.00,-0.00
2097151,-156.60,-189,2.29,543,2,14438,15_45_51_30_04_2025,-1.82,9.38,1.44,0.01,-0.00,-0.00
2097151,-156.60,-72,2.28,544,2,14531,15_45_51_30_04_2025,-1.82,9.37,1.43,0.01,-0.00,0.00
2097151,-156.60,30,2.27,544,2,14626,15_45_51_30_04_2025,-1.82,9.37,1.45,0.00,-0.00,0.00
2097151,-156.60,169,2.26,544,2,14667,15_45_52_30_04_2025,-1.81,9.38,1.44,0.00,-0.00,0.00
2097151,-156.60,-40,2.28,544,2,14739,15_45_52_30_04_2025,-1.82,9.37,1.44,0.01,-0.00,0.00
2097151,-156.60,30,2.27,544,2,14832,15_45_52_30_04_2025,-1.83,9.38,1.44,0.00,-0.00,0.00
2097151,-156.60,-202,2.29,543,2,14926,15_45_52_30_04_2025,-1.82,9.37,1.44,0.00,-0.00,-0.00
2097151,-156.60,142,2.26,544,2,15020,15_45_52_30_04_2025,-1.82,9.38,1.44,0.01,-0.00,0.00
2097151,-156.60,-195,2.29,544,2,15063,15_45_52_30_04_2025,-1.81,9.37,1.45,0.00,-0.00,0.00
2097151,-156.60,7,2.27,543,2,15134,15_45_52_30_04_2025,-1.83,9.38,1.44,0.00,-0.00,0.00
2097151,-156.60,-31,2.28,544,2,15227,15_45_52_30_04_2025,-1.83,9.38,1.45,0.00,-0.00,-0.00
2097151,-156.60,-51,2.28,543,2,15321,15_45_52_30_04_2025,-1.82,9.38,1.45,0.00,-0.00,-0.00
2097151,-156.60,-187,2.29,543,2,15416,15_45_52_30_04_2025,-1.83,9.37,1.44,0.00,-0.00,0.00
2097151,-156.60,12,2.27,544,2,15458,15_45_52_30_04_2025,-1.82,9.37,1.45,0.01,-0.00,0.00
2097151,-156.60,-76,2.28,544,2,15527,15_45_52_30_04_2025,-1.82,9.38,1.45,0.00,-0.00,-0.00
2097151,-156.60,1,2.27,543,2,15622,15_45_52_30_04_2025,-1.82,9.38,1.45,0.00,-0.00,0.00
2097151,-156.60,-253,2.29,544,2,15715,15_45_53_30_04_2025,-1.82,9.37,1.45,0.00,-0.00,-0.00
2097151,-156.60,-94,2.28,543,2,15810,15_45_53_30_04_2025,-1.82,9.37,1.43,0.00,-0.00,0.00
2097151,-156.60,-220,2.29,544,2,15855,15_45_53_30_04_2025,-1.83,9.38,1.45,0.00,-0.00,-0.00
2097151,-156.60,-100,2.28,544,2,15922,15_45_53_30_04_2025,-1.82,9.37,1.44,0.00,-0.00,0.00
2097151,-156.60,-30,2.28,543,2,16017,15_45_53_30_04_2025,-1.82,9.37,1.45,0.00,-0.00,0.00
2097151,-156.60,-156,2.28,543,2,16111,15_45_53_30_04_2025,-1.82,9.38,1.44,0.00,-0.00,0.00
2097151,-156.60,-119,2.28,543,2,16205,15_45_53_30_04_2025,-1.82,9.38,1.44,0.00,-0.00,0.00
2097151,-156.60,-139,2.28,544,2,16247,15_45_53_30_04_2025,-1.82,9.37,1.44,0.00,-0.00,-0.00
2097151,-156.60,45,2.27,543,2,16318,15_45_53_30_04_2025,-1.83,9.38,1.45,0.00,-0.00,-0.00
2097151,-156.60,0,2.27,543,2,16413,15_45_53_30_04_2025,-1.82,9.37,1.43,0.00,-0.00,0.00
2097151,-156.60,-60,2.28,544,2,16505,15_45_53_30_04_2025,-1.82,9.37,1.44,0.01,-0.00,-0.00
2097151,-156.60,-162,2.29,543,2,16601,15_45_53_30_04_2025,-1.83,9.38,1.44,0.01,-0.00,-0.00
2097151,-156.60,-120,2.28,543,2,16642,15_45_53_30_04_2025,-1.82,9.38,1.44,0.01,-0.00,0.00
2097151,-156.60,48,2.27,543,2,16713,15_45_54_30_04_2025,-1.82,9.38,1.44,0.00,-0.00,-0.00
2097151,-156.60,-30,2.28,543,2,16807,15_45_54_30_04_2025,-1.82,9.38,1.44,0.00,-0.00,-0.00
2097151,-156.60,88,2.27,543,2,16900,15_45_54_30_04_2025,-1.82,9.38,1.44,0.00,-0.00,-0.00
2097151,-156.60,-68,2.28,544,2,16995,15_45_54_30_04_2025,-1.83,9.38,1.44,0.01,-0.00,-0.00
2097151,-156.60,119,2.26,543,2,17036,15_45_54_30_04_2025,-1.83,9.37,1.44,0.01,-0.00,-0.00
2097151,-156.60,-64,2.28,543,2,17108,15_45_54_30_04_2025,-1.81,9.37,1.45,0.01,-0.00,0.00
2097151,-156.60,-222,2.29,544,2,17201,15_45_54_30_04_2025,-1.83,9.38,1.44,0.00,-0.00,-0.00
2097151,-156.60,4,2.27,543,2,17295,15_45_54_30_04_2025,-1.82,9.37,1.45,0.00,-0.00,-0.00
2097151,-156.60,-132,2.28,543,2,17390,15_45_54_30_04_2025,-1.82,9.38,1.44,0.00,-0.00,0.00
2097151,-156.60,-77,2.28,543,2,17433,15_45_54_30_04_2025,-1.83,9.38,1.45,0.01,-0.00,0.00
2097151,-156.60,-65,2.28,544,2,17502,15_45_54_30_04_2025,-1.83,9.37,1.45,0.00,-0.00,-0.00
2097151,-156.60,-195,2.29,543,2,17597,15_45_54_30_04_2025,-1.83,9.37,1.44,0.00,-0.00,-0.00
2097151,-156.60,-123,2.28,544,2,17689,15_45_54_30_04_2025,-1.83,9.37,1.43,0.01,-0.00,-0.00
2097151,-156.60,-70,2.28,544,2,17785,15_45_55_30_04_2025,-1.83,9.38,1.43,0.00,-0.00,-0.00
2097151,-156.60,-87,2.28,544,2,17827,15_45_55_30_04_2025,-1.82,9.38,1.44,0.00,-0.00,-0.00
2097151,-156.60,-147,2.28,544,2,17897,15_45_55_30_04_2025,-1.82,9.37,1.43,0.00,-0.00,0.00
2097151,-156.60,-54,2.28,543,2,17990,15_45_55_30_04_2025,-1.83,9.37,1.44,0.01,-0.00,0.00
2097151,-156.60,-125,2.28,544,2,18084,15_45_55_30_04_2025,-1.82,9.37,1.44,0.01,-0.00,-0.00
2097151,-156.60,-60,2.28,543,2,18180,15_45_55_30_04_2025,-1.83,9.38,1.44,0.00,-0.00,-0.00
2097151,-156.60,-269,2.29,543,2,18222,15_45_55_30_04_2025,-1.82,9.37,1.44,0.00,-0.00,0.00
2097151,-156.60,-127,2.28,543,2,18291,15_45_55_30_04_2025,-1.83,9.37,1.44,0.00,-0.00,0.00
2097151,-156.60,-149,2.28,544,2,18386,15_45_55_30_04_2025,-1.83,9.38,1.43,0.00,-0.00,-0.00
2097151,-156.60,23,2.27,543,2,18480,15_45_55_30_04_2025,-1.83,9.38,1.44,0.00,-0.00,-0.00
2097151,-156.60,-264,2.29,543,2,18574,15_45_55_30_04_2025,-1.83,9.37,1.45,0.00,-0.00,-0.00
2097151,-156.60,-168,2.29,544,2,18616,15_45_55_30_04_2025,-1.82,9.37,1.44,0.00,-0.00,0.00
2097151,-156.60,120,2.26,543,2,18686,15_45_56_30_04_2025,-1.82,9.38,1.44,0.00,-0.00,0.00
2097151,-156.60,-3,2.27,543,2,18781,15_45_56_30_04_2025,-1.82,9.37,1.45,0.00,-0.00,-0.00
2097151,-156.60,-136,2.28,543,2,18875,15_45_56_30_04_2025,-1.83,9.38,1.44,0.01,-0.00,0.00
2097151,-156.60,131,2.26,543,2,18969,15_45_56_30_04_2025,-1.81,9.38,1.44,0.00,-0.00,-0.00
2097151,-156.60,-147,2.28,543,2,19014,15_45_56_30_04_2025,-1.84,9.37,1.44,0.01,-0.00,-0.00
2097151,-156.60,-24,2.27,544,2,19082,15_45_56_30_04_2025,-1.82,9.37,1.46,0.01,-0.00,-0.00
2097151,-156.60,-70,2.28,543,2,19177,15_45_56_30_04_2025,-1.83,9.37,1.44,0.01,-0.00,-0.00
2097151,-156.60,24,2.27,543,2,19269,15_45_56_30_04_2025,-1.82,9.38,1.45,0.00,-0.00,-0.00
2097151,-156.60,-62,2.28,544,2,19364,15_45_56_30_04_2025,-1.81,9.38,1.45,0.01,-0.00,-0.00
2097151,-156.60,-124,2.28,543,2,19409,15_45_56_30_04_2025,-1.82,9.38,1.44,0.01,-0.00,-0.00
2097151,-156.60,135,2.26,543,2,19477,15_45_56_30_04_2025,-1.82,9.38,1.45,0.00,-0.00,-0.00
2097151,-156.60,-145,2.28,544,2,19570,15_45_56_30_04_2025,-1.81,9.38,1.44,0.00,-0.00,-0.00
2097151,-156.60,-22,2.27,543,2,19664,15_45_56_30_04_2025,-1.82,9.38,1.45,0.00,-0.00,-0.00
2097151,-156.60,116,2.26,544,2,19759,15_45_57_30_04_2025,-1.82,9.38,1.44,0.00,-0.00,-0.00
2097151,-156.60,66,2.27,544,2,19802,15_45_57_30_04_2025,-1.83,9.38,1.44,0.01,-0.00,-0.00
2097151,-156.60,6,2.27,544,2,19872,15_45_57_30_04_2025,-1.82,9.38,1.45,0.01,-0.00,0.00
2097151,-156.60,99,2.27,544,2,19964,15_45_57_30_04_2025,-1.83,9.38,1.45,0.00,-0.00,-0.00
2097151,-156.60,-105,2.28,544,2,20059,15_45_57_30_04_2025,-1.82,9.39,1.45,0.01,-0.00,0.00
2097151,-156.60,-56,2.28,544,2,20154,15_45_57_30_04_2025,-1.82,9.38,1.45,0.01,-0.00,-0.00
2097151,-156.60,-203,2.29,544,2,20196,15_45_57_30_04_2025,-1.83,9.37,1.45,0.00,-0.00,-0.00
2097151,-156.60,-116,2.28,544,2,20266,15_45_57_30_04_2025,-1.82,9.38,1.45,0.01,-0.00,-0.00
2097151,-156.60,-14,2.27,543,2,20360,15_45_57_30_04_2025,-1.82,9.38,1.45,0.00,-0.00,-0.00
2097151,-156.60,-21,2.27,543,2,20453,15_45_57_30_04_2025,-1.83,9.37,1.45,0.00,-0.00,0.00
2097151,-156.60,-58,2.28,544,2,20548,15_45_57_30_04_2025,-1.82,9.37,1.44,0.00,-0.00,-0.00
2097151,-156.60,5,2.27,544,2,20591,15_45_57_30_04_2025,-1.82,9.37,1.44,0.00,-0.00,-0.00
2097151,-156.60,-78,2.28,544,2,20660,15_45_57_30_04_2025,-1.81,9.37,1.44,0.00,-0.00,-0.00
2097151,-156.60,-347,2.30,544,2,20755,15_45_58_30_04_2025,-1.82,9.38,1.44,0.00,-0.00,-0.00
2097151,-156.60,-164,2.29,544,2,20849,15_45_58_30_04_2025,-1.82,9.38,1.44,0.00,-0.00,-0.00
2097151,-156.60,7,2.27,543,2,20944,15_45_58_30_04_2025,-1.83,9.38,1.43,0.00,-0.00,-0.00
2097151,-156.60,-12,2.27,543,2,20986,15_45_58_30_04_2025,-1.82,9.37,1.45,0.01,-0.00,-0.00
2097151,-156.60,-54,2.28,544,2,21055,15_45_58_30_04_2025,-1.82,9.37,1.45,0.00,-0.00,0.00
2097151,-156.60,-95,2.28,544,2,21149,15_45_58_30_04_2025,-1.82,9.38,1.44,0.00,-0.00,-0.00
2097151,-156.60,-175,2.29,543,2,21244,15_45_58_30_04_2025,-1.83,9.37,1.44,0.00,-0.00,0.00
2097151,-156.60,18,2.27,543,2,21338,15_45_58_30_04_2025,-1.82,9.38,1.45,0.01,-0.00,0.00
2097151,-156.60,-100,2.28,543,2,21379,15_45_58_30_04_2025,-1.82,9.38,1.44,0.00,-0.00,0.00
2097151,-156.60,-49,2.28,544,2,21451,15_45_58_30_04_2025,-1.82,9.38,1.44,0.01,-0.00,-0.00
2097151,-156.60,-156,2.28,543,2,21545,15_45_58_30_04_2025,-1.82,9.38,1.44,0.00,-0.00,-0.00
2097151,-156.60,-82,2.28,544,2,21638,15_45_58_30_04_2025,-1.82,9.38,1.45,0.00,-0.00,-0.00
2097151,-156.60,-132,2.28,543,2,21733,15_45_59_30_04_2025,-1.83,9.38,1.45,0.00,-0.00,-0.00
2097151,-156.60,-155,2.28,544,2,21774,15_45_59_30_04_2025,-1.83,9.38,1.45,0.00,-0.00,-0.00
2097151,-156.60,-149,2.28,543,2,21847,15_45_59_30_04_2025,-1.82,9.37,1.46,0.00,-0.00,-0.00
2097151,-156.60,-125,2.28,543,2,21939,15_45_59_30_04_2025,-1.83,9.38,1.45,0.00,-0.00,-0.00
2097151,-156.60,172,2.26,544,2,22032,15_45_59_30_04_2025,-1.82,9.38,1.44,0.00,-0.00,-0.00
2097151,-156.60,-226,2.29,544,2,22127,15_45_59_30_04_2025,-1.83,9.38,1.44,0.00,-0.00,-0.00
2097151,-156.60,-72,2.28,544,2,22169,15_45_59_30_04_2025,-1.82,9.37,1.44,0.00,-0.00,-0.00
2097151,-156.60,-17,2.27,544,2,22241,15_45_59_30_04_2025,-1.82,9.39,1.45,0.00,-0.00,0.00
2097151,-156.60,-177,2.29,544,2,22334,15_45_59_30_04_2025,-1.82,9.38,1.44,0.00,-0.00,-0.00
2097151,-156.60,-84,2.28,543,2,22427,15_45_59_30_04_2025,-1.83,9.37,1.45,0.01,-0.00,-0.00
2097151,-156.60,-204,2.29,544,2,22522,15_45_59_30_04_2025,-1.83,9.37,1.45,0.00,-0.00,-0.00
2097151,-156.60,-202,2.29,544,2,22568,15_45_59_30_04_2025,-1.82,9.38,1.44,0.00,-0.00,-0.00
2097151,-156.60,-47,2.28,543,2,22635,15_45_59_30_04_2025,-1.82,9.37,1.44,0.00,-0.00,0.00
2097151,-156.60,-184,2.29,544,2,22728,15_46_00_30_04_2025,-1.82,9.37,1.44,0.00,-0.00,-0.00
2097151,-156.60,23,2.27,544,2,22822,15_46_00_30_04_2025,-1.83,9.39,1.44,0.00,-0.00,-0.00
2097151,-156.60,-161,2.28,544,2,22917,15_46_00_30_04_2025,-1.82,9.38,1.45,0.01,-0.00,0.00
2097151,-156.60,33,2.27,544,2,22962,15_46_00_30_04_2025,-1.82,9.38,1.45,0.00,-0.00,0.00
2097151,-156.60,-116,2.28,544,2,23029,15_46_00_30_04_2025,-1.82,9.37,1.44,0.00,-0.00,-0.00
2097151,-156.60,-38,2.28,543,2,23124,15_46_00_30_04_2025,-1.82,9.37,1.44,0.01,-0.00,-0.00
2097151,-156.60,-132,2.28,544,2,23217,15_46_00_30_04_2025,-1.82,9.38,1.43,0.00,-0.00,-0.00
2097151,-156.60,34,2.27,544,2,23312,15_46_00_30_04_2025,-1.83,9.37,1.43,0.01,-0.00,-0.00
2097151,-156.60,-19,2.27,544,2,23355,15_46_00_30_04_2025,-1.81,9.38,1.45,0.00,-0.00,-0.00
2097151,-156.60,-88,2.28,544,2,23424,15_46_00_30_04_2025,-1.82,9.37,1.43,0.00,-0.00,-0.00
2097151,-156.60,9,2.27,543,2,23518,15_46_00_30_04_2025,-1.83,9.38,1.44,0.01,-0.00,-0.00
2097151,-156.60,-49,2.28,544,2,23613,15_46_00_30_04_2025,-1.82,9.38,1.44,0.00,-0.00,-0.00
2097151,-156.60,49,2.27,543,2,23707,15_46_01_30_04_2025,-1.83,9.37,1.44,0.00,-0.00,0.00
2097151,-156.60,-83,2.28,544,2,23749,15_46_01_30_04_2025,-1.82,9.38,1.43,0.00,-0.00,-0.00
2097151,-156.60,254,2.25,543,2,23819,15_46_01_30_04_2025,-1.82,9.38,1.44,0.01,-0.00,-0.00
2097151,-156.60,14,2.27,544,2,23915,15_46_01_30_04_2025,-1.83,9.38,1.44,0.00,-0.00,-0.00
2097151,-156.60,127,2.26,542,2,24007,15_46_01_30_04_2025,-1.82,9.38,1.44,0.00,-0.00,0.00
2097151,-156.60,-71,2.28,544,2,24102,15_46_01_30_04_2025,-1.83,9.38,1.43,0.01,-0.00,-0.00
2097151,-156.60,-15,2.27,544,2,24143,15_46_01_30_04_2025,-1.82,9.37,1.43,0.00,-0.00,0.00
2097151,-156.60,153,2.26,544,2,24214,15_46_01_30_04_2025,-1.82,9.38,1.44,0.00,-0.00,-0.00
2097151,-156.60,-84,2.28,543,2,24309,15_46_01_30_04_2025,-1.82,9.37,1.44,0.00,-0.00,0.00
2097151,-156.60,-309,2.30,544,2,24402,15_46_01_30_04_2025,-1.82,9.38,1.44,0.01,-0.00,0.00
2097151,-156.60,-184,2.29,544,2,24497,15_46_01_30_04_2025,-1.83,9.38,1.43,0.00,-0.00,0.00
2097151,-156.60,47,2.27,544,2,24538,15_46_01_30_04_2025,-1.82,9.37,1.43,0.00,-0.00,-0.00
2097151,-156.60,-62,2.28,544,2,24610,15_46_01_30_04_2025,-1.83,9.37,1.44,0.00,-0.00,-0.00
2097151,-156.60,-96,2.28,543,2,24702,15_46_02_30_04_2025,-1.82,9.38,1.43,0.00,-0.00,-0.00
2097151,-156.60,-129,2.28,544,2,24797,15_46_02_30_04_2025,-1.82,9.37,1.45,0.00,-0.00,-0.00
2097151,-156.60,-40,2.28,543,2,24892,15_46_02_30_04_2025,-1.83,9.38,1.44,0.00,-0.00,-0.00
2097151,-156.60,-38,2.28,544,2,24934,15_46_02_30_04_2025,-1.81,9.37,1.43,0.00,-0.00,-0.00
2097151,-156.60,-28,2.27,544,2,25004,15_46_02_30_04_2025,-1.83,9.37,1.43,0.00,-0.00,-0.00
2097151,-156.60,-153,2.28,544,2,25098,15_46_02_30_04_2025,-1.83,9.37,1.44,0.00,-0.00,0.00
2097151,-156.60,126,2.26,543,2,25192,15_46_02_30_04_2025,-1.83,9.38,1.45,0.00,-0.00,0.00
2097151,-156.60,-48,2.28,544,2,25287,15_46_02_30_04_2025,-1.82,9.37,1.44,0.00,-0.00,-0.00
2097151,-156.60,71,2.27,544,2,25329,15_46_02_30_04_2025,-1.82,9.37,1.45,0.00,-0.00,0.00
2097151,-156.60,108,2.26,543,2,25399,15_46_02_30_04_2025,-1.82,9.38,1.44,0.00,-0.00,-0.00
2097151,-156.60,2,2.27,543,2,25493,15_46_02_30_04_2025,-1.83,9.38,1.44,0.00,-0.00,-0.00
2097151,-156.60,12,2.27,544,2,25587,15_46_02_30_04_2025,-1.82,9.37,1.44,0.01,-0.00,-0.00
2097151,-156.60,-43,2.28,543,2,25681,15_46_02_30_04_2025,-1.82,9.39,1.44,0.00,-0.00,-0.00
2097151,-156.60,-179,2.29,544,2,25726,15_46_03_30_04_2025,-1.82,9.38,1.44,0.01,-0.00,-0.00
2097151,-156.60,-24,2.27,544,2,25793,15_46_03_30_04_2025,-1.82,9.38,1.45,0.01,-0.00,-0.00
2097151,-156.60,25,2.27,542,2,25888,15_46_03_30_04_2025,-1.82,9.37,1.44,0.01,-0.00,-0.00
2097151,-156.60,118,2.26,543,2,25982,15_46_03_30_04_2025,-1.82,9.38,1.45,0.00,-0.00,-0.00
2097151,-156.60,-108,2.28,543,2,26076,15_46_03_30_04_2025,-1.82,9.37,1.44,0.00,-0.00,0.00
2097151,-156.60,21,2.27,544,2,26120,15_46_03_30_04_2025,-1.82,9.37,1.44,0.00,-0.00,-0.00
2097151,-156.60,-200,2.29,543,2,26189,15_46_03_30_04_2025,-1.82,9.38,1.45,0.00,-0.00,-0.00
2097151,-156.60,65,2.27,543,2,26283,15_46_03_30_04_2025,-1.82,9.37,1.44,0.00,-0.00,-0.00
2097151,-156.60,78,2.27,544,2,26376,15_46_03_30_04_2025,-1.82,9.38,1.45,0.00,-0.00,0.00
2097151,-156.60,-111,2.28,543,2,26471,15_46_03_30_04_2025,-1.82,9.38,1.44,0.01,-0.00,-0.00
2097151,-156.60,14,2.27,543,2,26515,15_46_03_30_04_2025,-1.83,9.38,1.44,0.00,-0.00,0.00
2097151,-156.60,-6,2.27,544,2,26584,15_46_03_30_04_2025,-1.82,9.37,1.44,0.01,-0.00,-0.00
2097151,-156.60,-130,2.28,544,2,26678,15_46_03_30_04_2025,-1.83,9.38,1.44,0.00,-0.00,-0.00
2097151,-156.60,-33,2.28,544,2,26771,15_46_04_30_04_2025,-1.82,9.37,1.45,0.00,-0.00,0.00
2097151,-156.60,-131,2.28,544,2,26866,15_46_04_30_04_2025,-1.82,9.38,1.44,0.00,-0.00,-0.00
2097151,-156.60,21,2.27,543,2,26907,15_46_04_30_04_2025,-1.82,9.38,1.43,0.00,-0.00,-0.00
2097151,-156.60,-83,2.28,544,2,26978,15_46_04_30_04_2025,-1.83,9.37,1.45,0.00,-0.00,0.00
2097151,-156.60,-131,2.28,543,2,27072,15_46_04_30_04_2025,-1.83,9.38,1.43,0.00,-0.00,-0.00
2097151,-156.60,268,2.25,544,2,27166,15_46_04_30_04_2025,-1.82,9.38,1.45,0.00,-0.00,-0.00
2097151,-156.60,-186,2.29,543,2,27260,15_46_04_30_04_2025,-1.82,9.37,1.45,0.00,-0.00,-0.00
2097151,-156.60,-189,2.29,543,2,27303,15_46_04_30_04_2025,-1.81,9.38,1.45,0.00,-0.00,-0.00
2097151,-156.60,43,2.27,543,2,27373,15_46_04_30_04_2025,-1.82,9.38,1.44,0.00,-0.00,0.00
2097151,-156.60,-56,2.28,544,2,27466,15_46_04_30_04_2025,-1.82,9.37,1.45,0.00,-0.00,-0.00
2097151,-156.60,157,2.26,544,2,27561,15_46_04_30_04_2025,-1.81,9.38,1.45,0.01,-0.00,-0.00
2097151,-156.60,-94,2.28,543,2,27656,15_46_04_30_04_2025,-1.83,9.38,1.44,0.00,-0.00,-0.00
2097151,-156.60,-72,2.28,543,2,27698,15_46_05_30_04_2025,-1.83,9.38,1.45,0.00,-0.00,-0.00
2097151,-156.60,94,2.27,544,2,27768,15_46_05_30_04_2025,-1.82,9.38,1.44,0.01,-0.00,-0.00
2097151,-156.60,26,2.27,543,2,27862,15_46_05_30_04_2025,-1.82,9.38,1.44,0.00,-0.00,0.00
2097151,-156.60,2,2.27,543,2,27956,15_46_05_30_04_2025,-1.82,9.38,1.44,0.00,-0.00,0.00
2097151,-156.60,49,2.27,544,2,28051,15_46_05_30_04_2025,-1.83,9.38,1.44,0.00,-0.00,0.00
2097151,-156.60,83,2.27,544,2,28093,15_46_05_30_04_2025,-1.81,9.38,1.44,0.00,-0.00,-0.00
2097151,-156.60,-139,2.28,543,2,28163,15_46_05_30_04_2025,-1.82,9.38,1.45,0.00,-0.00,-0.00
2097151,-156.60,-50,2.28,544,2,28257,15_46_05_30_04_2025,-1.82,9.37,1.45,0.00,-0.00,-0.00
2097151,-156.60,-51,2.28,544,2,28351,15_46_05_30_04_2025,-1.82,9.38,1.44,0.00,-0.00,-0.00
2097151,-156.60,-142,2.28,544,2,28445,15_46_05_30_04_2025,-1.82,9.38,1.44,0.01,-0.00,-0.00
2097151,-156.60,147,2.26,544,2,28487,15_46_05_30_04_2025,-1.83,9.37,1.45,0.01,-0.00,-0.00
2097151,-156.60,74,2.27,543,2,28557,15_46_05_30_04_2025,-1.81,9.38,1.44,0.00,-0.00,0.00
2097151,-156.60,-176,2.29,543,2,28652,15_46_05_30_04_2025,-1.81,9.38,1.44,0.00,-0.00,-0.00
2097151,-156.60,-82,2.28,543,2,28746,15_46_06_30_04_2025,-1.82,9.37,1.44,0.00,-0.00,-0.00
2097151,-156.60,-28,2.27,544,2,28840,15_46_06_30_04_2025,-1.82,9.37,1.45,0.00,-0.00,0.00
2097151,-156.60,70,2.27,543,2,28882,15_46_06_30_04_2025,-1.83,9.37,1.44,0.00,-0.00,0.00
2097151,-156.60,127,2.26,543,2,28953,15_46_06_30_04_2025,-1.82,9.37,1.44,0.00,-0.00,-0.00
2097151,-156.60,-77,2.28,543,2,29047,15_46_06_30_04_2025,-1.83,9.38,1.44,0.00,-0.00,-0.00
2097151,-156.60,-190,2.29,544,2,29140,15_46_06_30_04_2025,-1.82,9.38,1.44,0.01,-0.00,-0.00
2097151,-156.60,205,2.26,543,2,29235,15_46_06_30_04_2025,-1.83,9.38,1.45,0.00,-0.00,-0.00
2097151,-156.60,-186,2.29,544,2,29277,15_46_06_30_04_2025,-1.82,9.38,1.44,0.01,-0.00,0.00
2097151,-156.60,-12,2.27,542,2,29348,15_46_06_30_04_2025,-1.83,9.38,1.43,0.00,-0.00,-0.00
2097151,-156.60,-90,2.28,544,2,29441,15_46_06_30_04_2025,-1.83,9.38,1.45,0.00,-0.00,0.00
2097151,-156.60,-101,2.28,543,2,29535,15_46_06_30_04_2025,-1.82,9.38,1.44,0.01,-0.00,-0.00
2097151,-156.60,118,2.26,544,2,29630,15_46_06_30_04_2025,-1.82,9.38,1.44,0.00,-0.00,-0.00
2097151,-156.60,175,2.26,544,2,29676,15_46_07_30_04_2025,-1.82,9.38,1.44,0.00,-0.00,-0.00
2097151,-156.60,130,2.26,544,2,29743,15_46_07_30_04_2025,-1.82,9.38,1.44,0.01,-0.00,0.00
2097151,-156.60,-141,2.28,544,2,29837,15_46_07_30_04_2025,-1.82,9.38,1.45,0.01,-0.00,-0.00
2097151,-156.60,-39,2.28,544,2,29929,15_46_07_30_04_2025,-1.82,9.38,1.44,0.00,-0.00,-0.00
2097151,-156.60,-18,2.27,543,2,30024,15_46_07_30_04_2025,-1.83,9.38,1.44,0.00,-0.00,-0.00
2097151,-156.60,185,2.26,544,2,30067,15_46_07_30_04_2025,-1.82,9.37,1.45,0.00,-0.00,-0.00
2097151,-156.60,110,2.26,542,2,30137,15_46_07_30_04_2025,-1.83,9.38,1.44,0.00,-0.00,-0.00
2097151,-156.60,-21,2.27,544,2,30230,15_46_07_30_04_2025,-1.81,9.37,1.44,0.01,-0.00,-0.00
2097151,-156.60,-123,2.28,544,2,30325,15_46_07_30_04_2025,-1.82,9.38,1.44,0.01,-0.00,0.00
2097151,-156.60,-57,2.28,544,2,30420,15_46_07_30_04_2025,-1.83,9.38,1.45,0.00,-0.00,0.00
2097151,-156.60,1,2.27,543,2,30462,15_46_07_30_04_2025,-1.82,9.37,1.45,0.00,-0.00,0.00
2097151,-156.60,328,2.25,544,2,30531,15_46_07_30_04_2025,-1.82,9.37,1.44,0.00,-0.00,0.00
2097151,-156.60,171,2.26,543,2,30626,15_46_07_30_04_2025,-1.82,9.38,1.44,0.00,-0.00,-0.00
2097151,-156.60,-38,2.28,541,2,30720,15_46_08_30_04_2025,-1.82,9.37,1.44,0.00,-0.00,-0.00
2097151,-156.60,-72,2.28,544,2,30814,15_46_08_30_04_2025,-1.82,9.38,1.44,0.00,-0.00,0.00
2097151,-156.60,-255,2.29,543,2,30856,15_46_08_30_04_2025,-1.83,9.38,1.45,0.00,-0.00,0.00
2097151,-156.60,-26,2.27,544,2,30926,15_46_08_30_04_2025,-1.83,9.38,1.44,0.01,-0.00,0.00
2097151,-156.60,-80,2.28,543,2,31020,15_46_08_30_04_2025,-1.82,9.37,1.44,0.00,-0.00,-0.00
2097151,-156.60,-29,2.27,544,2,31115,15_46_08_30_04_2025,-1.81,9.38,1.44,0.00,-0.00,0.00
2097151,-156.60,81,2.27,544,2,31209,15_46_08_30_04_2025,-1.82,9.38,1.45,0.00,-0.00,-0.00
2097151,-156.60,-85,2.28,543,2,31250,15_46_08_30_04_2025,-1.82,9.38,1.44,0.00,-0.00,0.00
2097151,-156.60,-29,2.27,544,2,31321,15_46_08_30_04_2025,-1.82,9.38,1.44,0.01,-0.00,-0.00
2097151,-156.60,120,2.26,544,2,31416,15_46_08_30_04_2025,-1.82,9.38,1.44,0.00,-0.00,-0.00
2097151,-156.60,-191,2.29,543,2,31509,15_46_08_30_04_2025,-1.82,9.38,1.44,0.00,-0.00,-0.00
2097151,-156.60,-71,2.28,544,2,31603,15_46_08_30_04_2025,-1.82,9.38,1.44,0.01,-0.00,0.00
2097151,-156.60,-159,2.28,544,2,31645,15_46_09_30_04_2025,-1.82,9.38,1.45,0.00,-0.00,-0.00
2097151,-156.60,47,2.27,543,2,31716,15_46_09_30_04_2025,-1.81,9.38,1.45,0.00,-0.00,0.00
2097151,-156.60,146,2.26,543,2,31811,15_46_09_30_04_2025,-1.82,9.37,1.44,0.00,-0.00,0.00
2097151,-156.60,107,2.26,544,2,31904,15_46_09_30_04_2025,-1.82,9.38,1.44,0.01,-0.00,-0.00
2097151,-156.60,105,2.26,544,2,31999,15_46_09_30_04_2025,-1.82,9.37,1.45,0.00,-0.00,-0.00
2097151,-156.60,22,2.27,543,2,32041,15_46_09_30_04_2025,-1.83,9.37,1.44,0.00,-0.00,0.00
2097151,-156.60,135,2.26,544,2,32112,15_46_09_30_04_2025,-1.82,9.37,1.44,0.00,-0.00,-0.00
2097151,-156.60,60,2.27,544,2,32204,15_46_09_30_04_2025,-1.82,9.38,1.45,0.00,-0.00,-0.00
2097151,-156.60,114,2.26,543,2,32299,15_46_09_30_04_2025,-1.83,9.37,1.45,0.00,-0.00,-0.00
2097151,-156.60,179,2.26,544,2,32394,15_46_09_30_04_2025,-1.82,9.38,1.44,0.00,-0.00,-0.00
2097151,-156.60,38,2.27,544,2,32439,15_46_09_30_04_2025,-1.83,9.37,1.44,0.00,-0.00,-0.00
2097151,-156.60,102,2.27,543,2,32506,15_46_09_30_04_2025,-1.83,9.38,1.43,0.00,-0.00,-0.00
2097151,-156.60,-41,2.28,544,2,32600,15_46_09_30_04_2025,-1.81,9.38,1.44,0.01,-0.00,-0.00
2097151,-156.60,-2,2.27,544,2,32693,15_46_09_30_04_2025,-1.83,9.38,1.44,0.00,-0.00,-0.00
2097151,-156.60,-48,2.28,544,2,32788,15_46_10_30_04_2025,-1.81,9.37,1.45,0.00,-0.00,-0.00
2097151,-156.60,-23,2.27,543,2,32835,15_46_10_30_04_2025,-1.83,9.38,1.44,0.01,-0.00,-0.00
2097151,-156.60,-7,2.27,544,2,32900,15_46_10_30_04_2025,-1.83,9.38,1.44,0.00,-0.00,-0.00
2097151,-156.60,34,2.27,543,2,32994,15_46_10_30_04_2025,-1.83,9.38,1.43,0.00,-0.00,0.00
2097151,-156.60,81,2.27,544,2,33089,15_46_10_30_04_2025,-1.82,9.37,1.44,0.00,-0.00,0.00
2097151,-156.60,-79,2.28,543,2,33183,15_46_10_30_04_2025,-1.82,9.38,1.44,0.00,-0.00,-0.00
2097151,-156.60,-5,2.27,543,2,33229,15_46_10_30_04_2025,-1.82,9.37,1.45,0.01,-0.00,-0.00
2097151,-156.60,139,2.26,544,2,33296,15_46_10_30_04_2025,-1.81,9.38,1.45,0.00,-0.00,0.00
2097151,-156.60,-9,2.27,544,2,33389,15_46_10_30_04_2025,-1.82,9.37,1.44,0.00,-0.00,-0.00
2097151,-156.60,185,2.26,544,2,33484,15_46_10_30_04_2025,-1.82,9.38,1.45,0.00,-0.00,-0.00
2097151,-156.60,-136,2.28,544,2,33578,15_46_10_30_04_2025,-1.82,9.38,1.45,0.00,-0.00,0.00
2097151,-156.60,-59,2.28,543,2,33621,15_46_10_30_04_2025,-1.82,9.38,1.44,0.00,-0.00,-0.00
2097151,-156.60,149,2.26,544,2,33691,15_46_11_30_04_2025,-1.83,9.38,1.44,0.01,-0.00,0.00
2097151,-156.60,240,2.25,544,2,33785,15_46_11_30_04_2025,-1.82,9.37,1.44,0.00,-0.00,-0.00
2097151,-156.60,102,2.27,544,2,33878,15_46_11_30_04_2025,-1.83,9.38,1.45,0.00,-0.00,-0.00
2097151,-156.60,77,2.27,543,2,33973,15_46_11_30_04_2025,-1.83,9.38,1.44,0.01,-0.00,-0.00
2097151,-156.60,77,2.27,544,2,34017,15_46_11_30_04_2025,-1.82,9.37,1.44,0.00,-0.00,-0.00
2097151,-156.60,115,2.26,544,2,34086,15_46_11_30_04_2025,-1.82,9.38,1.44,0.00,-0.00,-0.00
2097151,-156.60,56,2.27,544,2,34179,15_46_11_30_04_2025,-1.82,9.37,1.44,0.00,-0.00,0.00
2097151,-156.60,-57,2.28,544,2,34273,15_46_11_30_04_2025,-1.82,9.37,1.45,0.01,-0.00,0.00
2097151,-156.60,33,2.27,545,2,34368,15_46_11_30_04_2025,-1.82,9.38,1.45,0.00,-0.00,-0.00
2097151,-156.60,106,2.26,544,2,34412,15_46_11_30_04_2025,-1.82,9.38,1.44,0.00,-0.00,0.00
2097151,-156.60,136,2.26,544,2,34481,15_46_11_30_04_2025,-1.83,9.38,1.45,0.00,-0.00,-0.00
2097151,-156.60,19,2.27,544,2,34574,15_46_11_30_04_2025,-1.82,9.38,1.44,0.00,-0.00,0.00
2097151,-156.60,173,2.26,543,2,34668,15_46_11_30_04_2025,-1.83,9.37,1.45,0.01,-0.00,0.00
2097151,-156.60,24,2.27,543,2,34763,15_46_12_30_04_2025,-1.81,9.37,1.44,0.00,-0.00,-0.00
2097151,-156.60,98,2.27,543,2,34807,15_46_12_30_04_2025,-1.83,9.38,1.44,0.01,-0.00,-0.00
2097151,-156.60,152,2.26,544,2,34876,15_46_12_30_04_2025,-1.83,9.36,1.45,0.00,-0.00,0.00
2097151,-156.60,-170,2.29,544,2,34968,15_46_12_30_04_2025,-1.82,9.38,1.45,0.01,-0.00,-0.00
2097151,-156.60,-112,2.28,544,2,35063,15_46_12_30_04_2025,-1.82,9.38,1.45,0.01,-0.00,-0.00
2097151,-156.60,-28,2.27,544,2,35157,15_46_12_30_04_2025,-1.81,9.37,1.44,0.00,-0.00,-0.00
2097151,-156.60,-17,2.27,543,2,35202,15_46_12_30_04_2025,-1.82,9.37,1.45,0.01,-0.00,0.00
2097151,-156.60,-13,2.27,543,2,35269,15_46_12_30_04_2025,-1.82,9.37,1.44,0.00,-0.00,-0.00
2097151,-156.60,-42,2.28,543,2,35363,15_46_12_30_04_2025,-1.83,9.38,1.44,0.01,-0.00,0.00
2097151,-156.60,114,2.26,543,2,35457,15_46_12_30_04_2025,-1.83,9.38,1.45,0.00,-0.00,-0.00
2097151,-156.60,124,2.26,543,2,35553,15_46_12_30_04_2025,-1.82,9.37,1.45,0.00,-0.00,-0.00
2097151,-156.60,12,2.27,544,2,35597,15_46_12_30_04_2025,-1.82,9.38,1.45,0.00,-0.00,-0.00
2097151,-156.60,115,2.26,543,2,35664,15_46_12_30_04_2025,-1.82,9.38,1.44,0.00,-0.00,-0.00
2097151,-156.60,-43,2.28,544,2,35758,15_46_13_30_04_2025,-1.82,9.37,1.44,0.01,-0.00,-0.00
2097151,-156.60,93,2.27,544,2,35853,15_46_13_30_04_2025,-1.82,9.37,1.44,0.01,-0.00,0.00
2097151,-156.60,129,2.26,545,2,35947,15_46_13_30_04_2025,-1.82,9.37,1.44,0.00,-0.00,-0.00
2097151,-156.60,230,2.26,544,2,35990,15_46_13_30_04_2025,-1.82,9.38,1.45,0.00,-0.00,-0.00
2097151,-156.60,96,2.27,544,2,36060,15_46_13_30_04_2025,-1.83,9.37,1.45,0.01,-0.00,-0.00
2097151,-156.60,-154,2.28,544,2,36154,15_46_13_30_04_2025,-1.83,9.38,1.45,0.00,-0.00,-0.00
2097151,-156.60,29,2.27,543,2,36247,15_46_13_30_04_2025,-1.82,9.38,1.44,0.00,-0.00,-0.00
2097151,-156.60,30,2.27,543,2,36342,15_46_13_30_04_2025,-1.81,9.38,1.45,0.00,-0.00,0.00
2097151,-156.60,178,2.26,544,2,36388,15_46_13_30_04_2025,-1.81,9.38,1.44,0.00,-0.00,-0.00
2097151,-156.60,174,2.26,544,2,36455,15_46_13_30_04_2025,-1.82,9.37,1.44,0.01,-0.00,-0.00
2097151,-156.60,176,2.26,543,2,36548,15_46_13_30_04_2025,-1.82,9.37,1.45,0.00,-0.00,-0.00
2097151,-156.60,-23,2.27,544,2,36642,15_46_13_30_04_2025,-1.83,9.37,1.44,0.00,-0.00,-0.00
2097151,-156.60,100,2.27,543,2,36737,15_46_14_30_04_2025,-1.82,9.37,1.44,0.01,-0.00,0.00
2097151,-156.60,275,2.25,544,2,36784,15_46_14_30_04_2025,-1.82,9.37,1.45,0.01,-0.00,-0.00
2097151,-156.60,-19,2.27,544,2,36849,15_46_14_30_04_2025,-1.82,9.38,1.44,0.00,-0.00,-0.00
2097151,-156.60,-126,2.28,542,2,36942,15_46_14_30_04_2025,-1.82,9.38,1.45,0.00,-0.00,-0.00
2097151,-156.60,153,2.26,543,2,37037,15_46_14_30_04_2025,-1.82,9.37,1.44,0.00,-0.00,-0.00
2097151,-156.60,111,2.26,543,2,37131,15_46_14_30_04_2025,-1.83,9.38,1.45,0.00,-0.00,-0.00
2097151,-156.60,113,2.26,543,2,37176,15_46_14_30_04_2025,-1.83,9.38,1.45,0.01,-0.00,0.00
2097151,-156.60,156,2.26,543,2,37245,15_46_14_30_04_2025,-1.82,9.37,1.45,0.00,-0.00,0.00
2097151,-156.60,259,2.25,544,2,37337,15_46_14_30_04_2025,-1.83,9.38,1.45,0.00,-0.00,-0.00
2097151,-156.60,32,2.27,544,2,37432,15_46_14_30_04_2025,-1.82,9.38,1.44,0.00,-0.00,0.00
2097151,-156.60,262,2.25,544,2,37527,15_46_14_30_04_2025,-1.82,9.38,1.43,0.00,-0.00,0.00
2097151,-156.60,-92,2.28,544,2,37571,15_46_14_30_04_2025,-1.81,9.38,1.44,0.00,-0.00,-0.00
2097151,-156.60,49,2.27,544,2,37639,15_46_14_30_04_2025,-1.83,9.37,1.43,0.00,-0.00,-0.00
2097151,-156.60,-118,2.28,543,2,37732,15_46_15_30_04_2025,-1.83,9.38,1.44,0.00,-0.00,-0.00
2097151,-156.60,40,2.27,543,2,37826,15_46_15_30_04_2025,-1.82,9.38,1.45,0.01,-0.00,-0.00
2097151,-156.60,1,2.27,543,2,37921,15_46_15_30_04_2025,-1.83,9.37,1.45,0.01,-0.00,0.00
2097151,-156.60,166,2.26,543,2,37966,15_46_15_30_04_2025,-1.82,9.38,1.44,0.00,-0.00,-0.00
2097151,-156.60,121,2.26,541,2,38034,15_46_15_30_04_2025,-1.82,9.38,1.45,0.00,-0.00,-0.00
2097151,-156.60,157,2.26,543,2,38128,15_46_15_30_04_2025,-1.83,9.38,1.45,0.00,-0.00,-0.00
2097151,-156.60,188,2.26,544,2,38222,15_46_15_30_04_2025,-1.82,9.36,1.44,0.00,-0.00,-0.00
2097151,-156.60,7,2.27,544,2,38316,15_46_15_30_04_2025,-1.82,9.37,1.44,0.01,-0.00,0.00
2097151,-156.60,106,2.26,544,2,38360,15_46_15_30_04_2025,-1.82,9.38,1.45,0.01,-0.00,-0.00
2097151,-156.60,157,2.26,543,2,38428,15_46_15_30_04_2025,-1.83,9.38,1.45,0.00,-0.00,-0.00
2097151,-156.60,-26,2.27,543,2,38522,15_46_15_30_04_2025,-1.83,9.38,1.44,0.01,-0.00,0.00
2097151,-156.60,122,2.26,543,2,38617,15_46_15_30_04_2025,-1.83,9.38,1.44,0.01,-0.00,-0.00
2097151,-156.60,258,2.25,543,2,38711,15_46_16_30_04_2025,-1.82,9.37,1.44,0.00,-0.00,0.00
2097151,-156.60,86,2.27,543,2,38754,15_46_16_30_04_2025,-1.81,9.36,1.44,0.00,-0.00,-0.00
2097151,-156.60,9,2.27,544,2,38824,15_46_16_30_04_2025,-1.83,9.37,1.44,0.00,-0.00,-0.00
2097151,-156.60,59,2.27,543,2,38918,15_46_16_30_04_2025,-1.82,9.37,1.44,0.01,-0.00,-0.00
2097151,-156.60,-190,2.29,544,2,39011,15_46_16_30_04_2025,-1.82,9.37,1.44,0.00,-0.00,0.00
2097151,-156.60,159,2.26,544,2,39105,15_46_16_30_04_2025,-1.82,9.38,1.45,0.00,-0.00,-0.00
2097151,-156.60,-44,2.28,544,2,39150,15_46_16_30_04_2025,-1.82,9.38,1.45,0.00,-0.00,-0.00
2097151,-156.60,17,2.27,544,2,39219,15_46_16_30_04_2025,-1.82,9.37,1.44,0.00,-0.00,-0.00
2097151,-156.60,114,2.26,544,2,39311,15_46_16_30_04_2025,-1.82,9.38,1.44,0.00,-0.00,-0.00
2097151,-156.60,-10,2.27,544,2,39405,15_46_16_30_04_2025,-1.82,9.38,1.43,0.00,-0.00,-0.00
2097151,-156.60,13,2.27,543,2,39501,15_46_16_30_04_2025,-1.82,9.37,1.44,0.01,-0.00,-0.00
2097151,-156.60,-15,2.27,544,2,39545,15_46_16_30_04_2025,-1.82,9.37,1.45,0.00,-0.00,0.00
2097151,-156.60,114,2.26,543,2,39614,15_46_16_30_04_2025,-1.83,9.38,1.45,0.00,-0.00,-0.00
2097151,-156.60,-11,2.27,543,2,39707,15_46_17_30_04_2025,-1.83,9.37,1.45,0.00,-0.00,-0.00
2097151,-156.60,112,2.26,544,2,39801,15_46_17_30_04_2025,-1.81,9.44,1.52,-0.02,-0.01,-0.00
2097151,-156.60,67,2.27,543,2,39896,15_46_17_30_04_2025,-1.84,9.40,1.33,0.01,-0.00,-0.00
2097151,-156.60,11,2.27,544,2,39943,15_46_17_30_04_2025,-1.81,9.36,1.49,0.01,-0.00,-0.00
2097151,-156.60,-82,2.28,543,2,40008,15_46_17_30_04_2025,-1.83,9.39,1.37,0.00,-0.00,-0.00
2097151,-156.60,0,2.27,544,2,40102,15_46_17_30_04_2025,-1.59,9.41,1.90,-0.04,-0.04,0.00
2097151,-156.60,9,2.27,544,2,40195,15_46_17_30_04_2025,-1.81,9.31,1.54,0.01,0.00,0.00
2097151,-156.60,-34,2.28,544,2,40290,15_46_17_30_04_2025,-1.84,9.34,1.38,0.01,0.00,-0.00
2097151,-156.60,33,2.27,543,2,40335,15_46_17_30_04_2025,-1.83,9.37,1.42,0.00,-0.00,-0.00
2097151,-156.60,26,2.27,543,2,40403,15_46_17_30_04_2025,-1.82,9.36,1.46,0.01,0.00,-0.00
2097151,-156.60,184,2.26,543,2,40496,15_46_17_30_04_2025,-1.82,9.38,1.46,0.00,-0.00,-0.00
2097151,-156.60,75,2.27,544,2,40590,15_46_17_30_04_2025,-1.83,9.38,1.43,0.01,-0.00,0.00
2097151,-156.60,4,2.27,543,2,40685,15_46_17_30_04_2025,-1.82,9.38,1.44,0.00,-0.00,0.00
2097151,-156.60,-36,2.28,544,2,40728,15_46_18_30_04_2025,-1.82,9.36,1.44,0.01,-0.00,-0.00
2097151,-156.60,-158,2.28,543,2,40797,15_46_18_30_04_2025,-1.83,9.36,1.45,0.01,-0.00,-0.00
2097151,-156.60,73,2.27,543,2,40892,15_46_18_30_04_2025,-1.82,9.37,1.43,0.00,-0.00,-0.00
2097151,-156.60,-69,2.28,543,2,40986,15_46_18_30_04_2025,-1.83,9.39,1.40,0.01,0.00,-0.00
2097151,-156.60,81,2.27,544,2,41080,15_46_18_30_04_2025,-1.81,9.37,1.44,0.00,-0.00,0.00
2097151,-156.60,318,2.25,543,2,41123,15_46_18_30_04_2025,-1.82,9.36,1.44,0.00,-0.00,-0.00
2097151,-156.60,21,2.27,542,2,41192,15_46_18_30_04_2025,-1.81,9.38,1.43,0.01,-0.00,-0.00
2097151,-156.60,-18,2.27,544,2,41286,15_46_18_30_04_2025,-1.82,9.40,1.44,0.00,-0.00,-0.00
2097151,-156.60,6,2.27,544,2,41380,15_46_18_30_04_2025,-1.82,9.37,1.44,0.00,-0.00,-0.00
2097151,-156.60,-103,2.28,543,2,41475,15_46_18_30_04_2025,-1.82,9.37,1.44,0.00,-0.00,-0.00
2097151,-156.60,26,2.27,545,2,41519,15_46_18_30_04_2025,-1.83,9.38,1.44,0.00,-0.00,-0.00
2097151,-156.60,118,2.26,544,2,41588,15_46_18_30_04_2025,-1.82,9.38,1.45,0.01,-0.00,-0.00
2097151,-156.60,120,2.26,544,2,41681,15_46_18_30_04_2025,-1.83,9.37,1.44,0.01,-0.00,-0.00
2097151,-156.60,-40,2.28,543,2,41775,15_46_19_30_04_2025,-1.82,9.38,1.44,0.00,-0.00,-0.00
2097151,-156.60,62,2.27,544,2,41870,15_46_19_30_04_2025,-1.82,9.37,1.45,0.00,-0.00,-0.00
2097151,-156.60,53,2.27,544,2,41915,15_46_19_30_04_2025,-1.83,9.38,1.44,0.00,-0.00,-0.00
2097151,-156.60,90,2.27,544,2,41983,15_46_19_30_04_2025,-1.83,9.38,1.45,0.01,-0.00,-0.00
2097151,-156.60,81,2.27,543,2,42077,15_46_19_30_04_2025,-1.82,9.38,1.43,0.01,-0.00,0.00
2097151,-156.60,125,2.26,544,2,42170,15_46_19_30_04_2025,-1.83,9.38,1.45,0.00,-0.00,0.00
2097151,-156.60,237,2.25,543,2,42264,15_46_19_30_04_2025,-1.82,9.38,1.44,0.00,-0.00,-0.00
2097151,-156.60,116,2.26,543,2,42309,15_46_19_30_04_2025,-1.82,9.38,1.45,0.00,-0.00,-0.00
2097151,-156.60,-247,2.29,544,2,42377,15_46_19_30_04_2025,-1.82,9.38,1.44,0.00,-0.00,-0.00
2097151,-156.60,137,2.26,541,2,42471,15_46_19_30_04_2025,-1.82,9.38,1.45,0.01,-0.00,0.00
2097151,-156.60,40,2.27,543,2,42565,15_46_19_30_04_2025,-1.82,9.38,1.45,0.00,-0.00,-0.00
2097151,-156.60,66,2.27,544,2,42659,15_46_19_30_04_2025,-1.82,9.37,1.44,0.00,-0.00,0.00
2097151,-156.60,104,2.26,544,2,42704,15_46_20_30_04_2025,-1.82,9.37,1.44,0.01,-0.00,-0.00
2097151,-156.60,137,2.26,544,2,42772,15_46_20_30_04_2025,-1.82,9.38,1.45,0.00,-0.00,0.00
2097151,-156.60,-118,2.28,544,2,42866,15_46_20_30_04_2025,-1.81,9.38,1.44,0.01,-0.00,-0.00
2097151,-156.60,-46,2.28,543,2,42959,15_46_20_30_04_2025,-1.82,9.37,1.44,0.00,-0.00,-0.00
2097151,-156.60,30,2.27,544,2,43054,15_46_20_30_04_2025,-1.83,9.37,1.45,0.00,-0.00,0.00
2097151,-156.60,-50,2.28,545,2,43100,15_46_20_30_04_2025,-1.82,9.38,1.44,0.01,-0.00,-0.00
2097151,-156.60,-32,2.28,544,2,43166,15_46_20_30_04_2025,-1.82,9.38,1.45,0.00,-0.00,0.00
2097151,-156.60,-31,2.28,544,2,43261,15_46_20_30_04_2025,-1.82,9.37,1.45,0.00,-0.00,-0.00
2097151,-156.60,115,2.26,544,2,43355,15_46_20_30_04_2025,-1.82,9.38,1.45,0.01,-0.00,-0.00
2097151,-156.60,161,2.26,544,2,43449,15_46_20_30_04_2025,-1.82,9.38,1.45,0.00,-0.00,0.00
2097151,-156.60,1,2.27,544,2,43495,15_46_20_30_04_2025,-1.83,9.37,1.44,0.00,-0.00,-0.00
2097151,-156.60,-110,2.28,544,2,43561,15_46_20_30_04_2025,-1.82,9.38,1.45,0.01,-0.00,-0.00
2097151,-156.60,81,2.27,543,2,43656,15_46_20_30_04_2025,-1.82,9.37,1.45,0.00,-0.00,-0.00
2097151,-156.60,64,2.27,544,2,43748,15_46_21_30_04_2025,-1.81,9.38,1.45,0.00,-0.00,-0.00
2097151,-156.60,52,2.27,543,2,43844,15_46_21_30_04_2025,-1.82,9.37,1.45,0.00,-0.00,-0.00
2097151,-156.60,56,2.27,543,2,43887,15_46_21_30_04_2025,-1.82,9.37,1.44,0.01,-0.00,-0.00
2097151,-156.60,248,2.25,543,2,43956,15_46_21_30_04_2025,-1.83,9.38,1.45,0.00,-0.00,-0.00
2097151,-156.60,-47,2.28,545,2,44051,15_46_21_30_04_2025,-1.83,9.38,1.45,0.00,-0.00,-0.00
2097151,-156.60,-15,2.27,544,2,44143,15_46_21_30_04_2025,-1.82,9.38,1.44,0.00,-0.00,-0.00
2097151,-156.60,97,2.27,544,2,44238,15_46_21_30_04_2025,-1.82,9.38,1.45,0.01,-0.00,-0.00
2097151,-156.60,7,2.27,544,2,44283,15_46_21_30_04_2025,-1.82,9.37,1.44,0.01,-0.00,0.00
2097151,-156.60,54,2.27,543,2,44352,15_46_21_30_04_2025,-1.82,9.38,1.45,0.00,-0.00,-0.00
2097151,-156.60,135,2.26,544,2,44444,15_46_21_30_04_2025,-1.82,9.37,1.44,0.01,-0.00,-0.00
2097151,-156.60,234,2.26,543,2,44539,15_46_21_30_04_2025,-1.83,9.38,1.44,0.01,-0.00,0.00
2097151,-156.60,65,2.27,543,2,44634,15_46_21_30_04_2025,-1.82,9.38,1.44,0.00,-0.00,-0.00
2097151,-156.60,-72,2.28,544,2,44679,15_46_22_30_04_2025,-1.82,9.38,1.45,0.01,-0.00,0.00
2097151,-156.60,159,2.26,544,2,44747,15_46_22_30_04_2025,-1.82,9.37,1.45,0.00,-0.00,-0.00
2097151,-156.60,-3,2.27,544,2,44840,15_46_22_30_04_2025,-1.82,9.37,1.45,0.00,-0.00,0.00
2097151,-156.60,-70,2.28,541,2,44933,15_46_22_30_04_2025,-1.82,9.38,1.44,0.00,-0.00,-0.00
2097151,-156.60,168,2.26,544,2,45029,15_46_22_30_04_2025,-1.83,9.38,1.44,0.01,-0.00,-0.00
2097151,-156.60,89,2.27,544,2,45073,15_46_22_30_04_2025,-1.82,9.38,1.44,0.01,-0.00,-0.00
2097151,-156.60,-69,2.28,544,2,45141,15_46_22_30_04_2025,-1.82,9.38,1.45,0.01,-0.00,-0.00
2097151,-156.60,-57,2.28,544,2,45235,15_46_22_30_04_2025,-1.82,9.38,1.43,0.00,-0.00,-0.00
2097151,-156.60,-81,2.28,544,2,45328,15_46_22_30_04_2025,-1.81,9.38,1.44,0.00,-0.00,-0.00
2097151,-156.60,-39,2.28,543,2,45424,15_46_22_30_04_2025,-1.82,9.38,1.43,0.00,-0.00,-0.00
2097151,-156.60,-13,2.27,543,2,45468,15_46_22_30_04_2025,-1.82,9.37,1.43,0.01,-0.00,-0.00
2097151,-156.60,297,2.25,544,2,45535,15_46_22_30_04_2025,-1.82,9.37,1.45,0.00,-0.00,0.00
2097151,-156.60,-33,2.28,544,2,45629,15_46_22_30_04_2025,-1.81,9.38,1.45,0.00,-0.00,-0.00
2097151,-156.60,42,2.27,543,2,45724,15_46_23_30_04_2025,-1.83,9.38,1.45,0.00,-0.00,-0.00
2097151,-156.60,148,2.26,544,2,45818,15_46_23_30_04_2025,-1.83,9.38,1.45,0.01,-0.00,0.00
2097151,-156.60,106,2.26,545,2,45861,15_46_23_30_04_2025,-1.82,9.38,1.45,0.00,-0.00,-0.00
2097151,-156.60,349,2.25,543,2,45930,15_46_23_30_04_2025,-1.82,9.38,1.45,0.00,-0.00,0.00
2097151,-156.60,-8,2.27,544,2,46025,15_46_23_30_04_2025,-1.81,9.37,1.45,0.00,-0.00,-0.00
2097151,-156.60,17,2.27,544,2,46118,15_46_23_30_04_2025,-1.82,9.38,1.45,0.01,-0.00,-0.00
2097151,-156.60,-53,2.28,543,2,46213,15_46_23_30_04_2025,-1.83,9.37,1.44,0.00,-0.00,0.00
2097151,-156.60,-158,2.28,544,2,46256,15_46_23_30_04_2025,-1.82,9.38,1.43,0.01,-0.00,0.00
2097151,-156.60,-40,2.28,543,2,46326,15_46_23_30_04_2025,-1.83,9.37,1.45,0.00,-0.00,-0.00
2097151,-156.60,62,2.27,543,2,46419,15_46_23_30_04_2025,-1.82,9.38,1.44,0.01,-0.00,-0.00
2097151,-156.60,-71,2.28,544,2,46513,15_46_23_30_04_2025,-1.83,9.37,1.44,0.00,-0.00,0.00
2097151,-156.60,37,2.27,544,2,46608,15_46_23_30_04_2025,-1.81,9.38,1.44,0.00,-0.00,0.00
2097151,-156.60,190,2.26,543,2,46655,15_46_24_30_04_2025,-1.82,9.38,1.44,0.00,-0.00,-0.00
2097151,-156.60,200,2.26,544,2,46721,15_46_24_30_04_2025,-1.83,9.37,1.45,0.01,-0.00,-0.00
2097151,-156.60,56,2.27,543,2,46814,15_46_24_30_04_2025,-1.82,9.38,1.45,0.01,-0.00,-0.00
2097151,-156.60,-93,2.28,544,2,46907,15_46_24_30_04_2025,-1.83,9.38,1.44,0.00,-0.00,-0.00
2097151,-156.60,23,2.27,544,2,47003,15_46_24_30_04_2025,-1.83,9.37,1.44,0.01,-0.00,0.00
2097151,-156.60,142,2.26,543,2,47047,15_46_24_30_04_2025,-1.82,9.38,1.45,0.00,-0.00,-0.00
2097151,-156.60,32,2.27,544,2,47115,15_46_24_30_04_2025,-1.82,9.38,1.44,0.00,-0.00,-0.00
2097151,-156.60,87,2.27,543,2,47209,15_46_24_30_04_2025,-1.82,9.39,1.46,0.00,-0.00,0.00
2097151,-156.60,144,2.26,544,2,47302,15_46_24_30_04_2025,-1.82,9.38,1.44,0.01,-0.00,0.00
2097151,-156.60,-82,2.28,544,2,47397,15_46_24_30_04_2025,-1.82,9.38,1.43,0.00,-0.00,-0.00
2097151,-156.60,94,2.27,544,2,47442,15_46_24_30_04_2025,-1.81,9.38,1.44,0.00,-0.00,-0.00
2097151,-156.60,-72,2.28,545,2,47509,15_46_24_30_04_2025,-1.82,9.37,1.44,0.00,-0.00,0.00
2097151,-156.60,89,2.27,544,2,47603,15_46_24_30_04_2025,-1.82,9.38,1.43,0.00,-0.00,-0.00
2097151,-156.60,184,2.26,543,2,47698,15_46_25_30_04_2025,-1.83,9.37,1.44,0.00,-0.00,-0.00
2097151,-156.60,-338,2.30,543,2,47792,15_46_25_30_04_2025,-1.83,9.38,1.45,0.01,-0.00,-0.00
2097151,-156.60,35,2.27,544,2,47836,15_46_25_30_04_2025,-1.82,9.38,1.45,0.01,-0.00,-0.00
2097151,-156.60,37,2.27,544,2,47905,15_46_25_30_04_2025,-1.82,9.38,1.45,0.00,-0.00,-0.00
2097151,-156.60,-171,2.29,543,2,47998,15_46_25_30_04_2025,-1.82,9.37,1.44,0.00,-0.00,-0.00
2097151,-156.60,-74,2.28,544,2,48092,15_46_25_30_04_2025,-1.83,9.37,1.45,0.00,-0.00,0.00
2097151,-156.60,300,2.25,544,2,48187,15_46_25_30_04_2025,-1.81,9.37,1.45,0.01,-0.00,-0.00
2097151,-156.60,338,2.25,544,2,48232,15_46_25_30_04_2025,-1.82,9.38,1.43,0.00,-0.00,0.00
2097151,-156.60,177,2.26,543,2,48299,15_46_25_30_04_2025,-1.82,9.37,1.45,0.00,-0.00,-0.00
2097151,-156.60,-61,2.28,544,2,48394,15_46_25_30_04_2025,-1.83,9.34,1.44,0.00,-0.00,-0.00
2097151,-156.60,199,2.26,545,2,48488,15_46_25_30_04_2025,-1.82,9.38,1.45,0.00,-0.00,-0.00
2097151,-156.60,125,2.26,544,2,48581,15_46_25_30_04_2025,-1.82,9.38,1.45,0.00,-0.00,-0.00
2097151,-156.60,60,2.27,543,2,48625,15_46_25_30_04_2025,-1.82,9.38,1.44,0.00,-0.00,0.00
2097151,-156.60,-79,2.28,543,2,48694,15_46_26_30_04_2025,-1.82,9.37,1.45,0.00,-0.00,-0.00
2097151,-156.60,-19,2.27,543,2,48789,15_46_26_30_04_2025,-1.83,9.38,1.44,0.01,-0.00,-0.00
2097151,-156.60,155,2.26,544,2,48882,15_46_26_30_04_2025,-1.82,9.37,1.43,0.00,-0.00,-0.00
2097151,-156.60,69,2.27,544,2,48977,15_46_26_30_04_2025,-1.82,9.38,1.44,0.01,-0.00,-0.00
2097151,-156.60,58,2.27,543,2,49027,15_46_26_30_04_2025,-1.82,9.38,1.45,0.00,-0.00,-0.00
2097151,-156.60,236,2.25,545,2,49089,15_46_26_30_04_2025,-1.82,9.38,1.44,0.00,-0.00,-0.00
2097151,-156.60,-28,2.27,543,2,49183,15_46_26_30_04_2025,-1.82,9.38,1.44,0.00,-0.00,-0.00
2097151,-156.60,42,2.27,541,2,49277,15_46_26_30_04_2025,-1.83,9.38,1.45,0.00,-0.00,-0.00
2097151,-156.60,60,2.27,544,2,49372,15_46_26_30_04_2025,-1.81,9.38,1.45,0.01,-0.00,-0.00
2097151,-156.60,-113,2.28,543,2,49416,15_46_26_30_04_2025,-1.83,9.38,1.42,0.00,-0.00,-0.00
2097151,-156.60,178,2.26,541,2,49485,15_46_26_30_04_2025,-1.82,9.38,1.45,0.00,-0.00,0.00
2097151,-156.60,226,2.26,544,2,49577,15_46_26_30_04_2025,-1.82,9.38,1.44,0.00,-0.00,0.00
2097151,-156.60,91,2.27,543,2,49671,15_46_26_30_04_2025,-1.82,9.38,1.43,0.00,-0.00,-0.00
2097151,-156.60,134,2.26,543,2,49767,15_46_27_30_04_2025,-1.82,9.38,1.45,0.00,-0.00,-0.00
2097151,-156.60,167,2.26,544,2,49814,15_46_27_30_04_2025,-1.83,9.37,1.45,0.00,-0.00,0.00
2097151,-156.60,74,2.27,544,2,49879,15_46_27_30_04_2025,-1.82,9.38,1.45,0.00,-0.00,-0.00
2097151,-156.60,166,2.26,543,2,49972,15_46_27_30_04_2025,-1.83,9.38,1.44,0.00,-0.00,-0.00
2097151,-156.60,-44,2.28,544,2,50066,15_46_27_30_04_2025,-1.82,9.38,1.44,0.00,-0.00,-0.00
2097151,-156.60,-96,2.28,543,2,50161,15_46_27_30_04_2025,-1.83,9.38,1.45,0.00,-0.00,0.00
2097151,-156.60,-32,2.28,543,2,50208,15_46_27_30_04_2025,-1.82,9.36,1.45,0.00,-0.00,-0.00
2097151,-156.60,-1,2.27,544,2,50273,15_46_27_30_04_2025,-1.83,9.38,1.45,0.00,-0.00,-0.00
2097151,-156.60,113,2.26,544,2,50368,15_46_27_30_04_2025,-1.82,9.37,1.44,0.00,-0.00,-0.00
2097151,-156.60,-91,2.28,544,2,50461,15_46_27_30_04_2025,-1.83,9.37,1.44,0.00,-0.00,0.00
2097151,-156.60,185,2.26,543,2,50556,15_46_27_30_04_2025,-1.82,9.38,1.45,0.00,-0.00,0.00
2097151,-156.60,-226,2.29,544,2,50601,15_46_27_30_04_2025,-1.82,9.37,1.44,0.01,-0.00,0.00
2097151,-156.60,-138,2.28,543,2,50668,15_46_28_30_04_2025,-1.82,9.38,1.43,0.00,-0.00,-0.00
2097151,-156.60,-39,2.28,544,2,50762,15_46_28_30_04_2025,-1.82,9.37,1.45,0.00,-0.00,-0.00
2097151,-156.60,214,2.26,544,2,50856,15_46_28_30_04_2025,-1.82,9.38,1.44,0.00,-0.00,-0.00
2097151,-156.60,218,2.26,543,2,50951,15_46_28_30_04_2025,-1.82,9.37,1.44,0.01,-0.00,0.00
2097151,-156.60,170,2.26,544,2,50995,15_46_28_30_04_2025,-1.83,9.38,1.44,0.00,-0.00,-0.00
2097151,-156.60,-6,2.27,543,2,51064,15_46_28_30_04_2025,-1.82,9.38,1.44,0.01,-0.00,-0.00
2097151,-156.60,148,2.26,544,2,51157,15_46_28_30_04_2025,-1.82,9.38,1.44,0.01,-0.00,-0.00
2097151,-156.60,10,2.27,544,2,51251,15_46_28_30_04_2025,-1.82,9.37,1.45,0.00,-0.00,-0.00
2097151,-156.60,144,2.26,543,2,51346,15_46_28_30_04_2025,-1.83,9.38,1.44,0.00,-0.00,0.00
2097151,-156.60,45,2.27,544,2,51389,15_46_28_30_04_2025,-1.83,9.38,1.44,0.00,-0.00,0.00
2097151,-156.60,173,2.26,544,2,51458,15_46_28_30_04_2025,-1.83,9.38,1.45,0.00,-0.00,-0.00
2097151,-156.60,5,2.27,544,2,51553,15_46_28_30_04_2025,-1.82,9.37,1.44,0.00,-0.00,0.00
2097151,-156.60,61,2.27,544,2,51646,15_46_28_30_04_2025,-1.82,9.37,1.43,0.00,-0.00,-0.00
2097151,-156.60,10,2.27,543,2,51741,15_46_29_30_04_2025,-1.83,9.37,1.44,0.00,-0.00,0.00
2097151,-156.60,55,2.27,543,2,51785,15_46_29_30_04_2025,-1.82,9.38,1.45,0.00,-0.00,-0.00
2097151,-156.60,-94,2.28,543,2,51854,15_46_29_30_04_2025,-1.83,9.37,1.45,0.00,-0.00,-0.00
2097151,-156.60,108,2.26,544,2,51946,15_46_29_30_04_2025,-1.83,9.38,1.45,0.00,-0.00,-0.00
2097151,-156.60,88,2.27,544,2,52041,15_46_29_30_04_2025,-1.82,9.37,1.44,0.01,-0.00,-0.00
2097151,-156.60,100,2.27,544,2,52136,15_46_29_30_04_2025,-1.81,9.38,1.43,0.01,-0.00,-0.00
2097151,-156.60,26,2.27,543,2,52180,15_46_29_30_04_2025,-1.82,9.38,1.45,0.00,-0.00,-0.00
2097151,-156.60,156,2.26,544,2,52249,15_46_29_30_04_2025,-1.82,9.37,1.45,0.00,-0.00,0.00
2097151,-156.60,156,2.26,543,2,52341,15_46_29_30_04_2025,-1.83,9.38,1.44,0.00,-0.00,-0.00
2097151,-156.60,128,2.26,543,2,52435,15_46_29_30_04_2025,-1.81,9.38,1.44,0.00,-0.00,-0.00
2097151,-156.60,141,2.26,544,2,52531,15_46_29_30_04_2025,-1.82,9.38,1.44,0.01,-0.00,-0.00
2097151,-156.60,180,2.26,544,2,52575,15_46_29_30_04_2025,-1.81,9.38,1.45,0.00,-0.00,0.00
2097151,-156.60,-5,2.27,543,2,52642,15_46_29_30_04_2025,-1.82,9.38,1.45,0.00,-0.00,0.00
2097151,-156.60,-97,2.28,544,2,52737,15_46_30_30_04_2025,-1.82,9.38,1.44,0.00,-0.00,-0.00
2097151,-156.60,106,2.26,543,2,52831,15_46_30_30_04_2025,-1.82,9.38,1.44,0.00,-0.00,-0.00
2097151,-156.60,-49,2.28,544,2,52925,15_46_30_30_04_2025,-1.82,9.38,1.44,0.01,-0.00,-0.00
2097151,-156.60,-141,2.28,544,2,52969,15_46_30_30_04_2025,-1.82,9.38,1.45,0.00,-0.00,-0.00
2097151,-156.60,225,2.26,544,2,53037,15_46_30_30_04_2025,-1.83,9.38,1.44,0.00,-0.00,0.00
2097151,-156.60,231,2.26,544,2,53131,15_46_30_30_04_2025,-1.82,9.37,1.44,0.00,-0.00,0.00
2097151,-156.60,129,2.26,543,2,53226,15_46_30_30_04_2025,-1.82,9.37,1.45,0.00,-0.00,0.00
2097151,-156.60,223,2.26,544,2,53320,15_46_30_30_04_2025,-1.82,9.38,1.45,0.01,-0.00,-0.00
2097151,-156.60,69,2.27,544,2,53366,15_46_30_30_04_2025,-1.82,9.38,1.45,0.00,-0.00,-0.00
2097151,-156.60,15,2.27,544,2,53432,15_46_30_30_04_2025,-1.82,9.38,1.44,0.00,-0.00,-0.00
2097151,-156.60,7,2.27,543,2,53526,15_46_30_30_04_2025,-1.83,9.37,1.44,0.00,-0.00,-0.00
2097151,-156.60,208,2.26,543,2,53620,15_46_30_30_04_2025,-1.82,9.37,1.45,0.00,-0.00,0.00
2097151,-156.60,196,2.26,544,2,53714,15_46_31_30_04_2025,-1.83,9.38,1.44,0.00,-0.00,-0.00
2097151,-156.60,55,2.27,543,2,53758,15_46_31_30_04_2025,-1.82,9.38,1.45,0.00,-0.00,0.00
2097151,-156.60,160,2.26,544,2,53827,15_46_31_30_04_2025,-1.82,9.38,1.45,0.01,-0.00,-0.00
2097151,-156.60,115,2.26,545,2,53922,15_46_31_30_04_2025,-1.82,9.37,1.45,0.01,-0.00,0.00
2097151,-156.60,155,2.26,544,2,54014,15_46_31_30_04_2025,-1.82,9.37,1.45,0.00,-0.00,0.00
2097151,-156.60,178,2.26,543,2,54109,15_46_31_30_04_2025,-1.83,9.37,1.45,0.01,-0.00,-0.00
2097151,-156.60,28,2.27,543,2,54153,15_46_31_30_04_2025,-1.82,9.37,1.44,0.00,-0.00,-0.00
2097151,-156.60,-31,2.28,543,2,54222,15_46_31_30_04_2025,-1.81,9.38,1.44,0.01,-0.00,-0.00
2097151,-156.60,44,2.27,544,2,54317,15_46_31_30_04_2025,-1.82,9.37,1.44,0.00,-0.00,0.00
2097151,-156.60,120,2.26,544,2,54410,15_46_31_30_04_2025,-1.82,9.37,1.43,0.01,-0.00,-0.00
2097151,-156.60,-23,2.27,544,2,54505,15_46_31_30_04_2025,-1.82,9.38,1.45,0.00,-0.00,0.00
2097151,-156.60,134,2.26,544,2,54549,15_46_31_30_04_2025,-1.82,9.38,1.45,0.01,-0.00,-0.00
2097151,-156.60,227,2.26,544,2,54617,15_46_31_30_04_2025,-1.82,9.38,1.44,0.01,-0.00,-0.00
2097151,-156.60,172,2.26,544,2,54710,15_46_32_30_04_2025,-1.81,9.38,1.44,0.00,-0.00,0.00
2097151,-156.60,-44,2.28,543,2,54804,15_46_32_30_04_2025,-1.82,9.37,1.45,0.00,-0.00,0.00
2097151,-156.60,49,2.27,544,2,54899,15_46_32_30_04_2025,-1.82,9.38,1.44,0.00,-0.00,-0.00
2097151,-156.60,117,2.26,543,2,54944,15_46_32_30_04_2025,-1.82,9.38,1.45,0.00,-0.00,0.00
2097151,-156.60,-23,2.27,544,2,55011,15_46_32_30_04_2025,-1.82,9.37,1.45,0.00,-0.00,-0.00
2097151,-156.60,156,2.26,545,2,55105,15_46_32_30_04_2025,-1.82,9.38,1.45,0.00,-0.00,-0.00
2097151,-156.60,-125,2.28,544,2,55199,15_46_32_30_04_2025,-1.83,9.38,1.45,0.00,-0.00,0.00
2097151,-156.60,118,2.26,544,2,55295,15_46_32_30_04_2025,-1.82,9.37,1.45,0.00,-0.00,-0.00
2097151,-156.60,-27,2.27,544,2,55339,15_46_32_30_04_2025,-1.82,9.38,1.45,0.00,-0.00,0.00
2097151,-156.60,-174,2.29,543,2,55407,15_46_32_30_04_2025,-1.82,9.37,1.45,0.00,-0.00,-0.00
2097151,-156.60,69,2.27,543,2,55500,15_46_32_30_04_2025,-1.82,9.37,1.44,0.01,-0.00,-0.00
2097151,-156.60,-70,2.28,543,2,55594,15_46_32_30_04_2025,-1.83,9.37,1.44,0.00,-0.00,-0.00
2097151,-156.60,17,2.27,543,2,55689,15_46_32_30_04_2025,-1.82,9.37,1.45,0.00,-0.00,-0.00
2097151,-156.60,-15,2.27,544,2,55732,15_46_33_30_04_2025,-1.82,9.37,1.45,0.00,-0.00,0.00
2097151,-156.60,79,2.27,544,2,55801,15_46_33_30_04_2025,-1.81,9.38,1.45,0.00,-0.00,0.00
2097151,-156.60,82,2.27,544,2,55896,15_46_33_30_04_2025,-1.82,9.38,1.44,0.01,-0.00,-0.00
2097151,-156.60,-19,2.27,544,2,55989,15_46_33_30_04_2025,-1.82,9.37,1.45,0.01,-0.00,-0.00
2097151,-156.60,181,2.26,544,2,56084,15_46_33_30_04_2025,-1.81,9.37,1.45,0.01,-0.00,0.00
2097151,-156.60,16,2.27,544,2,56127,15_46_33_30_04_2025,-1.82,9.38,1.44,0.00,-0.00,-0.00
2097151,-156.60,124,2.26,544,2,56196,15_46_33_30_04_2025,-1.82,9.38,1.44,0.00,-0.00,-0.00
2097151,-156.60,-136,2.28,544,2,56290,15_46_33_30_04_2025,-1.82,9.37,1.45,0.00,-0.00,-0.00
2097151,-156.60,113,2.26,544,2,56384,15_46_33_30_04_2025,-1.82,9.38,1.45,0.01,-0.00,-0.00
2097151,-156.60,-4,2.27,544,2,56479,15_46_33_30_04_2025,-1.82,9.37,1.44,0.00,-0.00,-0.00
2097151,-156.60,153,2.26,543,2,56526,15_46_33_30_04_2025,-1.81,9.37,1.45,0.00,-0.00,0.00
2097151,-156.60,73,2.27,544,2,56592,15_46_33_30_04_2025,-1.82,9.38,1.44,0.00,-0.00,0.00
2097151,-156.60,253,2.25,544,2,56684,15_46_33_30_04_2025,-1.83,9.38,1.45,0.00,-0.00,0.00
2097151,-156.60,1,2.27,544,2,56779,15_46_34_30_04_2025,-1.82,9.38,1.44,0.00,-0.00,-0.00
2097151,-156.60,77,2.27,543,2,56874,15_46_34_30_04_2025,-1.82,9.38,1.45,0.00,-0.00,-0.00
2097151,-156.60,-157,2.28,544,2,56921,15_46_34_30_04_2025,-1.82,9.37,1.44,0.00,-0.00,-0.00
2097151,-156.60,296,2.25,543,2,56986,15_46_34_30_04_2025,-1.82,9.37,1.45,0.01,-0.00,-0.00
2097151,-156.60,215,2.26,543,2,57080,15_46_34_30_04_2025,-1.83,9.38,1.44,0.01,-0.00,-0.00
2097151,-156.60,292,2.25,542,2,57173,15_46_34_30_04_2025,-1.82,9.38,1.45,0.00,-0.00,-0.00
2097151,-156.60,199,2.26,544,2,57268,15_46_34_30_04_2025,-1.82,9.37,1.44,0.00,-0.00,0.00
2097151,-156.60,208,2.26,544,2,57317,15_46_34_30_04_2025,-1.83,9.38,1.45,0.00,-0.00,-0.00
2097151,-156.60,25,2.27,542,2,57380,15_46_34_30_04_2025,-1.83,9.37,1.45,0.00,-0.00,-0.00
2097151,-156.60,30,2.27,544,2,57474,15_46_34_30_04_2025,-1.82,9.38,1.44,0.00,-0.00,-0.00
2097151,-156.60,137,2.26,544,2,57568,15_46_34_30_04_2025,-1.83,9.37,1.44,0.00,-0.00,-0.00
2097151,-156.60,164,2.26,543,2,57663,15_46_34_30_04_2025,-1.83,9.38,1.44,0.01,-0.00,-0.00
2097151,-156.60,273,2.25,543,2,57707,15_46_35_30_04_2025,-1.82,9.37,1.46,0.00,-0.00,0.00
2097151,-156.60,33,2.27,543,2,57775,15_46_35_30_04_2025,-1.82,9.38,1.44,0.01,-0.00,0.00
2097151,-156.60,-15,2.27,544,2,57869,15_46_35_30_04_2025,-1.82,9.37,1.45,0.00,-0.00,0.00
2097151,-156.60,70,2.27,543,2,57963,15_46_35_30_04_2025,-1.82,9.37,1.44,0.00,-0.00,-0.00
2097151,-156.60,-95,2.28,544,2,58058,15_46_35_30_04_2025,-1.82,9.37,1.44,0.00,-0.00,-0.00
2097151,-156.60,328,2.25,545,2,58102,15_46_35_30_04_2025,-1.82,9.37,1.45,0.00,-0.00,-0.00
2097151,-156.60,209,2.26,544,2,58170,15_46_35_30_04_2025,-1.82,9.38,1.45,0.00,-0.00,-0.00
2097151,-156.60,117,2.26,544,2,58265,15_46_35_30_04_2025,-1.83,9.37,1.44,0.00,-0.00,-0.00
2097151,-156.60,86,2.27,544,2,58359,15_46_35_30_04_2025,-1.82,9.37,1.44,0.01,-0.00,0.00
2097151,-156.60,23,2.27,544,2,58453,15_46_35_30_04_2025,-1.82,9.37,1.44,0.00,-0.00,0.00
2097151,-156.60,329,2.25,543,2,58497,15_46_35_30_04_2025,-1.83,9.38,1.44,0.01,-0.00,-0.00
2097151,-156.60,198,2.26,541,2,58566,15_46_35_30_04_2025,-1.82,9.38,1.44,0.01,-0.00,-0.00
2097151,-156.60,123,2.26,544,2,58660,15_46_35_30_04_2025,-1.82,9.38,1.45,0.00,-0.00,-0.00
2097151,-156.60,37,2.27,545,2,58753,15_46_36_30_04_2025,-1.82,9.38,1.45,0.00,-0.00,-0.00
2097151,-156.60,52,2.27,541,2,58848,15_46_36_30_04_2025,-1.83,9.37,1.44,0.01,-0.00,0.00
2097151,-156.60,68,2.27,544,2,58892,15_46_36_30_04_2025,-1.83,9.38,1.45,0.01,-0.00,-0.00
2097151,-156.60,221,2.26,544,2,58961,15_46_36_30_04_2025,-1.82,9.37,1.45,0.00,-0.00,0.00
2097151,-156.60,224,2.26,544,2,59054,15_46_36_30_04_2025,-1.83,9.37,1.44,0.01,-0.00,-0.00
2097151,-156.60,110,2.26,543,2,59147,15_46_36_30_04_2025,-1.83,9.37,1.45,0.00,-0.00,-0.00
2097151,-156.60,53,2.27,544,2,59243,15_46_36_30_04_2025,-1.82,9.37,1.45,0.00,-0.00,0.00
2097151,-156.60,229,2.26,544,2,59287,15_46_36_30_04_2025,-1.83,9.38,1.44,0.00,-0.00,-0.00
2097151,-156.60,1,2.27,544,2,59355,15_46_36_30_04_2025,-1.83,9.38,1.45,0.00,-0.00,-0.00
2097151,-156.60,96,2.27,543,2,59448,15_46_36_30_04_2025,-1.82,9.38,1.45,0.00,-0.00,0.00
2097151,-156.60,21,2.27,543,2,59543,15_46_36_30_04_2025,-1.81,9.38,1.43,0.00,-0.00,-0.00
2097151,-156.60,171,2.26,544,2,59637,15_46_36_30_04_2025,-1.82,9.38,1.45,0.00,-0.00,-0.00
2097151,-156.60,-112,2.28,544,2,59682,15_46_37_30_04_2025,-1.82,9.37,1.45,0.00,-0.00,-0.00
2097151,-156.60,294,2.25,544,2,59749,15_46_37_30_04_2025,-1.82,9.38,1.45,0.00,-0.00,-0.00
2097151,-156.60,250,2.25,544,2,59843,15_46_37_30_04_2025,-1.82,9.37,1.44,0.01,-0.00,-0.00
2097151,-156.60,141,2.26,541,2,59937,15_46_37_30_04_2025,-1.82,9.38,1.44,0.00,-0.00,-0.00
2097151,-156.60,222,2.26,544,2,60032,15_46_37_30_04_2025,-1.82,9.38,1.44,0.00,-0.00,0.00
2097151,-156.60,-67,2.28,544,2,60079,15_46_37_30_04_2025,-1.82,9.37,1.45,0.00,-0.00,-0.00
2097151,-156.60,317,2.25,543,2,60144,15_46_37_30_04_2025,-1.82,9.38,1.44,0.01,-0.00,-0.00
2097151,-156.60,40,2.27,543,2,60238,15_46_37_30_04_2025,-1.83,9.37,1.45,0.00,-0.00,0.00
2097151,-156.60,228,2.26,544,2,60332,15_46_37_30_04_2025,-1.81,9.38,1.46,0.00,-0.00,0.00
2097151,-156.60,106,2.26,543,2,60427,15_46_37_30_04_2025,-1.82,9.38,1.44,0.00,-0.00,-0.00
2097151,-156.60,74,2.27,544,2,60471,15_46_37_30_04_2025,-1.81,9.38,1.46,0.00,-0.00,-0.00
2097151,-156.60,24,2.27,545,2,60539,15_46_37_30_04_2025,-1.82,9.38,1.44,0.00,-0.00,-0.00
2097151,-156.60,218,2.26,544,2,60634,15_46_37_30_04_2025,-1.82,9.37,1.45,0.00,-0.00,0.00
2097151,-156.60,-43,2.28,544,2,60728,15_46_38_30_04_2025,-1.82,9.37,1.44,0.00,-0.00,-0.00
2097151,-156.60,66,2.27,543,2,60821,15_46_38_30_04_2025,-1.82,9.38,1.45,0.00,-0.00,-0.00
2097151,-156.60,-23,2.27,544,2,60865,15_46_38_30_04_2025,-1.81,9.38,1.45,0.01,-0.00,-0.00
2097151,-156.60,338,2.25,544,2,60934,15_46_38_30_04_2025,-1.82,9.38,1.44,0.00,-0.00,-0.00
2097151,-156.60,67,2.27,543,2,61029,15_46_38_30_04_2025,-1.82,9.38,1.44,0.01,-0.00,-0.00
2097151,-156.60,73,2.27,544,2,61121,15_46_38_30_04_2025,-1.82,9.37,1.45,0.00,-0.00,-0.00
2097151,-156.60,62,2.27,543,2,61216,15_46_38_30_04_2025,-1.82,9.37,1.45,0.00,-0.00,-0.00
2097151,-156.60,82,2.27,544,2,61260,15_46_38_30_04_2025,-1.81,9.37,1.45,0.01,-0.00,-0.00
2097151,-156.60,120,2.26,544,2,61330,15_46_38_30_04_2025,-1.82,9.37,1.44,0.00,-0.00,-0.00
2097151,-156.60,45,2.27,544,2,61423,15_46_38_30_04_2025,-1.82,9.38,1.45,0.01,-0.00,-0.00
2097151,-156.60,82,2.27,544,2,61517,15_46_38_30_04_2025,-1.82,9.38,1.44,0.00,-0.00,-0.00
2097151,-156.60,168,2.26,544,2,61611,15_46_38_30_04_2025,-1.82,9.37,1.45,0.00,-0.00,-0.00
2097151,-156.60,139,2.26,541,2,61656,15_46_39_30_04_2025,-1.82,9.38,1.44,0.01,-0.00,-0.00
2097151,-156.60,-20,2.27,544,2,61724,15_46_39_30_04_2025,-1.81,9.38,1.44,0.00,-0.00,-0.00
2097151,-156.60,127,2.26,544,2,61817,15_46_39_30_04_2025,-1.83,9.38,1.44,0.00,-0.00,0.00
2097151,-156.60,197,2.26,544,2,61911,15_46_39_30_04_2025,-1.82,9.37,1.44,0.00,-0.00,0.00
2097151,-156.60,6,2.27,544,2,62007,15_46_39_30_04_2025,-1.83,9.38,1.45,0.01,-0.00,-0.00
2097151,-156.60,61,2.27,542,2,62051,15_46_39_30_04_2025,-1.82,9.38,1.45,0.01,-0.00,0.00
2097151,-156.60,-2,2.27,544,2,62119,15_46_39_30_04_2025,-1.83,9.38,1.45,0.01,-0.00,0.00
2097151,-156.60,161,2.26,544,2,62212,15_46_39_30_04_2025,-1.82,9.37,1.44,0.00,-0.00,-0.00
2097151,-156.60,-25,2.27,544,2,62306,15_46_39_30_04_2025,-1.81,9.38,1.43,0.00,-0.00,0.00
2097151,-156.60,192,2.26,544,2,62401,15_46_39_30_04_2025,-1.83,9.38,1.45,0.00,-0.00,-0.00
2097151,-156.60,-41,2.28,543,2,62445,15_46_39_30_04_2025,-1.81,9.38,1.44,0.00,-0.00,-0.00
2097151,-156.60,331,2.25,544,2,62514,15_46_39_30_04_2025,-1.81,9.38,1.45,0.01,-0.00,0.00
2097151,-156.60,275,2.25,544,2,62608,15_46_39_30_04_2025,-1.82,9.38,1.45,0.00,-0.00,-0.00
2097151,-156.60,-31,2.28,543,2,62701,15_46_40_30_04_2025,-1.82,9.38,1.45,0.00,-0.00,-0.00
2097151,-156.60,-6,2.27,544,2,62796,15_46_40_30_04_2025,-1.82,9.38,1.45,0.01,-0.00,-0.00
2097151,-156.60,-41,2.28,543,2,62840,15_46_40_30_04_2025,-1.82,9.37,1.45,0.00,-0.00,-0.00
2097151,-156.60,191,2.26,544,2,62908,15_46_40_30_04_2025,-1.82,9.37,1.45,0.00,-0.00,0.00
2097151,-156.60,320,2.25,543,2,63002,15_46_40_30_04_2025,-1.81,9.37,1.44,0.01,-0.00,-0.00
2097151,-156.60,270,2.25,542,2,63096,15_46_40_30_04_2025,-1.82,9.38,1.44,0.01,-0.00,-0.00
2097151,-156.60,123,2.26,541,2,63191,15_46_40_30_04_2025,-1.82,9.37,1.45,0.01,-0.00,-0.00
2097151,-156.60,-64,2.28,543,2,63237,15_46_40_30_04_2025,-1.82,9.37,1.44,0.01,-0.00,-0.00
2097151,-156.60,347,2.25,543,2,63303,15_46_40_30_04_2025,-1.82,9.37,1.45,0.01,-0.00,-0.00
2097151,-156.60,111,2.26,544,2,63398,15_46_40_30_04_2025,-1.82,9.37,1.44,0.00,-0.00,-0.00
2097151,-156.60,170,2.26,544,2,63490,15_46_40_30_04_2025,-1.83,9.38,1.45,0.00,-0.00,-0.00
2097151,-156.60,313,2.25,544,2,63585,15_46_40_30_04_2025,-1.81,9.37,1.45,0.00,-0.00,-0.00
2097151,-156.60,136,2.26,544,2,63632,15_46_40_30_04_2025,-1.82,9.38,1.45,0.01,-0.00,0.00
2097151,-156.60,310,2.25,544,2,63699,15_46_41_30_04_2025,-1.83,9.37,1.45,0.01,-0.00,0.00
2097151,-156.60,291,2.25,545,2,63792,15_46_41_30_04_2025,-1.81,9.37,1.45,0.00,-0.00,0.00
2097151,-156.60,325,2.25,544,2,63886,15_46_41_30_04_2025,-1.82,9.38,1.43,0.00,-0.00,-0.00
2097151,-156.60,169,2.26,543,2,63981,15_46_41_30_04_2025,-1.82,9.37,1.44,0.00,-0.00,-0.00
2097151,-156.60,184,2.26,545,2,64029,15_46_41_30_04_2025,-1.82,9.37,1.45,0.01,-0.00,-0.00
2097151,-156.60,136,2.26,543,2,64093,15_46_41_30_04_2025,-1.84,9.38,1.45,0.00,-0.00,-0.00
2097151,-156.60,61,2.27,544,2,64187,15_46_41_30_04_2025,-1.82,9.37,1.44,0.00,-0.00,-0.00
2097151,-156.60,408,2.24,544,2,64280,15_46_41_30_04_2025,-1.82,9.38,1.45,0.00,-0.00,-0.00
2097151,-156.60,125,2.26,544,2,64375,15_46_41_30_04_2025,-1.82,9.38,1.44,0.00,-0.00,-0.00
2097151,-156.60,62,2.27,543,2,64419,15_46_41_30_04_2025,-1.82,9.37,1.44,0.01,-0.00,-0.00
2097151,-156.60,221,2.26,544,2,64489,15_46_41_30_04_2025,-1.83,9.38,1.45,0.00,-0.00,0.00
2097151,-156.60,34,2.27,543,2,64582,15_46_41_30_04_2025,-1.82,9.38,1.45,0.01,-0.00,-0.00
2097151,-156.60,116,2.26,544,2,64676,15_46_41_30_04_2025,-1.83,9.38,1.44,0.00,-0.00,-0.00
2097151,-156.60,131,2.26,543,2,64771,15_46_42_30_04_2025,-1.82,9.38,1.45,0.00,-0.00,-0.00
2097151,-156.60,271,2.25,543,2,64815,15_46_42_30_04_2025,-1.82,9.38,1.44,0.00,-0.00,0.00
2097151,-156.60,124,2.26,543,2,64883,15_46_42_30_04_2025,-1.82,9.38,1.44,0.01,-0.00,-0.00
2097151,-156.60,-29,2.27,543,2,64976,15_46_42_30_04_2025,-1.83,9.37,1.44,0.01,-0.00,-0.00
2097151,-156.60,105,2.26,544,2,65070,15_46_42_30_04_2025,-1.82,9.37,1.44,0.00,-0.00,-0.00
2097151,-156.60,258,2.25,543,2,65166,15_46_42_30_04_2025,-1.78,3.64,5.11,-0.40,0.14,0.21
2097151,-156.60,129,2.26,541,2,65210,15_46_42_30_04_2025,-8.67,8.35,-2.64,7.29,0.38,0.48
2097151,-156.60,-142,2.28,544,2,65277,15_46_42_30_04_2025,-5.82,13.67,-5.35,-0.06,0.53,-0.96
2097151,-156.60,17,2.27,543,2,65371,15_46_42_30_04_2025,-6.30,12.13,0.57,0.49,3.26,-1.94
2097151,-156.60,347,2.25,544,2,65465,15_46_42_30_04_2025,0.85,6.17,2.69,1.03,4.34,0.12
2097151,-156.60,111,2.26,544,2,65559,15_46_42_30_04_2025,4.04,8.24,-0.85,-0.50,6.52,-0.26
2097151,-156.60,-1171,2.36,544,2,65603,15_46_42_30_04_2025,5.09,9.13,-0.54,-0.79,5.14,-2.58
2097151,-156.60,-360,2.30,544,2,65672,15_46_43_30_04_2025,3.26,11.90,0.17,-0.62,6.68,-1.64
2097151,-156.60,-279,2.29,544,2,65767,15_46_43_30_04_2025,4.78,11.96,1.90,-1.28,4.76,-0.82
2097151,-156.60,-242,2.29,543,2,65860,15_46_43_30_04_2025,0.65,7.14,1.12,1.16,1.99,-3.65
2097151,-156.60,47,2.27,543,2,65955,15_46_43_30_04_2025,-6.77,9.47,-1.37,3.41,1.35,1.00
2097151,-156.60,-436,2.31,543,2,65998,15_46_43_30_04_2025,-3.85,4.43,-7.69,3.67,1.22,-0.39
2097151,-156.60,-174,2.29,543,2,66068,15_46_43_30_04_2025,-5.13,2.95,-6.94,-0.81,-0.48,0.40
2097151,-156.60,-315,2.30,544,2,66162,15_46_43_30_04_2025,-3.24,6.94,-5.92,0.05,0.00,0.16
2097151,-156.60,-425,2.30,544,2,66254,15_46_43_30_04_2025,-3.32,6.05,-6.76,-0.01,-0.00,0.01
2097151,-156.60,-383,2.30,544,2,66349,15_46_43_30_04_2025,-3.33,5.97,-6.73,0.01,-0.00,-0.00
2097151,-156.60,-256,2.29,543,2,66394,15_46_43_30_04_2025,-3.33,6.02,-6.74,0.00,-0.00,-0.00
2097151,-156.60,-242,2.29,543,2,66463,15_46_43_30_04_2025,-3.33,6.01,-6.74,0.01,-0.00,0.00
2097151,-156.60,-175,2.29,544,2,66557,15_46_43_30_04_2025,-3.33,6.02,-6.74,0.00,-0.00,-0.00
2097151,-156.60,-28,2.27,544,2,66649,15_46_43_30_04_2025,-3.33,6.01,-6.73,0.00,-0.00,-0.00
2097151,-156.60,-199,2.29,543,2,66744,15_46_44_30_04_2025,-3.33,6.01,-6.75,0.00,-0.00,-0.00
2097151,-156.60,-127,2.28,544,2,66792,15_46_44_30_04_2025,-3.32,6.01,-6.74,0.00,-0.00,-0.00
2097151,-156.60,-223,2.29,544,2,66857,15_46_44_30_04_2025,-3.33,6.02,-6.74,0.00,-0.00,-0.00
2097151,-156.60,3,2.27,544,2,66950,15_46_44_30_04_2025,-3.33,6.02,-6.74,0.00,-0.00,-0.00
2097151,-156.60,3,2.27,543,2,67045,15_46_44_30_04_2025,-3.32,6.01,-6.74,0.00,-0.00,-0.00
2097151,-156.60,-135,2.28,542,2,67139,15_46_44_30_04_2025,-3.33,6.01,-6.73,0.00,-0.00,0.00
2097151,-156.60,-273,2.29,544,2,67186,15_46_44_30_04_2025,-3.31,6.03,-6.80,0.01,-0.00,0.00
2097151,-156.60,-26,2.27,544,2,67252,15_46_44_30_04_2025,-3.33,6.00,-6.75,0.00,-0.00,0.00
2097151,-156.60,-182,2.29,543,2,67345,15_46_44_30_04_2025,-3.33,6.00,-6.74,0.01,-0.00,-0.00
2097151,-156.60,-42,2.28,544,2,67439,15_46_44_30_04_2025,-3.33,6.02,-6.75,0.00,-0.00,-0.00
2097151,-156.60,-222,2.29,543,2,67535,15_46_44_30_04_2025,-3.35,5.98,-6.81,0.00,-0.00,-0.00
2097151,-156.60,-250,2.29,543,2,67579,15_46_44_30_04_2025,-8.39,9.51,-6.58,-0.28,-1.13,0.10
2097151,-156.60,-178,2.29,544,2,67647,15_46_44_30_04_2025,-7.92,8.79,-8.33,-3.20,-0.33,-0.80
2097151,-156.60,-835,2.34,544,2,67741,15_46_45_30_04_2025,-5.20,9.07,-5.29,0.17,-0.25,-0.46
2097151,-156.60,-45,2.28,543,2,67834,15_46_45_30_04_2025,-5.43,11.22,-6.24,1.40,1.10,3.13
2097151,-156.60,-16,2.27,544,2,67928,15_46_45_30_04_2025,-0.43,7.29,-7.01,-0.03,1.66,2.27
2097151,-156.60,67,2.27,544,2,67972,15_46_45_30_04_2025,1.37,6.38,-5.20,0.79,1.95,0.32
2097151,-156.60,48,2.27,544,2,68041,15_46_45_30_04_2025,0.84,6.29,-4.69,0.99,1.02,0.22
2097151,-156.60,116,2.26,544,2,68135,15_46_45_30_04_2025,2.69,4.78,-1.53,-0.24,1.50,-0.55
2097151,-156.60,-375,2.30,544,2,68229,15_46_45_30_04_2025,2.02,6.46,-3.70,0.03,0.54,-0.66
2097151,-156.60,-288,2.29,543,2,68324,15_46_45_30_04_2025,2.17,10.66,-4.30,-1.35,0.28,-1.13
2097151,-156.60,-184,2.29,542,2,68368,15_46_45_30_04_2025,0.97,8.66,-3.75,0.14,0.01,-0.40
2097151,-156.60,-157,2.28,544,2,68437,15_46_45_30_04_2025,0.54,9.57,-4.32,-0.13,0.16,-0.11
