-7522,2.84,-737,2.33,544,2,2645,11_28_29_01_05_2025,1.71,9.46,-0.64,-0.05,-4.10,2.54
-7561,2.85,-699,2.33,544,2,2723,11_28_29_01_05_2025,1.71,9.47,-0.64,0.01,-0.00,-0.00
-7579,2.85,-639,2.32,544,2,2764,11_28_29_01_05_2025,1.70,9.47,-0.64,0.00,-0.00,0.00
-7509,2.84,-822,2.34,544,2,2804,11_28_29_01_05_2025,1.69,9.48,-0.64,0.00,-0.00,-0.00
-7465,2.84,-796,2.33,544,2,2843,11_28_29_01_05_2025,1.70,9.48,-0.64,0.00,-0.00,-0.00
-7681,2.85,-645,2.32,544,2,2884,11_28_29_01_05_2025,1.70,9.48,-0.65,0.00,-0.00,0.00
-7644,2.85,-730,2.33,544,2,2927,11_28_29_01_05_2025,1.70,9.47,-0.65,0.00,-0.00,-0.00
-7569,2.85,-629,2.32,544,2,2968,11_28_29_01_05_2025,1.71,9.47,-0.66,0.00,-0.00,-0.00
-7686,2.86,-662,2.32,545,2,3009,11_28_29_01_05_2025,1.71,9.47,-0.64,0.01,-0.00,-0.00
-7624,2.85,-493,2.31,544,2,3049,11_28_29_01_05_2025,1.70,9.46,-0.65,0.01,-0.00,0.00
-7572,2.85,-529,2.31,544,2,3090,11_28_29_01_05_2025,1.70,9.47,-0.64,0.01,-0.00,-0.00
-7520,2.84,-674,2.32,544,2,3130,11_28_30_01_05_2025,1.71,9.46,-0.64,0.00,-0.00,0.00
-7586,2.85,-804,2.33,544,2,3173,11_28_30_01_05_2025,1.70,9.47,-0.64,0.01,-0.00,0.00
-7716,2.86,-597,2.32,544,2,3216,11_28_30_01_05_2025,1.70,9.48,-0.64,0.00,-0.00,-0.00
-7607,2.85,-631,2.32,544,2,3256,11_28_30_01_05_2025,1.70,9.47,-0.64,0.00,-0.00,-0.00
-7390,2.83,-555,2.31,544,2,3297,11_28_30_01_05_2025,1.71,9.48,-0.64,0.01,-0.00,-0.00
-7586,2.85,-720,2.33,544,2,3338,11_28_30_01_05_2025,1.70,9.47,-0.65,0.01,-0.00,-0.00
-7471,2.84,-742,2.33,542,2,3378,11_28_30_01_05_2025,1.71,9.47,-0.66,0.00,-0.00,-0.00
-7527,2.84,-800,2.33,544,2,3426,11_28_30_01_05_2025,1.69,9.45,-0.64,0.01,-0.00,0.00
-7682,2.85,-844,2.34,544,2,3605,11_28_30_01_05_2025,1.70,9.47,-0.65,0.01,-0.00,0.00
-7426,2.84,-711,2.33,544,2,3645,11_28_30_01_05_2025,1.70,9.46,-0.65,0.01,-0.00,0.00
-7695,2.86,-582,2.32,544,2,3686,11_28_30_01_05_2025,1.69,9.47,-0.64,0.00,-0.00,-0.00
-7565,2.85,-440,2.31,544,2,3726,11_28_30_01_05_2025,1.70,9.47,-0.65,0.01,-0.00,-0.00
-7353,2.83,-587,2.32,542,2,3766,11_28_30_01_05_2025,1.69,9.47,-0.65,0.01,-0.00,0.00
-7301,2.83,-656,2.32,544,2,3810,11_28_30_01_05_2025,1.71,9.46,-0.65,0.00,-0.00,-0.00
-7579,2.85,-612,2.32,544,2,3850,11_28_30_01_05_2025,1.70,9.47,-0.64,0.01,-0.00,0.00
-7553,2.84,-630,2.32,544,2,3890,11_28_30_01_05_2025,1.70,9.47,-0.65,0.00,-0.00,0.00
-7429,2.84,-439,2.31,544,2,3931,11_28_30_01_05_2025,1.70,9.47,-0.64,0.01,-0.00,-0.00
-7555,2.85,-497,2.31,543,2,3971,11_28_30_01_05_2025,1.70,9.47,-0.64,0.01,-0.00,-0.00
-7612,2.85,-706,2.33,544,2,4011,11_28_30_01_05_2025,1.70,9.46,-0.65,0.01,-0.00,-0.00
-7482,2.84,-647,2.32,544,2,4055,11_28_30_01_05_2025,1.70,9.48,-0.64,0.01,-0.00,0.00
-7690,2.86,-425,2.30,544,2,4096,11_28_30_01_05_2025,1.70,9.47,-0.64,0.01,-0.00,-0.00
-7419,2.83,-506,2.31,544,2,4137,11_28_31_01_05_2025,1.69,9.47,-0.64,0.01,-0.00,-0.00
-7539,2.84,-546,2.31,544,2,4178,11_28_31_01_05_2025,1.69,9.47,-0.64,0.01,-0.00,-0.00
-7506,2.84,-721,2.33,542,2,4218,11_28_31_01_05_2025,1.71,9.46,-0.64,0.00,-0.00,-0.00
-7525,2.84,-546,2.31,544,2,4259,11_28_31_01_05_2025,1.71,9.47,-0.64,0.01,-0.00,0.00
-7500,2.84,-602,2.32,544,2,4301,11_28_31_01_05_2025,1.70,9.47,-0.64,0.01,-0.00,0.00
-7457,2.84,-474,2.31,544,2,4341,11_28_31_01_05_2025,1.70,9.48,-0.65,0.01,-0.00,0.00
-7418,2.83,-518,2.31,545,2,4382,11_28_31_01_05_2025,1.70,9.47,-0.64,0.01,-0.00,-0.00
-7413,2.83,-680,2.32,544,2,4422,11_28_31_01_05_2025,1.70,9.47,-0.65,0.01,-0.00,-0.00
-7565,2.85,-578,2.32,544,2,4462,11_28_31_01_05_2025,1.69,9.48,-0.64,0.00,-0.00,0.00
-7470,2.84,-491,2.31,544,2,4503,11_28_31_01_05_2025,1.70,9.47,-0.65,0.01,-0.00,-0.00
-7656,2.85,-653,2.32,544,2,4546,11_28_31_01_05_2025,1.71,9.47,-0.66,0.00,-0.00,-0.00
-7552,2.84,-658,2.32,543,2,4587,11_28_31_01_05_2025,1.69,9.47,-0.65,0.01,-0.00,0.00
-7372,2.83,-664,2.32,542,2,4628,11_28_31_01_05_2025,1.69,9.47,-0.65,0.00,-0.00,-0.00
-7296,2.83,-631,2.32,544,2,4668,11_28_31_01_05_2025,1.69,9.48,-0.65,0.00,-0.00,-0.00
-7694,2.86,-565,2.32,544,2,4709,11_28_31_01_05_2025,1.69,9.47,-0.66,0.00,-0.00,0.00
-7557,2.85,-498,2.31,543,2,4749,11_28_31_01_05_2025,1.70,9.46,-0.64,0.01,-0.00,-0.00
-7486,2.84,-598,2.32,542,2,4793,11_28_31_01_05_2025,1.70,9.47,-0.64,0.00,-0.00,-0.00
-7516,2.84,-452,2.31,544,2,4834,11_28_31_01_05_2025,1.70,9.46,-0.65,0.00,-0.00,0.00
-7553,2.84,-679,2.32,545,2,4874,11_28_31_01_05_2025,1.70,9.47,-0.64,0.01,-0.00,0.00
-7486,2.84,-662,2.32,544,2,4914,11_28_31_01_05_2025,1.71,9.48,-0.65,0.00,-0.00,-0.00
-7737,2.86,-495,2.31,544,2,4955,11_28_31_01_05_2025,1.70,9.46,-0.64,0.00,-0.00,-0.00
-7685,2.85,-395,2.30,544,2,4995,11_28_31_01_05_2025,1.70,9.47,-0.64,0.01,-0.00,-0.00
-7568,2.85,-729,2.33,544,2,5038,11_28_31_01_05_2025,1.70,9.48,-0.65,0.00,-0.00,0.00
-7516,2.84,-657,2.32,544,2,5079,11_28_31_01_05_2025,1.70,9.47,-0.65,0.01,-0.00,-0.00
-7596,2.85,-657,2.32,543,2,5120,11_28_32_01_05_2025,1.70,9.48,-0.64,0.01,-0.00,0.00
-7615,2.85,-635,2.32,543,2,5160,11_28_32_01_05_2025,1.71,9.47,-0.64,0.00,-0.00,-0.00
-7649,2.85,-614,2.32,543,2,5201,11_28_32_01_05_2025,1.70,9.46,-0.65,0.01,-0.00,-0.00
-7589,2.85,-540,2.31,544,2,5240,11_28_32_01_05_2025,1.70,9.47,-0.65,0.00,-0.00,0.00
-7555,2.85,-693,2.33,544,2,5284,11_28_32_01_05_2025,1.70,9.46,-0.65,0.00,-0.00,-0.00
-7359,2.83,-669,2.32,544,2,5324,11_28_32_01_05_2025,1.70,9.46,-0.65,0.00,-0.00,0.00
-7527,2.84,-665,2.32,544,2,5364,11_28_32_01_05_2025,1.69,9.46,-0.65,0.01,-0.00,0.00
-7496,2.84,-784,2.33,545,2,5405,11_28_32_01_05_2025,1.70,9.47,-0.64,0.01,-0.00,-0.00
-7358,2.83,-784,2.33,544,2,5445,11_28_32_01_05_2025,1.69,9.47,-0.64,0.00,-0.00,0.00
-7674,2.85,-551,2.31,544,2,5486,11_28_32_01_05_2025,1.71,9.47,-0.64,0.01,-0.00,-0.00
-7525,2.84,-555,2.31,544,2,5529,11_28_32_01_05_2025,1.70,9.48,-0.65,0.00,-0.00,0.00
-7416,2.83,-632,2.32,544,2,5569,11_28_32_01_05_2025,1.71,9.47,-0.64,0.00,-0.00,-0.00
-7596,2.85,-736,2.33,544,2,5611,11_28_32_01_05_2025,1.71,9.47,-0.64,0.01,-0.00,0.00
-7544,2.84,-435,2.31,544,2,5651,11_28_32_01_05_2025,1.70,9.47,-0.65,0.01,-0.00,0.00
-7457,2.84,-479,2.31,544,2,5692,11_28_32_01_05_2025,1.70,9.47,-0.65,0.00,-0.00,-0.00
-7523,2.84,-772,2.33,544,2,5733,11_28_32_01_05_2025,1.70,9.47,-0.63,0.00,-0.00,-0.00
-7431,2.84,-488,2.31,544,2,5777,11_28_32_01_05_2025,1.70,9.48,-0.64,0.01,-0.00,0.00
-7576,2.85,-580,2.32,543,2,5818,11_28_32_01_05_2025,1.69,9.48,-0.65,0.01,-0.00,-0.00
-7508,2.84,-684,2.32,543,2,5859,11_28_32_01_05_2025,1.70,9.47,-0.65,0.01,-0.00,-0.00
-7517,2.84,-619,2.32,544,2,5900,11_28_32_01_05_2025,1.69,9.46,-0.65,0.00,-0.00,0.00
-7488,2.84,-661,2.32,544,2,5940,11_28_32_01_05_2025,1.70,9.47,-0.63,0.01,-0.00,-0.00
-7527,2.84,-492,2.31,544,2,5982,11_28_32_01_05_2025,1.70,9.47,-0.64,0.01,-0.00,0.00
-7569,2.85,-617,2.32,544,2,6025,11_28_32_01_05_2025,1.70,9.48,-0.64,0.01,-0.00,-0.00
-7510,2.84,-739,2.33,544,2,6067,11_28_32_01_05_2025,1.70,9.48,-0.65,0.00,-0.00,-0.00
-7643,2.85,-582,2.32,544,2,6108,11_28_32_01_05_2025,1.69,9.46,-0.65,0.00,-0.00,-0.00
-7447,2.84,-607,2.32,544,2,6149,11_28_33_01_05_2025,1.70,9.47,-0.64,0.01,-0.00,0.00
-7506,2.84,-653,2.32,544,2,6190,11_28_33_01_05_2025,1.71,9.46,-0.64,0.01,-0.00,0.00
-7516,2.84,-682,2.32,544,2,6231,11_28_33_01_05_2025,1.70,9.47,-0.64,0.01,-0.00,-0.00
-7561,2.85,-577,2.32,544,2,6275,11_28_33_01_05_2025,1.70,9.47,-0.64,0.01,-0.00,-0.00
-7473,2.84,-643,2.32,544,2,6315,11_28_33_01_05_2025,1.70,9.47,-0.65,0.00,-0.00,-0.00
-7521,2.84,-584,2.32,544,2,6355,11_28_33_01_05_2025,1.71,9.47,-0.64,0.00,-0.00,-0.00
-7592,2.85,-547,2.31,544,2,6397,11_28_33_01_05_2025,1.69,9.48,-0.64,0.01,-0.00,-0.00
-7496,2.84,-521,2.31,544,2,6438,11_28_33_01_05_2025,1.70,9.47,-0.64,0.00,-0.00,-0.00
-7634,2.85,-520,2.31,544,2,6479,11_28_33_01_05_2025,1.70,9.47,-0.65,0.01,-0.00,0.00
-7613,2.85,-606,2.32,543,2,6522,11_28_33_01_05_2025,1.70,9.46,-0.64,0.00,-0.00,-0.00
-7499,2.84,-579,2.32,544,2,6562,11_28_33_01_05_2025,1.70,9.47,-0.63,0.01,-0.00,-0.00
-7626,2.85,-520,2.31,544,2,6604,11_28_33_01_05_2025,1.70,9.47,-0.64,0.01,-0.00,-0.00
-7601,2.85,-811,2.33,544,2,6644,11_28_33_01_05_2025,1.70,9.47,-0.65,0.01,-0.00,-0.00
-7276,2.82,-660,2.32,545,2,6685,11_28_33_01_05_2025,1.71,9.46,-0.64,0.01,-0.00,-0.00
-7453,2.84,-543,2.31,544,2,6726,11_28_33_01_05_2025,1.70,9.47,-0.65,0.00,-0.00,-0.00
-7326,2.83,-438,2.31,544,2,6769,11_28_33_01_05_2025,1.70,9.46,-0.64,0.00,-0.00,0.00
-7344,2.83,-602,2.32,544,2,6811,11_28_33_01_05_2025,1.71,9.47,-0.65,0.00,-0.00,-0.00
-7446,2.84,-631,2.32,544,2,6851,11_28_33_01_05_2025,1.70,9.47,-0.65,0.00,-0.00,-0.00
-7579,2.85,-574,2.32,544,2,6892,11_28_33_01_05_2025,1.70,9.47,-0.64,0.01,-0.00,0.00
-7589,2.85,-402,2.30,544,2,6933,11_28_33_01_05_2025,1.69,9.46,-0.65,0.01,-0.00,-0.00
-7541,2.84,-580,2.32,544,2,6973,11_28_33_01_05_2025,1.70,9.47,-0.64,0.00,-0.00,-0.00
-7456,2.84,-486,2.31,544,2,7017,11_28_33_01_05_2025,1.71,9.46,-0.65,0.00,-0.00,0.00
-7341,2.83,-598,2.32,544,2,7059,11_28_33_01_05_2025,1.71,9.48,-0.64,0.01,-0.00,-0.00
-7479,2.84,-660,2.32,544,2,7099,11_28_33_01_05_2025,1.70,9.48,-0.64,0.01,-0.00,-0.00
-7389,2.83,-616,2.32,545,2,7140,11_28_34_01_05_2025,1.70,9.47,-0.65,0.01,-0.00,-0.00
-7428,2.84,-672,2.32,544,2,7182,11_28_34_01_05_2025,1.69,9.47,-0.64,0.01,-0.00,-0.00
-7364,2.83,-426,2.31,544,2,7222,11_28_34_01_05_2025,1.70,9.47,-0.64,0.00,-0.00,-0.00
-7529,2.84,-470,2.31,544,2,7266,11_28_34_01_05_2025,1.70,9.47,-0.65,0.01,-0.00,-0.00
-7441,2.84,-457,2.31,544,2,7307,11_28_34_01_05_2025,1.70,9.47,-0.64,0.01,-0.00,-0.00
-7520,2.84,-666,2.32,542,2,7348,11_28_34_01_05_2025,1.69,9.46,-0.65,0.00,-0.00,-0.00
-7416,2.83,-547,2.31,544,2,7389,11_28_34_01_05_2025,1.70,9.47,-0.65,0.01,-0.00,-0.00
-7549,2.84,-687,2.32,542,2,7430,11_28_34_01_05_2025,1.71,9.47,-0.65,0.00,-0.00,-0.00
-7427,2.84,-737,2.33,544,2,7471,11_28_34_01_05_2025,1.70,9.47,-0.64,0.01,-0.00,0.00
-7574,2.85,-612,2.32,544,2,7514,11_28_34_01_05_2025,1.71,9.47,-0.65,0.01,-0.00,0.00
-7525,2.84,-792,2.33,545,2,7555,11_28_34_01_05_2025,1.70,9.48,-0.64,0.00,-0.00,0.00
-7446,2.84,-451,2.31,544,2,7596,11_28_34_01_05_2025,1.70,9.47,-0.64,0.01,-0.00,0.00
-7413,2.83,-606,2.32,544,2,7637,11_28_34_01_05_2025,1.70,9.46,-0.65,0.01,-0.00,0.00
-7670,2.85,-654,2.32,545,2,7678,11_28_34_01_05_2025,1.69,9.47,-0.64,0.00,-0.00,-0.00
-7400,2.83,-606,2.32,544,2,7719,11_28_34_01_05_2025,1.69,9.47,-0.64,0.01,-0.00,-0.00
-7566,2.85,-569,2.32,544,2,7763,11_28_34_01_05_2025,1.70,9.47,-0.64,0.01,-0.00,-0.00
-7440,2.84,-699,2.33,544,2,7804,11_28_34_01_05_2025,1.70,9.46,-0.64,0.00,-0.00,-0.00
-7644,2.85,-583,2.32,544,2,7845,11_28_34_01_05_2025,1.70,9.46,-0.64,0.01,-0.00,0.00
-7477,2.84,-427,2.31,541,2,7886,11_28_34_01_05_2025,1.70,9.48,-0.64,0.00,-0.00,-0.00
-7436,2.84,-599,2.32,544,2,7927,11_28_34_01_05_2025,1.69,9.47,-0.65,0.01,-0.00,-0.00
-7429,2.84,-519,2.31,544,2,7967,11_28_34_01_05_2025,1.69,9.47,-0.64,0.01,-0.00,-0.00
-7709,2.86,-521,2.31,544,2,8011,11_28_34_01_05_2025,1.69,9.47,-0.64,0.01,-0.00,0.00
-7504,2.84,-654,2.32,544,2,8052,11_28_34_01_05_2025,1.70,9.47,-0.65,0.01,-0.00,-0.00
-7430,2.84,-715,2.33,544,2,8093,11_28_34_01_05_2025,1.71,9.47,-0.64,0.01,-0.00,-0.00
-7590,2.85,-782,2.33,544,2,8134,11_28_35_01_05_2025,1.70,9.46,-0.64,0.00,-0.00,0.00
-7444,2.84,-609,2.32,544,2,8175,11_28_35_01_05_2025,1.70,9.47,-0.64,0.01,-0.00,-0.00
-7604,2.85,-713,2.33,544,2,8216,11_28_35_01_05_2025,1.70,9.47,-0.65,0.01,-0.00,-0.00
-7508,2.84,-694,2.33,544,2,8260,11_28_35_01_05_2025,1.71,9.47,-0.65,0.01,-0.00,-0.00
-7532,2.84,-565,2.32,543,2,8300,11_28_35_01_05_2025,1.69,9.47,-0.65,0.00,-0.00,-0.00
-7491,2.84,-641,2.32,544,2,8343,11_28_35_01_05_2025,1.71,9.46,-0.64,0.00,-0.00,-0.00
-7621,2.85,-849,2.34,544,2,8384,11_28_35_01_05_2025,1.71,9.48,-0.64,0.00,-0.00,-0.00
-7484,2.84,-470,2.31,544,2,8424,11_28_35_01_05_2025,1.70,9.48,-0.65,0.00,-0.00,-0.00
-7519,2.84,-359,2.30,544,2,8465,11_28_35_01_05_2025,1.70,9.47,-0.65,0.01,-0.00,-0.00
-7533,2.84,-527,2.31,544,2,8509,11_28_35_01_05_2025,1.70,9.48,-0.64,0.01,-0.00,0.00
-7407,2.83,-589,2.32,544,2,8550,11_28_35_01_05_2025,1.69,9.47,-0.65,0.00,-0.00,0.00
-7475,2.84,-516,2.31,544,2,8591,11_28_35_01_05_2025,1.70,9.47,-0.63,0.00,-0.00,-0.00
-7481,2.84,-544,2.31,544,2,8631,11_28_35_01_05_2025,1.70,9.47,-0.65,0.00,-0.00,0.00
-7568,2.85,-581,2.32,544,2,8672,11_28_35_01_05_2025,1.70,9.46,-0.65,0.00,-0.00,-0.00
-7526,2.84,-586,2.32,544,2,8712,11_28_35_01_05_2025,1.71,9.47,-0.64,0.01,-0.00,-0.00
-7551,2.84,-594,2.32,544,2,8755,11_28_35_01_05_2025,1.70,9.47,-0.64,0.00,-0.00,-0.00
-7571,2.85,-633,2.32,544,2,8797,11_28_35_01_05_2025,1.69,9.48,-0.64,0.01,-0.00,-0.00
-7600,2.85,-678,2.32,544,2,8837,11_28_35_01_05_2025,1.71,9.47,-0.65,0.00,-0.00,-0.00
-7714,2.86,-560,2.32,544,2,8878,11_28_35_01_05_2025,1.70,9.47,-0.65,0.01,-0.00,0.00
-7545,2.84,-655,2.32,544,2,8919,11_28_35_01_05_2025,1.69,9.47,-0.65,0.00,-0.00,-0.00
-7346,2.83,-489,2.31,544,2,8960,11_28_35_01_05_2025,1.71,9.47,-0.64,0.01,-0.00,-0.00
-7593,2.85,-599,2.32,544,2,9004,11_28_35_01_05_2025,1.70,9.48,-0.65,0.00,-0.00,-0.00
-7593,2.85,-660,2.32,544,2,9044,11_28_35_01_05_2025,1.71,9.48,-0.65,0.00,-0.00,-0.00
-7413,2.83,-483,2.31,544,2,9085,11_28_35_01_05_2025,1.70,9.48,-0.65,0.01,-0.00,-0.00
-7434,2.84,-622,2.32,544,2,9126,11_28_36_01_05_2025,1.70,9.48,-0.65,0.00,-0.00,0.00
-7356,2.83,-505,2.31,544,2,9167,11_28_36_01_05_2025,1.70,9.47,-0.64,0.01,-0.00,0.00
-7616,2.85,-491,2.31,544,2,9208,11_28_36_01_05_2025,1.70,9.46,-0.65,0.01,-0.00,-0.00
-7486,2.84,-591,2.32,544,2,9252,11_28_36_01_05_2025,1.70,9.47,-0.64,0.01,-0.00,0.00
-7456,2.84,-699,2.33,543,2,9292,11_28_36_01_05_2025,1.70,9.48,-0.65,0.00,-0.00,-0.00
-7681,2.85,-585,2.32,545,2,9334,11_28_36_01_05_2025,1.70,9.47,-0.64,0.01,-0.00,-0.00
-7462,2.84,-470,2.31,544,2,9375,11_28_36_01_05_2025,1.70,9.47,-0.64,0.01,-0.00,-0.00
-7473,2.84,-672,2.32,544,2,9415,11_28_36_01_05_2025,1.70,9.47,-0.65,0.00,-0.00,-0.00
-7522,2.84,-493,2.31,544,2,9457,11_28_36_01_05_2025,1.70,9.47,-0.64,0.01,-0.00,-0.00
-7584,2.85,-670,2.32,544,2,9500,11_28_36_01_05_2025,1.70,9.48,-0.64,0.01,-0.00,-0.00
-7546,2.84,-566,2.32,544,2,9542,11_28_36_01_05_2025,1.70,9.47,-0.64,0.01,-0.00,-0.00
-7547,2.84,-632,2.32,544,2,9583,11_28_36_01_05_2025,1.70,9.47,-0.65,0.01,-0.00,-0.00
-7516,2.84,-556,2.31,542,2,9624,11_28_36_01_05_2025,1.70,9.47,-0.65,0.01,-0.00,-0.00
-7557,2.85,-434,2.31,544,2,9665,11_28_36_01_05_2025,1.71,9.47,-0.65,0.00,-0.00,-0.00
-7512,2.84,-425,2.30,544,2,9706,11_28_36_01_05_2025,1.70,9.47,-0.64,0.00,-0.00,-0.00
-7628,2.85,-454,2.31,544,2,9750,11_28_36_01_05_2025,1.70,9.47,-0.65,0.00,-0.00,-0.00
-7417,2.83,-653,2.32,544,2,9791,11_28_36_01_05_2025,1.70,9.48,-0.64,0.01,-0.00,0.00
-7454,2.84,-691,2.33,544,2,9831,11_28_36_01_05_2025,1.70,9.48,-0.65,0.00,-0.00,-0.00
-7563,2.85,-384,2.30,544,2,9872,11_28_36_01_05_2025,1.71,9.47,-0.64,0.01,-0.00,-0.00
-7528,2.84,-753,2.33,544,2,9913,11_28_36_01_05_2025,1.70,9.47,-0.65,0.00,-0.00,-0.00
-7540,2.84,-453,2.31,542,2,9953,11_28_36_01_05_2025,1.70,9.47,-0.63,0.01,-0.00,-0.00
-7462,2.84,-485,2.31,544,2,9997,11_28_36_01_05_2025,1.70,9.46,-0.63,0.00,-0.00,-0.00
-7351,2.83,-380,2.30,544,2,10037,11_28_36_01_05_2025,1.70,9.47,-0.65,0.00,-0.00,-0.00
-7497,2.84,-508,2.31,544,2,10078,11_28_36_01_05_2025,1.70,9.47,-0.65,0.01,-0.00,0.00
-7508,2.84,-515,2.31,544,2,10119,11_28_37_01_05_2025,1.70,9.47,-0.65,0.00,-0.00,-0.00
-7473,2.84,-562,2.32,544,2,10160,11_28_37_01_05_2025,1.70,9.47,-0.65,0.01,-0.00,0.00
-7421,2.83,-683,2.32,544,2,10201,11_28_37_01_05_2025,1.70,9.47,-0.65,0.01,-0.00,-0.00
-7375,2.83,-525,2.31,544,2,10245,11_28_37_01_05_2025,1.70,9.47,-0.64,0.01,-0.00,-0.00
-7669,2.85,-594,2.32,544,2,10285,11_28_37_01_05_2025,1.70,9.47,-0.64,0.00,-0.00,0.00
-7617,2.85,-585,2.32,544,2,10327,11_28_37_01_05_2025,1.70,9.47,-0.64,0.01,-0.00,-0.00
-7437,2.84,-560,2.32,544,2,10367,11_28_37_01_05_2025,1.69,9.48,-0.64,0.01,-0.00,-0.00
-7609,2.85,-535,2.31,544,2,10409,11_28_37_01_05_2025,1.70,9.47,-0.65,0.00,-0.00,0.00
-7589,2.85,-491,2.31,544,2,10450,11_28_37_01_05_2025,1.70,9.47,-0.64,0.00,-0.00,-0.00
-7590,2.85,-627,2.32,542,2,10493,11_28_37_01_05_2025,1.70,9.47,-0.64,0.00,-0.00,-0.00
-7438,2.84,-782,2.33,543,2,10535,11_28_37_01_05_2025,1.70,9.47,-0.64,0.00,-0.00,0.00
-7513,2.84,-431,2.31,544,2,10575,11_28_37_01_05_2025,1.70,9.47,-0.64,0.01,-0.00,-0.00
-7441,2.84,-524,2.31,544,2,10616,11_28_37_01_05_2025,1.70,9.47,-0.64,0.01,-0.00,0.00
-7716,2.86,-606,2.32,544,2,10657,11_28_37_01_05_2025,1.71,9.47,-0.65,0.01,-0.00,0.00
-7600,2.85,-478,2.31,544,2,10718,11_28_37_01_05_2025,1.71,9.48,-0.65,0.01,-0.00,0.00
-7559,2.85,-788,2.33,542,2,10808,11_28_37_01_05_2025,1.70,9.47,-0.65,0.00,-0.00,0.00
-7403,2.83,-694,2.33,544,2,10848,11_28_37_01_05_2025,1.70,9.48,-0.65,0.01,-0.00,-0.00
-7665,2.85,-687,2.32,544,2,10913,11_28_37_01_05_2025,1.70,9.47,-0.63,0.00,-0.00,-0.00
-7567,2.85,-541,2.31,542,2,11003,11_28_37_01_05_2025,1.71,9.47,-0.64,0.01,-0.00,-0.00
-7445,2.84,-631,2.32,544,2,11044,11_28_37_01_05_2025,1.70,9.46,-0.64,0.01,-0.00,-0.00
-7609,2.85,-602,2.32,544,2,11110,11_28_37_01_05_2025,1.70,9.46,-0.65,0.01,-0.00,0.00
-7485,2.84,-706,2.33,544,2,11200,11_28_38_01_05_2025,1.69,9.47,-0.64,0.01,-0.01,-0.00
-7360,2.83,-383,2.30,544,2,11241,11_28_38_01_05_2025,1.71,9.47,-0.65,0.01,-0.00,0.00
-7405,2.83,-428,2.31,544,2,11306,11_28_38_01_05_2025,1.71,9.47,-0.64,0.01,-0.00,0.00
-7631,2.85,-736,2.33,544,2,11396,11_28_38_01_05_2025,1.69,9.47,-0.65,0.00,-0.00,-0.00
-7508,2.84,-458,2.31,544,2,11437,11_28_38_01_05_2025,1.70,9.47,-0.64,0.01,-0.00,-0.00
-7554,2.85,-587,2.32,544,2,11502,11_28_38_01_05_2025,1.69,9.47,-0.64,0.00,-0.00,0.00
-7670,2.85,-593,2.32,544,2,11592,11_28_38_01_05_2025,1.70,9.47,-0.64,0.00,-0.00,0.00
-7466,2.84,-421,2.30,544,2,11633,11_28_38_01_05_2025,1.70,9.47,-0.64,0.00,-0.00,0.00
-7641,2.85,-501,2.31,544,2,11699,11_28_38_01_05_2025,1.70,9.48,-0.64,0.01,-0.00,-0.00
-7390,2.83,-678,2.32,543,2,11790,11_28_38_01_05_2025,1.70,9.47,-0.63,0.00,-0.00,-0.00
-7502,2.84,-541,2.31,544,2,11831,11_28_38_01_05_2025,1.70,9.47,-0.64,0.00,-0.00,-0.00
-7529,2.84,-550,2.31,544,2,11895,11_28_38_01_05_2025,1.70,9.47,-0.65,0.00,-0.00,-0.00
-7588,2.85,-742,2.33,544,2,11935,11_28_38_01_05_2025,1.70,9.47,-0.64,0.00,-0.00,-0.00
-7498,2.84,-459,2.31,544,2,12001,11_28_38_01_05_2025,1.70,9.48,-0.64,0.00,-0.00,-0.00
-7450,2.84,-654,2.32,544,2,12092,11_28_38_01_05_2025,1.70,9.47,-0.65,0.01,-0.00,-0.00
-7470,2.84,-430,2.31,544,2,12133,11_28_39_01_05_2025,1.70,9.47,-0.65,0.01,-0.00,0.00
-7472,2.84,-602,2.32,544,2,12196,11_28_39_01_05_2025,1.70,9.48,-0.64,0.01,-0.00,0.00
-7517,2.84,-658,2.32,544,2,12287,11_28_39_01_05_2025,1.71,9.46,-0.65,0.01,-0.00,0.00
-7414,2.83,-589,2.32,544,2,12328,11_28_39_01_05_2025,1.70,9.48,-0.65,0.01,-0.00,-0.00
-7416,2.83,-685,2.32,544,2,12394,11_28_39_01_05_2025,1.70,9.47,-0.64,0.01,-0.00,-0.00
-7678,2.85,-578,2.32,544,2,12483,11_28_39_01_05_2025,1.70,9.47,-0.65,0.00,-0.00,0.00
-7542,2.84,-735,2.33,544,2,12523,11_28_39_01_05_2025,1.70,9.46,-0.65,0.01,-0.00,0.00
-7627,2.85,-696,2.33,544,2,12590,11_28_39_01_05_2025,1.70,9.45,-0.65,0.01,-0.00,-0.00
-7333,2.83,-525,2.31,544,2,12680,11_28_39_01_05_2025,1.70,9.47,-0.65,0.00,-0.00,0.00
-7530,2.84,-525,2.31,544,2,12721,11_28_39_01_05_2025,1.69,9.48,-0.65,0.00,-0.00,-0.00
-7448,2.84,-416,2.30,543,2,12786,11_28_39_01_05_2025,1.70,9.47,-0.65,0.01,-0.00,-0.00
-7612,2.85,-591,2.32,544,2,12875,11_28_39_01_05_2025,1.71,9.46,-0.64,0.01,-0.00,0.00
-7415,2.83,-623,2.32,544,2,12916,11_28_39_01_05_2025,1.70,9.48,-0.65,0.00,-0.00,-0.00
-7495,2.84,-627,2.32,543,2,12982,11_28_39_01_05_2025,1.70,9.48,-0.64,0.00,-0.00,0.00
-7504,2.84,-723,2.33,544,2,13073,11_28_39_01_05_2025,1.71,9.48,-0.64,0.01,-0.00,-0.00
-7408,2.83,-750,2.33,543,2,13114,11_28_40_01_05_2025,1.70,9.48,-0.65,0.00,-0.00,-0.00
-7392,2.83,-695,2.33,544,2,13178,11_28_40_01_05_2025,1.70,9.47,-0.65,0.01,-0.00,-0.00
-7311,2.83,-637,2.32,544,2,13219,11_28_40_01_05_2025,1.70,9.47,-0.65,0.01,-0.00,-0.00
-7509,2.84,-623,2.32,544,2,13284,11_28_40_01_05_2025,1.70,9.47,-0.64,0.01,-0.00,-0.00
-7349,2.83,-518,2.31,543,2,13374,11_28_40_01_05_2025,1.70,9.47,-0.65,0.00,-0.00,-0.00
-7627,2.85,-665,2.32,544,2,13418,11_28_40_01_05_2025,1.70,9.46,-0.65,0.00,-0.00,-0.00
-7599,2.85,-652,2.32,544,2,13480,11_28_40_01_05_2025,1.70,9.47,-0.65,0.00,-0.00,-0.00
-7561,2.85,-559,2.32,544,2,13571,11_28_40_01_05_2025,1.70,9.47,-0.66,0.00,-0.00,0.00
-7437,2.84,-764,2.33,544,2,13611,11_28_40_01_05_2025,1.70,9.48,-0.64,0.00,-0.00,0.00
-7594,2.85,-412,2.30,544,2,13677,11_28_40_01_05_2025,1.70,9.47,-0.64,0.00,-0.00,-0.00
-7509,2.84,-648,2.32,544,2,13768,11_28_40_01_05_2025,1.70,9.48,-0.64,0.01,-0.00,0.00
-7570,2.85,-701,2.33,544,2,13811,11_28_40_01_05_2025,1.70,9.47,-0.65,0.01,-0.00,-0.00
-7816,2.86,-602,2.32,544,2,13873,11_28_40_01_05_2025,1.70,9.47,-0.63,0.01,-0.00,-0.00
-7589,2.85,-715,2.33,544,2,13963,11_28_40_01_05_2025,1.71,9.47,-0.64,0.01,-0.00,-0.00
-7570,2.85,-568,2.32,544,2,14003,11_28_40_01_05_2025,1.70,9.48,-0.66,0.01,-0.00,0.00
-7497,2.84,-666,2.32,544,2,14069,11_28_40_01_05_2025,1.71,9.46,-0.64,0.01,-0.00,-0.00
-7454,2.84,-612,2.32,544,2,14159,11_28_40_01_05_2025,1.69,9.47,-0.63,0.01,-0.00,-0.00
-7426,2.84,-577,2.32,544,2,14202,11_28_41_01_05_2025,1.70,9.47,-0.64,0.01,-0.00,-0.00
-7495,2.84,-623,2.32,544,2,14265,11_28_41_01_05_2025,1.70,9.47,-0.65,0.01,-0.00,-0.00
-7570,2.85,-647,2.32,544,2,14357,11_28_41_01_05_2025,1.69,9.47,-0.64,0.01,-0.00,-0.00
-7451,2.84,-482,2.31,544,2,14398,11_28_41_01_05_2025,1.70,9.46,-0.65,0.00,-0.00,-0.00
-7505,2.84,-533,2.31,544,2,14462,11_28_41_01_05_2025,1.70,9.46,-0.64,0.01,-0.00,-0.00
-7612,2.85,-516,2.31,544,2,14503,11_28_41_01_05_2025,1.70,9.46,-0.65,0.01,-0.00,0.00
-7646,2.85,-504,2.31,544,2,14568,11_28_41_01_05_2025,1.70,9.46,-0.65,0.00,-0.00,-0.00
-7561,2.85,-740,2.33,544,2,14658,11_28_41_01_05_2025,1.71,9.47,-0.64,0.00,-0.00,0.00
-7594,2.85,-356,2.30,544,2,14699,11_28_41_01_05_2025,1.70,9.47,-0.64,0.00,-0.00,-0.00
-7613,2.85,-608,2.32,544,2,14764,11_28_41_01_05_2025,1.70,9.48,-0.65,0.00,-0.00,-0.00
-7487,2.84,-550,2.31,544,2,14854,11_28_41_01_05_2025,1.71,9.47,-0.65,0.01,-0.00,-0.00
-7623,2.85,-656,2.32,543,2,14894,11_28_41_01_05_2025,1.71,9.47,-0.64,0.01,-0.00,0.00
-7374,2.83,-711,2.33,542,2,14960,11_28_41_01_05_2025,1.70,9.47,-0.64,0.01,-0.00,-0.00
-7553,2.84,-545,2.31,544,2,15050,11_28_41_01_05_2025,1.70,9.47,-0.65,0.01,-0.00,0.00
-7587,2.85,-658,2.32,545,2,15091,11_28_41_01_05_2025,1.70,9.47,-0.64,0.00,-0.00,-0.00
-7532,2.84,-443,2.31,542,2,15157,11_28_42_01_05_2025,1.69,9.46,-0.64,0.01,-0.00,-0.00
-7482,2.84,-701,2.33,544,2,15247,11_28_42_01_05_2025,1.70,9.48,-0.64,0.00,-0.00,-0.00
-7457,2.84,-751,2.33,542,2,15290,11_28_42_01_05_2025,1.70,9.47,-0.65,0.01,-0.00,-0.00
-7456,2.84,-513,2.31,543,2,15352,11_28_42_01_05_2025,1.70,9.48,-0.64,0.00,-0.00,-0.00
-7533,2.84,-496,2.31,544,2,15442,11_28_42_01_05_2025,1.71,9.47,-0.65,0.01,-0.00,-0.00
-7668,2.85,-622,2.32,542,2,15484,11_28_42_01_05_2025,1.71,9.47,-0.64,0.00,-0.00,-0.00
-7410,2.83,-479,2.31,544,2,15548,11_28_42_01_05_2025,1.71,9.47,-0.64,0.00,-0.00,-0.00
-7561,2.85,-465,2.31,544,2,15639,11_28_42_01_05_2025,1.70,9.47,-0.65,0.01,-0.00,0.00
-7471,2.84,-483,2.31,543,2,15682,11_28_42_01_05_2025,1.69,9.48,-0.65,0.01,-0.00,-0.00
-7456,2.84,-571,2.32,544,2,15745,11_28_42_01_05_2025,1.69,9.47,-0.66,0.01,-0.00,-0.00
-7514,2.84,-635,2.32,544,2,15786,11_28_42_01_05_2025,1.69,9.47,-0.65,0.01,-0.00,-0.00
-7484,2.84,-654,2.32,544,2,15851,11_28_42_01_05_2025,1.71,9.48,-0.64,0.01,-0.00,-0.00
-7361,2.83,-532,2.31,544,2,15941,11_28_42_01_05_2025,1.71,9.46,-0.64,0.00,-0.00,-0.00
-7435,2.84,-750,2.33,543,2,15981,11_28_42_01_05_2025,1.70,9.47,-0.63,0.01,-0.00,0.00
-7454,2.84,-683,2.32,544,2,16047,11_28_42_01_05_2025,1.70,9.47,-0.64,0.01,-0.00,-0.00
-7544,2.84,-599,2.32,544,2,16137,11_28_42_01_05_2025,1.71,9.46,-0.64,0.00,-0.00,0.00
-7542,2.84,-734,2.33,544,2,16178,11_28_43_01_05_2025,1.70,9.48,-0.64,0.01,-0.00,-0.00
-7595,2.85,-810,2.33,543,2,16243,11_28_43_01_05_2025,1.70,9.47,-0.64,0.00,-0.00,-0.00
-7344,2.83,-605,2.32,545,2,16333,11_28_43_01_05_2025,1.70,9.47,-0.64,0.00,-0.00,-0.00
-7568,2.85,-450,2.31,544,2,16374,11_28_43_01_05_2025,1.70,9.48,-0.64,0.00,-0.00,-0.00
-7383,2.83,-694,2.33,542,2,16440,11_28_43_01_05_2025,1.70,9.47,-0.64,0.01,-0.00,0.00
-7568,2.85,-497,2.31,544,2,16530,11_28_43_01_05_2025,1.70,9.46,-0.65,0.01,-0.00,0.00
-7711,2.86,-602,2.32,543,2,16571,11_28_43_01_05_2025,1.70,9.47,-0.64,0.01,-0.00,0.00
-7358,2.83,-612,2.32,544,2,16637,11_28_43_01_05_2025,1.70,9.48,-0.64,0.00,-0.00,-0.00
-7510,2.84,-612,2.32,544,2,16725,11_28_43_01_05_2025,1.70,9.48,-0.64,0.00,-0.00,-0.00
-7489,2.84,-454,2.31,543,2,16765,11_28_43_01_05_2025,1.70,9.48,-0.64,0.01,-0.00,-0.00
-7635,2.85,-533,2.31,544,2,16833,11_28_43_01_05_2025,1.70,9.47,-0.64,0.01,-0.00,0.00
-7420,2.83,-610,2.32,544,2,16923,11_28_43_01_05_2025,1.70,9.47,-0.65,0.00,-0.00,-0.00
-7654,2.85,-792,2.33,545,2,16963,11_28_43_01_05_2025,1.70,9.47,-0.63,0.01,-0.00,-0.00
-7322,2.83,-457,2.31,544,2,17028,11_28_43_01_05_2025,1.70,9.47,-0.65,0.01,-0.00,-0.00
-7553,2.84,-321,2.30,544,2,17069,11_28_43_01_05_2025,1.69,9.47,-0.65,0.00,-0.00,0.00
-7283,2.82,-397,2.30,544,2,17135,11_28_43_01_05_2025,1.70,9.46,-0.66,0.01,-0.00,-0.00
-7424,2.84,-486,2.31,544,2,17225,11_28_44_01_05_2025,1.71,9.47,-0.64,0.01,-0.00,-0.00
-7702,2.86,-545,2.31,544,2,17265,11_28_44_01_05_2025,1.70,9.46,-0.64,0.00,-0.00,-0.00
-7653,2.85,-702,2.33,544,2,17330,11_28_44_01_05_2025,1.71,9.47,-0.64,0.01,-0.00,-0.00
-7531,2.84,-453,2.31,544,2,17420,11_28_44_01_05_2025,1.70,9.47,-0.65,0.01,-0.00,0.00
-7361,2.83,-474,2.31,545,2,17461,11_28_44_01_05_2025,1.70,9.47,-0.64,0.01,-0.00,0.00
-7584,2.85,-533,2.31,545,2,17527,11_28_44_01_05_2025,1.70,9.47,-0.65,0.00,-0.00,-0.00
-7518,2.84,-875,2.34,543,2,17617,11_28_44_01_05_2025,1.70,9.47,-0.64,0.01,-0.00,-0.00
-7572,2.85,-505,2.31,544,2,17658,11_28_44_01_05_2025,1.70,9.47,-0.64,0.01,-0.00,-0.00
-7522,2.84,-616,2.32,544,2,17723,11_28_44_01_05_2025,1.70,9.48,-0.65,0.01,-0.00,-0.00
-7427,2.84,-688,2.32,544,2,17813,11_28_44_01_05_2025,1.70,9.47,-0.65,0.01,-0.00,-0.00
-7525,2.84,-678,2.32,544,2,17855,11_28_44_01_05_2025,1.70,9.46,-0.65,0.00,-0.00,-0.00
-7581,2.85,-768,2.33,544,2,17919,11_28_44_01_05_2025,1.70,9.48,-0.65,0.00,-0.00,-0.00
-7356,2.83,-634,2.32,545,2,18009,11_28_44_01_05_2025,1.69,9.45,-0.65,0.01,-0.00,-0.00
-7342,2.83,-695,2.33,545,2,18050,11_28_44_01_05_2025,1.70,9.47,-0.64,0.00,-0.00,0.00
-7617,2.85,-495,2.31,542,2,18115,11_28_44_01_05_2025,1.70,9.47,-0.65,0.01,-0.00,-0.00
-7575,2.85,-632,2.32,544,2,18206,11_28_45_01_05_2025,1.70,9.47,-0.65,0.01,-0.00,-0.00
-7534,2.84,-578,2.32,544,2,18248,11_28_45_01_05_2025,1.69,9.47,-0.65,0.01,-0.00,-0.00
-7767,2.86,-639,2.32,544,2,18312,11_28_45_01_05_2025,1.70,9.47,-0.65,0.01,-0.00,-0.00
-7507,2.84,-527,2.31,544,2,18355,11_28_45_01_05_2025,1.70,9.47,-0.65,0.00,-0.00,-0.00
-7623,2.85,-800,2.33,544,2,18418,11_28_45_01_05_2025,1.70,9.46,-0.65,0.00,-0.00,-0.00
-7517,2.84,-626,2.32,544,2,18508,11_28_45_01_05_2025,1.70,9.47,-0.63,0.01,-0.00,-0.00
-7470,2.84,-586,2.32,544,2,18550,11_28_45_01_05_2025,1.71,9.47,-0.64,0.01,-0.00,0.00
-7512,2.84,-658,2.32,544,2,18614,11_28_45_01_05_2025,1.71,9.47,-0.65,0.01,-0.00,-0.00
-7452,2.84,-493,2.31,544,2,18704,11_28_45_01_05_2025,1.70,9.48,-0.64,0.01,-0.00,-0.00
-7548,2.84,-568,2.32,544,2,18748,11_28_45_01_05_2025,1.69,9.47,-0.64,0.00,-0.00,-0.00
-7499,2.84,-506,2.31,545,2,18811,11_28_45_01_05_2025,1.70,9.47,-0.65,0.01,-0.00,0.00
-7701,2.86,-653,2.32,544,2,18901,11_28_45_01_05_2025,1.71,9.47,-0.65,0.01,-0.00,-0.00
-7521,2.84,-709,2.33,544,2,18942,11_28_45_01_05_2025,1.70,9.48,-0.64,0.01,-0.00,-0.00
-7465,2.84,-658,2.32,544,2,19006,11_28_45_01_05_2025,1.70,9.48,-0.64,0.01,-0.00,-0.00
-7583,2.85,-491,2.31,544,2,19096,11_28_45_01_05_2025,1.70,9.48,-0.65,0.01,-0.00,0.00
-7529,2.84,-742,2.33,544,2,19137,11_28_46_01_05_2025,1.69,9.47,-0.64,0.01,-0.00,0.00
-7532,2.84,-584,2.32,542,2,19203,11_28_46_01_05_2025,1.70,9.48,-0.65,0.01,-0.00,-0.00
-7433,2.84,-405,2.30,544,2,19293,11_28_46_01_05_2025,1.70,9.48,-0.64,0.00,-0.00,-0.00
-7419,2.83,-787,2.33,545,2,19334,11_28_46_01_05_2025,1.70,9.48,-0.64,0.01,-0.00,-0.00
-7552,2.84,-428,2.31,544,2,19398,11_28_46_01_05_2025,1.70,9.47,-0.64,0.00,-0.00,-0.00
-7509,2.84,-408,2.30,544,2,19490,11_28_46_01_05_2025,1.70,9.47,-0.65,0.01,-0.00,0.00
-7593,2.85,-280,2.29,542,2,19531,11_28_46_01_05_2025,1.70,9.47,-0.65,0.01,-0.00,0.00
-7529,2.84,-574,2.32,544,2,19595,11_28_46_01_05_2025,1.70,9.48,-0.64,0.01,-0.00,-0.00
-7623,2.85,-633,2.32,544,2,19636,11_28_46_01_05_2025,1.70,9.48,-0.64,0.01,-0.00,-0.00
-7534,2.84,-581,2.32,544,2,19701,11_28_46_01_05_2025,1.70,9.47,-0.65,0.00,-0.00,-0.00
-7577,2.85,-442,2.31,544,2,19791,11_28_46_01_05_2025,1.70,9.47,-0.64,0.00,-0.00,0.00
-7465,2.84,-643,2.32,544,2,19835,11_28_46_01_05_2025,1.70,9.46,-0.65,0.00,-0.00,0.00
-7501,2.84,-546,2.31,544,2,19898,11_28_46_01_05_2025,1.70,9.46,-0.65,0.00,-0.00,-0.00
-7533,2.84,-421,2.30,544,2,19987,11_28_46_01_05_2025,1.70,9.47,-0.64,0.00,-0.00,0.00
-7627,2.85,-664,2.32,544,2,20029,11_28_46_01_05_2025,1.70,9.47,-0.64,0.01,-0.00,-0.00
-7620,2.85,-429,2.31,544,2,20094,11_28_46_01_05_2025,1.70,9.47,-0.65,0.01,-0.00,0.00
-7692,2.86,-414,2.30,544,2,20183,11_28_47_01_05_2025,1.70,9.47,-0.64,0.00,-0.00,-0.00
-7478,2.84,-780,2.33,545,2,20227,11_28_47_01_05_2025,1.70,9.47,-0.64,0.01,-0.00,-0.00
-7510,2.84,-667,2.32,544,2,20290,11_28_47_01_05_2025,1.70,9.48,-0.65,0.01,-0.00,-0.00
-7597,2.85,-504,2.31,542,2,20380,11_28_47_01_05_2025,1.70,9.47,-0.64,0.00,-0.00,0.00
-7590,2.85,-381,2.30,544,2,20421,11_28_47_01_05_2025,1.70,9.47,-0.64,0.00,-0.00,-0.00
-7406,2.83,-557,2.31,544,2,20486,11_28_47_01_05_2025,1.70,9.48,-0.64,0.01,-0.00,0.00
-7578,2.85,-457,2.31,544,2,20576,11_28_47_01_05_2025,1.69,9.46,-0.64,0.00,-0.00,-0.00
-7572,2.85,-511,2.31,544,2,20620,11_28_47_01_05_2025,1.71,9.47,-0.64,0.01,-0.00,-0.00
-7437,2.84,-764,2.33,544,2,20682,11_28_47_01_05_2025,1.70,9.46,-0.65,0.00,-0.00,-0.00
-7410,2.83,-470,2.31,544,2,20773,11_28_47_01_05_2025,1.71,9.48,-0.64,0.01,-0.00,0.00
-7553,2.84,-551,2.31,544,2,20813,11_28_47_01_05_2025,1.69,9.47,-0.64,0.01,-0.00,0.00
-7511,2.84,-758,2.33,544,2,20879,11_28_47_01_05_2025,1.70,9.47,-0.64,0.01,-0.00,-0.00
-7622,2.85,-664,2.32,544,2,20920,11_28_47_01_05_2025,1.70,9.48,-0.65,0.01,-0.00,-0.00
-7549,2.84,-457,2.31,543,2,20985,11_28_47_01_05_2025,1.70,9.46,-0.64,0.01,-0.00,0.00
-7419,2.83,-596,2.32,544,2,21075,11_28_47_01_05_2025,1.69,9.48,-0.65,0.01,-0.00,0.00
-7439,2.84,-685,2.32,544,2,21115,11_28_48_01_05_2025,1.70,9.48,-0.64,0.01,-0.00,-0.00
-7470,2.84,-599,2.32,544,2,21182,11_28_48_01_05_2025,1.69,9.47,-0.64,0.01,-0.00,-0.00
-7799,2.86,-440,2.31,544,2,21272,11_28_48_01_05_2025,1.71,9.46,-0.63,0.01,-0.00,0.00
-7461,2.84,-664,2.32,544,2,21312,11_28_48_01_05_2025,1.70,9.46,-0.64,0.00,-0.00,0.00
-7489,2.84,-627,2.32,544,2,21377,11_28_48_01_05_2025,1.70,9.47,-0.64,0.00,-0.00,-0.00
-7561,2.85,-579,2.32,544,2,21467,11_28_48_01_05_2025,1.70,9.47,-0.64,0.00,-0.00,-0.00
-7549,2.84,-406,2.30,545,2,21507,11_28_48_01_05_2025,1.69,9.47,-0.64,0.00,-0.00,-0.00
-7562,2.85,-506,2.31,544,2,21574,11_28_48_01_05_2025,1.70,9.47,-0.64,0.01,-0.00,-0.00
-7411,2.83,-395,2.30,544,2,21663,11_28_48_01_05_2025,1.71,9.47,-0.65,0.01,-0.00,-0.00
-7658,2.85,-458,2.31,544,2,21704,11_28_48_01_05_2025,1.69,9.46,-0.64,0.01,-0.00,0.00
-7375,2.83,-331,2.30,544,2,21770,11_28_48_01_05_2025,1.70,9.48,-0.65,0.00,-0.00,-0.00
-7575,2.85,-718,2.33,544,2,21859,11_28_48_01_05_2025,1.70,9.47,-0.64,0.00,-0.00,-0.00
-7680,2.85,-559,2.32,544,2,21901,11_28_48_01_05_2025,1.71,9.47,-0.66,0.01,-0.00,-0.00
-7554,2.85,-596,2.32,543,2,21966,11_28_48_01_05_2025,1.70,9.46,-0.66,0.01,-0.00,-0.00
-7591,2.85,-594,2.32,543,2,22057,11_28_48_01_05_2025,1.70,9.48,-0.65,0.00,-0.00,-0.00
-7561,2.85,-869,2.34,544,2,22097,11_28_48_01_05_2025,1.70,9.47,-0.64,0.01,-0.00,0.00
-7559,2.85,-628,2.32,544,2,22162,11_28_49_01_05_2025,1.70,9.47,-0.64,0.00,-0.00,0.00
-7577,2.85,-665,2.32,544,2,22203,11_28_49_01_05_2025,1.70,9.48,-0.64,0.01,-0.00,0.00
-7694,2.86,-544,2.31,544,2,22269,11_28_49_01_05_2025,1.69,9.48,-0.65,0.01,-0.00,-0.00
-7442,2.84,-638,2.32,544,2,22358,11_28_49_01_05_2025,1.71,9.47,-0.65,0.01,-0.00,0.00
-7515,2.84,-747,2.33,542,2,22399,11_28_49_01_05_2025,1.69,9.47,-0.64,0.00,-0.00,0.00
-7260,2.82,-477,2.31,544,2,22464,11_28_49_01_05_2025,1.70,9.46,-0.64,0.00,-0.00,-0.00
-7550,2.84,-731,2.33,544,2,22554,11_28_49_01_05_2025,1.70,9.46,-0.64,0.01,-0.00,0.00
-7533,2.84,-716,2.33,542,2,22596,11_28_49_01_05_2025,1.70,9.48,-0.64,0.00,-0.00,-0.00
-7588,2.85,-492,2.31,545,2,22661,11_28_49_01_05_2025,1.69,9.46,-0.64,0.00,-0.00,-0.00
-7687,2.86,-498,2.31,544,2,22750,11_28_49_01_05_2025,1.70,9.47,-0.65,0.01,-0.00,-0.00
-7560,2.85,-581,2.32,543,2,22791,11_28_49_01_05_2025,1.70,9.47,-0.64,0.00,-0.00,-0.00
-7460,2.84,-573,2.32,544,2,22856,11_28_49_01_05_2025,1.70,9.47,-0.64,0.00,-0.00,-0.00
-7479,2.84,-832,2.34,544,2,22946,11_28_49_01_05_2025,1.70,9.47,-0.64,0.00,-0.00,0.00
-7569,2.85,-427,2.31,544,2,22990,11_28_49_01_05_2025,1.70,9.47,-0.64,0.00,-0.00,-0.00
-7439,2.84,-576,2.32,545,2,23052,11_28_49_01_05_2025,1.70,9.47,-0.65,0.01,-0.00,0.00
-7481,2.84,-667,2.32,544,2,23143,11_28_49_01_05_2025,1.71,9.47,-0.65,0.01,-0.00,-0.00
-7432,2.84,-515,2.31,544,2,23186,11_28_50_01_05_2025,1.70,9.47,-0.65,0.01,-0.00,-0.00
-7326,2.83,-671,2.32,545,2,23249,11_28_50_01_05_2025,1.70,9.47,-0.65,0.01,-0.00,0.00
-7599,2.85,-590,2.32,543,2,23341,11_28_50_01_05_2025,1.70,9.47,-0.65,0.01,-0.00,0.00
-7670,2.85,-410,2.30,544,2,23385,11_28_50_01_05_2025,1.70,9.48,-0.63,0.01,-0.00,0.00
-7515,2.84,-736,2.33,544,2,23446,11_28_50_01_05_2025,1.71,9.47,-0.65,0.01,-0.00,-0.00
-7744,2.86,-536,2.31,544,2,23489,11_28_50_01_05_2025,1.70,9.48,-0.64,0.00,-0.00,0.00
-7512,2.84,-639,2.32,544,2,23552,11_28_50_01_05_2025,1.69,9.47,-0.64,0.00,-0.00,-0.00
-7485,2.84,-769,2.33,544,2,23643,11_28_50_01_05_2025,1.70,9.47,-0.65,0.01,-0.00,-0.00
-7453,2.84,-578,2.32,544,2,23686,11_28_50_01_05_2025,1.70,9.48,-0.64,0.00,-0.00,-0.00
-7692,2.86,-587,2.32,544,2,23748,11_28_50_01_05_2025,1.70,9.47,-0.65,0.01,-0.00,-0.00
-7567,2.85,-866,2.34,544,2,23838,11_28_50_01_05_2025,1.70,9.47,-0.64,0.00,-0.00,-0.00
-7307,2.83,-659,2.32,543,2,23881,11_28_50_01_05_2025,1.70,9.48,-0.64,0.00,-0.00,-0.00
-7502,2.84,-638,2.32,543,2,23945,11_28_50_01_05_2025,1.70,9.48,-0.64,0.00,-0.00,-0.00
-7622,2.85,-626,2.32,544,2,24035,11_28_50_01_05_2025,1.71,9.47,-0.65,0.01,-0.00,0.00
-7445,2.84,-644,2.32,544,2,24077,11_28_50_01_05_2025,1.70,9.47,-0.65,0.00,-0.00,0.00
-7462,2.84,-511,2.31,544,2,24140,11_28_51_01_05_2025,1.70,9.47,-0.64,0.01,-0.00,-0.00
-7700,2.86,-559,2.32,544,2,24230,11_28_51_01_05_2025,1.70,9.47,-0.65,0.01,-0.00,0.00
-7467,2.84,-712,2.33,544,2,24274,11_28_51_01_05_2025,1.70,9.47,-0.64,0.00,-0.00,-0.00
-7564,2.85,-647,2.32,544,2,24337,11_28_51_01_05_2025,1.70,9.47,-0.65,0.01,-0.00,-0.00
-7607,2.85,-363,2.30,544,2,24427,11_28_51_01_05_2025,1.71,9.46,-0.64,0.00,-0.00,0.00
-7479,2.84,-523,2.31,544,2,24469,11_28_51_01_05_2025,1.70,9.48,-0.64,0.01,-0.00,0.00
-7700,2.86,-314,2.30,544,2,24532,11_28_51_01_05_2025,1.69,9.48,-0.64,0.01,-0.00,-0.00
-7436,2.84,-590,2.32,544,2,24623,11_28_51_01_05_2025,1.71,9.47,-0.65,0.01,-0.00,-0.00
-7400,2.83,-580,2.32,545,2,24667,11_28_51_01_05_2025,1.69,9.48,-0.65,0.01,-0.00,-0.00
-7414,2.83,-560,2.32,544,2,24729,11_28_51_01_05_2025,1.70,9.47,-0.64,0.01,-0.00,0.00
-7360,2.83,-546,2.31,543,2,24774,11_28_51_01_05_2025,1.70,9.48,-0.64,0.00,-0.00,-0.00
-7748,2.86,-827,2.34,544,2,24835,11_28_51_01_05_2025,1.69,9.48,-0.65,0.00,-0.00,0.00
-7450,2.84,-640,2.32,544,2,24925,11_28_51_01_05_2025,1.70,9.47,-0.64,0.01,-0.00,-0.00
-7338,2.83,-492,2.31,544,2,24968,11_28_51_01_05_2025,1.70,9.47,-0.64,0.00,-0.00,-0.00
-7392,2.83,-683,2.32,544,2,25031,11_28_51_01_05_2025,1.70,9.47,-0.64,0.01,-0.00,-0.00
-7380,2.83,-579,2.32,544,2,25122,11_28_51_01_05_2025,1.70,9.47,-0.65,0.00,-0.00,-0.00
-7593,2.85,-678,2.32,544,2,25167,11_28_52_01_05_2025,1.70,9.47,-0.65,0.01,-0.00,0.00
-7593,2.85,-460,2.31,544,2,25227,11_28_52_01_05_2025,1.71,9.47,-0.64,0.00,-0.00,-0.00
-7487,2.84,-628,2.32,544,2,25317,11_28_52_01_05_2025,1.70,9.47,-0.65,0.00,-0.00,0.00
-7479,2.84,-589,2.32,545,2,25360,11_28_52_01_05_2025,1.70,9.47,-0.64,0.01,-0.00,-0.00
-7688,2.86,-516,2.31,544,2,25423,11_28_52_01_05_2025,1.70,9.46,-0.65,0.01,-0.00,-0.00
-7496,2.84,-779,2.33,544,2,25513,11_28_52_01_05_2025,1.70,9.46,-0.64,0.01,-0.00,-0.00
-7576,2.85,-525,2.31,545,2,25559,11_28_52_01_05_2025,1.69,9.46,-0.64,0.00,-0.00,-0.00
-7613,2.85,-700,2.33,544,2,25620,11_28_52_01_05_2025,1.69,9.47,-0.64,0.01,-0.00,-0.00
-7550,2.84,-756,2.33,544,2,25710,11_28_52_01_05_2025,1.70,9.48,-0.65,0.00,-0.00,-0.00
-7607,2.85,-544,2.31,544,2,25754,11_28_52_01_05_2025,1.70,9.47,-0.64,0.01,-0.00,-0.00
-7681,2.85,-728,2.33,542,2,25815,11_28_52_01_05_2025,1.70,9.48,-0.65,0.01,-0.00,0.00
-7661,2.85,-710,2.33,544,2,25907,11_28_52_01_05_2025,1.69,9.47,-0.64,0.00,-0.00,-0.00
-7445,2.84,-631,2.32,542,2,25953,11_28_52_01_05_2025,1.70,9.47,-0.63,0.00,-0.00,-0.00
-7506,2.84,-642,2.32,542,2,26013,11_28_52_01_05_2025,1.69,9.46,-0.63,0.01,-0.00,0.00
-7583,2.85,-531,2.31,544,2,26056,11_28_52_01_05_2025,1.70,9.47,-0.64,0.01,-0.00,-0.00
-7498,2.84,-602,2.32,544,2,26119,11_28_52_01_05_2025,1.70,9.46,-0.64,0.01,-0.00,0.00
-7543,2.84,-536,2.31,544,2,26208,11_28_53_01_05_2025,1.70,9.47,-0.64,0.01,-0.00,0.00
-7450,2.84,-616,2.32,544,2,26252,11_28_53_01_05_2025,1.70,9.48,-0.64,0.00,-0.00,-0.00
-7383,2.83,-662,2.32,544,2,26315,11_28_53_01_05_2025,1.71,9.49,-0.65,0.01,-0.00,-0.00
-7492,2.84,-550,2.31,545,2,26405,11_28_53_01_05_2025,1.70,9.47,-0.63,0.01,-0.00,0.00
-7607,2.85,-728,2.33,544,2,26448,11_28_53_01_05_2025,1.70,9.48,-0.64,0.01,-0.00,-0.00
-7419,2.83,-553,2.31,542,2,26511,11_28_53_01_05_2025,1.70,9.47,-0.64,0.00,-0.00,0.00
-7668,2.85,-608,2.32,544,2,26601,11_28_53_01_05_2025,1.70,9.47,-0.64,0.01,-0.00,-0.00
-7524,2.84,-472,2.31,544,2,26644,11_28_53_01_05_2025,1.70,9.47,-0.64,0.01,-0.00,-0.00
-7641,2.85,-742,2.33,544,2,26707,11_28_53_01_05_2025,1.71,9.48,-0.64,0.01,-0.00,0.00
-7648,2.85,-472,2.31,544,2,26797,11_28_53_01_05_2025,1.70,9.47,-0.64,0.01,-0.00,-0.00
-7488,2.84,-684,2.32,544,2,26840,11_28_53_01_05_2025,1.69,9.46,-0.65,0.01,-0.00,0.00
-7631,2.85,-648,2.32,545,2,26903,11_28_53_01_05_2025,1.70,9.46,-0.64,0.01,-0.00,-0.00
-7391,2.83,-726,2.33,545,2,26993,11_28_53_01_05_2025,1.70,9.49,-0.64,0.00,-0.00,0.00
-7246,2.82,-515,2.31,544,2,27036,11_28_53_01_05_2025,1.70,9.47,-0.64,0.01,-0.00,0.00
-7612,2.85,-733,2.33,544,2,27100,11_28_53_01_05_2025,1.70,9.46,-0.64,0.00,-0.00,-0.00
-7598,2.85,-733,2.33,544,2,27190,11_28_54_01_05_2025,1.69,9.47,-0.64,0.01,-0.00,-0.00
-7564,2.85,-664,2.32,544,2,27233,11_28_54_01_05_2025,1.69,9.47,-0.64,0.00,-0.00,-0.00
-7512,2.84,-518,2.31,544,2,27295,11_28_54_01_05_2025,1.70,9.47,-0.64,0.00,-0.00,-0.00
-7545,2.84,-643,2.32,544,2,27339,11_28_54_01_05_2025,1.70,9.46,-0.65,0.01,-0.00,0.00
-7301,2.83,-734,2.33,544,2,27402,11_28_54_01_05_2025,1.69,9.47,-0.64,0.00,-0.00,0.00
-7571,2.85,-487,2.31,544,2,27492,11_28_54_01_05_2025,1.70,9.47,-0.64,0.00,-0.00,-0.00
-7614,2.85,-570,2.32,544,2,27535,11_28_54_01_05_2025,1.71,9.46,-0.65,0.01,-0.00,0.00
-7286,2.82,-724,2.33,544,2,27597,11_28_54_01_05_2025,1.70,9.47,-0.65,0.00,-0.00,0.00
-7658,2.85,-402,2.30,544,2,27688,11_28_54_01_05_2025,1.70,9.48,-0.65,0.00,-0.00,0.00
-7287,2.82,-532,2.31,544,2,27731,11_28_54_01_05_2025,1.70,9.47,-0.64,0.00,-0.00,-0.00
-7393,2.83,-422,2.30,544,2,27794,11_28_54_01_05_2025,1.70,9.48,-0.64,0.01,-0.00,-0.00
-7341,2.83,-525,2.31,544,2,27884,11_28_54_01_05_2025,1.70,9.47,-0.64,0.01,-0.00,-0.00
-7462,2.84,-779,2.33,544,2,27927,11_28_54_01_05_2025,1.70,9.47,-0.65,0.01,-0.00,-0.00
-7534,2.84,-525,2.31,544,2,27990,11_28_54_01_05_2025,1.71,9.48,-0.64,0.01,-0.00,-0.00
-7645,2.85,-698,2.33,544,2,28080,11_28_54_01_05_2025,1.69,9.47,-0.65,0.01,-0.00,0.00
-7656,2.85,-598,2.32,544,2,28124,11_28_55_01_05_2025,1.70,9.47,-0.64,0.00,-0.00,-0.00
-7507,2.84,-601,2.32,543,2,28186,11_28_55_01_05_2025,1.70,9.47,-0.65,0.01,-0.00,-0.00
-7523,2.84,-627,2.32,544,2,28277,11_28_55_01_05_2025,1.70,9.47,-0.64,0.01,-0.00,-0.00
-7474,2.84,-771,2.33,543,2,28320,11_28_55_01_05_2025,1.70,9.47,-0.64,0.01,-0.00,0.00
-7472,2.84,-591,2.32,544,2,28383,11_28_55_01_05_2025,1.70,9.48,-0.65,0.01,-0.00,0.00
-7487,2.84,-539,2.31,544,2,28474,11_28_55_01_05_2025,1.71,9.47,-0.63,0.01,-0.00,-0.00
-7412,2.83,-608,2.32,544,2,28517,11_28_55_01_05_2025,1.70,9.47,-0.64,0.00,-0.00,-0.00
-7578,2.85,-537,2.31,544,2,28578,11_28_55_01_05_2025,1.70,9.46,-0.65,0.01,-0.00,0.00
-7533,2.84,-565,2.32,542,2,28622,11_28_55_01_05_2025,1.69,9.47,-0.65,0.01,-0.00,-0.00
-7512,2.84,-329,2.30,544,2,28686,11_28_55_01_05_2025,1.69,9.46,-0.63,0.01,-0.00,-0.00
-7481,2.84,-530,2.31,544,2,28775,11_28_55_01_05_2025,1.71,9.47,-0.63,0.01,-0.00,-0.00
-7703,2.86,-603,2.32,545,2,28818,11_28_55_01_05_2025,1.70,9.47,-0.63,0.01,-0.00,-0.00
-7559,2.85,-623,2.32,544,2,28883,11_28_55_01_05_2025,1.70,9.47,-0.65,0.01,-0.00,0.00
-7456,2.84,-351,2.30,544,2,28972,11_28_55_01_05_2025,1.70,9.47,-0.65,0.00,-0.00,0.00
-7519,2.84,-708,2.33,544,2,29015,11_28_55_01_05_2025,1.70,9.47,-0.64,0.00,-0.00,-0.00
-7458,2.84,-560,2.32,544,2,29078,11_28_55_01_05_2025,1.70,9.47,-0.64,0.01,-0.00,-0.00
-7566,2.85,-551,2.31,544,2,29167,11_28_56_01_05_2025,1.70,9.48,-0.64,0.01,-0.00,-0.00
-7384,2.83,-793,2.33,543,2,29211,11_28_56_01_05_2025,1.70,9.47,-0.65,0.01,-0.00,0.00
-7651,2.85,-558,2.32,544,2,29273,11_28_56_01_05_2025,1.71,9.46,-0.65,0.00,-0.00,-0.00
-7467,2.84,-628,2.32,544,2,29364,11_28_56_01_05_2025,1.70,9.47,-0.64,0.00,-0.00,-0.00
-7611,2.85,-605,2.32,545,2,29407,11_28_56_01_05_2025,1.70,9.47,-0.64,0.00,-0.00,0.00
-7503,2.84,-663,2.32,544,2,29470,11_28_56_01_05_2025,1.70,9.47,-0.64,0.00,-0.00,-0.00
-7618,2.85,-556,2.31,543,2,29560,11_28_56_01_05_2025,1.70,9.47,-0.64,0.00,-0.00,0.00
-7427,2.84,-549,2.31,544,2,29603,11_28_56_01_05_2025,1.70,9.46,-0.64,0.00,-0.00,-0.00
-7392,2.83,-416,2.30,544,2,29667,11_28_56_01_05_2025,1.70,9.48,-0.64,0.01,-0.00,0.00
-7628,2.85,-605,2.32,545,2,29757,11_28_56_01_05_2025,1.70,9.48,-0.65,0.01,-0.00,-0.00
-7550,2.84,-576,2.32,544,2,29801,11_28_56_01_05_2025,1.71,9.48,-0.65,0.00,-0.00,0.00
-7453,2.84,-411,2.30,543,2,29862,11_28_56_01_05_2025,1.70,9.48,-0.64,0.00,-0.00,-0.00
-7515,2.84,-524,2.31,542,2,30045,11_28_56_01_05_2025,1.71,9.47,-0.65,0.01,-0.00,-0.00
-7368,2.83,-595,2.32,544,2,30281,11_28_57_01_05_2025,1.70,9.47,-0.64,0.01,-0.00,0.00
-7472,2.84,-761,2.33,545,2,30324,11_28_57_01_05_2025,1.70,9.47,-0.64,0.01,-0.00,0.00
-7490,2.84,-684,2.32,544,2,30371,11_28_57_01_05_2025,1.71,9.47,-0.64,0.00,-0.00,0.00
-7416,2.83,-555,2.31,544,2,30413,11_28_57_01_05_2025,1.69,9.47,-0.65,0.00,-0.00,0.00
-7579,2.85,-628,2.32,544,2,30457,11_28_57_01_05_2025,1.70,9.47,-0.64,0.01,-0.00,-0.00
-7622,2.85,-623,2.32,544,2,30500,11_28_57_01_05_2025,1.70,9.47,-0.65,0.00,-0.00,-0.00
-7432,2.84,-691,2.33,544,2,30543,11_28_57_01_05_2025,1.70,9.47,-0.64,0.01,-0.00,-0.00
-7528,2.84,-696,2.33,544,2,30586,11_28_57_01_05_2025,1.69,9.48,-0.65,0.00,-0.00,0.00
-7702,2.86,-597,2.32,545,2,30633,11_28_57_01_05_2025,1.70,9.47,-0.64,0.01,-0.00,-0.00
-7493,2.84,-636,2.32,544,2,30676,11_28_57_01_05_2025,1.71,9.46,-0.65,0.01,-0.00,-0.00
-7618,2.85,-694,2.33,544,2,30718,11_28_57_01_05_2025,1.70,9.47,-0.64,0.00,-0.00,-0.00
-7598,2.85,-574,2.32,544,2,30761,11_28_57_01_05_2025,1.71,9.47,-0.66,0.01,-0.00,-0.00
-7473,2.84,-762,2.33,544,2,30804,11_28_57_01_05_2025,1.70,9.48,-0.64,0.00,-0.00,0.00
-7364,2.83,-634,2.32,543,2,30848,11_28_57_01_05_2025,1.70,9.46,-0.66,0.00,-0.00,0.00
-7605,2.85,-806,2.33,545,2,30893,11_28_57_01_05_2025,1.69,9.47,-0.65,0.01,-0.00,0.00
-7510,2.84,-669,2.32,544,2,30949,11_28_57_01_05_2025,1.70,9.47,-0.64,0.01,-0.00,-0.00
-7703,2.86,-549,2.31,542,2,31040,11_28_57_01_05_2025,1.70,9.47,-0.65,0.00,-0.00,0.00
-7608,2.85,-629,2.32,544,2,31084,11_28_57_01_05_2025,1.70,9.48,-0.64,0.00,-0.00,-0.00
-7667,2.85,-488,2.31,544,2,31146,11_28_58_01_05_2025,1.70,9.47,-0.64,0.00,-0.00,-0.00
-7417,2.83,-440,2.31,544,2,31189,11_28_58_01_05_2025,1.70,9.47,-0.65,0.01,-0.00,0.00
-7278,2.82,-724,2.33,544,2,31252,11_28_58_01_05_2025,1.70,9.46,-0.64,0.01,-0.00,0.00
-7565,2.85,-745,2.33,545,2,31342,11_28_58_01_05_2025,1.69,9.47,-0.64,0.01,-0.00,0.00
-7760,2.86,-654,2.32,544,2,31385,11_28_58_01_05_2025,1.71,9.47,-0.64,0.01,-0.00,-0.00
-7626,2.85,-618,2.32,545,2,31448,11_28_58_01_05_2025,1.70,9.48,-0.64,0.00,-0.00,-0.00
-7709,2.86,-570,2.32,544,2,31538,11_28_58_01_05_2025,1.70,9.47,-0.64,0.01,-0.00,-0.00
-7489,2.84,-456,2.31,544,2,31580,11_28_58_01_05_2025,1.70,9.46,-0.64,0.01,-0.00,-0.00
-7489,2.84,-579,2.32,543,2,31644,11_28_58_01_05_2025,1.70,9.47,-0.65,0.01,-0.00,0.00
-7445,2.84,-598,2.32,544,2,31734,11_28_58_01_05_2025,1.70,9.47,-0.64,0.01,-0.00,-0.00
-7596,2.85,-725,2.33,544,2,31777,11_28_58_01_05_2025,1.70,9.48,-0.65,0.00,-0.00,-0.00
-7527,2.84,-610,2.32,544,2,31841,11_28_58_01_05_2025,1.70,9.47,-0.64,0.01,-0.00,-0.00
-7593,2.85,-536,2.31,545,2,31930,11_28_58_01_05_2025,1.70,9.47,-0.64,0.01,-0.00,-0.00
-7609,2.85,-620,2.32,544,2,31975,11_28_58_01_05_2025,1.70,9.47,-0.64,0.01,-0.00,-0.00
-7483,2.84,-762,2.33,545,2,32036,11_28_58_01_05_2025,1.70,9.47,-0.64,0.00,-0.00,-0.00
-7568,2.85,-766,2.33,544,2,32127,11_28_58_01_05_2025,1.69,9.47,-0.64,0.01,-0.00,-0.00
-7536,2.84,-549,2.31,544,2,32170,11_28_59_01_05_2025,1.70,9.47,-0.64,0.01,-0.00,0.00
-7481,2.84,-662,2.32,544,2,32233,11_28_59_01_05_2025,1.70,9.47,-0.65,0.01,-0.00,-0.00
-7375,2.83,-612,2.32,544,2,32324,11_28_59_01_05_2025,1.70,9.47,-0.64,0.00,-0.00,-0.00
-7645,2.85,-851,2.34,544,2,32369,11_28_59_01_05_2025,1.70,9.46,-0.64,0.01,-0.00,0.00
-7449,2.84,-633,2.32,544,2,32429,11_28_59_01_05_2025,1.70,9.47,-0.64,0.00,-0.00,-0.00
-7623,2.85,-723,2.33,544,2,32472,11_28_59_01_05_2025,1.70,9.47,-0.63,0.01,-0.00,-0.00
-7394,2.83,-548,2.31,544,2,32536,11_28_59_01_05_2025,1.70,9.47,-0.64,0.01,-0.00,-0.00
-7482,2.84,-539,2.31,544,2,32625,11_28_59_01_05_2025,1.69,9.47,-0.64,0.01,-0.00,0.00
-7422,2.84,-618,2.32,544,2,32667,11_28_59_01_05_2025,1.69,9.47,-0.65,0.01,-0.00,0.00
-7681,2.85,-732,2.33,544,2,32732,11_28_59_01_05_2025,1.70,9.47,-0.64,0.01,-0.00,0.00
-7378,2.83,-593,2.32,544,2,32824,11_28_59_01_05_2025,1.70,9.47,-0.65,0.01,-0.00,0.00
-7560,2.85,-630,2.32,542,2,32867,11_28_59_01_05_2025,1.70,9.47,-0.64,0.01,-0.00,-0.00
-7378,2.83,-830,2.34,544,2,32927,11_28_59_01_05_2025,1.70,9.47,-0.63,0.01,-0.00,-0.00
-7508,2.84,-419,2.30,544,2,33018,11_28_59_01_05_2025,1.70,9.48,-0.65,0.00,-0.00,-0.00
-7475,2.84,-513,2.31,542,2,33060,11_28_59_01_05_2025,1.70,9.47,-0.65,0.01,-0.00,0.00
-7459,2.84,-509,2.31,544,2,33125,11_28_59_01_05_2025,1.69,9.48,-0.64,0.00,-0.00,0.00
-7453,2.84,-464,2.31,544,2,33214,11_29_00_01_05_2025,1.70,9.48,-0.64,0.00,-0.00,-0.00
-7529,2.84,-634,2.32,544,2,33257,11_29_00_01_05_2025,1.70,9.46,-0.65,0.01,-0.00,-0.00
-7609,2.85,-534,2.31,544,2,33319,11_29_00_01_05_2025,1.69,9.46,-0.65,0.01,-0.00,-0.00
-7342,2.83,-559,2.32,544,2,33410,11_29_00_01_05_2025,1.69,9.47,-0.65,0.00,-0.00,-0.00
-7440,2.84,-473,2.31,544,2,33454,11_29_00_01_05_2025,1.69,9.48,-0.64,0.00,-0.00,0.00
-7429,2.84,-632,2.32,544,2,33517,11_29_00_01_05_2025,1.70,9.47,-0.64,0.00,-0.00,-0.00
-7503,2.84,-431,2.31,542,2,33608,11_29_00_01_05_2025,1.70,9.47,-0.64,0.01,-0.00,0.00
-7275,2.82,-500,2.31,544,2,33650,11_29_00_01_05_2025,1.70,9.47,-0.64,0.00,-0.00,-0.00
-7601,2.85,-521,2.31,544,2,33713,11_29_00_01_05_2025,1.70,9.47,-0.64,0.01,-0.00,-0.00
-7455,2.84,-501,2.31,544,2,33756,11_29_00_01_05_2025,1.69,9.46,-0.64,0.01,-0.00,0.00
-7438,2.84,-439,2.31,544,2,33819,11_29_00_01_05_2025,1.69,9.47,-0.64,0.01,-0.00,0.00
-7618,2.85,-493,2.31,544,2,33909,11_29_00_01_05_2025,1.69,9.47,-0.64,0.01,-0.00,-0.00
-7649,2.85,-681,2.32,544,2,33952,11_29_00_01_05_2025,1.69,9.48,-0.63,0.00,-0.00,0.00
-7398,2.83,-550,2.31,544,2,34015,11_29_00_01_05_2025,1.71,9.47,-0.64,0.01,-0.00,-0.00
-7555,2.85,-550,2.31,545,2,34105,11_29_00_01_05_2025,1.70,9.46,-0.65,0.01,-0.00,-0.00
-7430,2.84,-651,2.32,544,2,34148,11_29_01_01_05_2025,1.69,9.48,-0.65,0.01,-0.00,-0.00
-7421,2.83,-544,2.31,544,2,34211,11_29_01_01_05_2025,1.69,9.47,-0.65,0.01,-0.00,-0.00
-7651,2.85,-740,2.33,544,2,34301,11_29_01_01_05_2025,1.70,9.47,-0.65,0.00,-0.00,-0.00
-7644,2.85,-698,2.33,544,2,34344,11_29_01_01_05_2025,1.70,9.47,-0.65,0.00,-0.00,-0.00
-7644,2.85,-453,2.31,544,2,34408,11_29_01_01_05_2025,1.70,9.47,-0.65,0.00,-0.00,-0.00
-7618,2.85,-401,2.30,544,2,34497,11_29_01_01_05_2025,1.70,9.47,-0.64,0.01,-0.00,0.00
-7431,2.84,-490,2.31,544,2,34540,11_29_01_01_05_2025,1.70,9.48,-0.64,0.01,-0.00,0.00
-7666,2.85,-605,2.32,544,2,34603,11_29_01_01_05_2025,1.70,9.47,-0.63,0.01,-0.00,-0.00
-7539,2.84,-485,2.31,544,2,34694,11_29_01_01_05_2025,1.70,9.48,-0.64,0.01,-0.00,-0.00
-7757,2.86,-598,2.32,544,2,34737,11_29_01_01_05_2025,1.70,9.46,-0.65,0.01,-0.00,-0.00
-7425,2.84,-582,2.32,544,2,34799,11_29_01_01_05_2025,1.70,9.49,-0.63,0.00,-0.00,0.00
-7537,2.84,-561,2.32,544,2,34890,11_29_01_01_05_2025,1.70,9.47,-0.63,0.01,-0.00,0.00
-7643,2.85,-566,2.32,544,2,34934,11_29_01_01_05_2025,1.70,9.47,-0.64,0.00,-0.00,-0.00
-7447,2.84,-512,2.31,544,2,34995,11_29_01_01_05_2025,1.70,9.47,-0.64,0.01,-0.00,0.00
-7610,2.85,-619,2.32,544,2,35040,11_29_01_01_05_2025,1.70,9.48,-0.65,0.01,-0.00,-0.00
-7674,2.85,-842,2.34,545,2,35102,11_29_01_01_05_2025,1.69,9.47,-0.64,0.00,-0.00,-0.00
-7596,2.85,-394,2.30,544,2,35193,11_29_02_01_05_2025,1.69,9.47,-0.64,0.00,-0.00,-0.00
-7450,2.84,-780,2.33,544,2,35236,11_29_02_01_05_2025,1.70,9.47,-0.64,0.01,-0.00,-0.00
-7433,2.84,-432,2.31,544,2,35298,11_29_02_01_05_2025,1.70,9.47,-0.63,0.01,-0.00,0.00
-7749,2.86,-700,2.33,544,2,35389,11_29_02_01_05_2025,1.70,9.47,-0.65,0.00,-0.00,0.00
-7547,2.84,-713,2.33,544,2,35435,11_29_02_01_05_2025,1.69,9.45,-0.65,0.00,-0.00,0.00
-7584,2.85,-734,2.33,545,2,35495,11_29_02_01_05_2025,1.70,9.47,-0.64,0.00,-0.00,-0.00
-7618,2.85,-495,2.31,545,2,35585,11_29_02_01_05_2025,1.70,9.46,-0.64,0.01,-0.00,-0.00
-7531,2.84,-549,2.31,542,2,35628,11_29_02_01_05_2025,1.70,9.47,-0.64,0.00,-0.00,-0.00
-7460,2.84,-453,2.31,544,2,35690,11_29_02_01_05_2025,1.69,9.47,-0.65,0.00,-0.00,0.00
-7497,2.84,-678,2.32,544,2,35781,11_29_02_01_05_2025,1.71,9.47,-0.64,0.01,-0.00,-0.00
-7457,2.84,-765,2.33,544,2,35827,11_29_02_01_05_2025,1.71,9.47,-0.64,0.01,-0.00,-0.00
-7521,2.84,-490,2.31,544,2,35887,11_29_02_01_05_2025,1.71,9.47,-0.65,0.01,-0.00,-0.00
-7688,2.86,-594,2.32,544,2,35977,11_29_02_01_05_2025,1.70,9.47,-0.64,0.01,-0.00,-0.00
-7460,2.84,-386,2.30,544,2,36020,11_29_02_01_05_2025,1.70,9.47,-0.64,0.01,-0.00,-0.00
-7504,2.84,-566,2.32,544,2,36083,11_29_02_01_05_2025,1.70,9.48,-0.64,0.01,-0.00,-0.00
-7383,2.83,-594,2.32,541,2,36174,11_29_03_01_05_2025,1.71,9.46,-0.65,0.01,-0.00,-0.00
-7473,2.84,-450,2.31,543,2,36217,11_29_03_01_05_2025,1.70,9.48,-0.65,0.01,-0.00,-0.00
-7695,2.86,-537,2.31,544,2,36280,11_29_03_01_05_2025,1.71,9.49,-0.64,0.01,-0.00,-0.00
-7559,2.85,-651,2.32,544,2,36322,11_29_03_01_05_2025,1.71,9.47,-0.64,0.00,-0.00,-0.00
-7665,2.85,-544,2.31,544,2,36385,11_29_03_01_05_2025,1.69,9.47,-0.64,0.01,-0.00,-0.00
-7600,2.85,-442,2.31,544,2,36475,11_29_03_01_05_2025,1.70,9.47,-0.64,0.01,-0.00,-0.00
-7722,2.86,-437,2.31,544,2,36521,11_29_03_01_05_2025,1.70,9.47,-0.64,0.00,-0.00,-0.00
-7409,2.83,-594,2.32,543,2,36582,11_29_03_01_05_2025,1.70,9.47,-0.63,0.00,-0.00,0.00
-7585,2.85,-652,2.32,544,2,36671,11_29_03_01_05_2025,1.71,9.47,-0.65,0.01,-0.00,0.00
-7503,2.84,-704,2.33,544,2,36714,11_29_03_01_05_2025,1.70,9.47,-0.65,0.01,-0.00,0.00
-7508,2.84,-651,2.32,544,2,36778,11_29_03_01_05_2025,1.68,9.47,-0.65,0.00,-0.00,-0.00
-7515,2.84,-531,2.31,545,2,36868,11_29_03_01_05_2025,1.69,9.46,-0.65,0.01,-0.00,-0.00
-7683,2.85,-588,2.32,544,2,36914,11_29_03_01_05_2025,1.70,9.47,-0.65,0.00,-0.00,-0.00
-7491,2.84,-446,2.31,544,2,36975,11_29_03_01_05_2025,1.71,9.47,-0.64,0.01,-0.00,-0.00
-7454,2.84,-608,2.32,544,2,37064,11_29_03_01_05_2025,1.70,9.48,-0.64,0.01,-0.00,-0.00
-7652,2.85,-604,2.32,545,2,37106,11_29_03_01_05_2025,1.70,9.46,-0.64,0.00,-0.00,-0.00
-7696,2.86,-485,2.31,544,2,37170,11_29_04_01_05_2025,1.70,9.47,-0.64,0.00,-0.00,-0.00
-7471,2.84,-563,2.32,544,2,37261,11_29_04_01_05_2025,1.69,9.47,-0.64,0.01,-0.00,-0.00
-7368,2.83,-631,2.32,544,2,37307,11_29_04_01_05_2025,1.70,9.46,-0.63,0.01,-0.00,-0.00
-7398,2.83,-550,2.31,544,2,37367,11_29_04_01_05_2025,1.70,9.47,-0.65,0.01,-0.00,0.00
-7522,2.84,-476,2.31,543,2,37458,11_29_04_01_05_2025,1.70,9.47,-0.65,0.01,-0.00,-0.00
-7527,2.84,-762,2.33,544,2,37501,11_29_04_01_05_2025,1.71,9.47,-0.64,0.01,-0.00,0.00
-7628,2.85,-585,2.32,544,2,37562,11_29_04_01_05_2025,1.69,9.46,-0.65,0.00,-0.00,-0.00
-7538,2.84,-702,2.33,543,2,37606,11_29_04_01_05_2025,1.70,9.47,-0.64,0.01,-0.00,0.00
-7440,2.84,-587,2.32,544,2,37669,11_29_04_01_05_2025,1.69,9.47,-0.65,0.01,-0.00,-0.00
-7467,2.84,-699,2.33,544,2,37759,11_29_04_01_05_2025,1.70,9.47,-0.64,0.00,-0.00,0.00
-7548,2.84,-705,2.33,544,2,37801,11_29_04_01_05_2025,1.70,9.47,-0.64,0.00,-0.00,0.00
-7521,2.84,-503,2.31,544,2,37866,11_29_04_01_05_2025,1.69,9.47,-0.65,0.01,-0.00,0.00
-7382,2.83,-462,2.31,544,2,37955,11_29_04_01_05_2025,1.70,9.46,-0.64,0.01,-0.00,0.00
-7622,2.85,-625,2.32,542,2,37998,11_29_04_01_05_2025,1.69,9.47,-0.64,0.00,-0.00,-0.00
-7435,2.84,-727,2.33,544,2,38061,11_29_04_01_05_2025,1.71,9.48,-0.64,0.01,-0.00,-0.00
-7548,2.84,-526,2.31,544,2,38152,11_29_04_01_05_2025,1.70,9.47,-0.64,0.01,-0.00,0.00
-7586,2.85,-595,2.32,543,2,38195,11_29_05_01_05_2025,1.70,9.47,-0.64,0.01,-0.00,-0.00
-7493,2.84,-533,2.31,544,2,38258,11_29_05_01_05_2025,1.70,9.48,-0.64,0.01,-0.00,-0.00
-7791,2.86,-547,2.31,544,2,38348,11_29_05_01_05_2025,1.70,9.47,-0.64,0.00,-0.00,0.00
-7624,2.85,-506,2.31,544,2,38390,11_29_05_01_05_2025,1.70,9.47,-0.64,0.00,-0.00,-0.00
-7711,2.86,-394,2.30,544,2,38454,11_29_05_01_05_2025,1.70,9.47,-0.65,0.01,-0.00,0.00
-7656,2.85,-744,2.33,544,2,38544,11_29_05_01_05_2025,1.70,9.47,-0.64,0.01,-0.00,-0.00
-7459,2.84,-676,2.32,545,2,38587,11_29_05_01_05_2025,1.70,9.47,-0.64,0.01,-0.00,-0.00
-7549,2.84,-614,2.32,544,2,38650,11_29_05_01_05_2025,1.70,9.47,-0.64,0.00,-0.00,0.00
-7422,2.84,-586,2.32,545,2,38741,11_29_05_01_05_2025,1.70,9.47,-0.64,0.01,-0.00,0.00
-7702,2.86,-583,2.32,544,2,38783,11_29_05_01_05_2025,1.70,9.47,-0.63,0.01,-0.00,-0.00
-7715,2.86,-470,2.31,544,2,38846,11_29_05_01_05_2025,1.71,9.47,-0.65,0.01,-0.00,0.00
-7433,2.84,-537,2.31,544,2,38889,11_29_05_01_05_2025,1.70,9.47,-0.64,0.00,-0.00,-0.00
-7508,2.84,-577,2.32,545,2,38953,11_29_05_01_05_2025,1.70,9.48,-0.65,0.01,-0.00,-0.00
-7576,2.85,-521,2.31,544,2,39043,11_29_05_01_05_2025,1.70,9.47,-0.64,0.01,-0.00,-0.00
-7573,2.85,-692,2.33,544,2,39085,11_29_05_01_05_2025,1.70,9.47,-0.63,0.01,-0.00,-0.00
-7629,2.85,-393,2.30,544,2,39148,11_29_06_01_05_2025,1.70,9.48,-0.65,0.00,-0.00,-0.00
-7583,2.85,-508,2.31,544,2,39239,11_29_06_01_05_2025,1.69,9.47,-0.64,0.00,-0.00,-0.00
-7653,2.85,-631,2.32,544,2,39283,11_29_06_01_05_2025,1.70,9.48,-0.64,0.01,-0.00,-0.00
-7527,2.84,-516,2.31,544,2,39346,11_29_06_01_05_2025,1.70,9.47,-0.63,0.01,-0.00,-0.00
-7591,2.85,-480,2.31,545,2,39435,11_29_06_01_05_2025,1.70,9.47,-0.65,0.00,-0.00,-0.00
-7464,2.84,-420,2.30,544,2,39477,11_29_06_01_05_2025,1.70,9.47,-0.64,0.01,-0.00,0.00
-7390,2.83,-630,2.32,544,2,39541,11_29_06_01_05_2025,1.70,9.47,-0.65,0.00,-0.00,0.00
-7577,2.85,-553,2.31,545,2,39631,11_29_06_01_05_2025,1.70,9.47,-0.65,0.01,-0.00,-0.00
-7456,2.84,-574,2.32,544,2,39675,11_29_06_01_05_2025,1.70,9.48,-0.65,0.01,-0.00,-0.00
-7436,2.84,-436,2.31,545,2,39737,11_29_06_01_05_2025,1.70,9.48,-0.65,0.01,-0.00,0.00
-7499,2.84,-685,2.32,544,2,39827,11_29_06_01_05_2025,1.70,9.47,-0.64,0.00,-0.00,-0.00
-7565,2.85,-564,2.32,545,2,39870,11_29_06_01_05_2025,1.69,9.46,-0.64,0.00,-0.00,-0.00
-7663,2.85,-537,2.31,544,2,39934,11_29_06_01_05_2025,1.70,9.47,-0.64,0.01,-0.00,0.00
-7627,2.85,-379,2.30,542,2,40026,11_29_06_01_05_2025,1.70,9.46,-0.64,0.01,-0.00,0.00
-7642,2.85,-611,2.32,544,2,40069,11_29_06_01_05_2025,1.70,9.47,-0.64,0.00,-0.00,-0.00
-7385,2.83,-631,2.32,544,2,40130,11_29_06_01_05_2025,1.70,9.48,-0.64,0.01,-0.00,-0.00
-7328,2.83,-698,2.33,544,2,40173,11_29_07_01_05_2025,1.70,9.47,-0.64,0.01,-0.00,0.00
-7654,2.85,-772,2.33,543,2,40237,11_29_07_01_05_2025,1.70,9.48,-0.64,0.00,-0.00,-0.00
-7518,2.84,-577,2.32,544,2,40326,11_29_07_01_05_2025,1.68,9.47,-0.64,0.00,-0.00,-0.00
-7385,2.83,-739,2.33,545,2,40370,11_29_07_01_05_2025,1.70,9.47,-0.64,0.01,-0.00,0.00
-7565,2.85,-503,2.31,544,2,40432,11_29_07_01_05_2025,1.69,9.47,-0.64,0.00,-0.00,-0.00
-7610,2.85,-675,2.32,544,2,40522,11_29_07_01_05_2025,1.70,9.47,-0.63,0.00,-0.00,-0.00
-7531,2.84,-524,2.31,542,2,40565,11_29_07_01_05_2025,1.69,9.47,-0.65,0.01,-0.00,-0.00
-7760,2.86,-645,2.32,544,2,40629,11_29_07_01_05_2025,1.69,9.47,-0.64,0.01,-0.00,-0.00
-7474,2.84,-784,2.33,545,2,40719,11_29_07_01_05_2025,1.71,9.47,-0.64,0.01,-0.00,0.00
-7558,2.85,-712,2.33,544,2,40762,11_29_07_01_05_2025,1.70,9.48,-0.64,0.00,-0.00,-0.00
-7482,2.84,-674,2.32,544,2,40824,11_29_07_01_05_2025,1.70,9.49,-0.64,0.00,-0.00,-0.00
-7445,2.84,-704,2.33,544,2,40915,11_29_07_01_05_2025,1.70,9.47,-0.65,0.01,-0.00,-0.00
-7600,2.85,-546,2.31,545,2,40958,11_29_07_01_05_2025,1.70,9.49,-0.63,0.00,-0.00,-0.00
-7385,2.83,-465,2.31,544,2,41021,11_29_07_01_05_2025,1.69,9.47,-0.64,0.00,-0.00,-0.00
-7389,2.83,-700,2.33,544,2,41113,11_29_07_01_05_2025,1.71,9.47,-0.64,0.01,-0.00,-0.00
-7522,2.84,-760,2.33,544,2,41156,11_29_08_01_05_2025,1.70,9.48,-0.64,0.01,-0.00,-0.00
-7446,2.84,-743,2.33,544,2,41217,11_29_08_01_05_2025,1.71,9.47,-0.65,0.01,-0.00,-0.00
-7547,2.84,-490,2.31,542,2,41308,11_29_08_01_05_2025,1.70,9.47,-0.65,0.01,-0.00,-0.00
-7485,2.84,-575,2.32,542,2,41351,11_29_08_01_05_2025,1.71,9.48,-0.65,0.00,-0.00,-0.00
-7540,2.84,-435,2.31,543,2,41413,11_29_08_01_05_2025,1.70,9.46,-0.65,0.01,-0.00,0.00
-7354,2.83,-484,2.31,544,2,41458,11_29_08_01_05_2025,1.70,9.47,-0.65,0.01,-0.00,-0.00
-7558,2.85,-549,2.31,544,2,41519,11_29_08_01_05_2025,1.70,9.47,-0.64,0.00,-0.00,-0.00
-7513,2.84,-510,2.31,544,2,41610,11_29_08_01_05_2025,1.70,9.47,-0.65,0.00,-0.00,-0.00
-7478,2.84,-659,2.32,544,2,41653,11_29_08_01_05_2025,1.70,9.46,-0.65,0.01,-0.00,0.00
-7607,2.85,-625,2.32,545,2,41716,11_29_08_01_05_2025,1.70,9.47,-0.65,0.00,-0.00,0.00
-7543,2.84,-598,2.32,544,2,41805,11_29_08_01_05_2025,1.70,9.47,-0.63,0.00,-0.00,-0.00
-7570,2.85,-422,2.30,544,2,41851,11_29_08_01_05_2025,1.71,9.47,-0.65,0.01,-0.00,0.00
-7538,2.84,-797,2.33,542,2,41911,11_29_08_01_05_2025,1.70,9.47,-0.64,0.01,-0.00,-0.00
-7608,2.85,-639,2.32,544,2,42002,11_29_08_01_05_2025,1.71,9.47,-0.63,0.01,-0.00,0.00
-7566,2.85,-539,2.31,544,2,42046,11_29_08_01_05_2025,1.71,9.47,-0.65,0.00,-0.00,-0.00
-7582,2.85,-604,2.32,544,2,42107,11_29_08_01_05_2025,1.70,9.47,-0.65,0.01,-0.00,0.00
-7539,2.84,-592,2.32,544,2,42198,11_29_09_01_05_2025,1.70,9.47,-0.64,0.01,-0.00,-0.00
-7509,2.84,-622,2.32,544,2,42243,11_29_09_01_05_2025,1.70,9.47,-0.64,0.01,-0.00,-0.00
-7514,2.84,-540,2.31,544,2,42305,11_29_09_01_05_2025,1.71,9.47,-0.65,0.01,-0.00,-0.00
-7546,2.84,-397,2.30,544,2,42394,11_29_09_01_05_2025,1.70,9.47,-0.63,0.01,-0.00,-0.00
-7470,2.84,-538,2.31,544,2,42437,11_29_09_01_05_2025,1.70,9.47,-0.65,0.00,-0.00,-0.00
-7659,2.85,-602,2.32,544,2,42500,11_29_09_01_05_2025,1.70,9.48,-0.65,0.01,-0.00,-0.00
-7387,2.83,-473,2.31,545,2,42592,11_29_09_01_05_2025,1.70,9.48,-0.64,0.01,-0.00,0.00
-7551,2.84,-658,2.32,542,2,42638,11_29_09_01_05_2025,1.70,9.47,-0.64,0.01,-0.00,-0.00
-7554,2.85,-569,2.32,544,2,42698,11_29_09_01_05_2025,1.70,9.48,-0.65,0.01,-0.00,-0.00
-7623,2.85,-435,2.31,544,2,42740,11_29_09_01_05_2025,1.69,9.47,-0.64,0.01,-0.00,-0.00
-7513,2.84,-690,2.33,544,2,42803,11_29_09_01_05_2025,1.70,9.46,-0.64,0.01,-0.00,0.00
-7570,2.85,-693,2.33,542,2,42893,11_29_09_01_05_2025,1.70,9.48,-0.64,0.01,-0.00,0.00
-7446,2.84,-620,2.32,544,2,42937,11_29_09_01_05_2025,1.71,9.47,-0.65,0.00,-0.00,-0.00
-7571,2.85,-517,2.31,544,2,42999,11_29_09_01_05_2025,1.70,9.47,-0.65,0.01,-0.00,0.00
-7708,2.86,-715,2.33,543,2,43090,11_29_09_01_05_2025,1.70,9.48,-0.65,0.01,-0.00,0.00
-7659,2.85,-736,2.33,544,2,43132,11_29_10_01_05_2025,1.70,9.46,-0.64,0.01,-0.00,-0.00
-7563,2.85,-483,2.31,543,2,43195,11_29_10_01_05_2025,1.70,9.46,-0.64,0.00,-0.00,0.00
-7537,2.84,-486,2.31,545,2,43285,11_29_10_01_05_2025,1.69,9.48,-0.64,0.01,-0.00,0.00
-7520,2.84,-577,2.32,544,2,43329,11_29_10_01_05_2025,1.71,9.47,-0.65,0.01,-0.00,-0.00
-7546,2.84,-606,2.32,544,2,43392,11_29_10_01_05_2025,1.70,9.47,-0.64,0.01,-0.00,-0.00
-7447,2.84,-576,2.32,545,2,43481,11_29_10_01_05_2025,1.70,9.48,-0.65,0.01,-0.00,-0.00
-7484,2.84,-607,2.32,544,2,43524,11_29_10_01_05_2025,1.70,9.47,-0.64,0.00,-0.00,0.00
-7623,2.85,-467,2.31,544,2,43587,11_29_10_01_05_2025,1.69,9.47,-0.64,0.01,-0.00,-0.00
-7715,2.86,-481,2.31,544,2,43678,11_29_10_01_05_2025,1.70,9.47,-0.65,0.01,-0.00,0.00
-7573,2.85,-395,2.30,544,2,43721,11_29_10_01_05_2025,1.70,9.49,-0.64,0.00,-0.00,-0.00
-7571,2.85,-686,2.32,544,2,43784,11_29_10_01_05_2025,1.69,9.46,-0.65,0.01,-0.00,-0.00
-7429,2.84,-669,2.32,542,2,43875,11_29_10_01_05_2025,1.70,9.47,-0.64,0.01,-0.00,0.00
-7403,2.83,-622,2.32,544,2,43918,11_29_10_01_05_2025,1.71,9.47,-0.64,0.00,-0.00,0.00
-7343,2.83,-307,2.30,544,2,43980,11_29_10_01_05_2025,1.70,9.47,-0.64,0.01,-0.00,-0.00
-7530,2.84,-681,2.32,544,2,44023,11_29_10_01_05_2025,1.70,9.48,-0.63,0.01,-0.00,-0.00
-7539,2.84,-674,2.32,544,2,44087,11_29_10_01_05_2025,1.70,9.47,-0.64,0.01,-0.00,0.00
-7652,2.85,-655,2.32,544,2,44177,11_29_11_01_05_2025,1.69,9.48,-0.65,0.00,-0.00,-0.00
-7635,2.85,-548,2.31,544,2,44219,11_29_11_01_05_2025,1.70,9.47,-0.63,0.01,-0.00,-0.00
-7505,2.84,-331,2.30,544,2,44282,11_29_11_01_05_2025,1.70,9.48,-0.64,0.01,-0.00,0.00
-7594,2.85,-543,2.31,544,2,44372,11_29_11_01_05_2025,1.71,9.47,-0.64,0.00,-0.00,-0.00
-7594,2.85,-674,2.32,544,2,44415,11_29_11_01_05_2025,1.69,9.47,-0.64,0.01,-0.00,0.00
-7587,2.85,-644,2.32,543,2,44479,11_29_11_01_05_2025,1.71,9.47,-0.65,0.00,-0.00,0.00
-7542,2.84,-560,2.32,544,2,44568,11_29_11_01_05_2025,1.70,9.47,-0.65,0.00,-0.00,-0.00
-7537,2.84,-663,2.32,544,2,44611,11_29_11_01_05_2025,1.70,9.47,-0.64,0.01,-0.00,-0.00
-7620,2.85,-668,2.32,544,2,44674,11_29_11_01_05_2025,1.70,9.47,-0.64,0.00,-0.00,-0.00
-7579,2.85,-594,2.32,542,2,44765,11_29_11_01_05_2025,1.69,9.47,-0.64,0.01,-0.00,0.00
-7636,2.85,-592,2.32,544,2,44809,11_29_11_01_05_2025,1.70,9.47,-0.64,0.01,-0.00,0.00
-7497,2.84,-529,2.31,544,2,44870,11_29_11_01_05_2025,1.70,9.46,-0.65,0.00,-0.00,0.00
-7406,2.83,-581,2.32,544,2,44961,11_29_11_01_05_2025,1.71,9.47,-0.64,0.00,-0.00,-0.00
-7601,2.85,-785,2.33,544,2,45003,11_29_11_01_05_2025,1.70,9.46,-0.64,0.01,-0.00,0.00
-7673,2.85,-453,2.31,544,2,45183,11_29_12_01_05_2025,1.69,9.48,-0.64,0.00,-0.00,-0.00
-7594,2.85,-607,2.32,544,2,45227,11_29_12_01_05_2025,1.70,9.47,-0.65,0.00,-0.00,0.00
-7609,2.85,-862,2.34,544,2,45270,11_29_12_01_05_2025,1.70,9.47,-0.64,0.00,-0.00,0.00
-7537,2.84,-473,2.31,544,2,45316,11_29_12_01_05_2025,1.70,9.48,-0.64,0.01,-0.00,0.00
-7454,2.84,-659,2.32,544,2,45359,11_29_12_01_05_2025,1.71,9.48,-0.64,0.00,-0.00,-0.00
-7636,2.85,-722,2.33,544,2,45403,11_29_12_01_05_2025,1.71,9.47,-0.64,0.00,-0.00,0.00
-7489,2.84,-546,2.31,544,2,45460,11_29_12_01_05_2025,1.70,9.47,-0.64,0.00,-0.00,-0.00
-7372,2.83,-666,2.32,544,2,45503,11_29_12_01_05_2025,1.70,9.48,-0.64,0.01,-0.00,-0.00
-7545,2.84,-525,2.31,544,2,45565,11_29_12_01_05_2025,1.70,9.48,-0.64,0.00,-0.00,-0.00
-7668,2.85,-708,2.33,544,2,45656,11_29_12_01_05_2025,1.70,9.47,-0.64,0.00,-0.00,-0.00
-7418,2.83,-662,2.32,544,2,45699,11_29_12_01_05_2025,1.70,9.48,-0.65,0.00,-0.00,0.00
-7644,2.85,-360,2.30,544,2,45762,11_29_12_01_05_2025,1.69,9.47,-0.64,0.01,-0.00,0.00
-7436,2.84,-500,2.31,544,2,45852,11_29_12_01_05_2025,1.69,9.48,-0.64,0.00,-0.00,-0.00
-7448,2.84,-477,2.31,544,2,45894,11_29_12_01_05_2025,1.70,9.47,-0.64,0.01,-0.00,0.00
-7476,2.84,-477,2.31,544,2,45958,11_29_12_01_05_2025,1.70,9.47,-0.64,0.00,-0.00,-0.00
-7640,2.85,-484,2.31,544,2,46048,11_29_12_01_05_2025,1.70,9.47,-0.64,0.00,-0.00,-0.00
-7559,2.85,-730,2.33,544,2,46091,11_29_12_01_05_2025,1.69,9.47,-0.65,0.01,-0.00,-0.00
-7536,2.84,-562,2.32,542,2,46155,11_29_13_01_05_2025,1.70,9.46,-0.65,0.01,-0.00,-0.00
-7536,2.84,-851,2.34,544,2,46244,11_29_13_01_05_2025,1.70,9.47,-0.64,0.01,-0.00,-0.00
-7428,2.84,-435,2.31,544,2,46287,11_29_13_01_05_2025,1.70,9.47,-0.65,0.00,-0.00,-0.00
-7534,2.84,-517,2.31,544,2,46351,11_29_13_01_05_2025,1.70,9.47,-0.64,0.01,-0.00,0.00
-7502,2.84,-445,2.31,544,2,46441,11_29_13_01_05_2025,1.70,9.47,-0.64,0.00,-0.00,-0.00
-7628,2.85,-525,2.31,544,2,46485,11_29_13_01_05_2025,1.70,9.48,-0.64,0.01,-0.00,0.00
-7621,2.85,-594,2.32,544,2,46547,11_29_13_01_05_2025,1.71,9.47,-0.64,0.01,-0.00,-0.00
-7476,2.84,-439,2.31,544,2,46589,11_29_13_01_05_2025,1.70,9.48,-0.64,0.00,-0.00,0.00
-7530,2.84,-480,2.31,544,2,46652,11_29_13_01_05_2025,1.69,9.47,-0.65,0.01,-0.00,-0.00
-7511,2.84,-663,2.32,544,2,46743,11_29_13_01_05_2025,1.71,9.47,-0.64,0.00,-0.00,-0.00
-7538,2.84,-444,2.31,544,2,46789,11_29_13_01_05_2025,1.70,9.47,-0.64,0.00,-0.00,-0.00
-7558,2.85,-605,2.32,544,2,46849,11_29_13_01_05_2025,1.69,9.47,-0.63,0.01,-0.00,-0.00
-7566,2.85,-508,2.31,542,2,46939,11_29_13_01_05_2025,1.70,9.47,-0.64,0.01,-0.00,-0.00
-7631,2.85,-664,2.32,544,2,46981,11_29_13_01_05_2025,1.70,9.47,-0.64,0.01,-0.00,0.00
-7398,2.83,-423,2.30,544,2,47045,11_29_13_01_05_2025,1.71,9.48,-0.64,0.00,-0.00,-0.00
-7578,2.85,-423,2.30,544,2,47136,11_29_13_01_05_2025,1.70,9.47,-0.65,0.00,-0.00,0.00
-7490,2.84,-594,2.32,543,2,47189,11_29_14_01_05_2025,1.70,9.47,-0.64,0.00,-0.00,-0.00
-7630,2.85,-474,2.31,544,2,47241,11_29_14_01_05_2025,1.69,9.47,-0.64,0.01,-0.00,0.00
-7613,2.85,-604,2.32,544,2,47332,11_29_14_01_05_2025,1.70,9.48,-0.65,0.01,-0.00,-0.00
-7480,2.84,-460,2.31,544,2,47375,11_29_14_01_05_2025,1.70,9.47,-0.65,0.01,-0.00,-0.00
-7765,2.86,-542,2.31,544,2,47438,11_29_14_01_05_2025,1.70,9.47,-0.65,0.01,-0.00,-0.00
-7710,2.86,-565,2.32,544,2,47528,11_29_14_01_05_2025,1.71,9.47,-0.64,0.00,-0.00,-0.00
-7485,2.84,-442,2.31,545,2,47573,11_29_14_01_05_2025,1.70,9.46,-0.64,0.00,-0.00,-0.00
-7526,2.84,-620,2.32,544,2,47634,11_29_14_01_05_2025,1.69,9.47,-0.65,0.00,-0.00,0.00
-7583,2.85,-551,2.31,545,2,47726,11_29_14_01_05_2025,1.70,9.48,-0.65,0.00,-0.00,-0.00
-7488,2.84,-596,2.32,544,2,47769,11_29_14_01_05_2025,1.70,9.46,-0.64,0.01,-0.00,-0.00
-7558,2.85,-574,2.32,544,2,47831,11_29_14_01_05_2025,1.69,9.47,-0.65,0.01,-0.00,-0.00
-7452,2.84,-590,2.32,544,2,47873,11_29_14_01_05_2025,1.71,9.46,-0.64,0.01,-0.00,0.00
-7626,2.85,-603,2.32,544,2,47936,11_29_14_01_05_2025,1.69,9.47,-0.64,0.01,-0.00,-0.00
-7580,2.85,-641,2.32,544,2,48026,11_29_14_01_05_2025,1.71,9.47,-0.64,0.00,-0.00,-0.00
-7406,2.83,-607,2.32,544,2,48070,11_29_14_01_05_2025,1.70,9.47,-0.65,0.00,-0.00,0.00
-7652,2.85,-500,2.31,544,2,48134,11_29_14_01_05_2025,1.70,9.47,-0.64,0.01,-0.00,0.00
-7618,2.85,-724,2.33,544,2,48223,11_29_15_01_05_2025,1.70,9.47,-0.64,0.01,-0.00,0.00
-7446,2.84,-394,2.30,544,2,48268,11_29_15_01_05_2025,1.71,9.47,-0.65,0.00,-0.00,-0.00
-7612,2.85,-356,2.30,544,2,48329,11_29_15_01_05_2025,1.70,9.47,-0.64,0.01,-0.00,0.00
-7583,2.85,-734,2.33,545,2,48419,11_29_15_01_05_2025,1.70,9.47,-0.64,0.01,-0.00,-0.00
-7552,2.84,-594,2.32,544,2,48462,11_29_15_01_05_2025,1.70,9.49,-0.65,0.01,-0.00,0.00
-7479,2.84,-606,2.32,545,2,48526,11_29_15_01_05_2025,1.70,9.47,-0.64,0.01,-0.00,-0.00
-7595,2.85,-696,2.33,544,2,48616,11_29_15_01_05_2025,1.70,9.48,-0.66,0.00,-0.00,-0.00
-7525,2.84,-446,2.31,544,2,48662,11_29_15_01_05_2025,1.70,9.47,-0.65,0.01,-0.00,0.00
-7608,2.85,-615,2.32,544,2,48721,11_29_15_01_05_2025,1.70,9.48,-0.64,0.01,-0.00,0.00
-7542,2.84,-645,2.32,544,2,48811,11_29_15_01_05_2025,1.71,9.47,-0.65,0.01,-0.00,0.00
-7522,2.84,-554,2.31,544,2,48855,11_29_15_01_05_2025,1.71,9.47,-0.65,0.01,-0.00,0.00
-7578,2.85,-424,2.30,545,2,48918,11_29_15_01_05_2025,1.70,9.47,-0.64,0.01,-0.00,0.00
-7596,2.85,-501,2.31,544,2,49009,11_29_15_01_05_2025,1.70,9.47,-0.64,0.01,-0.00,-0.00
-7539,2.84,-616,2.32,544,2,49054,11_29_15_01_05_2025,1.70,9.48,-0.64,0.01,-0.00,-0.00
-7657,2.85,-480,2.31,544,2,49114,11_29_15_01_05_2025,1.70,9.48,-0.63,0.00,-0.00,-0.00
-7558,2.85,-652,2.32,543,2,49157,11_29_16_01_05_2025,1.70,9.47,-0.65,0.01,-0.00,0.00
-7550,2.84,-457,2.31,545,2,49220,11_29_16_01_05_2025,1.70,9.47,-0.64,0.01,-0.00,-0.00
-7506,2.84,-379,2.30,545,2,49309,11_29_16_01_05_2025,1.70,9.47,-0.63,0.00,-0.00,-0.00
-7563,2.85,-586,2.32,544,2,49352,11_29_16_01_05_2025,1.70,9.47,-0.65,0.01,-0.00,-0.00
-7696,2.86,-571,2.32,544,2,49416,11_29_16_01_05_2025,1.70,9.48,-0.63,0.00,-0.00,-0.00
-7556,2.85,-524,2.31,544,2,49507,11_29_16_01_05_2025,1.70,9.48,-0.65,0.00,-0.00,-0.00
-7431,2.84,-522,2.31,544,2,49550,11_29_16_01_05_2025,1.71,9.48,-0.64,0.01,-0.00,0.00
-7469,2.84,-604,2.32,543,2,49612,11_29_16_01_05_2025,1.71,9.47,-0.64,0.00,-0.00,0.00
-7288,2.82,-344,2.30,544,2,49702,11_29_16_01_05_2025,1.69,9.48,-0.63,0.01,-0.00,-0.00
-7582,2.85,-520,2.31,544,2,49745,11_29_16_01_05_2025,1.70,9.46,-0.64,0.01,-0.00,-0.00
-7519,2.84,-586,2.32,545,2,49809,11_29_16_01_05_2025,1.70,9.47,-0.65,0.01,-0.00,-0.00
-7430,2.84,-586,2.32,544,2,49900,11_29_16_01_05_2025,1.70,9.46,-0.64,0.00,-0.00,0.00
-7603,2.85,-656,2.32,544,2,49943,11_29_16_01_05_2025,1.69,9.48,-0.65,0.01,-0.00,-0.00
-7461,2.84,-511,2.31,544,2,50004,11_29_16_01_05_2025,1.69,9.47,-0.64,0.00,-0.00,0.00
-7429,2.84,-775,2.33,545,2,50095,11_29_16_01_05_2025,1.69,9.47,-0.64,0.00,-0.00,-0.00
-7610,2.85,-483,2.31,544,2,50139,11_29_17_01_05_2025,1.70,9.46,-0.64,0.00,-0.00,-0.00
-7787,2.86,-732,2.33,544,2,50201,11_29_17_01_05_2025,1.70,9.48,-0.64,0.00,-0.00,-0.00
-7306,2.83,-294,2.30,544,2,50292,11_29_17_01_05_2025,1.70,9.47,-0.64,0.00,-0.00,-0.00
-7457,2.84,-602,2.32,545,2,50335,11_29_17_01_05_2025,1.69,9.46,-0.65,0.01,-0.00,-0.00
-7709,2.86,-549,2.31,545,2,50397,11_29_17_01_05_2025,1.70,9.47,-0.64,0.01,-0.00,0.00
-7704,2.86,-445,2.31,544,2,50441,11_29_17_01_05_2025,1.69,9.47,-0.63,0.00,-0.00,-0.00
-7452,2.84,-593,2.32,544,2,50504,11_29_17_01_05_2025,1.71,9.47,-0.65,0.01,-0.00,-0.00
-7548,2.84,-616,2.32,545,2,50593,11_29_17_01_05_2025,1.70,9.47,-0.64,0.01,-0.00,-0.00
-7405,2.83,-666,2.32,544,2,50636,11_29_17_01_05_2025,1.70,9.48,-0.63,0.00,-0.00,-0.00
-7472,2.84,-685,2.32,544,2,50699,11_29_17_01_05_2025,1.70,9.48,-0.64,0.01,-0.00,0.00
-7492,2.84,-585,2.32,544,2,50790,11_29_17_01_05_2025,1.69,9.47,-0.64,0.00,-0.00,0.00
-7393,2.83,-588,2.32,544,2,50833,11_29_17_01_05_2025,1.70,9.48,-0.63,0.01,-0.00,-0.00
-7836,2.87,-539,2.31,544,2,50897,11_29_17_01_05_2025,1.70,9.47,-0.64,0.01,-0.00,0.00
-7479,2.84,-696,2.33,544,2,50985,11_29_17_01_05_2025,1.70,9.47,-0.65,0.00,-0.00,-0.00
-7473,2.84,-526,2.31,544,2,51028,11_29_17_01_05_2025,1.69,9.47,-0.64,0.01,-0.00,0.00
-7466,2.84,-661,2.32,544,2,51091,11_29_17_01_05_2025,1.70,9.47,-0.64,0.01,-0.00,-0.00
-7470,2.84,-501,2.31,544,2,51182,11_29_18_01_05_2025,1.70,9.48,-0.65,0.00,-0.00,0.00
-7370,2.83,-464,2.31,544,2,51225,11_29_18_01_05_2025,1.69,9.48,-0.65,0.01,-0.00,-0.00
-7400,2.83,-647,2.32,544,2,51288,11_29_18_01_05_2025,1.70,9.48,-0.64,0.00,-0.00,-0.00
-7492,2.84,-661,2.32,545,2,51378,11_29_18_01_05_2025,1.70,9.47,-0.66,0.01,-0.00,-0.00
-7502,2.84,-627,2.32,544,2,51421,11_29_18_01_05_2025,1.69,9.47,-0.64,0.01,-0.00,-0.00
-7492,2.84,-630,2.32,544,2,51484,11_29_18_01_05_2025,1.70,9.47,-0.64,0.01,-0.00,-0.00
-7576,2.85,-557,2.31,542,2,51576,11_29_18_01_05_2025,1.70,9.47,-0.64,0.01,-0.00,-0.00
-7426,2.84,-651,2.32,544,2,51619,11_29_18_01_05_2025,1.70,9.46,-0.64,0.01,-0.00,-0.00
-7501,2.84,-630,2.32,544,2,51681,11_29_18_01_05_2025,1.70,9.48,-0.65,0.01,-0.00,0.00
-7594,2.85,-634,2.32,545,2,51726,11_29_18_01_05_2025,1.70,9.47,-0.65,0.00,-0.00,0.00
-7755,2.86,-604,2.32,544,2,51787,11_29_18_01_05_2025,1.70,9.47,-0.64,0.01,-0.00,-0.00
-7524,2.84,-715,2.33,544,2,51876,11_29_18_01_05_2025,1.70,9.48,-0.64,0.01,-0.00,-0.00
-7727,2.86,-436,2.31,544,2,51920,11_29_18_01_05_2025,1.69,9.47,-0.64,0.00,-0.00,-0.00
-7588,2.85,-476,2.31,545,2,51983,11_29_18_01_05_2025,1.70,9.47,-0.65,0.01,-0.00,0.00
-7565,2.85,-485,2.31,544,2,52073,11_29_18_01_05_2025,1.70,9.47,-0.65,0.01,-0.00,-0.00
-7528,2.84,-439,2.31,543,2,52119,11_29_18_01_05_2025,1.70,9.47,-0.64,0.01,-0.00,-0.00
-7453,2.84,-491,2.31,544,2,52179,11_29_19_01_05_2025,1.70,9.47,-0.64,0.01,-0.00,-0.00
-7578,2.85,-567,2.32,544,2,52270,11_29_19_01_05_2025,1.70,9.47,-0.64,0.00,-0.00,0.00
-7594,2.85,-619,2.32,545,2,52313,11_29_19_01_05_2025,1.70,9.47,-0.63,0.00,-0.00,-0.00
-7386,2.83,-548,2.31,544,2,52375,11_29_19_01_05_2025,1.69,9.47,-0.64,0.00,-0.00,-0.00
-7476,2.84,-811,2.33,544,2,52465,11_29_19_01_05_2025,1.69,9.48,-0.64,0.01,-0.00,-0.00
-7476,2.84,-530,2.31,544,2,52508,11_29_19_01_05_2025,1.70,9.47,-0.65,0.01,-0.00,0.00
-7411,2.83,-485,2.31,544,2,52572,11_29_19_01_05_2025,1.70,9.46,-0.64,0.01,-0.00,0.00
-7428,2.84,-486,2.31,544,2,52661,11_29_19_01_05_2025,1.69,9.46,-0.65,0.01,-0.00,-0.00
-7686,2.86,-736,2.33,544,2,52704,11_29_19_01_05_2025,1.69,9.48,-0.65,0.01,-0.00,-0.00
-7502,2.84,-737,2.33,544,2,52768,11_29_19_01_05_2025,1.69,9.48,-0.65,0.00,-0.00,0.00
-7631,2.85,-472,2.31,544,2,52859,11_29_19_01_05_2025,1.70,9.48,-0.63,0.01,-0.00,0.00
-7519,2.84,-611,2.32,544,2,52902,11_29_19_01_05_2025,1.70,9.47,-0.64,0.00,-0.00,0.00
-7642,2.85,-490,2.31,543,2,52965,11_29_19_01_05_2025,1.70,9.47,-0.65,0.01,-0.00,-0.00
-7420,2.83,-650,2.32,544,2,53007,11_29_19_01_05_2025,1.69,9.47,-0.64,0.01,-0.00,-0.00
-7501,2.84,-440,2.31,544,2,53070,11_29_19_01_05_2025,1.70,9.47,-0.63,0.00,-0.00,0.00
-7409,2.83,-728,2.33,544,2,53161,11_29_19_01_05_2025,1.70,9.47,-0.64,0.01,-0.00,0.00
-7389,2.83,-581,2.32,544,2,53206,11_29_20_01_05_2025,1.68,9.47,-0.64,0.01,-0.00,-0.00
-7639,2.85,-551,2.31,544,2,53267,11_29_20_01_05_2025,1.71,9.48,-0.64,0.00,-0.00,-0.00
-7519,2.84,-724,2.33,544,2,53359,11_29_20_01_05_2025,1.70,9.48,-0.65,0.01,-0.00,0.00
-7537,2.84,-430,2.31,544,2,53401,11_29_20_01_05_2025,1.70,9.47,-0.64,0.01,-0.00,-0.00
-7734,2.86,-621,2.32,544,2,53463,11_29_20_01_05_2025,1.70,9.47,-0.64,0.01,-0.00,-0.00
-7459,2.84,-498,2.31,545,2,53553,11_29_20_01_05_2025,1.70,9.47,-0.64,0.00,-0.00,0.00
-7464,2.84,-548,2.31,545,2,53599,11_29_20_01_05_2025,1.70,9.46,-0.64,0.01,-0.00,0.00
-7587,2.85,-522,2.31,544,2,53659,11_29_20_01_05_2025,1.71,9.47,-0.64,0.01,-0.00,0.00
-7522,2.84,-689,2.32,544,2,53749,11_29_20_01_05_2025,1.70,9.47,-0.64,0.01,-0.00,0.00
-7673,2.85,-650,2.32,544,2,53791,11_29_20_01_05_2025,1.70,9.47,-0.64,0.01,-0.00,-0.00
-7598,2.85,-457,2.31,544,2,53855,11_29_20_01_05_2025,1.70,9.46,-0.65,0.00,-0.00,-0.00
-7549,2.84,-559,2.32,544,2,53945,11_29_20_01_05_2025,1.71,9.48,-0.65,0.00,-0.00,-0.00
-7561,2.85,-645,2.32,544,2,53991,11_29_20_01_05_2025,1.70,9.48,-0.64,0.00,-0.00,-0.00
-7539,2.84,-639,2.32,544,2,54051,11_29_20_01_05_2025,1.70,9.47,-0.64,0.01,-0.00,0.00
-7533,2.84,-643,2.32,545,2,54143,11_29_20_01_05_2025,1.70,9.47,-0.64,0.00,-0.00,0.00
-7476,2.84,-608,2.32,545,2,54185,11_29_21_01_05_2025,1.69,9.48,-0.65,0.01,-0.00,0.00
-7702,2.86,-593,2.32,545,2,54247,11_29_21_01_05_2025,1.70,9.47,-0.64,0.00,-0.00,-0.00
-7581,2.85,-306,2.30,544,2,54291,11_29_21_01_05_2025,1.70,9.48,-0.65,0.00,-0.00,-0.00
-7530,2.84,-715,2.33,544,2,54354,11_29_21_01_05_2025,1.70,9.47,-0.64,0.01,-0.00,-0.00
-7478,2.84,-713,2.33,544,2,54444,11_29_21_01_05_2025,1.70,9.47,-0.65,0.01,-0.00,-0.00
-7703,2.86,-700,2.33,544,2,54486,11_29_21_01_05_2025,1.71,9.47,-0.65,0.01,-0.00,0.00
-7461,2.84,-344,2.30,544,2,54551,11_29_21_01_05_2025,1.70,9.48,-0.65,0.01,-0.00,-0.00
-7590,2.85,-364,2.30,544,2,54641,11_29_21_01_05_2025,1.70,9.47,-0.64,0.00,-0.00,-0.00
-7637,2.85,-675,2.32,544,2,54684,11_29_21_01_05_2025,1.69,9.47,-0.64,0.01,-0.00,-0.00
-7397,2.83,-503,2.31,544,2,54747,11_29_21_01_05_2025,1.71,9.46,-0.65,0.00,-0.00,-0.00
-7497,2.84,-605,2.32,544,2,54837,11_29_21_01_05_2025,1.70,9.47,-0.64,0.01,-0.00,0.00
-7751,2.86,-610,2.32,545,2,54880,11_29_21_01_05_2025,1.70,9.47,-0.65,0.01,-0.00,-0.00
-7448,2.84,-499,2.31,544,2,54943,11_29_21_01_05_2025,1.70,9.48,-0.64,0.00,-0.00,0.00
-7538,2.84,-657,2.32,545,2,55033,11_29_21_01_05_2025,1.70,9.47,-0.65,0.01,-0.00,-0.00
-7689,2.86,-542,2.31,544,2,55075,11_29_21_01_05_2025,1.70,9.47,-0.64,0.00,-0.00,-0.00
-7523,2.84,-654,2.32,544,2,55139,11_29_22_01_05_2025,1.70,9.47,-0.65,0.00,-0.00,-0.00
-7707,2.86,-638,2.32,542,2,55229,11_29_22_01_05_2025,1.70,9.48,-0.64,0.00,-0.00,0.00
-7462,2.84,-464,2.31,544,2,55272,11_29_22_01_05_2025,1.70,9.48,-0.64,0.01,-0.00,-0.00
-7482,2.84,-523,2.31,544,2,55336,11_29_22_01_05_2025,1.70,9.48,-0.64,0.00,-0.00,0.00
-7423,2.84,-558,2.32,545,2,55426,11_29_22_01_05_2025,1.70,9.47,-0.64,0.00,-0.00,-0.00
-7560,2.85,-565,2.32,545,2,55469,11_29_22_01_05_2025,1.69,9.47,-0.65,0.00,-0.00,0.00
-7592,2.85,-591,2.32,544,2,55531,11_29_22_01_05_2025,1.69,9.47,-0.65,0.01,-0.00,0.00
-7520,2.84,-487,2.31,544,2,55574,11_29_22_01_05_2025,1.71,9.47,-0.64,0.00,-0.00,-0.00
-7331,2.83,-403,2.30,544,2,55638,11_29_22_01_05_2025,1.69,9.47,-0.63,0.01,-0.00,-0.00
-7501,2.84,-420,2.30,544,2,55727,11_29_22_01_05_2025,1.70,9.47,-0.64,0.01,-0.00,0.00
-7607,2.85,-890,2.34,544,2,55770,11_29_22_01_05_2025,1.71,9.48,-0.65,0.01,-0.00,-0.00
-7411,2.83,-532,2.31,544,2,55834,11_29_22_01_05_2025,1.70,9.47,-0.65,0.01,-0.00,-0.00
-7621,2.85,-672,2.32,545,2,55924,11_29_22_01_05_2025,1.69,9.46,-0.64,0.01,-0.00,-0.00
-7519,2.84,-508,2.31,543,2,55967,11_29_22_01_05_2025,1.70,9.48,-0.64,0.00,-0.00,-0.00
-7547,2.84,-625,2.32,544,2,56031,11_29_22_01_05_2025,1.70,9.48,-0.65,0.01,-0.00,-0.00
-7558,2.85,-741,2.33,544,2,56120,11_29_22_01_05_2025,1.70,9.46,-0.64,0.01,-0.00,-0.00
-7615,2.85,-806,2.33,544,2,56163,11_29_23_01_05_2025,1.69,9.47,-0.64,0.01,-0.00,-0.00
-7727,2.86,-598,2.32,544,2,56225,11_29_23_01_05_2025,1.69,9.46,-0.65,0.01,-0.00,-0.00
-7410,2.83,-482,2.31,544,2,56316,11_29_23_01_05_2025,1.69,9.48,-0.64,0.01,-0.00,-0.00
-7618,2.85,-708,2.33,544,2,56360,11_29_23_01_05_2025,1.70,9.47,-0.65,0.01,-0.00,-0.00
-7558,2.85,-583,2.32,544,2,56422,11_29_23_01_05_2025,1.69,9.46,-0.64,0.01,-0.00,-0.00
-7627,2.85,-721,2.33,545,2,56513,11_29_23_01_05_2025,1.69,9.47,-0.64,0.01,-0.00,-0.00
-7478,2.84,-691,2.33,544,2,56555,11_29_23_01_05_2025,1.70,9.47,-0.65,0.01,-0.00,0.00
-7490,2.84,-433,2.31,544,2,56618,11_29_23_01_05_2025,1.70,9.47,-0.64,0.01,-0.00,-0.00
-7487,2.84,-579,2.32,544,2,56710,11_29_23_01_05_2025,1.70,9.47,-0.64,0.01,-0.00,-0.00
-7621,2.85,-519,2.31,544,2,56753,11_29_23_01_05_2025,1.70,9.47,-0.65,0.01,-0.00,-0.00
-7579,2.85,-597,2.32,544,2,56815,11_29_23_01_05_2025,1.70,9.47,-0.64,0.01,-0.00,0.00
-7436,2.84,-649,2.32,544,2,56857,11_29_23_01_05_2025,1.69,9.47,-0.65,0.00,-0.00,-0.00
-7474,2.84,-572,2.32,544,2,56921,11_29_23_01_05_2025,1.70,9.46,-0.65,0.01,-0.00,-0.00
-7539,2.84,-506,2.31,544,2,57011,11_29_23_01_05_2025,1.71,9.47,-0.65,0.01,-0.00,-0.00
-7564,2.85,-793,2.33,544,2,57054,11_29_23_01_05_2025,1.69,9.47,-0.64,0.01,-0.00,-0.00
-7489,2.84,-572,2.32,544,2,57117,11_29_23_01_05_2025,1.70,9.48,-0.65,0.00,-0.00,-0.00
-7601,2.85,-579,2.32,544,2,57207,11_29_24_01_05_2025,1.70,9.48,-0.64,0.00,-0.00,-0.00
-7566,2.85,-736,2.33,544,2,57250,11_29_24_01_05_2025,1.70,9.49,-0.64,0.00,-0.00,-0.00
-7671,2.85,-526,2.31,544,2,57314,11_29_24_01_05_2025,1.69,9.47,-0.64,0.01,-0.00,0.00
-7700,2.86,-590,2.32,544,2,57404,11_29_24_01_05_2025,1.71,9.48,-0.64,0.01,-0.00,-0.00
-7433,2.84,-470,2.31,544,2,57446,11_29_24_01_05_2025,1.70,9.47,-0.65,0.01,-0.00,0.00
-1,2.27,-680,2.32,544,2,57509,11_29_24_01_05_2025,1.70,9.48,-0.65,0.00,-0.00,0.00
-7517,2.84,-573,2.32,544,2,57599,11_29_24_01_05_2025,1.70,9.47,-0.64,0.01,-0.00,0.00
-7418,2.83,-561,2.32,544,2,57643,11_29_24_01_05_2025,1.71,9.47,-0.64,0.01,-0.00,-0.00
-7405,2.83,-521,2.31,545,2,57707,11_29_24_01_05_2025,1.70,9.46,-0.64,0.00,-0.00,0.00
-7559,2.85,-689,2.32,544,2,57796,11_29_24_01_05_2025,1.69,9.46,-0.64,0.01,-0.00,-0.00
-7685,2.85,-564,2.32,544,2,57839,11_29_24_01_05_2025,1.70,9.46,-0.64,0.01,-0.00,0.00
-7484,2.84,-553,2.31,544,2,57902,11_29_24_01_05_2025,1.70,9.47,-0.65,0.01,-0.00,0.00
-7528,2.84,-466,2.31,544,2,57993,11_29_24_01_05_2025,1.70,9.47,-0.64,0.00,-0.00,-0.00
-7540,2.84,-435,2.31,545,2,58037,11_29_24_01_05_2025,1.71,9.47,-0.65,0.01,-0.00,0.00
-7597,2.85,-341,2.30,544,2,58099,11_29_24_01_05_2025,1.70,9.48,-0.64,0.00,-0.00,-0.00
-7387,2.83,-410,2.30,544,2,58144,11_29_25_01_05_2025,1.69,9.46,-0.64,0.01,-0.00,0.00
-7221,2.82,-480,2.31,545,2,58204,11_29_25_01_05_2025,1.69,9.46,-0.64,0.01,-0.00,-0.00
-7529,2.84,-322,2.30,542,2,58294,11_29_25_01_05_2025,1.70,9.49,-0.65,0.01,-0.00,-0.00
-7588,2.85,-632,2.32,545,2,58338,11_29_25_01_05_2025,1.70,9.48,-0.65,0.00,-0.00,-0.00
-7427,2.84,-453,2.31,544,2,58401,11_29_25_01_05_2025,1.70,9.47,-0.64,0.01,-0.00,0.00
-7473,2.84,-687,2.32,544,2,58491,11_29_25_01_05_2025,1.71,9.47,-0.63,0.00,-0.00,-0.00
-7644,2.85,-531,2.31,544,2,58536,11_29_25_01_05_2025,1.69,9.47,-0.64,0.01,-0.00,0.00
-7602,2.85,-571,2.32,544,2,58597,11_29_25_01_05_2025,1.70,9.47,-0.64,0.00,-0.00,-0.00
-7374,2.83,-480,2.31,542,2,58687,11_29_25_01_05_2025,1.70,9.47,-0.65,0.00,-0.00,0.00
-7569,2.85,-493,2.31,544,2,58730,11_29_25_01_05_2025,1.70,9.48,-0.65,0.01,-0.00,-0.00
-7500,2.84,-626,2.32,543,2,58793,11_29_25_01_05_2025,1.69,9.47,-0.64,0.01,-0.00,-0.00
-7606,2.85,-423,2.30,544,2,58883,11_29_25_01_05_2025,1.70,9.47,-0.64,0.01,-0.00,-0.00
-7329,2.83,-480,2.31,545,2,58928,11_29_25_01_05_2025,1.70,9.47,-0.65,0.01,-0.00,0.00
-7618,2.85,-643,2.32,545,2,58989,11_29_25_01_05_2025,1.69,9.47,-0.64,0.01,-0.00,-0.00
-7446,2.84,-468,2.31,544,2,59079,11_29_25_01_05_2025,1.70,9.48,-0.64,0.01,-0.00,-0.00
-7501,2.84,-368,2.30,544,2,59122,11_29_26_01_05_2025,1.69,9.47,-0.65,0.01,-0.00,-0.00
-7575,2.85,-566,2.32,545,2,59186,11_29_26_01_05_2025,1.69,9.47,-0.65,0.01,-0.00,-0.00
-7663,2.85,-583,2.32,544,2,59277,11_29_26_01_05_2025,1.69,9.47,-0.65,0.01,-0.00,-0.00
-7511,2.84,-558,2.32,545,2,59322,11_29_26_01_05_2025,1.70,9.47,-0.64,0.01,-0.00,-0.00
-7414,2.83,-702,2.33,544,2,59382,11_29_26_01_05_2025,1.69,9.47,-0.65,0.01,-0.00,-0.00
-7688,2.86,-592,2.32,544,2,59425,11_29_26_01_05_2025,1.70,9.47,-0.65,0.00,-0.00,0.00
-7488,2.84,-594,2.32,544,2,59488,11_29_26_01_05_2025,1.70,9.48,-0.65,0.01,-0.00,0.00
-7589,2.85,-502,2.31,545,2,59578,11_29_26_01_05_2025,1.70,9.46,-0.64,0.01,-0.00,0.00
-7472,2.84,-530,2.31,545,2,59621,11_29_26_01_05_2025,1.70,9.47,-0.64,0.01,-0.00,-0.00
-7442,2.84,-417,2.30,544,2,59685,11_29_26_01_05_2025,1.70,9.47,-0.64,0.00,-0.00,0.00
-7534,2.84,-467,2.31,544,2,59775,11_29_26_01_05_2025,1.69,9.46,-0.65,0.00,-0.00,-0.00
-7576,2.85,-451,2.31,544,2,59819,11_29_26_01_05_2025,1.70,9.47,-0.64,0.01,-0.00,-0.00
-7504,2.84,-611,2.32,544,2,59881,11_29_26_01_05_2025,1.70,9.48,-0.65,0.01,-0.00,-0.00
-7429,2.84,-435,2.31,544,2,59971,11_29_26_01_05_2025,1.70,9.48,-0.63,0.01,-0.00,-0.00
-7345,2.83,-551,2.31,544,2,60014,11_29_26_01_05_2025,1.71,9.47,-0.65,0.01,-0.00,-0.00
-7553,2.84,-435,2.31,544,2,60077,11_29_26_01_05_2025,1.70,9.47,-0.64,0.00,-0.00,-0.00
-7542,2.84,-702,2.33,544,2,60167,11_29_26_01_05_2025,1.70,9.47,-0.65,0.01,-0.00,-0.00
-7542,2.84,-858,2.34,544,2,60210,11_29_27_01_05_2025,1.70,9.48,-0.64,0.00,-0.00,-0.00
-7520,2.84,-410,2.30,544,2,60377,11_29_27_01_05_2025,1.69,9.47,-0.65,0.01,-0.00,0.00
-7720,2.86,-451,2.31,544,2,60421,11_29_27_01_05_2025,1.70,9.47,-0.64,0.01,-0.00,0.00
-7549,2.84,-454,2.31,545,2,60464,11_29_27_01_05_2025,1.70,9.47,-0.64,0.00,-0.00,0.00
-7600,2.85,-471,2.31,544,2,60509,11_29_27_01_05_2025,1.70,9.47,-0.64,0.01,-0.00,-0.00
-7424,2.84,-557,2.31,542,2,60560,11_29_27_01_05_2025,1.70,9.48,-0.64,0.00,-0.00,-0.00
-7861,2.87,-468,2.31,544,2,60603,11_29_27_01_05_2025,1.68,9.47,-0.65,0.01,-0.00,-0.00
-7434,2.84,-462,2.31,545,2,60665,11_29_27_01_05_2025,1.70,9.48,-0.66,0.01,-0.00,0.00
-7511,2.84,-479,2.31,544,2,60708,11_29_27_01_05_2025,1.70,9.48,-0.64,0.01,-0.00,-0.00
-7598,2.85,-560,2.32,544,2,60772,11_29_27_01_05_2025,1.69,9.47,-0.65,0.01,-0.00,0.00
-7582,2.85,-578,2.32,544,2,60862,11_29_27_01_05_2025,1.70,9.48,-0.64,0.00,-0.00,0.00
-7574,2.85,-444,2.31,544,2,60905,11_29_27_01_05_2025,1.71,9.47,-0.64,0.01,-0.00,0.00
-7422,2.84,-692,2.33,543,2,60967,11_29_27_01_05_2025,1.70,9.47,-0.64,0.01,-0.00,-0.00
-7436,2.84,-493,2.31,544,2,61058,11_29_27_01_05_2025,1.70,9.46,-0.64,0.00,-0.00,-0.00
-7573,2.85,-407,2.30,544,2,61102,11_29_27_01_05_2025,1.70,9.48,-0.65,0.01,-0.00,-0.00
-7729,2.86,-462,2.31,544,2,61164,11_29_28_01_05_2025,1.69,9.47,-0.65,0.01,-0.00,-0.00
-7633,2.85,-421,2.30,544,2,61254,11_29_28_01_05_2025,1.69,9.48,-0.64,0.00,-0.00,0.00
-7389,2.83,-475,2.31,544,2,61297,11_29_28_01_05_2025,1.70,9.47,-0.64,0.01,-0.00,0.00
-7552,2.84,-526,2.31,544,2,61360,11_29_28_01_05_2025,1.70,9.48,-0.65,0.00,-0.00,-0.00
-7615,2.85,-747,2.33,544,2,61450,11_29_28_01_05_2025,1.70,9.47,-0.64,0.00,-0.00,-0.00
-7399,2.83,-588,2.32,544,2,61494,11_29_28_01_05_2025,1.69,9.47,-0.65,0.00,-0.00,-0.00
-7435,2.84,-286,2.29,543,2,61556,11_29_28_01_05_2025,1.69,9.47,-0.64,0.01,-0.00,-0.00
-7505,2.84,-498,2.31,545,2,61647,11_29_28_01_05_2025,1.70,9.48,-0.64,0.01,-0.00,-0.00
-7631,2.85,-403,2.30,544,2,61689,11_29_28_01_05_2025,1.70,9.47,-0.65,0.01,-0.00,0.00
-7401,2.83,-415,2.30,542,2,61753,11_29_28_01_05_2025,1.70,9.46,-0.65,0.01,-0.00,0.00
-7385,2.83,-586,2.32,544,2,61844,11_29_28_01_05_2025,1.70,9.47,-0.64,0.01,-0.00,-0.00
-7667,2.85,-553,2.31,544,2,61887,11_29_28_01_05_2025,1.69,9.47,-0.64,0.01,-0.00,-0.00
-7578,2.85,-685,2.32,544,2,61948,11_29_28_01_05_2025,1.69,9.48,-0.64,0.01,-0.00,0.00
-7420,2.83,-388,2.30,544,2,61991,11_29_28_01_05_2025,1.69,9.47,-0.64,0.01,-0.00,0.00
-7675,2.85,-258,2.29,544,2,62055,11_29_28_01_05_2025,1.70,9.47,-0.64,0.01,-0.00,-0.00
-7621,2.85,-613,2.32,544,2,62146,11_29_28_01_05_2025,1.69,9.47,-0.64,0.01,-0.00,-0.00
-7624,2.85,-440,2.31,545,2,62188,11_29_29_01_05_2025,1.70,9.47,-0.64,0.01,-0.00,-0.00
-7582,2.85,-500,2.31,544,2,62251,11_29_29_01_05_2025,1.70,9.47,-0.65,0.00,-0.00,-0.00
-7478,2.84,-442,2.31,544,2,62341,11_29_29_01_05_2025,1.71,9.47,-0.65,0.01,-0.00,0.00
-7377,2.83,-636,2.32,544,2,62384,11_29_29_01_05_2025,1.70,9.47,-0.64,0.00,-0.00,-0.00
-7638,2.85,-592,2.32,544,2,62449,11_29_29_01_05_2025,1.70,9.47,-0.64,0.00,-0.00,-0.00
-7349,2.83,-696,2.33,545,2,62538,11_29_29_01_05_2025,1.70,9.48,-0.64,0.01,-0.00,-0.00
-7597,2.85,-447,2.31,545,2,62580,11_29_29_01_05_2025,1.70,9.47,-0.64,0.00,-0.00,-0.00
-7427,2.84,-447,2.31,544,2,62644,11_29_29_01_05_2025,1.70,9.47,-0.64,0.01,-0.00,0.00
-7630,2.85,-607,2.32,544,2,62733,11_29_29_01_05_2025,1.70,9.48,-0.66,0.00,-0.00,-0.00
-7426,2.84,-444,2.31,544,2,62777,11_29_29_01_05_2025,1.70,9.47,-0.64,0.01,-0.00,0.00
-7558,2.85,-541,2.31,544,2,62841,11_29_29_01_05_2025,1.70,9.47,-0.64,0.01,-0.00,-0.00
-7624,2.85,-764,2.33,544,2,62930,11_29_29_01_05_2025,1.69,9.47,-0.64,0.01,-0.00,-0.00
-7466,2.84,-359,2.30,544,2,62973,11_29_29_01_05_2025,1.69,9.48,-0.64,0.00,-0.00,-0.00
-7455,2.84,-416,2.30,545,2,63036,11_29_29_01_05_2025,1.70,9.48,-0.65,0.01,-0.00,-0.00
-7672,2.85,-562,2.32,544,2,63127,11_29_29_01_05_2025,1.70,9.48,-0.64,0.01,-0.00,-0.00
-7469,2.84,-517,2.31,544,2,63171,11_29_30_01_05_2025,1.70,9.48,-0.64,0.01,-0.00,-0.00
-7607,2.85,-293,2.29,544,2,63232,11_29_30_01_05_2025,1.70,9.47,-0.64,0.01,-0.00,-0.00
-7659,2.85,-423,2.30,544,2,63275,11_29_30_01_05_2025,1.70,9.47,-0.65,0.00,-0.00,0.00
-7686,2.86,-408,2.30,544,2,63338,11_29_30_01_05_2025,1.69,9.47,-0.64,0.01,-0.00,0.00
-7708,2.86,-482,2.31,544,2,63428,11_29_30_01_05_2025,1.70,9.47,-0.65,0.00,-0.00,0.00
-7511,2.84,-636,2.32,544,2,63474,11_29_30_01_05_2025,1.70,9.47,-0.64,0.01,-0.00,-0.00
-7514,2.84,-446,2.31,544,2,63535,11_29_30_01_05_2025,1.71,9.47,-0.65,0.01,-0.00,0.00
-7467,2.84,-282,2.29,545,2,63624,11_29_30_01_05_2025,1.70,9.47,-0.64,0.01,-0.00,-0.00
-7639,2.85,-451,2.31,544,2,63667,11_29_30_01_05_2025,1.70,9.47,-0.65,0.00,-0.00,-0.00
-7461,2.84,-468,2.31,544,2,63731,11_29_30_01_05_2025,1.69,9.46,-0.64,0.01,-0.00,-0.00
-7430,2.84,-589,2.32,544,2,63821,11_29_30_01_05_2025,1.70,9.46,-0.64,0.00,-0.00,-0.00
-7493,2.84,-578,2.32,544,2,63867,11_29_30_01_05_2025,1.69,9.47,-0.63,0.01,-0.00,0.00
-7676,2.85,-627,2.32,544,2,63927,11_29_30_01_05_2025,1.70,9.47,-0.65,0.01,-0.00,-0.00
-7564,2.85,-487,2.31,544,2,64017,11_29_30_01_05_2025,1.70,9.48,-0.64,0.01,-0.00,-0.00
-7654,2.85,-437,2.31,545,2,64060,11_29_30_01_05_2025,1.70,9.49,-0.65,0.01,-0.00,-0.00
-7310,2.83,-303,2.30,544,2,64124,11_29_30_01_05_2025,1.70,9.46,-0.63,0.01,-0.00,0.00
-7439,2.84,-395,2.30,544,2,64214,11_29_31_01_05_2025,1.70,9.47,-0.65,0.00,-0.00,-0.00
-7457,2.84,-566,2.32,544,2,64259,11_29_31_01_05_2025,1.70,9.45,-0.65,0.01,-0.00,-0.00
-7417,2.83,-620,2.32,545,2,64319,11_29_31_01_05_2025,1.71,9.49,-0.62,0.00,-0.00,-0.00
-7592,2.85,-600,2.32,545,2,64411,11_29_31_01_05_2025,1.70,9.47,-0.64,0.00,-0.00,-0.00
-7666,2.85,-635,2.32,544,2,64454,11_29_31_01_05_2025,1.70,9.48,-0.63,0.01,-0.00,0.00
-7390,2.83,-597,2.32,544,2,64516,11_29_31_01_05_2025,1.70,9.47,-0.64,0.01,-0.00,0.00
-7585,2.85,-473,2.31,544,2,64559,11_29_31_01_05_2025,1.69,9.48,-0.64,0.00,-0.00,0.00
-7480,2.84,-155,2.28,544,2,64622,11_29_31_01_05_2025,1.70,9.48,-0.64,0.01,-0.00,-0.00
-7470,2.84,-441,2.31,545,2,64712,11_29_31_01_05_2025,1.69,9.47,-0.64,0.01,-0.00,-0.00
-7410,2.83,-538,2.31,545,2,64756,11_29_31_01_05_2025,1.70,9.47,-0.65,0.01,-0.00,-0.00
-7397,2.83,-487,2.31,544,2,64819,11_29_31_01_05_2025,1.70,9.48,-0.64,0.01,-0.00,0.00
-7587,2.85,-639,2.32,544,2,64909,11_29_31_01_05_2025,1.70,9.47,-0.65,0.01,-0.00,0.00
-7424,2.84,-492,2.31,544,2,64951,11_29_31_01_05_2025,1.70,9.47,-0.65,0.00,-0.00,-0.00
-7604,2.85,-379,2.30,544,2,65014,11_29_31_01_05_2025,1.71,9.47,-0.64,0.01,-0.00,-0.00
-7603,2.85,-546,2.31,544,2,65105,11_29_31_01_05_2025,1.70,9.47,-0.64,0.01,-0.00,-0.00
-7525,2.84,-319,2.30,545,2,65148,11_29_32_01_05_2025,1.70,9.47,-0.64,0.01,-0.00,-0.00
-7494,2.84,-352,2.30,544,2,65211,11_29_32_01_05_2025,1.70,9.47,-0.64,0.00,-0.00,-0.00
-7501,2.84,-243,2.29,543,2,65301,11_29_32_01_05_2025,1.70,9.47,-0.64,0.01,-0.00,0.00
-7660,2.85,-414,2.30,544,2,65346,11_29_32_01_05_2025,1.70,9.47,-0.64,0.00,-0.00,-0.00
-7491,2.84,-631,2.32,543,2,65406,11_29_32_01_05_2025,1.70,9.47,-0.65,0.00,-0.00,0.00
-7668,2.85,-429,2.31,544,2,65497,11_29_32_01_05_2025,1.70,9.47,-0.64,0.01,-0.00,-0.00
-7643,2.85,-374,2.30,544,2,65542,11_29_32_01_05_2025,1.69,9.47,-0.64,0.01,-0.00,0.00
-7409,2.83,-757,2.33,544,2,67004,11_29_32_01_05_2025,1.69,9.47,-0.64,0.01,-0.00,0.00
-7391,2.83,-662,2.32,544,2,69480,11_29_33_01_05_2025,1.70,9.47,-0.64,0.01,-0.00,-0.00
-7562,2.85,-570,2.32,544,2,71958,11_29_36_01_05_2025,1.71,9.47,-0.64,0.01,-0.00,0.00
-7510,2.84,-500,2.31,544,2,74436,11_29_38_01_05_2025,1.70,9.46,-0.64,0.01,-0.00,-0.00
-7533,2.84,-508,2.31,542,2,76916,11_29_41_01_05_2025,1.70,9.48,-0.65,0.00,-0.00,-0.00
-7478,2.84,-269,2.29,545,2,79396,11_29_43_01_05_2025,1.70,9.47,-0.64,0.01,-0.00,0.00
-7385,2.83,-410,2.30,544,2,81873,11_29_46_01_05_2025,1.68,9.48,-0.65,0.00,-0.00,-0.00
-7512,2.84,-124,2.28,544,2,84353,11_29_48_01_05_2025,1.69,9.46,-0.64,0.01,-0.00,-0.00
-7483,2.84,-376,2.30,539,2,86872,11_29_51_01_05_2025,1.70,9.46,-0.64,0.01,-0.00,-0.00
