-9809,3.02,484,2.24,582,2,18270,15_29_05_30_04_2025,-2.04,9.31,-1.39,-0.03,-1.31,0.70
-9591,3.00,537,2.23,582,2,18339,15_29_06_30_04_2025,-2.04,9.30,-1.41,0.00,0.00,-0.00
-9757,3.01,537,2.23,582,2,18379,15_29_06_30_04_2025,-2.04,9.30,-1.41,0.00,0.00,-0.00
-9578,3.00,662,2.22,582,2,18417,15_29_06_30_04_2025,-2.06,9.29,-1.41,0.00,0.00,-0.00
-9717,3.01,860,2.21,582,2,18456,15_29_06_30_04_2025,-2.05,9.31,-1.41,0.00,0.00,-0.00
-9661,3.00,842,2.21,582,2,18493,15_29_06_30_04_2025,-2.04,9.30,-1.40,0.00,0.00,0.00
-9679,3.01,686,2.22,582,2,18534,15_29_06_30_04_2025,-2.05,9.29,-1.41,0.00,0.00,0.00
-9664,3.00,712,2.22,582,2,18573,15_29_06_30_04_2025,-2.05,9.31,-1.40,0.00,0.00,-0.00
-9853,3.02,763,2.21,582,2,18611,15_29_06_30_04_2025,-2.05,9.30,-1.41,0.00,0.00,-0.00
-9514,2.99,529,2.23,582,2,18648,15_29_06_30_04_2025,-2.04,9.31,-1.41,0.00,0.00,0.00
-9752,3.01,803,2.21,582,2,18688,15_29_06_30_04_2025,-2.04,9.30,-1.40,0.00,0.00,0.00
-9624,3.00,710,2.22,582,2,18726,15_29_06_30_04_2025,-2.04,9.30,-1.40,0.00,0.00,0.00
-9766,3.01,554,2.23,581,2,18767,15_29_06_30_04_2025,-2.04,9.31,-1.41,0.00,0.00,0.00
-9878,3.02,492,2.24,582,2,18805,15_29_06_30_04_2025,-2.04,9.31,-1.41,0.00,0.00,0.00
-9784,3.01,688,2.22,582,2,18843,15_29_06_30_04_2025,-2.04,9.30,-1.40,0.00,0.00,0.00
-9756,3.01,831,2.21,582,2,18882,15_29_06_30_04_2025,-2.05,9.32,-1.40,0.00,0.00,0.00
-9820,3.02,607,2.23,583,2,18920,15_29_06_30_04_2025,-2.05,9.31,-1.40,0.00,0.00,-0.00
-9641,3.00,764,2.21,582,2,18958,15_29_06_30_04_2025,-2.04,9.30,-1.40,0.00,0.00,0.00
-9678,3.01,568,2.23,582,2,18999,15_29_06_30_04_2025,-2.04,9.31,-1.40,0.00,0.00,0.00
-9649,3.00,775,2.21,582,2,19037,15_29_06_30_04_2025,-2.05,9.30,-1.41,0.00,0.00,0.00
-9479,2.99,748,2.22,582,2,19076,15_29_06_30_04_2025,-2.05,9.31,-1.40,0.00,0.00,0.00
-9883,3.02,758,2.22,582,2,19115,15_29_06_30_04_2025,-2.04,9.31,-1.39,0.00,0.00,0.00
-9660,3.00,684,2.22,582,2,19153,15_29_06_30_04_2025,-2.04,9.31,-1.40,0.00,0.00,0.00
-9666,3.01,724,2.22,582,2,19191,15_29_06_30_04_2025,-2.05,9.30,-1.41,0.00,0.00,0.00
-9840,3.02,705,2.22,582,2,19232,15_29_06_30_04_2025,-2.04,9.30,-1.40,0.00,0.00,-0.00
-9769,3.01,571,2.23,582,2,19271,15_29_06_30_04_2025,-2.05,9.30,-1.39,0.00,0.00,0.00
-9560,3.00,911,2.20,582,2,19309,15_29_06_30_04_2025,-2.04,9.30,-1.41,0.00,0.00,0.00
-9665,3.00,910,2.20,582,2,19348,15_29_07_30_04_2025,-2.04,9.30,-1.39,0.00,0.00,-0.00
-9809,3.02,467,2.24,582,2,19386,15_29_07_30_04_2025,-2.05,9.31,-1.40,0.00,0.00,0.00
-9923,3.02,630,2.22,582,2,19424,15_29_07_30_04_2025,-2.05,9.31,-1.40,0.00,0.00,-0.00
-9779,3.01,539,2.23,582,2,19465,15_29_07_30_04_2025,-2.04,9.30,-1.40,0.00,0.00,0.00
-9659,3.00,563,2.23,582,2,19505,15_29_07_30_04_2025,-2.05,9.30,-1.39,0.00,0.00,0.00
-9903,3.02,725,2.22,582,2,19543,15_29_07_30_04_2025,-2.04,9.30,-1.40,0.00,0.00,-0.00
-9716,3.01,884,2.21,582,2,19582,15_29_07_30_04_2025,-2.05,9.30,-1.39,0.00,0.00,0.00
-9775,3.01,721,2.22,582,2,19620,15_29_07_30_04_2025,-2.04,9.30,-1.39,0.00,0.00,0.00
-9643,3.00,633,2.22,582,2,19659,15_29_07_30_04_2025,-2.05,9.30,-1.39,0.00,0.00,0.00
-9747,3.01,543,2.23,582,2,19699,15_29_07_30_04_2025,-2.04,9.30,-1.39,0.00,0.00,-0.00
-9656,3.00,664,2.22,582,2,19738,15_29_07_30_04_2025,-2.05,9.31,-1.39,0.00,0.00,-0.00
-9683,3.01,657,2.22,582,2,19777,15_29_07_30_04_2025,-2.05,9.31,-1.38,0.00,0.00,-0.00
-9653,3.00,652,2.22,582,2,19815,15_29_07_30_04_2025,-2.05,9.30,-1.39,0.00,0.00,0.00
-9602,3.00,855,2.21,581,2,19853,15_29_07_30_04_2025,-2.04,9.31,-1.40,0.00,0.00,0.00
-9619,3.00,731,2.22,582,2,19891,15_29_07_30_04_2025,-2.04,9.30,-1.40,0.00,0.00,0.00
-9680,3.01,780,2.21,582,2,19931,15_29_07_30_04_2025,-2.04,9.31,-1.40,0.00,0.00,0.00
-9673,3.01,911,2.20,583,2,19969,15_29_07_30_04_2025,-2.05,9.31,-1.40,0.00,0.00,0.00
-9740,3.01,788,2.21,582,2,20007,15_29_07_30_04_2025,-2.04,9.31,-1.40,0.00,0.00,0.00
-9705,3.01,834,2.21,582,2,20045,15_29_07_30_04_2025,-2.04,9.29,-1.39,0.00,0.00,0.00
-9878,3.02,503,2.23,582,2,20083,15_29_07_30_04_2025,-2.04,9.31,-1.40,0.00,0.00,0.00
-9546,3.00,990,2.20,582,2,20121,15_29_07_30_04_2025,-2.05,9.30,-1.40,0.00,0.00,0.00
-9587,3.00,715,2.22,582,2,20160,15_29_07_30_04_2025,-2.04,9.30,-1.39,0.00,0.00,0.00
-9647,3.00,646,2.22,581,2,20197,15_29_07_30_04_2025,-2.05,9.29,-1.39,0.00,0.00,0.00
-9669,3.01,606,2.23,582,2,20234,15_29_07_30_04_2025,-2.05,9.30,-1.40,0.00,0.00,0.00
-9703,3.01,745,2.22,582,2,20272,15_29_07_30_04_2025,-2.05,9.30,-1.40,0.00,0.00,0.00
-9594,3.00,723,2.22,581,2,20310,15_29_07_30_04_2025,-2.05,9.32,-1.40,0.00,0.00,0.00
-9700,3.01,608,2.23,582,2,20349,15_29_08_30_04_2025,-2.05,9.30,-1.40,0.00,0.00,0.00
-9868,3.02,731,2.22,582,2,20387,15_29_08_30_04_2025,-2.05,9.31,-1.40,0.00,0.00,0.00
-9600,3.00,537,2.23,582,2,20428,15_29_08_30_04_2025,-2.04,9.30,-1.39,0.00,0.00,0.00
-9749,3.01,656,2.22,583,2,20466,15_29_08_30_04_2025,-2.04,9.30,-1.39,0.00,0.00,0.00
-9815,3.02,796,2.21,583,2,20504,15_29_08_30_04_2025,-2.05,9.31,-1.40,0.00,0.00,0.00
-9692,3.01,561,2.23,582,2,20542,15_29_08_30_04_2025,-2.05,9.31,-1.40,0.00,0.00,-0.00
-9547,3.00,756,2.22,583,2,20581,15_29_08_30_04_2025,-2.04,9.31,-1.39,0.00,0.00,-0.00
-9654,3.00,786,2.21,582,2,20620,15_29_08_30_04_2025,-2.04,9.31,-1.40,0.00,0.00,0.00
-9819,3.02,852,2.21,582,2,20661,15_29_08_30_04_2025,-2.04,9.31,-1.39,0.00,0.00,0.00
-9598,3.00,810,2.21,582,2,20700,15_29_08_30_04_2025,-2.05,9.32,-1.40,0.00,0.00,-0.00
-9855,3.02,777,2.21,582,2,20739,15_29_08_30_04_2025,-2.05,9.31,-1.40,0.00,0.00,0.00
-9657,3.00,646,2.22,582,2,20776,15_29_08_30_04_2025,-2.04,9.30,-1.40,0.00,0.00,0.00
-9871,3.02,761,2.22,582,2,20814,15_29_08_30_04_2025,-2.04,9.30,-1.39,0.00,0.00,0.00
-9733,3.01,605,2.23,582,2,20853,15_29_08_30_04_2025,-2.04,9.32,-1.40,0.00,0.00,0.00
-9668,3.01,930,2.20,582,2,20894,15_29_08_30_04_2025,-2.04,9.31,-1.39,0.00,0.00,-0.00
-9677,3.01,751,2.22,582,2,20932,15_29_08_30_04_2025,-2.04,9.31,-1.40,0.00,0.00,0.00
-9613,3.00,852,2.21,582,2,20970,15_29_08_30_04_2025,-2.04,9.29,-1.40,0.00,0.00,0.00
-9668,3.01,829,2.21,582,2,21009,15_29_08_30_04_2025,-2.05,9.30,-1.40,0.00,0.00,0.00
-9703,3.01,948,2.20,582,2,21047,15_29_08_30_04_2025,-2.04,9.30,-1.40,0.00,0.00,-0.00
-9514,2.99,633,2.22,582,2,21086,15_29_08_30_04_2025,-2.04,9.31,-1.39,0.00,0.00,0.00
-9695,3.01,844,2.21,581,2,21127,15_29_08_30_04_2025,-2.04,9.29,-1.39,0.00,0.00,0.00
-9843,3.02,679,2.22,582,2,21165,15_29_08_30_04_2025,-2.04,9.29,-1.39,0.00,0.00,-0.00
-9863,3.02,771,2.21,582,2,21203,15_29_08_30_04_2025,-2.04,9.31,-1.39,0.00,0.00,0.00
-9959,3.03,827,2.21,582,2,21241,15_29_08_30_04_2025,-2.04,9.30,-1.40,0.00,0.00,0.00
-9740,3.01,891,2.21,582,2,21280,15_29_08_30_04_2025,-2.05,9.31,-1.39,0.00,0.00,0.00
-9709,3.01,704,2.22,582,2,21317,15_29_08_30_04_2025,-2.05,9.32,-1.39,0.00,0.00,0.00
-9758,3.01,852,2.21,582,2,21359,15_29_09_30_04_2025,-2.05,9.31,-1.39,0.00,0.00,-0.00
-9638,3.00,741,2.22,582,2,21398,15_29_09_30_04_2025,-2.05,9.31,-1.39,0.00,0.00,0.00
-9789,3.01,797,2.21,582,2,21435,15_29_09_30_04_2025,-2.05,9.30,-1.39,0.00,0.00,0.00
-9749,3.01,863,2.21,582,2,21473,15_29_09_30_04_2025,-2.04,9.29,-1.39,0.00,0.00,0.00
-9653,3.00,807,2.21,582,2,21512,15_29_09_30_04_2025,-2.04,9.30,-1.39,0.00,0.00,-0.00
-9612,3.00,648,2.22,582,2,21551,15_29_09_30_04_2025,-2.04,9.30,-1.40,0.00,0.00,0.00
-9745,3.01,549,2.23,582,2,21591,15_29_09_30_04_2025,-2.04,9.31,-1.39,0.00,0.00,-0.00
-9743,3.01,765,2.21,582,2,21630,15_29_09_30_04_2025,-2.05,9.30,-1.39,0.00,0.00,0.00
-9699,3.01,884,2.21,582,2,21668,15_29_09_30_04_2025,-2.04,9.31,-1.40,0.00,0.00,-0.00
-9791,3.01,634,2.22,581,2,21706,15_29_09_30_04_2025,-2.04,9.32,-1.40,0.00,0.00,-0.00
-9672,3.01,944,2.20,581,2,21745,15_29_09_30_04_2025,-2.05,9.32,-1.40,0.00,0.00,0.00
-9634,3.00,695,2.22,582,2,21784,15_29_09_30_04_2025,-2.05,9.31,-1.39,0.00,0.00,-0.00
-9757,3.01,767,2.21,583,2,21824,15_29_09_30_04_2025,-2.05,9.30,-1.39,0.00,0.00,0.00
-9643,3.00,882,2.21,582,2,21862,15_29_09_30_04_2025,-2.05,9.31,-1.40,0.00,0.00,-0.00
-9653,3.00,848,2.21,582,2,21900,15_29_09_30_04_2025,-2.05,9.31,-1.40,0.00,0.00,0.00
-9825,3.02,681,2.22,582,2,21939,15_29_09_30_04_2025,-2.05,9.32,-1.39,0.00,0.00,0.00
-9686,3.01,908,2.20,582,2,21976,15_29_09_30_04_2025,-2.04,9.30,-1.40,0.00,0.00,-0.00
-9679,3.01,717,2.22,583,2,22014,15_29_09_30_04_2025,-2.03,9.30,-1.38,0.00,0.00,0.00
-9559,3.00,856,2.21,582,2,22055,15_29_09_30_04_2025,-2.04,9.31,-1.40,0.00,0.00,-0.00
-9545,3.00,912,2.20,582,2,22093,15_29_09_30_04_2025,-2.05,9.31,-1.40,0.00,0.00,-0.00
-9561,3.00,840,2.21,582,2,22131,15_29_09_30_04_2025,-2.05,9.31,-1.39,0.00,0.00,-0.00
-9738,3.01,799,2.21,583,2,22169,15_29_09_30_04_2025,-2.05,9.31,-1.39,0.00,0.00,0.00
-9713,3.01,651,2.22,582,2,22207,15_29_09_30_04_2025,-2.05,9.31,-1.39,0.00,0.00,0.00
-9855,3.02,806,2.21,582,2,22245,15_29_09_30_04_2025,-2.05,9.31,-1.39,0.00,0.00,-0.00
-9666,3.01,825,2.21,582,2,22286,15_29_09_30_04_2025,-2.05,9.30,-1.40,0.00,0.00,0.00
-9804,3.02,844,2.21,582,2,22325,15_29_09_30_04_2025,-2.04,9.32,-1.38,0.00,0.00,-0.00
-9725,3.01,732,2.22,582,2,22363,15_29_10_30_04_2025,-2.04,9.30,-1.39,0.00,0.00,0.00
-9804,3.02,786,2.21,582,2,22401,15_29_10_30_04_2025,-2.05,9.29,-1.39,0.00,0.00,-0.00
-9657,3.00,985,2.20,582,2,22440,15_29_10_30_04_2025,-2.04,9.33,-1.40,0.00,0.00,-0.00
-9597,3.00,811,2.21,582,2,22481,15_29_10_30_04_2025,-2.04,9.33,-1.39,0.00,0.00,0.00
-9705,3.01,813,2.21,582,2,22518,15_29_10_30_04_2025,-2.04,9.30,-1.39,0.00,0.00,0.00
-9837,3.02,772,2.21,582,2,22557,15_29_10_30_04_2025,-2.03,9.30,-1.39,0.00,0.00,0.00
-9738,3.01,770,2.21,582,2,22595,15_29_10_30_04_2025,-2.05,9.32,-1.40,0.00,0.00,0.00
-9710,3.01,-256,2.29,582,2,22633,15_29_10_30_04_2025,-2.04,9.32,-1.40,0.00,0.00,-0.00
-9430,2.99,901,2.20,582,2,22671,15_29_10_30_04_2025,-2.04,9.29,-1.39,0.00,0.00,0.00
-9663,3.00,724,2.22,582,2,22712,15_29_10_30_04_2025,-2.04,9.30,-1.41,0.00,0.00,0.00
-9601,3.00,1007,2.20,582,2,22751,15_29_10_30_04_2025,-2.04,9.30,-1.39,0.00,0.00,-0.00
-9671,3.01,682,2.22,582,2,22788,15_29_10_30_04_2025,-2.04,9.30,-1.40,0.00,0.00,0.00
-9725,3.01,566,2.23,582,2,22827,15_29_10_30_04_2025,-2.04,9.32,-1.40,0.00,0.00,0.00
-9701,3.01,902,2.20,582,2,22867,15_29_10_30_04_2025,-2.04,9.31,-1.39,0.00,0.00,0.00
-9694,3.01,664,2.22,582,2,22904,15_29_10_30_04_2025,-2.04,9.31,-1.40,0.00,0.00,0.00
-9832,3.02,878,2.21,582,2,22945,15_29_10_30_04_2025,-2.05,9.30,-1.39,0.00,0.00,0.00
-9698,3.01,895,2.20,583,2,22984,15_29_10_30_04_2025,-2.04,9.32,-1.39,0.00,0.00,0.00
-9867,3.02,655,2.22,582,2,23021,15_29_10_30_04_2025,-2.05,9.32,-1.40,0.00,0.00,-0.00
-9675,3.01,599,2.23,582,2,23059,15_29_10_30_04_2025,-2.04,9.30,-1.40,0.00,0.00,0.00
-9901,3.02,682,2.22,582,2,23098,15_29_10_30_04_2025,-2.04,9.30,-1.39,0.00,0.00,0.00
-9588,3.00,853,2.21,581,2,23136,15_29_10_30_04_2025,-2.05,9.30,-1.39,0.00,0.00,0.00
-9831,3.02,909,2.20,582,2,23174,15_29_10_30_04_2025,-2.04,9.31,-1.39,0.00,0.00,0.00
-9621,3.00,918,2.20,582,2,23210,15_29_10_30_04_2025,-2.04,9.31,-1.39,0.00,0.00,0.00
-9657,3.00,813,2.21,583,2,23249,15_29_10_30_04_2025,-2.04,9.30,-1.39,0.00,0.00,0.00
-9905,3.02,887,2.21,582,2,23287,15_29_10_30_04_2025,-2.04,9.30,-1.40,0.00,0.00,-0.00
-9525,2.99,686,2.22,582,2,23325,15_29_11_30_04_2025,-2.05,9.31,-1.39,0.00,0.00,-0.00
-9788,3.01,885,2.21,582,2,23363,15_29_11_30_04_2025,-2.04,9.31,-1.39,0.00,0.00,0.00
-9686,3.01,663,2.22,582,2,23402,15_29_11_30_04_2025,-2.04,9.31,-1.39,0.00,0.00,0.00
-9780,3.01,807,2.21,582,2,23438,15_29_11_30_04_2025,-2.04,9.29,-1.39,0.00,0.00,-0.00
-9742,3.01,600,2.23,582,2,23476,15_29_11_30_04_2025,-2.04,9.30,-1.40,0.00,0.00,0.00
-9756,3.01,1051,2.19,583,2,23515,15_29_11_30_04_2025,-2.04,9.30,-1.39,0.00,0.00,0.00
-9790,3.01,792,2.21,582,2,23553,15_29_11_30_04_2025,-2.05,9.31,-1.40,0.00,0.00,0.00
-9787,3.01,849,2.21,582,2,23591,15_29_11_30_04_2025,-2.04,9.32,-1.40,0.00,0.00,0.00
-9692,3.01,544,2.23,581,2,23629,15_29_11_30_04_2025,-2.05,9.31,-1.40,0.00,0.00,0.00
-9823,3.02,779,2.21,582,2,23665,15_29_11_30_04_2025,-2.04,9.30,-1.39,0.00,0.00,-0.00
-9688,3.01,742,2.22,581,2,23703,15_29_11_30_04_2025,-2.05,9.31,-1.38,0.00,0.00,0.00
-9701,3.01,621,2.23,582,2,23741,15_29_11_30_04_2025,-2.04,9.30,-1.40,0.00,0.00,0.00
-9716,3.01,601,2.23,582,2,23778,15_29_11_30_04_2025,-2.05,9.30,-1.38,0.00,0.00,0.00
-9621,3.00,838,2.21,583,2,23817,15_29_11_30_04_2025,-2.04,9.30,-1.40,0.00,0.00,0.00
-9795,3.01,678,2.22,582,2,23855,15_29_11_30_04_2025,-2.06,9.31,-1.38,0.00,0.00,-0.00
-9853,3.02,704,2.22,582,2,23896,15_29_11_30_04_2025,-2.05,9.30,-1.38,0.00,0.00,0.00
-9650,3.00,630,2.22,581,2,23934,15_29_11_30_04_2025,-2.05,9.30,-1.40,0.00,0.00,0.00
-9877,3.02,909,2.20,582,2,23972,15_29_11_30_04_2025,-2.05,9.31,-1.39,0.00,0.00,0.00
-9670,3.01,974,2.20,583,2,24011,15_29_11_30_04_2025,-2.04,9.31,-1.40,0.00,0.00,0.00
-9560,3.00,821,2.21,582,2,24049,15_29_11_30_04_2025,-2.05,9.31,-1.39,0.00,0.00,0.00
-9671,3.01,774,2.21,582,2,24087,15_29_11_30_04_2025,-2.04,9.29,-1.39,0.00,0.00,0.00
-9908,3.02,935,2.20,582,2,24129,15_29_11_30_04_2025,-2.05,9.30,-1.39,0.00,0.00,0.00
-9701,3.01,818,2.21,582,2,24167,15_29_11_30_04_2025,-2.04,9.30,-1.40,0.00,0.00,0.00
-9761,3.01,862,2.21,582,2,24211,15_29_11_30_04_2025,-2.05,9.30,-1.39,0.00,0.00,-0.00
-9742,3.01,729,2.22,582,2,24380,15_29_12_30_04_2025,-2.05,9.31,-1.40,0.00,0.00,-0.00
-9846,3.02,763,2.21,582,2,24419,15_29_12_30_04_2025,-2.04,9.30,-1.40,0.00,0.00,0.00
-9610,3.00,636,2.22,582,2,24457,15_29_12_30_04_2025,-2.05,9.31,-1.39,0.00,0.00,0.00
-9830,3.02,857,2.21,582,2,24498,15_29_12_30_04_2025,-2.04,9.30,-1.40,0.00,0.00,0.00
-9623,3.00,717,2.22,582,2,24537,15_29_12_30_04_2025,-2.04,9.30,-1.39,0.00,0.00,0.00
-9800,3.02,736,2.22,583,2,24575,15_29_12_30_04_2025,-2.04,9.30,-1.38,0.00,0.00,-0.00
-9740,3.01,815,2.21,582,2,24613,15_29_12_30_04_2025,-2.04,9.30,-1.39,0.00,0.00,0.00
-9881,3.02,910,2.20,582,2,24651,15_29_12_30_04_2025,-2.04,9.30,-1.39,0.00,0.00,-0.00
-9800,3.02,991,2.20,582,2,24689,15_29_12_30_04_2025,-2.04,9.30,-1.39,0.00,0.00,0.00
-9559,3.00,869,2.21,582,2,24730,15_29_12_30_04_2025,-2.05,9.31,-1.40,0.00,0.00,0.00
-9740,3.01,757,2.22,582,2,24768,15_29_12_30_04_2025,-2.04,9.30,-1.39,0.00,0.00,0.00
-9642,3.00,784,2.21,582,2,24807,15_29_12_30_04_2025,-2.05,9.31,-1.40,0.00,0.00,0.00
-9773,3.01,718,2.22,582,2,24845,15_29_12_30_04_2025,-2.04,9.30,-1.39,0.00,0.00,0.00
-9731,3.01,921,2.20,582,2,24883,15_29_12_30_04_2025,-2.04,9.31,-1.40,0.00,0.00,-0.00
-9731,3.01,752,2.22,582,2,24921,15_29_12_30_04_2025,-2.04,9.31,-1.39,0.00,0.00,0.00
-9725,3.01,862,2.21,582,2,24962,15_29_12_30_04_2025,-2.04,9.30,-1.39,0.00,0.00,0.00
-9659,3.00,632,2.22,582,2,25001,15_29_12_30_04_2025,-2.05,9.30,-1.40,0.00,0.00,0.00
-9826,3.02,782,2.21,582,2,25039,15_29_12_30_04_2025,-2.04,9.31,-1.40,0.00,0.00,0.00
-9672,3.01,890,2.21,582,2,25078,15_29_12_30_04_2025,-2.04,9.32,-1.39,0.00,0.00,0.00
-9739,3.01,814,2.21,582,2,25116,15_29_12_30_04_2025,-2.05,9.30,-1.39,0.00,0.00,0.00
-9693,3.01,647,2.22,582,2,25154,15_29_12_30_04_2025,-2.05,9.30,-1.39,0.00,0.00,-0.00
-9754,3.01,923,2.20,582,2,25195,15_29_12_30_04_2025,-2.04,9.30,-1.40,0.00,0.00,0.00
-9577,3.00,892,2.21,582,2,25234,15_29_12_30_04_2025,-2.04,9.31,-1.40,0.00,0.00,0.00
-9721,3.01,860,2.21,581,2,25272,15_29_12_30_04_2025,-2.04,9.32,-1.40,0.00,0.00,-0.00
-9665,3.00,871,2.21,582,2,25310,15_29_12_30_04_2025,-2.05,9.30,-1.40,0.00,0.00,0.00
-9732,3.01,743,2.22,582,2,25348,15_29_13_30_04_2025,-2.04,9.30,-1.39,0.00,0.00,0.00
-9830,3.02,753,2.22,582,2,25387,15_29_13_30_04_2025,-2.04,9.30,-1.40,0.00,0.00,-0.00
-9564,3.00,833,2.21,582,2,25428,15_29_13_30_04_2025,-2.05,9.31,-1.39,0.00,0.00,-0.00
-9925,3.02,913,2.20,582,2,25468,15_29_13_30_04_2025,-2.04,9.31,-1.40,0.00,0.00,0.00
-9925,3.02,994,2.20,582,2,25506,15_29_13_30_04_2025,-2.04,9.31,-1.39,0.00,0.00,0.00
-9564,3.00,764,2.21,582,2,25544,15_29_13_30_04_2025,-2.04,9.30,-1.39,0.00,0.00,0.00
-9780,3.01,876,2.21,582,2,25582,15_29_13_30_04_2025,-2.04,9.30,-1.39,0.00,0.00,-0.00
-9770,3.01,854,2.21,582,2,25621,15_29_13_30_04_2025,-2.05,9.32,-1.39,0.00,0.00,-0.00
-9764,3.01,909,2.20,582,2,25661,15_29_13_30_04_2025,-2.04,9.31,-1.39,0.00,0.00,0.00
-9714,3.01,628,2.23,583,2,25699,15_29_13_30_04_2025,-2.05,9.30,-1.39,0.00,0.00,0.00
-9810,3.02,915,2.20,582,2,25738,15_29_13_30_04_2025,-2.04,9.30,-1.39,0.00,0.00,0.00
-9734,3.01,748,2.22,582,2,25776,15_29_13_30_04_2025,-2.05,9.31,-1.39,0.00,0.00,0.00
-9434,2.99,733,2.22,582,2,25814,15_29_13_30_04_2025,-2.04,9.30,-1.39,0.00,0.00,-0.00
-9619,3.00,753,2.22,582,2,25851,15_29_13_30_04_2025,-2.04,9.30,-1.40,0.00,0.00,0.00
-9576,3.00,627,2.23,582,2,25893,15_29_13_30_04_2025,-2.04,9.29,-1.39,0.00,0.00,0.00
-9847,3.02,752,2.22,582,2,25931,15_29_13_30_04_2025,-2.05,9.30,-1.40,0.00,0.00,-0.00
-9702,3.01,946,2.20,582,2,25969,15_29_13_30_04_2025,-2.04,9.31,-1.39,0.00,0.00,0.00
-9614,3.00,784,2.21,582,2,26007,15_29_13_30_04_2025,-2.04,9.30,-1.40,0.00,0.00,0.00
-9862,3.02,623,2.23,582,2,26045,15_29_13_30_04_2025,-2.05,9.30,-1.39,0.00,0.00,0.00
-9870,3.02,764,2.21,582,2,26084,15_29_13_30_04_2025,-2.05,9.30,-1.39,0.00,0.00,0.00
-9762,3.01,746,2.22,582,2,26124,15_29_13_30_04_2025,-2.04,9.29,-1.39,0.00,0.00,-0.00
-9745,3.01,1125,2.19,582,2,26163,15_29_13_30_04_2025,-2.05,9.30,-1.39,0.00,0.00,-0.00
-9743,3.01,815,2.21,582,2,26201,15_29_13_30_04_2025,-2.05,9.30,-1.39,0.00,0.00,-0.00
-9652,3.00,595,2.23,582,2,26275,15_29_13_30_04_2025,-2.04,9.30,-1.40,0.00,0.00,0.00
-9743,3.01,681,2.22,582,2,26314,15_29_13_30_04_2025,-2.05,9.31,-1.38,0.00,0.00,0.00
-9724,3.01,820,2.21,582,2,26381,15_29_14_30_04_2025,-2.05,9.31,-1.40,0.00,0.00,0.00
-9748,3.01,814,2.21,582,2,26472,15_29_14_30_04_2025,-2.04,9.32,-1.39,0.00,0.00,0.00
-9599,3.00,757,2.22,582,2,26510,15_29_14_30_04_2025,-2.04,9.31,-1.39,0.00,0.00,0.00
-9759,3.01,787,2.21,583,2,26578,15_29_14_30_04_2025,-2.05,9.30,-1.40,0.00,0.00,0.00
-9703,3.01,770,2.21,582,2,26617,15_29_14_30_04_2025,-2.04,9.31,-1.39,0.00,0.00,0.00
-9770,3.01,896,2.20,582,2,26683,15_29_14_30_04_2025,-2.05,9.30,-1.39,0.00,0.00,-0.00
-9621,3.00,818,2.21,582,2,26773,15_29_14_30_04_2025,-2.04,9.31,-1.40,0.00,0.00,0.00
-9586,3.00,915,2.20,582,2,26815,15_29_14_30_04_2025,-2.05,9.31,-1.39,0.00,0.00,-0.00
-9694,3.01,717,2.22,582,2,26880,15_29_14_30_04_2025,-2.04,9.31,-1.40,0.00,0.00,0.00
-9539,3.00,636,2.22,582,2,26970,15_29_14_30_04_2025,-2.04,9.30,-1.40,0.00,0.00,0.00
-9629,3.00,911,2.20,582,2,27009,15_29_14_30_04_2025,-2.04,9.32,-1.39,0.00,0.00,-0.00
-9767,3.01,719,2.22,582,2,27076,15_29_14_30_04_2025,-2.04,9.32,-1.39,0.00,0.00,0.00
-9700,3.01,818,2.21,582,2,27166,15_29_14_30_04_2025,-2.05,9.30,-1.39,0.00,0.00,0.00
-9729,3.01,765,2.21,582,2,27207,15_29_14_30_04_2025,-2.05,9.31,-1.39,0.00,0.00,0.00
-9790,3.01,719,2.22,582,2,27273,15_29_14_30_04_2025,-2.05,9.30,-1.39,0.00,0.00,0.00
-9700,3.01,716,2.22,582,2,27362,15_29_14_30_04_2025,-2.05,9.31,-1.40,0.00,0.00,0.00
-9681,3.01,790,2.21,582,2,27400,15_29_15_30_04_2025,-2.04,9.30,-1.39,0.00,0.00,-0.00
-9724,3.01,830,2.21,582,2,27468,15_29_15_30_04_2025,-2.04,9.30,-1.40,0.00,0.00,0.00
-9656,3.00,862,2.21,582,2,27558,15_29_15_30_04_2025,-2.04,9.30,-1.40,0.00,0.00,0.00
-9708,3.01,540,2.23,582,2,27599,15_29_15_30_04_2025,-2.04,9.30,-1.39,0.00,0.00,0.00
-9767,3.01,831,2.21,582,2,27665,15_29_15_30_04_2025,-2.04,9.30,-1.40,0.00,0.00,0.00
-9745,3.01,867,2.21,582,2,27756,15_29_15_30_04_2025,-2.04,9.31,-1.40,0.00,0.00,-0.00
-9647,3.00,852,2.21,582,2,27794,15_29_15_30_04_2025,-2.04,9.31,-1.39,0.00,0.00,-0.00
-9620,3.00,806,2.21,582,2,27860,15_29_15_30_04_2025,-2.05,9.30,-1.40,0.00,0.00,0.00
-9741,3.01,778,2.21,582,2,27898,15_29_15_30_04_2025,-2.04,9.30,-1.40,0.00,0.00,0.00
-9675,3.01,686,2.22,582,2,27967,15_29_15_30_04_2025,-2.04,9.29,-1.39,0.00,0.00,0.00
-9744,3.01,945,2.20,582,2,28057,15_29_15_30_04_2025,-2.04,9.30,-1.39,0.00,0.00,-0.00
-9665,3.00,799,2.21,582,2,28095,15_29_15_30_04_2025,-2.04,9.31,-1.40,0.00,0.00,0.00
-9978,3.03,801,2.21,582,2,28163,15_29_15_30_04_2025,-2.04,9.31,-1.40,0.00,0.00,-0.00
-9661,3.00,838,2.21,582,2,28253,15_29_15_30_04_2025,-2.04,9.31,-1.39,0.00,0.00,0.00
-9757,3.01,665,2.22,582,2,28291,15_29_15_30_04_2025,-2.04,9.31,-1.40,0.00,0.00,0.00
-9617,3.00,729,2.22,582,2,28359,15_29_16_30_04_2025,-2.05,9.30,-1.39,0.00,0.00,0.00
-9790,3.01,753,2.22,582,2,28449,15_29_16_30_04_2025,-2.04,9.31,-1.39,0.00,0.00,0.00
-9736,3.01,831,2.21,582,2,28486,15_29_16_30_04_2025,-2.05,9.30,-1.39,0.00,0.00,-0.00
-9718,3.01,927,2.20,582,2,28555,15_29_16_30_04_2025,-2.04,9.32,-1.40,0.00,0.00,-0.00
-9654,3.00,714,2.22,582,2,28645,15_29_16_30_04_2025,-2.05,9.32,-1.40,0.00,0.00,-0.00
-9770,3.01,963,2.20,582,2,28685,15_29_16_30_04_2025,-2.05,9.31,-1.39,0.00,0.00,0.00
-9702,3.01,813,2.21,583,2,28752,15_29_16_30_04_2025,-2.04,9.31,-1.39,0.00,0.00,0.00
-9674,3.01,1052,2.19,582,2,28842,15_29_16_30_04_2025,-2.04,9.31,-1.39,0.00,0.00,0.00
-9821,3.02,809,2.21,582,2,28879,15_29_16_30_04_2025,-2.04,9.30,-1.39,0.00,0.00,0.00
-9637,3.00,887,2.21,583,2,28949,15_29_16_30_04_2025,-2.04,9.31,-1.38,0.00,0.00,-0.00
-9633,3.00,624,2.23,582,2,29039,15_29_16_30_04_2025,-2.04,9.30,-1.40,0.00,0.00,-0.00
-9645,3.00,861,2.21,582,2,29078,15_29_16_30_04_2025,-2.05,9.31,-1.40,0.00,0.00,0.00
-9722,3.01,822,2.21,582,2,29144,15_29_16_30_04_2025,-2.04,9.31,-1.40,0.00,0.00,-0.00
-9656,3.00,861,2.21,582,2,29182,15_29_16_30_04_2025,-2.04,9.31,-1.39,0.00,0.00,0.00
-9727,3.01,756,2.22,582,2,29250,15_29_16_30_04_2025,-2.04,9.30,-1.39,0.00,0.00,0.00
-9683,3.01,739,2.22,582,2,29341,15_29_16_30_04_2025,-2.04,9.29,-1.40,0.00,0.00,0.00
-9637,3.00,767,2.21,582,2,29380,15_29_17_30_04_2025,-2.05,9.31,-1.39,0.00,0.00,0.00
-9667,3.01,953,2.20,582,2,29446,15_29_17_30_04_2025,-2.04,9.31,-1.39,0.00,0.00,-0.00
-9672,3.01,740,2.22,582,2,29536,15_29_17_30_04_2025,-2.05,9.31,-1.40,0.00,0.00,0.00
-9645,3.00,911,2.20,582,2,29574,15_29_17_30_04_2025,-2.05,9.30,-1.39,0.00,0.00,0.00
-9701,3.01,835,2.21,582,2,29643,15_29_17_30_04_2025,-2.05,9.31,-1.40,0.00,0.00,0.00
-9752,3.01,836,2.21,582,2,29732,15_29_17_30_04_2025,-2.05,9.32,-1.40,0.00,0.00,0.00
-9781,3.01,898,2.20,582,2,29770,15_29_17_30_04_2025,-2.05,9.30,-1.39,0.00,0.00,-0.00
-9628,3.00,887,2.21,582,2,29838,15_29_17_30_04_2025,-2.04,9.31,-1.40,0.00,0.00,0.00
-9739,3.01,840,2.21,582,2,29929,15_29_17_30_04_2025,-2.05,9.31,-1.40,0.00,0.00,0.00
-9811,3.02,716,2.22,582,2,29967,15_29_17_30_04_2025,-2.05,9.31,-1.39,0.00,0.00,0.00
-9594,3.00,518,2.23,583,2,30035,15_29_17_30_04_2025,-2.05,9.30,-1.38,0.00,0.00,-0.00
-9869,3.02,766,2.21,583,2,30125,15_29_17_30_04_2025,-2.04,9.31,-1.40,0.00,0.00,-0.00
-9770,3.01,686,2.22,582,2,30163,15_29_17_30_04_2025,-2.05,9.32,-1.40,0.00,0.00,0.00
-9607,3.00,839,2.21,582,2,30231,15_29_17_30_04_2025,-2.05,9.31,-1.41,0.00,0.00,0.00
-9856,3.02,889,2.21,582,2,30322,15_29_17_30_04_2025,-2.04,9.31,-1.39,0.00,0.00,-0.00
-9771,3.01,910,2.20,583,2,30361,15_29_18_30_04_2025,-2.05,9.30,-1.40,0.00,0.00,0.00
-9613,3.00,866,2.21,582,2,30427,15_29_18_30_04_2025,-2.05,9.31,-1.40,0.00,0.00,0.00
-9847,3.02,701,2.22,581,2,30464,15_29_18_30_04_2025,-2.04,9.31,-1.40,0.00,0.00,0.00
-9718,3.01,721,2.22,581,2,30533,15_29_18_30_04_2025,-2.05,9.31,-1.40,0.00,0.00,-0.00
-9576,3.00,803,2.21,582,2,30623,15_29_18_30_04_2025,-2.05,9.32,-1.39,0.00,0.00,0.00
-9659,3.00,864,2.21,582,2,30665,15_29_18_30_04_2025,-2.05,9.32,-1.39,0.00,0.00,0.00
-9568,3.00,864,2.21,582,2,30730,15_29_18_30_04_2025,-2.04,9.30,-1.39,0.00,0.00,0.00
-9612,3.00,710,2.22,582,2,30819,15_29_18_30_04_2025,-2.04,9.30,-1.39,0.00,0.00,0.00
-9571,3.00,735,2.22,583,2,30857,15_29_18_30_04_2025,-2.05,9.30,-1.40,0.00,0.00,0.00
-9818,3.02,757,2.22,582,2,30925,15_29_18_30_04_2025,-2.05,9.30,-1.39,0.00,0.00,0.00
-9788,3.01,717,2.22,582,2,31019,15_29_18_30_04_2025,-2.04,9.31,-1.40,0.00,0.00,0.00
-9788,3.01,998,2.20,583,2,31060,15_29_18_30_04_2025,-2.04,9.32,-1.40,0.00,0.00,0.00
-9801,3.02,745,2.22,582,2,31121,15_29_18_30_04_2025,-2.05,9.30,-1.38,0.00,0.00,0.00
-9569,3.00,711,2.22,582,2,31212,15_29_18_30_04_2025,-2.05,9.31,-1.39,0.00,0.00,-0.00
-9874,3.02,698,2.22,583,2,31250,15_29_18_30_04_2025,-2.04,9.31,-1.40,0.00,0.00,-0.00
-9721,3.01,958,2.20,583,2,31318,15_29_18_30_04_2025,-2.04,9.30,-1.39,0.00,0.00,-0.00
-9844,3.02,843,2.21,582,2,31408,15_29_19_30_04_2025,-2.05,9.31,-1.39,0.00,0.00,0.00
-9873,3.02,599,2.23,582,2,31449,15_29_19_30_04_2025,-2.05,9.32,-1.40,0.00,0.00,0.00
-9683,3.01,673,2.22,582,2,31514,15_29_19_30_04_2025,-2.04,9.31,-1.40,0.00,0.00,-0.00
-9841,3.02,575,2.23,582,2,31605,15_29_19_30_04_2025,-2.04,9.31,-1.39,0.00,0.00,-0.00
-9636,3.00,688,2.22,582,2,31643,15_29_19_30_04_2025,-2.04,9.30,-1.40,0.00,0.00,0.00
-9701,3.01,770,2.21,582,2,31711,15_29_19_30_04_2025,-2.05,9.31,-1.39,0.00,0.00,0.00
-9613,3.00,842,2.21,582,2,31750,15_29_19_30_04_2025,-2.06,9.31,-1.40,0.00,0.00,0.00
-9636,3.00,930,2.20,582,2,31816,15_29_19_30_04_2025,-2.04,9.31,-1.40,0.00,0.00,0.00
-9640,3.00,930,2.20,582,2,31907,15_29_19_30_04_2025,-2.03,9.30,-1.39,0.00,0.00,-0.00
-9709,3.01,804,2.21,582,2,31944,15_29_19_30_04_2025,-2.06,9.31,-1.39,0.00,0.00,0.00
-9627,3.00,768,2.21,582,2,32014,15_29_19_30_04_2025,-2.04,9.30,-1.39,0.00,0.00,0.00
-9814,3.02,768,2.21,582,2,32102,15_29_19_30_04_2025,-2.05,9.31,-1.39,0.00,0.00,-0.00
-9774,3.01,709,2.22,582,2,32141,15_29_19_30_04_2025,-2.04,9.31,-1.39,0.00,0.00,-0.00
-9657,3.00,852,2.21,582,2,32209,15_29_19_30_04_2025,-2.04,9.31,-1.40,0.00,0.00,0.00
-9740,3.01,814,2.21,582,2,32299,15_29_19_30_04_2025,-2.05,9.30,-1.40,0.00,0.00,0.00
-9437,2.99,888,2.21,582,2,32337,15_29_20_30_04_2025,-2.05,9.31,-1.38,0.00,0.00,0.00
-9630,3.00,1049,2.19,583,2,32405,15_29_20_30_04_2025,-2.04,9.30,-1.40,0.00,0.00,0.00
-9779,3.01,788,2.21,583,2,32495,15_29_20_30_04_2025,-2.05,9.30,-1.39,0.00,0.00,-0.00
-9686,3.01,673,2.22,582,2,32533,15_29_20_30_04_2025,-2.04,9.30,-1.39,0.00,0.00,-0.00
-9869,3.02,963,2.20,582,2,32601,15_29_20_30_04_2025,-2.05,9.31,-1.39,0.00,0.00,0.00
-9654,3.00,652,2.22,582,2,32691,15_29_20_30_04_2025,-2.04,9.30,-1.39,0.00,0.00,0.00
-9729,3.01,794,2.21,583,2,32729,15_29_20_30_04_2025,-2.05,9.30,-1.39,0.00,0.00,0.00
-9750,3.01,908,2.20,582,2,32797,15_29_20_30_04_2025,-2.04,9.31,-1.39,0.00,0.00,0.00
-9816,3.02,978,2.20,582,2,32888,15_29_20_30_04_2025,-2.05,9.30,-1.39,0.00,0.00,0.00
-9833,3.02,926,2.20,582,2,32926,15_29_20_30_04_2025,-2.05,9.30,-1.38,0.00,0.00,-0.00
-9841,3.02,751,2.22,582,2,32993,15_29_20_30_04_2025,-2.04,9.31,-1.39,0.00,0.00,-0.00
-9700,3.01,592,2.23,582,2,33032,15_29_20_30_04_2025,-2.04,9.31,-1.39,0.00,0.00,-0.00
-9759,3.01,719,2.22,581,2,33100,15_29_20_30_04_2025,-2.04,9.30,-1.39,0.00,0.00,-0.00
-9618,3.00,848,2.21,581,2,33190,15_29_20_30_04_2025,-2.05,9.31,-1.39,0.00,0.00,-0.00
-9767,3.01,799,2.21,582,2,33228,15_29_20_30_04_2025,-2.05,9.31,-1.39,0.00,0.00,0.00
-9893,3.02,1070,2.19,582,2,33295,15_29_20_30_04_2025,-2.05,9.31,-1.39,0.00,0.00,0.00
-9737,3.01,655,2.22,582,2,33386,15_29_21_30_04_2025,-2.04,9.31,-1.39,0.00,0.00,0.00
-9794,3.01,851,2.21,582,2,33425,15_29_21_30_04_2025,-2.05,9.31,-1.40,0.00,0.00,0.00
-9707,3.01,888,2.21,582,2,33492,15_29_21_30_04_2025,-2.04,9.31,-1.40,0.00,0.00,0.00
-9680,3.01,603,2.23,583,2,33581,15_29_21_30_04_2025,-2.04,9.31,-1.39,0.00,0.00,0.00
-9752,3.01,701,2.22,582,2,33619,15_29_21_30_04_2025,-2.05,9.31,-1.40,0.00,0.00,0.00
-9643,3.00,943,2.20,582,2,33688,15_29_21_30_04_2025,-2.05,9.29,-1.38,0.00,0.00,0.00
-9703,3.01,802,2.21,582,2,33779,15_29_21_30_04_2025,-2.05,9.30,-1.40,0.00,0.00,-0.00
-9606,3.00,775,2.21,582,2,33818,15_29_21_30_04_2025,-2.04,9.30,-1.40,0.00,0.00,0.00
-9820,3.02,737,2.22,582,2,33884,15_29_21_30_04_2025,-2.04,9.31,-1.38,0.00,0.00,0.00
-9706,3.01,706,2.22,582,2,33975,15_29_21_30_04_2025,-2.05,9.30,-1.39,0.00,0.00,0.00
-9780,3.01,824,2.21,582,2,34012,15_29_21_30_04_2025,-2.05,9.30,-1.40,0.00,0.00,-0.00
-9705,3.01,1026,2.19,582,2,34080,15_29_21_30_04_2025,-2.05,9.30,-1.40,0.00,0.00,-0.00
-9711,3.01,1026,2.19,583,2,34171,15_29_21_30_04_2025,-2.04,9.32,-1.40,0.00,0.00,-0.00
-9776,3.01,832,2.21,582,2,34210,15_29_21_30_04_2025,-2.05,9.31,-1.39,0.00,0.00,0.00
-9733,3.01,714,2.22,582,2,34394,15_29_22_30_04_2025,-2.04,9.30,-1.40,0.00,0.00,0.00
-9678,3.01,780,2.21,582,2,34433,15_29_22_30_04_2025,-2.05,9.30,-1.39,0.00,0.00,0.00
-9613,3.00,767,2.21,583,2,34472,15_29_22_30_04_2025,-2.04,9.30,-1.39,0.00,0.00,-0.00
-9524,2.99,761,2.22,582,2,34511,15_29_22_30_04_2025,-2.04,9.31,-1.39,0.00,0.00,0.00
-9903,3.02,799,2.21,582,2,34546,15_29_22_30_04_2025,-2.04,9.30,-1.39,0.00,0.00,0.00
-9835,3.02,868,2.21,583,2,34583,15_29_22_30_04_2025,-2.05,9.31,-1.39,0.00,0.00,0.00
-9597,3.00,803,2.21,582,2,34668,15_29_22_30_04_2025,-2.04,9.30,-1.40,0.00,0.00,0.00
-9702,3.01,960,2.20,581,2,34706,15_29_22_30_04_2025,-2.04,9.29,-1.39,0.00,0.00,0.00
-9586,3.00,672,2.22,582,2,34776,15_29_22_30_04_2025,-2.05,9.29,-1.39,0.00,0.00,0.00
-9535,3.00,911,2.20,582,2,34865,15_29_22_30_04_2025,-2.04,9.30,-1.40,0.00,0.00,0.00
-9597,3.00,838,2.21,583,2,34906,15_29_22_30_04_2025,-2.05,9.30,-1.39,0.00,0.00,0.00
-9597,3.00,923,2.20,582,2,34971,15_29_22_30_04_2025,-2.05,9.32,-1.39,0.00,0.00,0.00
-9666,3.01,949,2.20,582,2,35062,15_29_22_30_04_2025,-2.04,9.30,-1.39,0.00,0.00,0.00
-9629,3.00,994,2.20,582,2,35100,15_29_22_30_04_2025,-2.05,9.31,-1.40,0.00,0.00,0.00
-9608,3.00,593,2.23,582,2,35167,15_29_22_30_04_2025,-2.04,9.30,-1.39,0.00,0.00,0.00
-9733,3.01,665,2.22,582,2,35258,15_29_22_30_04_2025,-2.04,9.30,-1.39,0.00,0.00,-0.00
-9758,3.01,908,2.20,582,2,35298,15_29_22_30_04_2025,-2.04,9.30,-1.39,0.00,0.00,0.00
-9720,3.01,682,2.22,582,2,35364,15_29_23_30_04_2025,-2.05,9.32,-1.40,0.00,0.00,0.00
-9683,3.01,855,2.21,582,2,35454,15_29_23_30_04_2025,-2.04,9.31,-1.40,0.00,0.00,0.00
-9574,3.00,731,2.22,583,2,35493,15_29_23_30_04_2025,-2.05,9.32,-1.40,0.00,0.00,-0.00
-9591,3.00,665,2.22,582,2,35560,15_29_23_30_04_2025,-2.04,9.29,-1.40,0.00,0.00,0.00
-9639,3.00,713,2.22,583,2,35598,15_29_23_30_04_2025,-2.04,9.31,-1.40,0.00,0.00,0.00
-9669,3.01,970,2.20,582,2,35665,15_29_23_30_04_2025,-2.04,9.31,-1.40,0.00,0.00,-0.00
-9761,3.01,849,2.21,582,2,35756,15_29_23_30_04_2025,-2.04,9.31,-1.39,0.00,0.00,0.00
-9798,3.02,1047,2.19,582,2,35794,15_29_23_30_04_2025,-2.05,9.31,-1.40,0.00,0.00,0.00
-9821,3.02,828,2.21,582,2,35861,15_29_23_30_04_2025,-2.04,9.31,-1.40,0.00,0.00,0.00
-9882,3.02,880,2.21,582,2,35952,15_29_23_30_04_2025,-2.06,9.31,-1.39,0.00,0.00,0.00
-9690,3.01,931,2.20,582,2,35990,15_29_23_30_04_2025,-2.04,9.31,-1.40,0.00,0.00,-0.00
-9681,3.01,894,2.20,583,2,36059,15_29_23_30_04_2025,-2.05,9.31,-1.39,0.00,0.00,0.00
-9683,3.01,673,2.22,582,2,36149,15_29_23_30_04_2025,-2.04,9.32,-1.40,0.00,0.00,-0.00
-9696,3.01,871,2.21,582,2,36190,15_29_23_30_04_2025,-2.05,9.31,-1.38,0.00,0.00,0.00
-9750,3.01,755,2.22,582,2,36254,15_29_23_30_04_2025,-2.04,9.31,-1.39,0.00,0.00,0.00
-9612,3.00,761,2.22,582,2,36345,15_29_23_30_04_2025,-2.05,9.30,-1.39,0.00,0.00,-0.00
-9671,3.01,712,2.22,582,2,36383,15_29_24_30_04_2025,-2.04,9.30,-1.39,0.00,0.00,0.00
-9669,3.01,787,2.21,582,2,36452,15_29_24_30_04_2025,-2.05,9.32,-1.40,0.00,0.00,-0.00
-9929,3.02,965,2.20,582,2,36541,15_29_24_30_04_2025,-2.06,9.31,-1.41,0.00,0.00,0.00
-9649,3.00,889,2.21,582,2,36580,15_29_24_30_04_2025,-2.04,9.31,-1.40,0.00,0.00,0.00
-9797,3.01,785,2.21,582,2,36646,15_29_24_30_04_2025,-2.05,9.30,-1.39,0.00,0.00,-0.00
-9873,3.02,829,2.21,582,2,36738,15_29_24_30_04_2025,-2.05,9.32,-1.40,0.00,0.00,-0.00
-9690,3.01,881,2.21,582,2,36776,15_29_24_30_04_2025,-2.05,9.30,-1.38,0.00,0.00,0.00
-9843,3.02,692,2.22,582,2,36843,15_29_24_30_04_2025,-2.05,9.30,-1.40,0.00,0.00,0.00
-9766,3.01,707,2.22,583,2,36881,15_29_24_30_04_2025,-2.05,9.30,-1.40,0.00,0.00,0.00
-9671,3.01,715,2.22,582,2,36949,15_29_24_30_04_2025,-2.04,9.31,-1.41,0.00,0.00,-0.00
-9707,3.01,1026,2.19,582,2,37039,15_29_24_30_04_2025,-2.04,9.30,-1.39,0.00,0.00,0.00
-9640,3.00,756,2.22,582,2,37077,15_29_24_30_04_2025,-2.04,9.30,-1.39,0.00,0.00,0.00
-9734,3.01,730,2.22,582,2,37145,15_29_24_30_04_2025,-2.05,9.30,-1.40,0.00,0.00,0.00
-9642,3.00,798,2.21,582,2,37235,15_29_24_30_04_2025,-2.05,9.31,-1.39,0.00,0.00,-0.00
-9681,3.01,945,2.20,582,2,37273,15_29_24_30_04_2025,-2.05,9.31,-1.39,0.00,0.00,-0.00
-9638,3.00,895,2.20,583,2,37341,15_29_24_30_04_2025,-2.04,9.31,-1.39,0.00,0.00,0.00
-9640,3.00,814,2.21,583,2,37432,15_29_25_30_04_2025,-2.05,9.32,-1.39,0.00,0.00,0.00
-9814,3.02,719,2.22,582,2,37470,15_29_25_30_04_2025,-2.05,9.31,-1.39,0.00,0.00,-0.00
-9676,3.01,962,2.20,583,2,37538,15_29_25_30_04_2025,-2.05,9.30,-1.38,0.00,0.00,0.00
-9789,3.01,703,2.22,582,2,37628,15_29_25_30_04_2025,-2.06,9.32,-1.39,0.00,0.00,-0.00
-9733,3.01,806,2.21,583,2,37665,15_29_25_30_04_2025,-2.05,9.30,-1.39,0.00,0.00,0.00
-9626,3.00,714,2.22,583,2,37734,15_29_25_30_04_2025,-2.04,9.30,-1.39,0.00,0.00,0.00
-9636,3.00,1001,2.20,582,2,37824,15_29_25_30_04_2025,-2.04,9.31,-1.39,0.00,0.00,-0.00
-9605,3.00,725,2.22,582,2,37863,15_29_25_30_04_2025,-2.05,9.32,-1.39,0.00,0.00,-0.00
-9846,3.02,872,2.21,582,2,37930,15_29_25_30_04_2025,-2.04,9.31,-1.40,0.00,0.00,-0.00
-9690,3.01,799,2.21,582,2,38021,15_29_25_30_04_2025,-2.04,9.31,-1.40,0.00,0.00,-0.00
-9690,3.01,839,2.21,583,2,38061,15_29_25_30_04_2025,-2.04,9.31,-1.40,0.00,0.00,0.00
-9752,3.01,671,2.22,582,2,38126,15_29_25_30_04_2025,-2.04,9.31,-1.40,0.00,0.00,0.00
-9720,3.01,1326,2.17,582,2,38166,15_29_25_30_04_2025,-2.05,9.31,-1.39,0.00,0.00,-0.00
-9849,3.02,810,2.21,582,2,38233,15_29_25_30_04_2025,-2.05,9.30,-1.38,0.00,0.00,0.00
-9740,3.01,910,2.20,583,2,38323,15_29_25_30_04_2025,-2.04,9.30,-1.39,0.00,0.00,0.00
-9666,3.01,748,2.22,582,2,38363,15_29_26_30_04_2025,-2.04,9.31,-1.40,0.00,0.00,-0.00
-9942,3.03,868,2.21,582,2,38429,15_29_26_30_04_2025,-2.04,9.31,-1.38,0.00,0.00,-0.00
-9491,2.99,875,2.21,583,2,38519,15_29_26_30_04_2025,-2.05,9.30,-1.39,0.00,0.00,0.00
-9645,3.00,709,2.22,582,2,38559,15_29_26_30_04_2025,-2.04,9.31,-1.39,0.00,0.00,-0.00
-9771,3.01,560,2.23,582,2,38624,15_29_26_30_04_2025,-2.04,9.30,-1.39,0.00,0.00,0.00
-9666,3.01,778,2.21,583,2,38714,15_29_26_30_04_2025,-2.05,9.30,-1.39,0.00,0.00,0.00
-9785,3.01,725,2.22,582,2,38754,15_29_26_30_04_2025,-2.04,9.30,-1.38,0.00,0.00,0.00
-9974,3.03,913,2.20,582,2,38821,15_29_26_30_04_2025,-2.04,9.32,-1.40,0.00,0.00,0.00
-9590,3.00,769,2.21,582,2,38910,15_29_26_30_04_2025,-2.04,9.30,-1.39,0.00,0.00,0.00
-9807,3.02,890,2.21,582,2,38951,15_29_26_30_04_2025,-2.05,9.30,-1.40,0.00,0.00,0.00
-9773,3.01,830,2.21,582,2,39016,15_29_26_30_04_2025,-2.05,9.30,-1.39,0.00,0.00,0.00
-9825,3.02,876,2.21,582,2,39107,15_29_26_30_04_2025,-2.05,9.30,-1.39,0.00,0.00,0.00
-9689,3.01,980,2.20,582,2,39148,15_29_26_30_04_2025,-2.04,9.30,-1.40,0.00,0.00,-0.00
-9687,3.01,933,2.20,582,2,39214,15_29_26_30_04_2025,-2.04,9.31,-1.41,0.00,0.00,0.00
-9672,3.01,981,2.20,582,2,39304,15_29_26_30_04_2025,-2.04,9.30,-1.39,0.00,0.00,-0.00
-9864,3.02,767,2.21,582,2,39344,15_29_27_30_04_2025,-2.05,9.31,-1.39,0.00,0.00,0.00
-9698,3.01,782,2.21,582,2,39409,15_29_27_30_04_2025,-2.04,9.30,-1.38,0.00,0.00,-0.00
-9530,2.99,962,2.20,583,2,39452,15_29_27_30_04_2025,-2.05,9.31,-1.40,0.00,0.00,-0.00
-9747,3.01,701,2.22,582,2,39516,15_29_27_30_04_2025,-2.05,9.31,-1.40,0.00,0.00,-0.00
-9776,3.01,998,2.20,582,2,39606,15_29_27_30_04_2025,-2.03,9.31,-1.39,0.00,0.00,-0.00
-9773,3.01,773,2.21,582,2,39646,15_29_27_30_04_2025,-2.04,9.31,-1.39,0.00,0.00,0.00
-9697,3.01,795,2.21,583,2,39712,15_29_27_30_04_2025,-2.05,9.31,-1.40,0.00,0.00,0.00
-9711,3.01,730,2.22,583,2,39801,15_29_27_30_04_2025,-2.04,9.30,-1.39,0.00,0.00,-0.00
-9688,3.01,770,2.21,582,2,39845,15_29_27_30_04_2025,-2.05,9.30,-1.40,0.00,0.00,0.00
-9768,3.01,935,2.20,582,2,39909,15_29_27_30_04_2025,-2.04,9.30,-1.39,0.00,0.00,0.00
-9675,3.01,924,2.20,582,2,39998,15_29_27_30_04_2025,-2.05,9.30,-1.39,0.00,0.00,0.00
-9791,3.01,765,2.21,582,2,40038,15_29_27_30_04_2025,-2.04,9.29,-1.39,0.00,0.00,-0.00
-9805,3.02,917,2.20,582,2,40103,15_29_27_30_04_2025,-2.04,9.30,-1.39,0.00,0.00,0.00
-9771,3.01,961,2.20,582,2,40194,15_29_27_30_04_2025,-2.05,9.30,-1.40,0.00,0.00,0.00
-9667,3.01,938,2.20,583,2,40238,15_29_27_30_04_2025,-2.04,9.31,-1.40,0.00,0.00,0.00
-9745,3.01,827,2.21,582,2,40300,15_29_27_30_04_2025,-2.04,9.31,-1.39,0.00,0.00,0.00
-9769,3.01,982,2.20,581,2,40391,15_29_28_30_04_2025,-2.04,9.30,-1.39,0.00,0.00,-0.00
-9701,3.01,627,2.23,582,2,40431,15_29_28_30_04_2025,-2.04,9.31,-1.39,0.00,0.00,0.00
-9746,3.01,680,2.22,582,2,40496,15_29_28_30_04_2025,-2.04,9.30,-1.38,0.00,0.00,0.00
-9691,3.01,830,2.21,582,2,40587,15_29_28_30_04_2025,-2.04,9.31,-1.40,0.00,0.00,0.00
-9677,3.01,867,2.21,582,2,40631,15_29_28_30_04_2025,-2.05,9.31,-1.40,0.00,0.00,-0.00
-9699,3.01,784,2.21,583,2,40693,15_29_28_30_04_2025,-2.05,9.30,-1.40,0.00,0.00,0.00
-9628,3.00,811,2.21,582,2,40733,15_29_28_30_04_2025,-2.05,9.30,-1.39,0.00,0.00,-0.00
-9704,3.01,971,2.20,582,2,40799,15_29_28_30_04_2025,-2.04,9.31,-1.39,0.00,0.00,0.00
-9672,3.01,780,2.21,582,2,40890,15_29_28_30_04_2025,-2.04,9.32,-1.38,0.00,0.00,-0.00
-9576,3.00,915,2.20,582,2,40930,15_29_28_30_04_2025,-2.04,9.30,-1.40,0.00,0.00,0.00
-9846,3.02,914,2.20,583,2,40995,15_29_28_30_04_2025,-2.04,9.30,-1.39,0.00,0.00,-0.00
-9678,3.01,759,2.22,582,2,41085,15_29_28_30_04_2025,-2.04,9.30,-1.39,0.00,0.00,0.00
-9788,3.01,846,2.21,582,2,41125,15_29_28_30_04_2025,-2.05,9.31,-1.40,0.00,0.00,-0.00
-9760,3.01,707,2.22,582,2,41192,15_29_28_30_04_2025,-2.04,9.31,-1.40,0.00,0.00,0.00
-9757,3.01,737,2.22,582,2,41282,15_29_28_30_04_2025,-2.04,9.30,-1.39,0.00,0.00,0.00
-9686,3.01,848,2.21,582,2,41323,15_29_28_30_04_2025,-2.05,9.31,-1.39,0.00,0.00,0.00
-9711,3.01,890,2.21,582,2,41388,15_29_29_30_04_2025,-2.04,9.30,-1.39,0.00,0.00,-0.00
-9700,3.01,949,2.20,582,2,41477,15_29_29_30_04_2025,-2.05,9.30,-1.39,0.00,0.00,0.00
-9697,3.01,786,2.21,582,2,41517,15_29_29_30_04_2025,-2.05,9.30,-1.39,0.00,0.00,-0.00
-9628,3.00,955,2.20,582,2,41585,15_29_29_30_04_2025,-2.05,9.32,-1.40,0.00,0.00,-0.00
-9549,3.00,903,2.20,582,2,41673,15_29_29_30_04_2025,-2.05,9.30,-1.40,0.00,0.00,-0.00
-9781,3.01,734,2.22,582,2,41713,15_29_29_30_04_2025,-2.05,9.32,-1.40,0.00,0.00,0.00
-9439,2.99,931,2.20,582,2,41779,15_29_29_30_04_2025,-2.05,9.29,-1.39,0.00,0.00,0.00
-9731,3.01,765,2.21,583,2,41871,15_29_29_30_04_2025,-2.04,9.31,-1.39,0.00,0.00,-0.00
-9626,3.00,690,2.22,582,2,41912,15_29_29_30_04_2025,-2.04,9.30,-1.39,0.00,0.00,0.00
-9573,3.00,693,2.22,583,2,41976,15_29_29_30_04_2025,-2.04,9.31,-1.39,0.00,0.00,0.00
-9805,3.02,710,2.22,582,2,42015,15_29_29_30_04_2025,-2.04,9.31,-1.40,0.00,0.00,0.00
-9707,3.01,684,2.22,583,2,42082,15_29_29_30_04_2025,-2.04,9.32,-1.40,0.00,0.00,0.00
-9652,3.00,764,2.21,582,2,42173,15_29_29_30_04_2025,-2.03,9.31,-1.39,0.00,0.00,0.00
-9716,3.01,997,2.20,583,2,42213,15_29_29_30_04_2025,-2.05,9.31,-1.40,0.00,0.00,-0.00
-9679,3.01,630,2.22,582,2,42279,15_29_29_30_04_2025,-2.05,9.31,-1.39,0.00,0.00,0.00
-9576,3.00,630,2.22,582,2,42368,15_29_29_30_04_2025,-2.05,9.32,-1.39,0.00,0.00,0.00
-9870,3.02,831,2.21,582,2,42408,15_29_30_30_04_2025,-2.04,9.30,-1.40,0.00,0.00,0.00
-9708,3.01,623,2.23,582,2,42474,15_29_30_30_04_2025,-2.05,9.30,-1.39,0.00,0.00,0.00
-9649,3.00,1021,2.20,582,2,42565,15_29_30_30_04_2025,-2.04,9.30,-1.39,0.00,0.00,0.00
-9625,3.00,736,2.22,582,2,42606,15_29_30_30_04_2025,-2.04,9.29,-1.39,0.00,0.00,-0.00
-9721,3.01,687,2.22,582,2,42671,15_29_30_30_04_2025,-2.04,9.29,-1.39,0.00,0.00,-0.00
-9720,3.01,460,2.24,583,2,42760,15_29_30_30_04_2025,-2.04,9.30,-1.40,0.00,0.00,0.00
-9841,3.02,714,2.22,582,2,42800,15_29_30_30_04_2025,-2.04,9.31,-1.39,0.00,0.00,0.00
-9743,3.01,843,2.21,582,2,42867,15_29_30_30_04_2025,-2.04,9.31,-1.40,0.00,0.00,0.00
-9635,3.00,847,2.21,582,2,42957,15_29_30_30_04_2025,-2.04,9.32,-1.39,0.00,0.00,0.00
-9676,3.01,783,2.21,582,2,42997,15_29_30_30_04_2025,-2.04,9.31,-1.39,0.00,0.00,0.00
-9685,3.01,835,2.21,583,2,43063,15_29_30_30_04_2025,-2.05,9.31,-1.41,0.00,0.00,0.00
-9565,3.00,938,2.20,583,2,43155,15_29_30_30_04_2025,-2.05,9.31,-1.40,0.00,0.00,-0.00
-9478,2.99,636,2.22,582,2,43194,15_29_30_30_04_2025,-2.04,9.31,-1.39,0.00,0.00,0.00
-9795,3.01,777,2.21,582,2,43260,15_29_30_30_04_2025,-2.05,9.31,-1.39,0.00,0.00,0.00
-9724,3.01,923,2.20,582,2,43303,15_29_30_30_04_2025,-2.05,9.30,-1.40,0.00,0.00,0.00
-9737,3.01,923,2.20,582,2,43366,15_29_31_30_04_2025,-2.04,9.30,-1.40,0.00,0.00,0.00
-9854,3.02,709,2.22,583,2,43455,15_29_31_30_04_2025,-2.05,9.30,-1.39,0.00,0.00,-0.00
-9698,3.01,910,2.20,583,2,43496,15_29_31_30_04_2025,-2.05,9.31,-1.40,0.00,0.00,-0.00
-9688,3.01,748,2.22,582,2,43562,15_29_31_30_04_2025,-2.05,9.31,-1.40,0.00,0.00,-0.00
-9774,3.01,793,2.21,582,2,43653,15_29_31_30_04_2025,-2.04,9.29,-1.40,0.00,0.00,0.00
-9678,3.01,1073,2.19,582,2,43695,15_29_31_30_04_2025,-2.05,9.30,-1.39,0.00,0.00,0.00
-9840,3.02,853,2.21,583,2,43757,15_29_31_30_04_2025,-2.05,9.29,-1.40,0.00,0.00,0.00
-9753,3.01,859,2.21,582,2,43848,15_29_31_30_04_2025,-2.05,9.31,-1.40,0.00,0.00,0.00
-9482,2.99,788,2.21,583,2,43889,15_29_31_30_04_2025,-2.04,9.30,-1.39,0.00,0.00,0.00
-9664,3.00,770,2.21,582,2,43955,15_29_31_30_04_2025,-2.04,9.31,-1.40,0.00,0.00,0.00
-9477,2.99,813,2.21,582,2,44044,15_29_31_30_04_2025,-2.04,9.31,-1.39,0.00,0.00,0.00
-9747,3.01,813,2.21,583,2,44086,15_29_31_30_04_2025,-2.04,9.31,-1.40,0.00,0.00,-0.00
-9590,3.00,821,2.21,583,2,44150,15_29_31_30_04_2025,-2.04,9.32,-1.40,0.00,0.00,0.00
-9657,3.00,652,2.22,582,2,44240,15_29_31_30_04_2025,-2.05,9.31,-1.39,0.00,0.00,0.00
-9721,3.01,837,2.21,582,2,44281,15_29_31_30_04_2025,-2.04,9.30,-1.40,0.00,0.00,0.00
-9707,3.01,831,2.21,583,2,44347,15_29_31_30_04_2025,-2.05,9.31,-1.39,0.00,0.00,0.00
-9811,3.02,678,2.22,583,2,44438,15_29_32_30_04_2025,-2.04,9.30,-1.40,0.00,0.00,0.00
-9624,3.00,968,2.20,582,2,44480,15_29_32_30_04_2025,-2.05,9.32,-1.39,0.00,0.00,-0.00
-9634,3.00,1016,2.20,582,2,44543,15_29_32_30_04_2025,-2.04,9.30,-1.39,0.00,0.00,0.00
-9850,3.02,820,2.21,582,2,44584,15_29_32_30_04_2025,-2.05,9.29,-1.39,0.00,0.00,0.00
-9964,3.03,856,2.21,583,2,44649,15_29_32_30_04_2025,-2.05,9.30,-1.39,0.00,0.00,-0.00
-9608,3.00,844,2.21,583,2,44738,15_29_32_30_04_2025,-2.05,9.31,-1.39,0.00,0.00,0.00
-9676,3.01,717,2.22,583,2,44778,15_29_32_30_04_2025,-2.04,9.30,-1.40,0.00,0.00,-0.00
-9781,3.01,1087,2.19,583,2,44845,15_29_32_30_04_2025,-2.05,9.31,-1.40,0.00,0.00,-0.00
-9610,3.00,832,2.21,582,2,44934,15_29_32_30_04_2025,-2.05,9.31,-1.39,0.00,0.00,0.00
-9794,3.01,763,2.21,583,2,44975,15_29_32_30_04_2025,-2.05,9.31,-1.40,0.00,0.00,0.00
-9804,3.02,957,2.20,582,2,45042,15_29_32_30_04_2025,-2.04,9.30,-1.40,0.00,0.00,0.00
-9687,3.01,841,2.21,582,2,45131,15_29_32_30_04_2025,-2.04,9.33,-1.40,0.00,0.00,0.00
-9803,3.02,910,2.20,582,2,45171,15_29_32_30_04_2025,-2.05,9.31,-1.39,0.00,0.00,0.00
-9843,3.02,729,2.22,582,2,45237,15_29_32_30_04_2025,-2.05,9.32,-1.40,0.00,0.00,0.00
-9851,3.02,571,2.23,582,2,45327,15_29_32_30_04_2025,-2.05,9.32,-1.39,0.00,0.00,0.00
-9981,3.03,675,2.22,582,2,45369,15_29_33_30_04_2025,-2.05,9.31,-1.39,0.00,0.00,-0.00
-9700,3.01,804,2.21,583,2,45434,15_29_33_30_04_2025,-2.04,9.31,-1.40,0.00,0.00,0.00
-9700,3.01,882,2.21,583,2,45524,15_29_33_30_04_2025,-2.04,9.31,-1.40,0.00,0.00,0.00
-9771,3.01,863,2.21,582,2,45564,15_29_33_30_04_2025,-2.04,9.31,-1.40,0.00,0.00,-0.00
-9591,3.00,874,2.21,582,2,45631,15_29_33_30_04_2025,-2.04,9.30,-1.39,0.00,0.00,0.00
-9663,3.00,645,2.22,582,2,45721,15_29_33_30_04_2025,-2.04,9.30,-1.40,0.00,0.00,0.00
-9792,3.01,826,2.21,582,2,45762,15_29_33_30_04_2025,-2.05,9.30,-1.39,0.00,0.00,0.00
-9630,3.00,910,2.20,582,2,45825,15_29_33_30_04_2025,-2.05,9.30,-1.39,0.00,0.00,0.00
-9730,3.01,762,2.21,582,2,45865,15_29_33_30_04_2025,-2.05,9.31,-1.40,0.00,0.00,0.00
-9822,3.02,883,2.21,583,2,45932,15_29_33_30_04_2025,-2.05,9.30,-1.40,0.00,0.00,0.00
-9549,3.00,1066,2.19,582,2,46023,15_29_33_30_04_2025,-2.04,9.30,-1.40,0.00,0.00,0.00
-9624,3.00,723,2.22,583,2,46063,15_29_33_30_04_2025,-2.04,9.30,-1.40,0.00,0.00,-0.00
-9900,3.02,780,2.21,583,2,46128,15_29_33_30_04_2025,-2.05,9.29,-1.39,0.00,0.00,0.00
-9819,3.02,746,2.22,582,2,46218,15_29_33_30_04_2025,-2.04,9.30,-1.39,0.00,0.00,0.00
-9783,3.01,838,2.21,582,2,46258,15_29_33_30_04_2025,-2.04,9.30,-1.39,0.00,0.00,0.00
-9944,3.03,684,2.22,582,2,46325,15_29_33_30_04_2025,-2.04,9.30,-1.39,0.00,0.00,0.00
-9896,3.02,761,2.22,582,2,46414,15_29_34_30_04_2025,-2.05,9.32,-1.39,0.00,0.00,-0.00
-9669,3.01,917,2.20,583,2,46454,15_29_34_30_04_2025,-2.05,9.31,-1.40,0.00,0.00,-0.00
-9963,3.03,885,2.21,581,2,46520,15_29_34_30_04_2025,-2.05,9.32,-1.40,0.00,0.00,0.00
-9816,3.02,853,2.21,583,2,46611,15_29_34_30_04_2025,-2.05,9.32,-1.40,0.00,0.00,0.00
-9830,3.02,840,2.21,582,2,46652,15_29_34_30_04_2025,-2.04,9.30,-1.39,0.00,0.00,0.00
-9632,3.00,840,2.21,583,2,46718,15_29_34_30_04_2025,-2.05,9.30,-1.39,0.00,0.00,0.00
-9566,3.00,976,2.20,582,2,46807,15_29_34_30_04_2025,-2.05,9.31,-1.40,0.00,0.00,0.00
-9755,3.01,907,2.20,582,2,46846,15_29_34_30_04_2025,-2.04,9.31,-1.39,0.00,0.00,0.00
-9789,3.01,847,2.21,582,2,46913,15_29_34_30_04_2025,-2.05,9.30,-1.39,0.00,0.00,0.00
-9673,3.01,799,2.21,582,2,47004,15_29_34_30_04_2025,-2.03,9.31,-1.40,0.00,0.00,-0.00
-9655,3.00,730,2.22,582,2,47045,15_29_34_30_04_2025,-2.05,9.31,-1.40,0.00,0.00,0.00
-9698,3.01,780,2.21,582,2,47108,15_29_34_30_04_2025,-2.05,9.30,-1.40,0.00,0.00,0.00
-9700,3.01,766,2.21,582,2,47151,15_29_34_30_04_2025,-2.04,9.30,-1.39,0.00,0.00,-0.00
-9660,3.00,789,2.21,582,2,47215,15_29_34_30_04_2025,-2.05,9.31,-1.39,0.00,0.00,-0.00
-9705,3.01,663,2.22,583,2,47305,15_29_34_30_04_2025,-2.04,9.31,-1.40,0.00,0.00,-0.00
-9896,3.02,732,2.22,582,2,47346,15_29_35_30_04_2025,-2.06,9.31,-1.39,0.00,0.00,0.00
-9709,3.01,796,2.21,582,2,47412,15_29_35_30_04_2025,-2.05,9.29,-1.39,0.00,0.00,-0.00
-9665,3.00,934,2.20,583,2,47501,15_29_35_30_04_2025,-2.04,9.31,-1.38,0.00,0.00,0.00
-9794,3.01,657,2.22,583,2,47544,15_29_35_30_04_2025,-2.05,9.31,-1.39,0.00,0.00,0.00
-9648,3.00,610,2.23,582,2,47607,15_29_35_30_04_2025,-2.04,9.30,-1.39,0.00,0.00,-0.00
-9827,3.02,710,2.22,581,2,47698,15_29_35_30_04_2025,-2.03,9.31,-1.39,0.00,0.00,-0.00
-9828,3.02,826,2.21,582,2,47739,15_29_35_30_04_2025,-2.04,9.31,-1.39,0.00,0.00,0.00
-9479,2.99,737,2.22,582,2,47804,15_29_35_30_04_2025,-2.05,9.31,-1.40,0.00,0.00,0.00
-9829,3.02,768,2.21,582,2,47894,15_29_35_30_04_2025,-2.05,9.30,-1.38,0.00,0.00,0.00
-9738,3.01,838,2.21,582,2,47937,15_29_35_30_04_2025,-2.04,9.30,-1.40,0.00,0.00,0.00
-9775,3.01,755,2.22,582,2,48000,15_29_35_30_04_2025,-2.05,9.31,-1.40,0.00,0.00,0.00
-9837,3.02,693,2.22,582,2,48091,15_29_35_30_04_2025,-2.05,9.30,-1.39,0.00,0.00,0.00
-9575,3.00,751,2.22,582,2,48132,15_29_35_30_04_2025,-2.05,9.30,-1.39,0.00,0.00,0.00
-9745,3.01,1020,2.20,582,2,48196,15_29_35_30_04_2025,-2.04,9.31,-1.40,0.00,0.00,0.00
-9685,3.01,864,2.21,582,2,48288,15_29_35_30_04_2025,-2.04,9.31,-1.40,0.00,0.00,0.00
-9671,3.01,873,2.21,582,2,48331,15_29_36_30_04_2025,-2.05,9.31,-1.40,0.00,0.00,0.00
-9789,3.01,847,2.21,582,2,48393,15_29_36_30_04_2025,-2.05,9.29,-1.39,0.00,0.00,0.00
-9781,3.01,1026,2.19,582,2,48434,15_29_36_30_04_2025,-2.04,9.30,-1.39,0.00,0.00,0.00
-9729,3.01,702,2.22,582,2,48498,15_29_36_30_04_2025,-2.05,9.32,-1.40,0.00,0.00,-0.00
-9764,3.01,806,2.21,582,2,48588,15_29_36_30_04_2025,-2.03,9.29,-1.39,0.00,0.00,0.00
-9786,3.01,1052,2.19,582,2,48628,15_29_36_30_04_2025,-2.05,9.32,-1.39,0.00,0.00,-0.00
-9694,3.01,773,2.21,582,2,48695,15_29_36_30_04_2025,-2.05,9.30,-1.38,0.00,0.00,0.00
-9735,3.01,1018,2.20,583,2,48785,15_29_36_30_04_2025,-2.05,9.30,-1.39,0.00,0.00,0.00
-9703,3.01,791,2.21,582,2,48825,15_29_36_30_04_2025,-2.05,9.31,-1.40,0.00,0.00,-0.00
-9671,3.01,938,2.20,582,2,48891,15_29_36_30_04_2025,-2.04,9.31,-1.39,0.00,0.00,0.00
-9816,3.02,799,2.21,583,2,48981,15_29_36_30_04_2025,-2.04,9.31,-1.40,0.00,0.00,0.00
-9644,3.00,822,2.21,583,2,49022,15_29_36_30_04_2025,-2.04,9.31,-1.39,0.00,0.00,-0.00
-9767,3.01,704,2.22,583,2,49088,15_29_36_30_04_2025,-2.04,9.31,-1.39,0.00,0.00,0.00
-9883,3.02,764,2.21,582,2,49177,15_29_36_30_04_2025,-2.05,9.31,-1.40,0.00,0.00,0.00
-9924,3.02,815,2.21,582,2,49217,15_29_36_30_04_2025,-2.06,9.31,-1.40,0.00,0.00,0.00
-9613,3.00,657,2.22,582,2,49283,15_29_36_30_04_2025,-2.05,9.31,-1.38,0.00,0.00,-0.00
-9734,3.01,1018,2.20,583,2,49373,15_29_36_30_04_2025,-2.04,9.31,-1.38,0.00,0.00,-0.00
-9690,3.01,698,2.22,582,2,49414,15_29_37_30_04_2025,-2.04,9.31,-1.40,0.00,0.00,-0.00
-9599,3.00,802,2.21,583,2,49479,15_29_37_30_04_2025,-2.05,9.31,-1.39,0.00,0.00,0.00
-9637,3.00,812,2.21,583,2,49571,15_29_37_30_04_2025,-2.05,9.30,-1.38,0.00,0.00,0.00
-9694,3.01,718,2.22,582,2,49611,15_29_37_30_04_2025,-2.04,9.30,-1.39,0.00,0.00,0.00
-9812,3.02,820,2.21,582,2,49675,15_29_37_30_04_2025,-2.05,9.30,-1.40,0.00,0.00,-0.00
-9782,3.01,733,2.22,583,2,49716,15_29_37_30_04_2025,-2.04,9.30,-1.38,0.00,0.00,0.00
-9545,3.00,725,2.22,583,2,49782,15_29_37_30_04_2025,-2.05,9.30,-1.40,0.00,0.00,0.00
-9864,3.02,664,2.22,582,2,49872,15_29_37_30_04_2025,-2.04,9.30,-1.40,0.00,0.00,0.00
-9670,3.01,757,2.22,582,2,49911,15_29_37_30_04_2025,-2.05,9.30,-1.40,0.00,0.00,-0.00
-9727,3.01,740,2.22,582,2,49978,15_29_37_30_04_2025,-2.04,9.31,-1.39,0.00,0.00,0.00
-9790,3.01,613,2.23,583,2,50068,15_29_37_30_04_2025,-2.04,9.31,-1.39,0.00,0.00,0.00
-9664,3.00,759,2.22,583,2,50109,15_29_37_30_04_2025,-2.05,9.30,-1.40,0.00,0.00,0.00
-9843,3.02,859,2.21,581,2,50174,15_29_37_30_04_2025,-2.04,9.30,-1.40,0.00,0.00,0.00
-9740,3.01,819,2.21,582,2,50264,15_29_37_30_04_2025,-2.04,9.30,-1.40,0.00,0.00,0.00
-9790,3.01,617,2.23,582,2,50304,15_29_37_30_04_2025,-2.05,9.29,-1.40,0.00,0.00,0.00
-9695,3.01,792,2.21,582,2,50371,15_29_38_30_04_2025,-2.04,9.31,-1.40,0.00,0.00,0.00
-9803,3.02,912,2.20,582,2,50461,15_29_38_30_04_2025,-2.04,9.30,-1.40,0.00,0.00,0.00
-9695,3.01,984,2.20,582,2,50502,15_29_38_30_04_2025,-2.05,9.30,-1.39,0.00,0.00,-0.00
-9757,3.01,685,2.22,583,2,50567,15_29_38_30_04_2025,-2.04,9.30,-1.39,0.00,0.00,-0.00
-9780,3.01,685,2.22,583,2,50656,15_29_38_30_04_2025,-2.04,9.30,-1.39,0.00,0.00,0.00
-9976,3.03,632,2.22,583,2,50696,15_29_38_30_04_2025,-2.05,9.30,-1.40,0.00,0.00,-0.00
-9792,3.01,696,2.22,582,2,50763,15_29_38_30_04_2025,-2.04,9.30,-1.40,0.00,0.00,0.00
-9504,2.99,616,2.23,582,2,50854,15_29_38_30_04_2025,-2.04,9.31,-1.39,0.00,0.00,-0.00
-9712,3.01,809,2.21,582,2,50894,15_29_38_30_04_2025,-2.04,9.31,-1.40,0.00,0.00,0.00
-9837,3.02,735,2.22,582,2,50959,15_29_38_30_04_2025,-2.05,9.31,-1.39,0.00,0.00,-0.00
-9707,3.01,950,2.20,582,2,51003,15_29_38_30_04_2025,-2.04,9.30,-1.39,0.00,0.00,-0.00
-9800,3.02,813,2.21,582,2,51066,15_29_38_30_04_2025,-2.04,9.30,-1.40,0.00,0.00,0.00
-9830,3.02,965,2.20,582,2,51156,15_29_38_30_04_2025,-2.03,9.31,-1.39,0.00,0.00,0.00
-9742,3.01,825,2.21,582,2,51196,15_29_38_30_04_2025,-2.05,9.31,-1.38,0.00,0.00,0.00
-9860,3.02,929,2.20,582,2,51261,15_29_38_30_04_2025,-2.04,9.31,-1.40,0.00,0.00,0.00
-9518,2.99,780,2.21,582,2,51351,15_29_38_30_04_2025,-2.05,9.30,-1.40,0.00,0.00,0.00
-9693,3.01,558,2.23,583,2,51394,15_29_39_30_04_2025,-2.05,9.31,-1.39,0.00,0.00,0.00
-9779,3.01,812,2.21,583,2,51458,15_29_39_30_04_2025,-2.05,9.31,-1.40,0.00,0.00,0.00
-9575,3.00,781,2.21,582,2,51547,15_29_39_30_04_2025,-2.04,9.30,-1.39,0.00,0.00,-0.00
-9702,3.01,963,2.20,582,2,51587,15_29_39_30_04_2025,-2.04,9.31,-1.39,0.00,0.00,0.00
-9633,3.00,819,2.21,582,2,51654,15_29_39_30_04_2025,-2.04,9.31,-1.39,0.00,0.00,-0.00
-9598,3.00,866,2.21,582,2,51743,15_29_39_30_04_2025,-2.05,9.31,-1.39,0.00,0.00,-0.00
-9597,3.00,790,2.21,582,2,51787,15_29_39_30_04_2025,-2.05,9.31,-1.40,0.00,0.00,0.00
-9749,3.01,789,2.21,583,2,51850,15_29_39_30_04_2025,-2.04,9.29,-1.39,0.00,0.00,0.00
-9827,3.02,791,2.21,582,2,51940,15_29_39_30_04_2025,-2.04,9.31,-1.40,0.00,0.00,0.00
-9748,3.01,647,2.22,583,2,51980,15_29_39_30_04_2025,-2.04,9.30,-1.39,0.00,0.00,-0.00
-9733,3.01,875,2.21,582,2,52046,15_29_39_30_04_2025,-2.04,9.32,-1.40,0.00,0.00,-0.00
-9664,3.00,951,2.20,582,2,52138,15_29_39_30_04_2025,-2.04,9.32,-1.40,0.00,0.00,0.00
-9755,3.01,841,2.21,582,2,52181,15_29_39_30_04_2025,-2.05,9.30,-1.39,0.00,0.00,0.00
-9617,3.00,939,2.20,582,2,52243,15_29_39_30_04_2025,-2.04,9.31,-1.39,0.00,0.00,-0.00
-9768,3.01,689,2.22,582,2,52283,15_29_39_30_04_2025,-2.05,9.31,-1.41,0.00,0.00,0.00
-9714,3.01,751,2.22,582,2,52348,15_29_39_30_04_2025,-2.04,9.32,-1.39,0.00,0.00,0.00
-9611,3.00,536,2.23,583,2,52439,15_29_40_30_04_2025,-2.05,9.30,-1.40,0.00,0.00,0.00
-9747,3.01,792,2.21,582,2,52479,15_29_40_30_04_2025,-2.05,9.31,-1.40,0.00,0.00,0.00
-9741,3.01,948,2.20,582,2,52544,15_29_40_30_04_2025,-2.04,9.29,-1.40,0.00,0.00,0.00
-9710,3.01,687,2.22,582,2,52635,15_29_40_30_04_2025,-2.04,9.30,-1.38,0.00,0.00,-0.00
-9678,3.01,1030,2.19,582,2,52675,15_29_40_30_04_2025,-2.04,9.31,-1.40,0.00,0.00,0.00
-9900,3.02,1062,2.19,583,2,52742,15_29_40_30_04_2025,-2.04,9.31,-1.39,0.00,0.00,0.00
-9665,3.00,772,2.21,582,2,52831,15_29_40_30_04_2025,-2.05,9.31,-1.39,0.00,0.00,-0.00
-9843,3.02,946,2.20,582,2,52872,15_29_40_30_04_2025,-2.05,9.30,-1.38,0.00,0.00,-0.00
-9733,3.01,777,2.21,583,2,52937,15_29_40_30_04_2025,-2.04,9.31,-1.40,0.00,0.00,-0.00
-9835,3.02,734,2.22,583,2,53027,15_29_40_30_04_2025,-2.04,9.31,-1.39,0.00,0.00,0.00
-9776,3.01,725,2.22,583,2,53067,15_29_40_30_04_2025,-2.04,9.29,-1.39,0.00,0.00,-0.00
-9710,3.01,895,2.20,583,2,53133,15_29_40_30_04_2025,-2.04,9.32,-1.39,0.00,0.00,0.00
-9896,3.02,695,2.22,583,2,53224,15_29_40_30_04_2025,-2.04,9.31,-1.40,0.00,0.00,0.00
-9959,3.03,811,2.21,583,2,53264,15_29_40_30_04_2025,-2.03,9.30,-1.39,0.00,0.00,-0.00
-9761,3.01,790,2.21,583,2,53329,15_29_40_30_04_2025,-2.04,9.31,-1.39,0.00,0.00,0.00
-9773,3.01,809,2.21,582,2,53420,15_29_41_30_04_2025,-2.05,9.31,-1.40,0.00,0.00,0.00
-9690,3.01,933,2.20,583,2,53461,15_29_41_30_04_2025,-2.05,9.31,-1.40,0.00,0.00,0.00
-9863,3.02,719,2.22,582,2,53527,15_29_41_30_04_2025,-2.05,9.30,-1.40,0.00,0.00,0.00
-9762,3.01,703,2.22,582,2,53567,15_29_41_30_04_2025,-2.05,9.30,-1.39,0.00,0.00,-0.00
-9915,3.02,880,2.21,581,2,53631,15_29_41_30_04_2025,-2.04,9.31,-1.39,0.00,0.00,0.00
-9619,3.00,562,2.23,582,2,53722,15_29_41_30_04_2025,-2.04,9.30,-1.40,0.00,0.00,0.00
-9716,3.01,872,2.21,582,2,53762,15_29_41_30_04_2025,-2.04,9.31,-1.39,0.00,0.00,0.00
-9657,3.00,908,2.20,583,2,53828,15_29_41_30_04_2025,-2.04,9.31,-1.39,0.00,0.00,0.00
-9785,3.01,830,2.21,582,2,53918,15_29_41_30_04_2025,-2.05,9.29,-1.39,0.00,0.00,0.00
-9869,3.02,923,2.20,583,2,53958,15_29_41_30_04_2025,-2.04,9.31,-1.39,0.00,0.00,0.00
-9757,3.01,939,2.20,582,2,54024,15_29_41_30_04_2025,-2.05,9.31,-1.38,0.00,0.00,-0.00
-9705,3.01,808,2.21,582,2,54114,15_29_41_30_04_2025,-2.05,9.31,-1.38,0.00,0.00,-0.00
-9741,3.01,927,2.20,583,2,54155,15_29_41_30_04_2025,-2.05,9.29,-1.39,0.00,0.00,0.00
-9607,3.00,873,2.21,582,2,54221,15_29_41_30_04_2025,-2.05,9.31,-1.40,0.00,0.00,-0.00
-9921,3.02,740,2.22,582,2,54311,15_29_41_30_04_2025,-2.04,9.31,-1.38,0.00,0.00,0.00
-9899,3.02,601,2.23,581,2,54350,15_29_42_30_04_2025,-2.04,9.30,-1.39,0.00,0.00,0.00
-9777,3.01,878,2.21,583,2,54417,15_29_42_30_04_2025,-2.04,9.30,-1.40,0.00,0.00,0.00
-9673,3.01,773,2.21,582,2,54507,15_29_42_30_04_2025,-2.05,9.31,-1.39,0.00,0.00,0.00
-9815,3.02,573,2.23,582,2,54548,15_29_42_30_04_2025,-2.05,9.30,-1.38,0.00,0.00,0.00
-9568,3.00,765,2.21,582,2,54613,15_29_42_30_04_2025,-2.05,9.31,-1.40,0.00,0.00,-0.00
-9736,3.01,808,2.21,582,2,54704,15_29_42_30_04_2025,-2.04,9.30,-1.40,0.00,0.00,-0.00
-9647,3.00,966,2.20,583,2,54744,15_29_42_30_04_2025,-2.04,9.31,-1.39,0.00,0.00,0.00
-9660,3.00,862,2.21,582,2,54809,15_29_42_30_04_2025,-2.04,9.31,-1.39,0.00,0.00,0.00
-9831,3.02,691,2.22,583,2,54852,15_29_42_30_04_2025,-2.04,9.31,-1.40,0.00,0.00,0.00
-9685,3.01,989,2.20,582,2,54915,15_29_42_30_04_2025,-2.04,9.31,-1.39,0.00,0.00,0.00
-9604,3.00,926,2.20,583,2,55005,15_29_42_30_04_2025,-2.04,9.31,-1.40,0.00,0.00,0.00
-9723,3.01,631,2.22,582,2,55045,15_29_42_30_04_2025,-2.05,9.30,-1.39,0.00,0.00,0.00
-9607,3.00,572,2.23,583,2,55112,15_29_42_30_04_2025,-2.04,9.31,-1.39,0.00,0.00,0.00
-9677,3.01,779,2.21,583,2,55202,15_29_42_30_04_2025,-2.04,9.31,-1.40,0.00,0.00,0.00
-9427,2.99,878,2.21,583,2,55245,15_29_42_30_04_2025,-2.04,9.30,-1.39,0.00,0.00,0.00
-9699,3.01,1020,2.20,583,2,55308,15_29_42_30_04_2025,-2.05,9.31,-1.39,0.00,0.00,0.00
-9890,3.02,787,2.21,582,2,55398,15_29_43_30_04_2025,-2.04,9.31,-1.39,0.00,0.00,0.00
-9689,3.01,865,2.21,582,2,55438,15_29_43_30_04_2025,-2.04,9.31,-1.40,0.00,0.00,0.00
-9698,3.01,1049,2.19,582,2,55504,15_29_43_30_04_2025,-2.05,9.31,-1.38,0.00,0.00,0.00
-9848,3.02,702,2.22,582,2,55594,15_29_43_30_04_2025,-2.05,9.30,-1.40,0.00,0.00,0.00
-9721,3.01,804,2.21,582,2,55637,15_29_43_30_04_2025,-2.05,9.30,-1.39,0.00,0.00,0.00
-9736,3.01,800,2.21,582,2,55700,15_29_43_30_04_2025,-2.05,9.30,-1.39,0.00,0.00,0.00
-9670,3.01,709,2.22,582,2,55790,15_29_43_30_04_2025,-2.04,9.30,-1.39,0.00,0.00,0.00
-9670,3.01,708,2.22,582,2,55830,15_29_43_30_04_2025,-2.03,9.30,-1.39,0.00,0.00,-0.00
-9920,3.02,857,2.21,582,2,55897,15_29_43_30_04_2025,-2.05,9.32,-1.40,0.00,0.00,0.00
-9628,3.00,757,2.22,582,2,55987,15_29_43_30_04_2025,-2.05,9.30,-1.39,0.00,0.00,0.00
-9677,3.01,757,2.22,582,2,56029,15_29_43_30_04_2025,-2.05,9.30,-1.39,0.00,0.00,0.00
-9732,3.01,777,2.21,582,2,56093,15_29_43_30_04_2025,-2.04,9.31,-1.39,0.00,0.00,0.00
-9777,3.01,927,2.20,582,2,56133,15_29_43_30_04_2025,-2.05,9.30,-1.40,0.00,0.00,0.00
-9765,3.01,755,2.22,583,2,56199,15_29_43_30_04_2025,-2.05,9.30,-1.39,0.00,0.00,0.00
-9775,3.01,775,2.21,583,2,56288,15_29_43_30_04_2025,-2.04,9.29,-1.39,0.00,0.00,0.00
-9804,3.02,821,2.21,582,2,56328,15_29_44_30_04_2025,-2.04,9.30,-1.39,0.00,0.00,0.00
-9820,3.02,654,2.22,583,2,56394,15_29_44_30_04_2025,-2.05,9.30,-1.41,0.00,0.00,0.00
-9872,3.02,662,2.22,582,2,56485,15_29_44_30_04_2025,-2.04,9.31,-1.40,0.00,0.00,0.00
-9496,2.99,811,2.21,582,2,56525,15_29_44_30_04_2025,-2.05,9.31,-1.39,0.00,0.00,0.00
-9604,3.00,932,2.20,583,2,56591,15_29_44_30_04_2025,-2.05,9.32,-1.39,0.00,0.00,0.00
-9747,3.01,720,2.22,582,2,56681,15_29_44_30_04_2025,-2.05,9.31,-1.41,0.00,0.00,0.00
-9718,3.01,1003,2.20,581,2,56721,15_29_44_30_04_2025,-2.04,9.31,-1.38,0.00,0.00,0.00
-9741,3.01,615,2.23,582,2,56787,15_29_44_30_04_2025,-2.05,9.31,-1.39,0.00,0.00,0.00
-9723,3.01,794,2.21,582,2,56878,15_29_44_30_04_2025,-2.04,9.31,-1.39,0.00,0.00,0.00
-9556,3.00,989,2.20,583,2,56918,15_29_44_30_04_2025,-2.05,9.31,-1.39,0.00,0.00,0.00
-9797,3.01,781,2.21,582,2,56983,15_29_44_30_04_2025,-2.04,9.31,-1.40,0.00,0.00,0.00
-9835,3.02,685,2.22,582,2,57073,15_29_44_30_04_2025,-2.04,9.31,-1.40,0.00,0.00,0.00
-9680,3.01,834,2.21,582,2,57113,15_29_44_30_04_2025,-2.04,9.29,-1.38,0.00,0.00,0.00
-9557,3.00,779,2.21,582,2,57179,15_29_44_30_04_2025,-2.04,9.30,-1.39,0.00,0.00,0.00
-9996,3.03,930,2.20,583,2,57271,15_29_44_30_04_2025,-2.04,9.30,-1.39,0.00,0.00,0.00
-9750,3.01,845,2.21,582,2,57312,15_29_44_30_04_2025,-2.04,9.29,-1.39,0.00,0.00,-0.00
-9517,2.99,696,2.22,582,2,57376,15_29_45_30_04_2025,-2.03,9.31,-1.40,0.00,0.00,0.00
-9750,3.01,737,2.22,581,2,57416,15_29_45_30_04_2025,-2.05,9.32,-1.38,0.00,0.00,-0.00
-9692,3.01,781,2.21,582,2,57483,15_29_45_30_04_2025,-2.05,9.32,-1.40,0.00,0.00,-0.00
-9699,3.01,742,2.22,582,2,57573,15_29_45_30_04_2025,-2.05,9.30,-1.40,0.00,0.00,-0.00
-9719,3.01,776,2.21,582,2,57614,15_29_45_30_04_2025,-2.05,9.32,-1.39,0.00,0.00,-0.00
-9685,3.01,813,2.21,584,2,57678,15_29_45_30_04_2025,-2.05,9.30,-1.39,0.00,0.00,0.00
-9536,3.00,795,2.21,583,2,57769,15_29_45_30_04_2025,-2.04,9.31,-1.40,0.00,0.00,-0.00
-9834,3.02,558,2.23,583,2,57809,15_29_45_30_04_2025,-2.04,9.31,-1.39,0.00,0.00,-0.00
-9612,3.00,671,2.22,582,2,57875,15_29_45_30_04_2025,-2.04,9.30,-1.39,0.00,0.00,-0.00
-9746,3.01,770,2.21,583,2,57966,15_29_45_30_04_2025,-2.06,9.31,-1.40,0.00,0.00,0.00
-9895,3.02,584,2.23,583,2,58006,15_29_45_30_04_2025,-2.04,9.32,-1.40,0.00,0.00,-0.00
-9862,3.02,766,2.21,583,2,58070,15_29_45_30_04_2025,-2.04,9.31,-1.39,0.00,0.00,0.00
-9764,3.01,943,2.20,581,2,58161,15_29_45_30_04_2025,-2.05,9.30,-1.38,0.00,0.00,0.00
-9741,3.01,852,2.21,583,2,58202,15_29_45_30_04_2025,-2.04,9.30,-1.39,0.00,0.00,-0.00
-9804,3.02,733,2.22,583,2,58267,15_29_45_30_04_2025,-2.05,9.31,-1.39,0.00,0.00,-0.00
-9792,3.01,753,2.22,583,2,58357,15_29_45_30_04_2025,-2.05,9.31,-1.39,0.00,0.00,0.00
-9731,3.01,752,2.22,583,2,58397,15_29_46_30_04_2025,-2.04,9.31,-1.40,0.00,0.00,-0.00
-9879,3.02,734,2.22,582,2,58463,15_29_46_30_04_2025,-2.04,9.31,-1.39,0.00,0.00,-0.00
-9879,3.02,687,2.22,582,2,58554,15_29_46_30_04_2025,-2.04,9.29,-1.39,0.00,0.00,0.00
-9673,3.01,807,2.21,582,2,58595,15_29_46_30_04_2025,-2.04,9.29,-1.39,0.00,0.00,0.00
-9787,3.01,840,2.21,583,2,58659,15_29_46_30_04_2025,-2.05,9.29,-1.39,0.00,0.00,0.00
-9615,3.00,928,2.20,582,2,58701,15_29_46_30_04_2025,-2.04,9.31,-1.40,0.00,0.00,0.00
-9787,3.01,715,2.22,582,2,58765,15_29_46_30_04_2025,-2.04,9.31,-1.39,0.00,0.00,-0.00
-9622,3.00,623,2.23,583,2,58856,15_29_46_30_04_2025,-2.04,9.31,-1.39,0.00,0.00,-0.00
-9702,3.01,1004,2.20,582,2,58896,15_29_46_30_04_2025,-2.05,9.30,-1.40,0.00,0.00,0.00
-9784,3.01,807,2.21,583,2,58962,15_29_46_30_04_2025,-2.04,9.30,-1.39,0.00,0.00,0.00
-9758,3.01,719,2.22,582,2,59051,15_29_46_30_04_2025,-2.03,9.30,-1.39,0.00,0.00,-0.00
-9858,3.02,709,2.22,582,2,59094,15_29_46_30_04_2025,-2.04,9.30,-1.39,0.00,0.00,0.00
-9736,3.01,698,2.22,582,2,59158,15_29_46_30_04_2025,-2.05,9.30,-1.39,0.00,0.00,0.00
-9746,3.01,701,2.22,582,2,59248,15_29_46_30_04_2025,-2.04,9.31,-1.39,0.00,0.00,0.00
-9736,3.01,693,2.22,583,2,59288,15_29_46_30_04_2025,-2.05,9.31,-1.39,0.00,0.00,0.00
-9814,3.02,878,2.21,582,2,59354,15_29_47_30_04_2025,-2.04,9.32,-1.38,0.00,0.00,-0.00
-9866,3.02,847,2.21,582,2,59445,15_29_47_30_04_2025,-2.05,9.31,-1.38,0.00,0.00,0.00
-9613,3.00,832,2.21,583,2,59487,15_29_47_30_04_2025,-2.05,9.31,-1.39,0.00,0.00,-0.00
-9578,3.00,773,2.21,582,2,59551,15_29_47_30_04_2025,-2.04,9.31,-1.40,0.00,0.00,-0.00
-9677,3.01,754,2.22,582,2,59641,15_29_47_30_04_2025,-2.05,9.31,-1.39,0.00,0.00,-0.00
-9748,3.01,678,2.22,583,2,59681,15_29_47_30_04_2025,-2.04,9.31,-1.39,0.00,0.00,-0.00
-9796,3.01,636,2.22,583,2,59746,15_29_47_30_04_2025,-2.04,9.31,-1.39,0.00,0.00,-0.00
-9793,3.01,820,2.21,582,2,59837,15_29_47_30_04_2025,-2.04,9.31,-1.40,0.00,0.00,-0.00
-9924,3.02,793,2.21,583,2,59880,15_29_47_30_04_2025,-2.06,9.30,-1.39,0.00,0.00,0.00
-9634,3.00,884,2.21,582,2,59943,15_29_47_30_04_2025,-2.05,9.30,-1.39,0.00,0.00,0.00
-9697,3.01,745,2.22,582,2,59983,15_29_47_30_04_2025,-2.04,9.31,-1.39,0.00,0.00,0.00
-9693,3.01,693,2.22,582,2,60049,15_29_47_30_04_2025,-2.04,9.31,-1.40,0.00,0.00,0.00
-9757,3.01,693,2.22,582,2,60139,15_29_47_30_04_2025,-2.05,9.31,-1.39,0.00,0.00,-0.00
-9471,2.99,750,2.22,583,2,60180,15_29_47_30_04_2025,-2.05,9.30,-1.39,0.00,0.00,-0.00
-9739,3.01,658,2.22,582,2,60245,15_29_47_30_04_2025,-2.04,9.31,-1.40,0.00,0.00,-0.00
-9739,3.01,847,2.21,583,2,60336,15_29_47_30_04_2025,-2.04,9.30,-1.39,0.00,0.00,0.00
-9578,3.00,907,2.20,582,2,60376,15_29_48_30_04_2025,-2.04,9.31,-1.40,0.00,0.00,0.00
-9785,3.01,832,2.21,582,2,60441,15_29_48_30_04_2025,-2.05,9.30,-1.39,0.00,0.00,-0.00
-9521,2.99,878,2.21,583,2,60532,15_29_48_30_04_2025,-2.05,9.43,-1.42,0.01,0.00,0.02
-9868,3.02,529,2.23,582,2,60572,15_29_48_30_04_2025,-2.04,9.29,-1.38,0.02,0.01,0.00
-9637,3.00,778,2.21,582,2,60638,15_29_48_30_04_2025,-2.04,9.28,-1.37,0.00,0.00,-0.00
-9619,3.00,830,2.21,583,2,60728,15_29_48_30_04_2025,-2.05,9.32,-1.40,0.00,0.00,-0.00
-9624,3.00,573,2.23,582,2,60768,15_29_48_30_04_2025,-2.04,9.27,-1.38,0.00,0.00,0.00
-9851,3.02,1044,2.19,582,2,60834,15_29_48_30_04_2025,-2.05,9.30,-1.40,0.00,0.00,0.00
-9639,3.00,880,2.21,582,2,60924,15_29_48_30_04_2025,-2.04,9.31,-1.39,0.00,0.00,0.00
-9770,3.01,928,2.20,581,2,60964,15_29_48_30_04_2025,-2.04,9.32,-1.40,0.00,0.00,-0.00
-9532,2.99,813,2.21,582,2,61031,15_29_48_30_04_2025,-2.06,9.30,-1.39,0.00,0.00,0.00
-9705,3.01,647,2.22,582,2,61121,15_29_48_30_04_2025,-2.04,9.32,-1.39,0.00,0.00,0.00
-9725,3.01,689,2.22,582,2,61161,15_29_48_30_04_2025,-2.04,9.31,-1.40,0.00,0.00,-0.00
-9816,3.02,780,2.21,583,2,61226,15_29_48_30_04_2025,-2.04,9.32,-1.39,0.00,0.00,0.00
-9751,3.01,741,2.22,582,2,61266,15_29_48_30_04_2025,-2.05,9.31,-1.39,0.00,0.00,-0.00
-9815,3.02,895,2.20,581,2,61333,15_29_48_30_04_2025,-2.04,9.30,-1.39,0.00,0.00,-0.00
-9978,3.03,943,2.20,583,2,61422,15_29_49_30_04_2025,-2.04,9.30,-1.40,0.00,0.00,0.00
-9770,3.01,642,2.22,582,2,61462,15_29_49_30_04_2025,-2.05,9.31,-1.40,0.00,0.00,0.00
-9540,3.00,794,2.21,582,2,61528,15_29_49_30_04_2025,-2.04,9.31,-1.39,0.00,0.00,-0.00
-9807,3.02,810,2.21,582,2,61619,15_29_49_30_04_2025,-2.04,9.31,-1.40,0.00,0.00,0.00
-9738,3.01,839,2.21,582,2,61659,15_29_49_30_04_2025,-2.05,9.31,-1.39,0.00,0.00,0.00
-9561,3.00,837,2.21,583,2,61726,15_29_49_30_04_2025,-2.04,9.30,-1.40,0.00,0.00,-0.00
-9663,3.00,659,2.22,582,2,61815,15_29_49_30_04_2025,-2.05,9.31,-1.40,0.00,0.00,-0.00
-9750,3.01,943,2.20,582,2,61855,15_29_49_30_04_2025,-2.04,9.27,-1.39,0.00,0.00,0.00
-9787,3.01,794,2.21,582,2,61921,15_29_49_30_04_2025,-2.05,9.32,-1.39,0.00,0.00,-0.00
-9803,3.02,722,2.22,582,2,62012,15_29_49_30_04_2025,-2.04,9.34,-1.40,0.00,0.00,-0.00
-9781,3.01,696,2.22,582,2,62054,15_29_49_30_04_2025,-2.03,9.29,-1.39,0.00,0.00,0.00
-9808,3.02,619,2.23,583,2,62117,15_29_49_30_04_2025,-2.05,9.32,-1.40,0.00,0.00,-0.00
-9767,3.01,758,2.22,582,2,62208,15_29_49_30_04_2025,-2.05,9.24,-1.31,0.00,0.00,-0.00
-9858,3.02,306,2.25,583,2,62247,15_29_49_30_04_2025,-2.08,9.50,-1.30,-0.01,0.05,-0.07
-9686,3.01,292,2.25,582,2,62314,15_29_49_30_04_2025,-2.03,9.27,-1.43,-0.02,-0.00,-0.01
-9744,3.01,98,2.27,582,2,62404,15_29_50_30_04_2025,-2.06,9.28,-1.40,0.01,0.01,0.01
-10053,3.03,537,2.23,583,2,62445,15_29_50_30_04_2025,-2.06,9.34,-1.49,0.00,0.01,-0.00
-10208,3.05,558,2.23,582,2,62509,15_29_50_30_04_2025,-2.11,9.36,-1.36,0.04,0.02,-0.00
-10453,3.06,714,2.22,582,2,62560,15_29_50_30_04_2025,-2.04,9.29,-1.49,-0.00,0.00,0.00
-10122,3.04,54,2.27,583,2,62616,15_29_50_30_04_2025,-2.07,9.32,-1.48,0.01,0.00,0.00
-9867,3.02,343,2.25,582,2,62707,15_29_50_30_04_2025,-2.07,9.30,-1.52,-0.00,0.00,-0.00
-9138,2.96,277,2.25,583,2,62747,15_29_50_30_04_2025,-2.05,9.31,-1.55,0.00,0.00,0.00
-9718,3.01,720,2.22,582,2,62813,15_29_50_30_04_2025,-2.05,9.31,-1.51,-0.00,0.00,-0.00
-9737,3.01,594,2.23,583,2,62902,15_29_50_30_04_2025,-2.05,9.30,-1.49,0.00,0.00,0.00
-9646,3.00,230,2.26,582,2,62946,15_29_50_30_04_2025,-2.07,9.30,-1.46,0.01,0.00,0.00
-9773,3.01,427,2.24,582,2,63008,15_29_50_30_04_2025,-2.07,9.30,-1.45,0.00,0.00,-0.00
-9724,3.01,529,2.23,582,2,63098,15_29_50_30_04_2025,-2.07,9.29,-1.46,0.00,0.00,-0.00
-9924,3.02,257,2.25,582,2,63138,15_29_50_30_04_2025,-2.07,9.33,-1.52,0.00,0.00,0.00
-9715,3.01,286,2.25,582,2,63205,15_29_50_30_04_2025,-2.08,9.31,-1.36,0.01,0.01,-0.00
-9799,3.02,384,2.24,582,2,63294,15_29_50_30_04_2025,-2.06,9.27,-1.51,0.01,0.00,0.00
-9759,3.01,84,2.27,582,2,63338,15_29_51_30_04_2025,-2.05,9.28,-1.42,-0.00,0.00,-0.00
-9736,3.01,199,2.26,582,2,63402,15_29_51_30_04_2025,-2.06,9.30,-1.46,0.01,0.00,0.00
-9447,2.99,607,2.23,583,2,63491,15_29_51_30_04_2025,-2.07,9.30,-1.48,0.00,0.00,0.00
-9618,3.00,545,2.23,582,2,63531,15_29_51_30_04_2025,-2.05,9.29,-1.48,0.00,0.00,0.00
-9931,3.03,477,2.24,582,2,63597,15_29_51_30_04_2025,-2.06,9.31,-1.46,0.00,0.00,0.00
-10518,3.07,213,2.26,582,2,63688,15_29_51_30_04_2025,-2.05,9.29,-1.50,0.01,0.00,0.00
-9928,3.02,689,2.22,582,2,63732,15_29_51_30_04_2025,-2.07,9.28,-1.46,0.00,0.00,0.00
-10018,3.03,556,2.23,583,2,63793,15_29_51_30_04_2025,-2.06,9.30,-1.48,0.00,0.00,0.00
-10454,3.06,796,2.21,582,2,63834,15_29_51_30_04_2025,-2.07,9.31,-1.47,0.00,0.00,0.00
-10401,3.06,922,2.20,582,2,63899,15_29_51_30_04_2025,-2.05,9.30,-1.48,0.00,0.00,0.00
-10756,3.09,950,2.20,582,2,63990,15_29_51_30_04_2025,-2.05,9.29,-1.47,0.00,0.00,-0.00
-11151,3.12,896,2.20,583,2,64030,15_29_51_30_04_2025,-2.06,9.29,-1.46,0.00,0.00,0.00
-11525,3.15,895,2.20,582,2,64096,15_29_51_30_04_2025,-2.07,9.29,-1.46,0.00,0.00,0.00
-12012,3.18,944,2.20,583,2,64186,15_29_51_30_04_2025,-2.05,9.30,-1.45,-0.00,0.00,-0.00
-12494,3.22,579,2.23,582,2,64226,15_29_51_30_04_2025,-2.06,9.29,-1.44,-0.01,0.00,0.00
-13127,3.27,325,2.25,582,2,64292,15_29_51_30_04_2025,-2.07,9.29,-1.46,-0.01,-0.00,-0.00
-13836,3.32,201,2.26,582,2,64381,15_29_52_30_04_2025,-2.07,9.29,-1.45,-0.00,0.00,0.00
-15716,3.46,462,2.24,582,2,64422,15_29_52_30_04_2025,-2.06,9.29,-1.44,-0.00,0.00,-0.00
-14748,3.39,361,2.25,583,2,64487,15_29_52_30_04_2025,-2.07,9.29,-1.46,0.00,0.00,0.00
-13721,3.31,359,2.25,582,2,64578,15_29_52_30_04_2025,-2.07,9.29,-1.47,0.00,0.00,-0.00
-14609,3.38,619,2.23,582,2,64618,15_29_52_30_04_2025,-2.07,9.28,-1.45,0.00,0.00,0.00
-13550,3.30,479,2.24,583,2,64684,15_29_52_30_04_2025,-2.07,9.29,-1.46,0.00,0.00,0.00
-11558,3.15,293,2.25,582,2,64775,15_29_52_30_04_2025,-2.06,9.30,-1.45,0.00,0.00,-0.00
-10807,3.09,258,2.25,582,2,64816,15_29_52_30_04_2025,-2.06,9.29,-1.45,0.00,0.00,0.00
-10847,3.09,526,2.23,582,2,64880,15_29_52_30_04_2025,-2.06,9.30,-1.45,0.00,0.00,0.00
-9976,3.03,827,2.21,582,2,64972,15_29_52_30_04_2025,-2.07,9.30,-1.46,0.01,0.01,0.00
-9107,2.96,935,2.20,582,2,65011,15_29_52_30_04_2025,-2.06,9.29,-1.46,0.00,0.00,0.00
-9022,2.96,921,2.20,583,2,65077,15_29_52_30_04_2025,-2.05,9.29,-1.46,0.00,0.00,0.00
-6563,2.77,931,2.20,583,2,65118,15_29_52_30_04_2025,-2.07,9.29,-1.48,0.00,0.00,0.00
-1965,2.42,897,2.20,582,2,65183,15_29_52_30_04_2025,-2.06,9.28,-1.47,0.00,0.00,0.00
14251,1.19,777,2.21,583,2,65273,15_29_52_30_04_2025,-2.06,9.29,-1.46,0.00,0.00,-0.00
46397,-1.24,469,2.24,583,2,65314,15_29_52_30_04_2025,-2.06,9.29,-1.48,0.00,0.00,0.00
53903,-1.81,294,2.25,583,2,65381,15_29_53_30_04_2025,-2.06,9.29,-1.46,0.00,0.00,0.00
54976,-1.89,130,2.26,582,2,65473,15_29_53_30_04_2025,-2.07,9.29,-1.44,0.00,0.00,0.00
53178,-1.76,147,2.26,582,2,65564,15_29_53_30_04_2025,-2.06,9.30,-1.47,0.00,0.00,0.00
53983,-1.82,17,2.27,582,2,65605,15_29_53_30_04_2025,-2.05,9.29,-1.47,0.00,0.00,-0.00
55331,-1.92,155,2.26,583,2,65673,15_29_53_30_04_2025,-2.07,9.29,-1.47,0.00,0.00,0.00
52421,-1.70,18,2.27,583,2,65764,15_29_53_30_04_2025,-2.07,9.29,-1.47,0.00,0.00,0.00
50337,-1.54,2,2.27,583,2,65806,15_29_53_30_04_2025,-2.06,9.28,-1.47,0.00,0.00,0.00
49102,-1.45,-13,2.27,582,2,65872,15_29_53_30_04_2025,-2.06,9.29,-1.47,0.00,0.00,0.00
31352,-0.10,296,2.25,583,2,65963,15_29_53_30_04_2025,-2.07,9.29,-1.46,0.01,0.00,0.00
-4852,2.64,384,2.24,582,2,66003,15_29_53_30_04_2025,-2.06,9.30,-1.47,0.00,0.00,0.00
-9801,3.02,641,2.22,582,2,66071,15_29_53_30_04_2025,-2.07,9.30,-1.47,0.00,0.00,0.00
-11543,3.15,534,2.23,582,2,66160,15_29_53_30_04_2025,-2.07,9.29,-1.47,0.00,0.00,0.00
-11237,3.12,761,2.22,582,2,66200,15_29_53_30_04_2025,-2.07,9.30,-1.46,0.00,0.00,0.00
-11175,3.12,747,2.22,583,2,66266,15_29_53_30_04_2025,-2.06,9.30,-1.47,0.00,0.00,-0.00
-10841,3.09,996,2.20,581,2,66356,15_29_53_30_04_2025,-2.07,9.30,-1.47,0.00,0.00,0.00
-9230,2.97,802,2.21,583,2,66397,15_29_54_30_04_2025,-2.07,9.29,-1.45,0.00,0.00,0.00
-8231,2.90,834,2.21,583,2,66463,15_29_54_30_04_2025,-2.06,9.28,-1.47,0.00,0.00,-0.00
-7161,2.82,543,2.23,583,2,66552,15_29_54_30_04_2025,-2.07,9.28,-1.46,0.00,0.00,0.00
-6150,2.74,791,2.21,582,2,66592,15_29_54_30_04_2025,-2.06,9.29,-1.47,0.00,0.00,-0.00
-5379,2.68,760,2.22,583,2,66659,15_29_54_30_04_2025,-2.06,9.29,-1.47,-0.00,0.00,0.00
-1748,2.41,533,2.23,583,2,66748,15_29_54_30_04_2025,-2.06,9.30,-1.46,0.00,0.00,0.00
2957,2.05,381,2.24,582,2,66789,15_29_54_30_04_2025,-2.06,9.29,-1.45,0.00,0.00,-0.00
6612,1.77,320,2.25,582,2,66855,15_29_54_30_04_2025,-2.07,9.30,-1.46,0.00,0.00,0.00
10542,1.47,124,2.26,582,2,66946,15_29_54_30_04_2025,-2.07,9.30,-1.45,0.00,0.00,0.00
10684,1.46,70,2.27,582,2,66986,15_29_54_30_04_2025,-2.06,9.29,-1.46,0.00,0.00,-0.00
7767,1.68,98,2.27,583,2,67051,15_29_54_30_04_2025,-2.07,9.29,-1.45,0.00,0.00,-0.00
6150,1.81,191,2.26,583,2,67092,15_29_54_30_04_2025,-2.06,9.28,-1.46,0.00,0.00,0.00
3760,1.99,467,2.24,583,2,67158,15_29_54_30_04_2025,-2.07,9.31,-1.45,-0.00,0.00,-0.00
1970,2.12,262,2.25,582,2,67248,15_29_54_30_04_2025,-2.05,9.30,-1.45,0.00,0.00,-0.00
-10189,3.04,137,2.26,583,2,67287,15_29_54_30_04_2025,-2.07,9.29,-1.47,0.01,0.00,0.00
-11012,3.11,691,2.22,582,2,67354,15_29_54_30_04_2025,-2.06,9.29,-1.45,0.01,0.00,-0.00
-10430,3.06,702,2.22,582,2,67444,15_29_55_30_04_2025,-2.05,9.30,-1.47,0.00,0.00,0.00
-10571,3.07,81,2.27,583,2,67484,15_29_55_30_04_2025,-2.07,9.29,-1.45,0.00,0.00,0.00
-9718,3.01,472,2.24,583,2,67549,15_29_55_30_04_2025,-2.06,9.29,-1.47,0.00,0.00,0.00
-10092,3.04,664,2.22,582,2,67639,15_29_55_30_04_2025,-2.06,9.27,-1.44,0.00,0.00,-0.00
-10111,3.04,609,2.23,583,2,67679,15_29_55_30_04_2025,-2.06,9.27,-1.42,0.00,0.00,-0.00
-9869,3.02,778,2.21,582,2,67747,15_29_55_30_04_2025,-2.06,9.29,-1.47,0.00,0.00,0.00
-9690,3.01,634,2.22,582,2,67836,15_29_55_30_04_2025,-2.06,9.29,-1.46,0.00,0.00,0.00
-9699,3.01,427,2.24,583,2,67877,15_29_55_30_04_2025,-2.06,9.28,-1.47,0.00,0.00,0.00
-9842,3.02,687,2.22,582,2,67942,15_29_55_30_04_2025,-2.06,9.29,-1.47,0.00,0.00,0.00
-9703,3.01,432,2.24,583,2,68032,15_29_55_30_04_2025,-2.06,9.30,-1.47,0.00,0.00,-0.00
-9675,3.01,694,2.22,582,2,68072,15_29_55_30_04_2025,-2.05,9.29,-1.46,0.00,0.00,0.00
-9744,3.01,529,2.23,583,2,68139,15_29_55_30_04_2025,-2.06,9.29,-1.47,0.00,0.00,0.00
-9902,3.02,662,2.22,582,2,68229,15_29_55_30_04_2025,-2.06,9.29,-1.47,0.00,0.00,0.00
-9749,3.01,620,2.23,582,2,68270,15_29_55_30_04_2025,-2.07,9.31,-1.47,0.01,0.00,0.00
-9807,3.02,924,2.20,583,2,68335,15_29_55_30_04_2025,-2.06,9.29,-1.47,-0.00,-0.00,0.00
-9650,3.00,673,2.22,582,2,68378,15_29_56_30_04_2025,-2.06,9.29,-1.49,0.01,0.00,-0.00
-9745,3.01,215,2.26,583,2,68442,15_29_56_30_04_2025,-2.06,9.29,-1.46,0.01,0.00,0.00
-9461,2.99,191,2.26,583,2,68531,15_29_56_30_04_2025,-2.08,9.28,-1.47,0.00,0.00,-0.01
-9225,2.97,-54,2.28,582,2,68571,15_29_56_30_04_2025,-2.07,9.28,-1.45,-0.00,0.00,0.00
-9176,2.97,-263,2.29,582,2,68637,15_29_56_30_04_2025,-2.07,9.31,-1.46,-0.02,-0.01,-0.01
-9299,2.98,404,2.24,582,2,68809,15_29_56_30_04_2025,-2.10,9.32,-1.48,-0.01,-0.02,-0.01
-9350,2.98,398,2.24,583,2,69058,15_29_56_30_04_2025,-2.10,9.28,-1.46,0.00,0.00,0.00
-9376,2.98,523,2.23,582,2,69099,15_29_56_30_04_2025,-2.09,9.28,-1.42,0.00,0.00,0.00
-9392,2.98,424,2.24,582,2,69140,15_29_56_30_04_2025,-2.09,9.29,-1.42,0.00,0.00,0.00
-9450,2.99,468,2.24,583,2,69181,15_29_56_30_04_2025,-2.09,9.30,-1.48,0.01,0.02,-0.00
-9712,3.01,136,2.26,583,2,69222,15_29_56_30_04_2025,-2.21,9.81,-1.53,-0.03,0.02,-0.16
-9504,2.99,65,2.27,583,2,69263,15_29_56_30_04_2025,-2.19,9.57,-1.62,-0.00,-0.05,0.01
-9373,2.98,356,2.25,582,2,69307,15_29_56_30_04_2025,-2.07,9.30,-1.56,0.00,0.00,0.00
-9524,2.99,350,2.25,583,2,69348,15_29_57_30_04_2025,-2.12,9.42,-1.52,-0.02,-0.01,-0.03
-9283,2.98,155,2.26,581,2,69389,15_29_57_30_04_2025,-2.11,9.33,-1.48,0.03,0.00,0.04
-9454,2.99,589,2.23,582,2,69430,15_29_57_30_04_2025,-2.07,9.30,-1.51,0.03,0.01,0.06
-9274,2.98,427,2.24,583,2,69471,15_29_57_30_04_2025,-2.05,9.23,-1.52,0.03,0.00,0.04
-9357,2.98,630,2.22,582,2,69513,15_29_57_30_04_2025,-2.04,9.30,-1.50,0.03,0.01,0.05
-9594,3.00,464,2.24,583,2,69557,15_29_57_30_04_2025,-2.05,9.35,-1.51,0.01,0.00,0.03
-9641,3.00,950,2.20,583,2,69618,15_29_57_30_04_2025,-2.01,9.28,-1.52,0.01,0.00,0.00
-9609,3.00,1142,2.19,582,2,69659,15_29_57_30_04_2025,-2.01,9.18,-1.51,-0.01,0.00,-0.02
-9728,3.01,1079,2.19,582,2,69724,15_29_57_30_04_2025,-2.01,9.29,-1.53,0.00,0.00,-0.01
-9715,3.01,792,2.21,583,2,69814,15_29_57_30_04_2025,-2.03,9.30,-1.54,-0.00,0.00,-0.01
-10041,3.03,827,2.21,583,2,69855,15_29_57_30_04_2025,-2.00,9.22,-1.53,-0.00,0.00,-0.00
-9642,3.00,1271,2.18,583,2,69921,15_29_57_30_04_2025,-2.01,9.03,-1.38,-0.04,-0.01,-0.01
-9834,3.02,993,2.20,583,2,70010,15_29_57_30_04_2025,-2.04,9.27,-1.48,0.01,-0.00,0.01
-9961,3.03,332,2.25,582,2,70051,15_29_57_30_04_2025,-2.04,9.27,-1.50,0.00,0.00,0.00
-9758,3.01,356,2.25,582,2,70117,15_29_57_30_04_2025,-2.04,9.22,-1.44,-0.01,-0.01,0.00
-9588,3.00,466,2.24,583,2,70207,15_29_57_30_04_2025,-2.10,9.78,-1.43,0.07,-0.03,0.10
-9691,3.01,214,2.26,582,2,70249,15_29_57_30_04_2025,-1.98,9.29,-1.47,0.01,-0.01,0.02
-10097,3.04,-32,2.28,583,2,70313,15_29_57_30_04_2025,-1.96,9.29,-1.47,0.02,0.01,0.04
-9983,3.03,-14,2.27,583,2,70403,15_29_58_30_04_2025,-1.94,9.32,-1.51,0.01,0.00,0.02
-10093,3.04,-920,2.34,583,2,70443,15_29_58_30_04_2025,-1.95,9.34,-1.48,0.00,-0.01,0.02
-10061,3.03,-1527,2.39,582,2,70510,15_29_58_30_04_2025,-1.94,9.32,-1.48,-0.00,-0.01,0.02
-9768,3.01,-3249,2.52,582,2,70599,15_29_58_30_04_2025,-1.99,9.16,-1.75,-0.01,-0.33,0.06
-10068,3.04,-3207,2.52,583,2,70643,15_29_58_30_04_2025,-1.88,9.34,-1.42,0.09,-0.23,0.05
-9846,3.02,-3514,2.54,583,2,70705,15_29_58_30_04_2025,-1.84,9.37,-1.38,0.03,-0.02,0.03
-9994,3.03,-1459,2.38,582,2,70796,15_29_58_30_04_2025,-1.90,9.36,-1.47,0.02,0.02,0.01
-10034,3.03,-1949,2.42,582,2,70837,15_29_58_30_04_2025,-1.81,9.20,-1.44,0.05,0.03,0.04
-9982,3.03,-1059,2.35,583,2,70902,15_29_58_30_04_2025,-1.84,9.32,-1.54,0.01,0.00,0.00
-10064,3.04,-1636,2.40,582,2,70943,15_29_58_30_04_2025,-1.84,9.31,-1.49,-0.01,-0.00,-0.01
-10084,3.04,-3378,2.53,583,2,71007,15_29_58_30_04_2025,-1.83,9.30,-1.57,0.01,0.00,-0.00
-10191,3.04,-5762,2.71,583,2,71098,15_29_58_30_04_2025,-1.85,9.34,-1.52,0.01,0.00,-0.01
-10322,3.05,-12874,3.25,583,2,71139,15_29_58_30_04_2025,-1.85,9.30,-1.52,0.00,0.00,-0.01
-10016,3.03,-14978,3.41,583,2,71205,15_29_58_30_04_2025,-1.85,9.31,-1.52,0.01,0.00,0.00
-10324,3.05,-19174,3.73,583,2,71295,15_29_58_30_04_2025,-1.86,9.34,-1.53,0.00,0.00,-0.00
-10200,3.05,-24359,4.12,583,2,71335,15_29_59_30_04_2025,-1.87,9.33,-1.51,0.00,0.00,-0.00
-10125,3.04,-24692,4.14,582,2,71401,15_29_59_30_04_2025,-1.85,9.34,-1.50,0.01,0.00,0.01
-10267,3.05,-25650,4.22,583,2,71490,15_29_59_30_04_2025,-1.83,9.38,-1.61,0.06,0.01,0.02
-10172,3.04,-27546,4.36,583,2,71531,15_29_59_30_04_2025,-1.84,9.31,-1.50,-0.00,0.00,-0.00
-9981,3.03,-29337,4.50,583,2,71598,15_29_59_30_04_2025,-1.85,9.32,-1.53,0.01,0.00,0.00
-10255,3.05,-31643,4.67,582,2,71686,15_29_59_30_04_2025,-1.84,9.38,-1.59,-0.01,-0.00,-0.00
-9953,3.03,-32456,4.73,582,2,71726,15_29_59_30_04_2025,-1.84,9.33,-1.55,0.00,0.00,-0.00
-10083,3.04,-38185,5.17,583,2,71793,15_29_59_30_04_2025,-1.84,9.32,-1.53,0.00,0.00,0.00
-10173,3.04,-45571,5.73,582,2,71882,15_29_59_30_04_2025,-1.85,9.31,-1.53,0.01,0.00,0.00
-10145,3.04,-62103,6.98,583,2,71924,15_29_59_30_04_2025,-1.85,9.31,-1.51,0.00,0.00,0.01
-10305,3.05,-66757,7.33,582,2,71989,15_29_59_30_04_2025,-1.85,9.32,-1.55,0.02,0.01,0.01
-10064,3.04,-75389,7.98,582,2,72080,15_29_59_30_04_2025,-1.83,9.29,-1.55,0.01,0.01,0.00
-9968,3.03,-84895,8.70,583,2,72124,15_29_59_30_04_2025,-1.83,9.34,-1.58,0.01,0.00,0.00
-9849,3.02,-87819,8.93,582,2,72185,15_29_59_30_04_2025,-1.83,9.33,-1.57,0.00,0.00,0.00
-10077,3.04,-92710,9.30,582,2,72227,15_29_59_30_04_2025,-1.83,9.30,-1.56,0.00,0.00,0.00
-9834,3.02,-96393,9.58,583,2,72292,15_29_59_30_04_2025,-1.83,9.44,-1.60,-0.00,-0.00,-0.01
-10086,3.04,-98905,9.77,583,2,72382,15_30_00_30_04_2025,-1.84,9.34,-1.56,-0.00,0.00,-0.00
-10066,3.04,-98838,9.76,583,2,72423,15_30_00_30_04_2025,-1.84,9.32,-1.54,0.00,0.00,-0.00
-10141,3.04,-92716,9.30,582,2,72489,15_30_00_30_04_2025,-1.83,9.30,-1.53,0.00,0.00,0.00
-10166,3.04,-76384,8.06,583,2,72578,15_30_00_30_04_2025,-1.83,9.34,-1.62,0.01,0.01,0.01
-9796,3.01,-25804,4.23,582,2,72620,15_30_00_30_04_2025,-1.81,9.30,-1.63,0.01,0.00,0.00
-9691,3.01,-12023,3.18,582,2,72684,15_30_00_30_04_2025,-1.84,9.36,-1.55,-0.02,-0.00,-0.00
-10231,3.05,5514,1.86,583,2,72773,15_30_00_30_04_2025,-1.80,9.29,-1.59,0.01,0.00,-0.00
-9643,3.00,26796,0.24,582,2,72815,15_30_00_30_04_2025,-1.85,9.47,-1.61,-0.03,-0.01,-0.02
-9858,3.02,31484,-0.11,583,2,72882,15_30_00_30_04_2025,-1.82,9.39,-1.57,0.00,0.00,-0.00
-9486,2.99,40226,-0.77,582,2,72972,15_30_00_30_04_2025,-1.83,9.28,-1.48,-0.00,0.00,-0.00
-9508,2.99,48846,-1.43,582,2,73014,15_30_00_30_04_2025,-1.86,9.34,-1.50,0.01,0.00,0.01
-9748,3.01,52096,-1.67,583,2,73081,15_30_00_30_04_2025,-1.85,9.33,-1.51,-0.01,0.00,-0.00
-10036,3.03,60000,-2.27,582,2,73172,15_30_00_30_04_2025,-1.83,9.29,-1.56,0.00,0.00,-0.00
-9755,3.01,75020,-3.41,583,2,73265,15_30_00_30_04_2025,-1.83,9.34,-1.56,-0.00,0.00,-0.01
-9801,3.02,83384,-4.04,582,2,73310,15_30_00_30_04_2025,-1.84,9.29,-1.53,0.01,0.01,0.00
-9738,3.01,81891,-3.93,582,2,73373,15_30_01_30_04_2025,-1.84,9.33,-1.58,0.00,0.00,-0.00
-9624,3.00,82574,-3.98,583,2,73464,15_30_01_30_04_2025,-1.84,9.31,-1.56,0.00,0.00,-0.00
-9676,3.01,86867,-4.31,582,2,73506,15_30_01_30_04_2025,-1.84,9.33,-1.56,0.00,0.00,-0.00
-9925,3.02,89919,-4.54,583,2,73573,15_30_01_30_04_2025,-1.83,9.30,-1.55,0.00,0.00,-0.00
-9913,3.02,94211,-4.86,582,2,73664,15_30_01_30_04_2025,-1.83,9.32,-1.57,0.00,0.00,-0.00
-9746,3.01,89773,-4.53,583,2,73706,15_30_01_30_04_2025,-1.83,9.29,-1.56,0.00,0.01,-0.00
-9823,3.02,71193,-3.12,582,2,73773,15_30_01_30_04_2025,-1.83,9.28,-1.55,0.01,0.00,0.01
-10220,3.05,28541,0.11,583,2,73862,15_30_01_30_04_2025,-1.81,9.23,-1.48,0.00,-0.01,0.00
-10032,3.03,5287,1.87,583,2,73904,15_30_01_30_04_2025,-1.81,9.22,-1.58,0.00,0.00,0.02
-10317,3.05,958,2.20,582,2,73970,15_30_01_30_04_2025,-1.83,9.37,-1.50,0.02,0.02,0.00
-10179,3.04,348,2.25,583,2,74058,15_30_01_30_04_2025,-1.84,9.41,-1.55,0.00,0.00,-0.00
-9968,3.03,259,2.25,583,2,74099,15_30_01_30_04_2025,-1.84,9.24,-1.59,0.00,0.00,-0.01
-9968,3.03,700,2.22,582,2,74165,15_30_01_30_04_2025,-1.84,9.29,-1.49,0.00,0.00,0.00
-9855,3.02,621,2.23,583,2,74254,15_30_01_30_04_2025,-1.81,9.25,-1.61,0.00,0.00,0.00
-9888,3.02,858,2.21,583,2,74296,15_30_01_30_04_2025,-1.83,9.33,-1.57,0.00,0.00,-0.00
-9798,3.02,654,2.22,583,2,74361,15_30_02_30_04_2025,-1.84,9.33,-1.56,0.00,0.00,0.00
-9924,3.02,883,2.21,582,2,74450,15_30_02_30_04_2025,-1.83,9.32,-1.56,0.00,0.00,-0.00
-9807,3.02,636,2.22,582,2,74491,15_30_02_30_04_2025,-1.83,9.32,-1.57,0.00,0.00,-0.00
-9983,3.03,497,2.24,582,2,74558,15_30_02_30_04_2025,-1.83,9.32,-1.55,0.00,0.00,0.00
-9939,3.03,654,2.22,582,2,74648,15_30_02_30_04_2025,-1.83,9.32,-1.55,0.00,0.00,0.00
-9808,3.02,621,2.23,582,2,74690,15_30_02_30_04_2025,-1.74,8.80,-1.49,0.01,0.00,-0.00
-9849,3.02,669,2.22,583,2,74753,15_30_02_30_04_2025,-1.75,8.93,-1.42,0.02,0.04,0.05
-9913,3.02,491,2.24,582,2,74845,15_30_02_30_04_2025,-1.81,9.02,-1.42,0.00,0.00,0.01
-9862,3.02,711,2.22,582,2,74886,15_30_02_30_04_2025,-1.81,9.25,-1.57,0.01,0.01,0.01
-9777,3.01,629,2.23,583,2,74951,15_30_02_30_04_2025,-1.82,9.32,-1.53,-0.00,0.00,-0.01
-9884,3.02,622,2.23,582,2,74992,15_30_02_30_04_2025,-1.83,9.32,-1.57,0.01,0.00,0.00
-9847,3.02,599,2.23,583,2,75057,15_30_02_30_04_2025,-1.82,9.35,-1.59,0.00,0.00,-0.00
-9969,3.03,402,2.24,583,2,75146,15_30_02_30_04_2025,-1.83,9.33,-1.59,-0.00,0.00,-0.00
-9824,3.02,804,2.21,582,2,75191,15_30_02_30_04_2025,-1.81,9.33,-1.56,0.00,0.00,-0.00
-9640,3.00,575,2.23,582,2,75253,15_30_02_30_04_2025,-1.82,9.32,-1.58,0.00,0.00,-0.00
-9805,3.02,517,2.23,582,2,75342,15_30_02_30_04_2025,-1.82,9.32,-1.57,0.01,0.00,0.00
-9951,3.03,575,2.23,583,2,75383,15_30_03_30_04_2025,-1.82,9.21,-1.69,-0.03,0.02,0.10
-9862,3.02,516,2.23,582,2,75449,15_30_03_30_04_2025,-1.80,9.27,-1.56,-0.06,-0.01,-0.02
-9803,3.02,528,2.23,582,2,75539,15_30_03_30_04_2025,-1.75,9.47,-1.47,-0.07,0.09,-0.11
-9783,3.01,702,2.22,582,2,75583,15_30_03_30_04_2025,-1.83,9.32,-1.53,0.03,0.01,0.01
-10024,3.03,419,2.24,583,2,75646,15_30_03_30_04_2025,-1.82,9.33,-1.55,0.04,0.01,0.01
-10005,3.03,651,2.22,582,2,75734,15_30_03_30_04_2025,-1.81,9.30,-1.56,0.06,0.02,0.03
-9817,3.02,628,2.23,583,2,75775,15_30_03_30_04_2025,-1.82,9.33,-1.58,0.00,-0.00,-0.01
-9788,3.01,536,2.23,583,2,75840,15_30_03_30_04_2025,-1.80,9.29,-1.61,0.03,0.01,0.01
-10020,3.03,631,2.22,583,2,75931,15_30_03_30_04_2025,-1.82,9.33,-1.59,0.01,0.01,0.01
-9921,3.02,227,2.26,583,2,75975,15_30_03_30_04_2025,-1.80,9.32,-1.60,-0.01,0.00,-0.00
-9945,3.03,753,2.22,582,2,76037,15_30_03_30_04_2025,-1.81,9.31,-1.59,-0.01,-0.00,-0.01
-9761,3.01,394,2.24,583,2,76128,15_30_03_30_04_2025,-1.81,9.31,-1.59,0.00,0.00,-0.00
-9921,3.02,390,2.24,582,2,76169,15_30_03_30_04_2025,-1.82,9.32,-1.57,0.01,0.00,0.01
-9948,3.03,499,2.23,583,2,76233,15_30_03_30_04_2025,-1.81,9.32,-1.60,0.01,0.00,0.00
-9827,3.02,509,2.23,582,2,76275,15_30_03_30_04_2025,-1.81,9.32,-1.60,0.00,0.00,0.00
-9905,3.02,461,2.24,582,2,76340,15_30_03_30_04_2025,-1.81,9.33,-1.60,-0.00,0.00,-0.00
-9742,3.01,673,2.22,582,2,76429,15_30_04_30_04_2025,-1.81,9.33,-1.59,-0.00,0.00,-0.00
-9593,3.00,314,2.25,583,2,76470,15_30_04_30_04_2025,-1.79,9.15,-1.60,0.03,0.01,0.02
-9728,3.01,424,2.24,583,2,76536,15_30_04_30_04_2025,-1.84,9.43,-1.71,0.07,0.03,0.04
-9824,3.02,423,2.24,582,2,76626,15_30_04_30_04_2025,-1.78,9.33,-1.50,0.02,0.01,0.03
-10003,3.03,551,2.23,582,2,76668,15_30_04_30_04_2025,-1.77,9.46,-1.79,-0.06,-0.01,-0.02
-9989,3.03,483,2.24,582,2,76732,15_30_04_30_04_2025,-1.83,9.46,-1.64,-0.05,-0.02,0.00
-9865,3.02,559,2.23,582,2,76821,15_30_04_30_04_2025,-1.76,9.19,-1.52,0.01,0.01,0.01
-9675,3.01,383,2.24,582,2,76862,15_30_04_30_04_2025,-1.81,9.25,-1.50,-0.04,-0.01,0.00
-9812,3.02,364,2.25,582,2,76929,15_30_04_30_04_2025,-1.80,9.35,-1.50,-0.02,0.00,-0.01
-9725,3.01,510,2.23,582,2,77019,15_30_04_30_04_2025,-1.79,9.31,-1.57,-0.02,-0.01,0.00
-9864,3.02,539,2.23,582,2,77061,15_30_04_30_04_2025,-1.73,9.30,-1.66,-0.03,-0.05,0.00
-9883,3.02,539,2.23,582,2,77125,15_30_04_30_04_2025,-1.82,9.34,-1.45,-0.00,0.01,0.00
-9723,3.01,592,2.23,582,2,77214,15_30_04_30_04_2025,-1.78,9.28,-1.39,0.05,0.04,0.03
-10041,3.03,487,2.24,583,2,77255,15_30_04_30_04_2025,-1.79,9.42,-1.52,0.04,0.01,0.00
-9916,3.02,497,2.24,583,2,77321,15_30_04_30_04_2025,-1.77,9.27,-1.65,0.04,0.01,0.01
-9804,3.02,361,2.25,582,2,77411,15_30_05_30_04_2025,-1.75,9.30,-1.63,-0.01,0.01,0.01
-9850,3.02,386,2.24,583,2,77453,15_30_05_30_04_2025,-1.79,9.29,-1.67,-0.02,-0.01,-0.01
-9850,3.02,611,2.23,582,2,77517,15_30_05_30_04_2025,-1.79,9.37,-1.55,-0.00,0.00,-0.00
-9626,3.00,590,2.23,583,2,77558,15_30_05_30_04_2025,-1.75,9.43,-1.75,0.01,0.00,-0.01
-9686,3.01,608,2.23,583,2,77624,15_30_05_30_04_2025,-1.79,9.19,-1.74,-0.04,0.00,0.00
-9741,3.01,729,2.22,583,2,77713,15_30_05_30_04_2025,-1.82,9.28,-1.31,-0.03,-0.00,-0.02
-9875,3.02,335,2.25,582,2,77754,15_30_05_30_04_2025,-1.79,9.36,-1.59,-0.05,-0.01,-0.02
-9805,3.02,631,2.22,582,2,77819,15_30_05_30_04_2025,-1.82,9.33,-1.65,0.06,-0.00,0.02
-9974,3.03,452,2.24,583,2,77909,15_30_05_30_04_2025,-1.79,9.32,-1.62,-0.00,0.00,-0.00
-10011,3.03,167,2.26,583,2,77951,15_30_05_30_04_2025,-1.64,9.46,-1.14,-0.07,0.19,-0.05
-9947,3.03,299,2.25,583,2,78017,15_30_05_30_04_2025,-1.82,9.21,-1.80,-0.00,-0.00,0.00
-9683,3.01,470,2.24,580,2,78105,15_30_05_30_04_2025,-1.78,9.31,-1.73,-0.03,-0.01,-0.01
-9901,3.02,624,2.23,582,2,78146,15_30_05_30_04_2025,-1.72,9.40,-1.60,0.05,0.01,0.01
-9817,3.02,487,2.24,583,2,78211,15_30_05_30_04_2025,-1.79,9.27,-1.63,0.03,0.00,0.02
-9635,3.00,521,2.23,583,2,78302,15_30_05_30_04_2025,-1.83,9.26,-1.70,0.06,-0.19,0.04
-9841,3.02,257,2.25,582,2,78343,15_30_06_30_04_2025,-1.80,9.30,-1.62,0.00,0.00,0.00
-9693,3.01,563,2.23,582,2,78408,15_30_06_30_04_2025,-1.80,9.32,-1.64,-0.01,0.01,-0.00
-10010,3.03,241,2.25,582,2,78497,15_30_06_30_04_2025,-1.78,9.26,-1.72,-0.03,-0.00,-0.00
-9698,3.01,597,2.23,582,2,78539,15_30_06_30_04_2025,-1.79,9.37,-1.54,-0.01,0.00,-0.00
-9842,3.02,379,2.24,582,2,78604,15_30_06_30_04_2025,-1.75,9.30,-1.67,0.03,0.00,0.01
-9865,3.02,396,2.24,583,2,78695,15_30_06_30_04_2025,-1.77,9.32,-1.67,-0.01,-0.00,0.00
-9917,3.02,351,2.25,583,2,78737,15_30_06_30_04_2025,-1.76,9.35,-1.66,0.02,-0.00,0.01
-9834,3.02,410,2.24,583,2,78801,15_30_06_30_04_2025,-1.76,9.33,-1.63,0.03,0.01,0.01
-9799,3.02,223,2.26,583,2,78842,15_30_06_30_04_2025,-1.76,9.33,-1.69,-0.01,0.00,0.00
-9860,3.02,492,2.24,583,2,78907,15_30_06_30_04_2025,-1.77,9.32,-1.58,0.00,0.00,-0.00
-9845,3.02,534,2.23,583,2,78997,15_30_06_30_04_2025,-1.71,9.31,-1.83,0.00,0.02,-0.00
-9808,3.02,516,2.23,582,2,79039,15_30_06_30_04_2025,-1.73,9.29,-1.70,0.03,0.01,0.01
-9970,3.03,346,2.25,582,2,79103,15_30_06_30_04_2025,-1.75,9.30,-1.59,0.00,0.00,0.00
-9667,3.01,335,2.25,582,2,79192,15_30_06_30_04_2025,-1.72,9.24,-1.94,0.02,0.05,-0.00
-9816,3.02,92,2.27,583,2,79233,15_30_06_30_04_2025,-1.73,9.32,-1.71,0.04,0.01,0.00
-9524,2.99,382,2.24,583,2,79300,15_30_06_30_04_2025,-1.75,9.31,-1.75,0.02,0.00,0.00
-9505,2.99,421,2.24,583,2,79390,15_30_07_30_04_2025,-1.75,9.30,-1.67,0.01,0.00,0.00
-9615,3.00,243,2.25,582,2,79432,15_30_07_30_04_2025,-1.77,9.33,-1.61,0.01,0.00,-0.00
-9807,3.02,310,2.25,583,2,79495,15_30_07_30_04_2025,-1.75,9.32,-1.70,0.01,0.00,0.00
-9831,3.02,459,2.24,583,2,79584,15_30_07_30_04_2025,-1.76,9.32,-1.67,-0.00,0.00,0.00
-9983,3.03,585,2.23,582,2,79625,15_30_07_30_04_2025,-1.75,9.31,-1.64,0.01,0.00,0.00
-9945,3.03,408,2.24,583,2,79692,15_30_07_30_04_2025,-1.76,9.32,-1.67,-0.01,0.00,-0.00
-9888,3.02,371,2.24,583,2,79781,15_30_07_30_04_2025,-1.78,9.33,-1.59,-0.01,-0.00,-0.00
-9751,3.01,370,2.24,583,2,79823,15_30_07_30_04_2025,-1.82,9.31,-1.59,0.04,0.01,0.01
-9834,3.02,308,2.25,583,2,79888,15_30_07_30_04_2025,-1.69,9.32,-1.50,0.04,-0.15,0.03
-9805,3.02,273,2.25,583,2,79979,15_30_07_30_04_2025,-1.76,9.31,-1.83,0.02,-0.07,0.01
-9862,3.02,381,2.24,583,2,80021,15_30_07_30_04_2025,-1.77,9.31,-1.65,-0.02,0.05,-0.01
-9882,3.02,476,2.24,583,2,80085,15_30_07_30_04_2025,-1.79,9.32,-1.62,-0.01,0.03,-0.01
-9840,3.02,476,2.24,582,2,80128,15_30_07_30_04_2025,-1.76,9.35,-1.65,-0.03,-0.00,-0.01
-9738,3.01,411,2.24,583,2,80191,15_30_07_30_04_2025,-1.76,9.29,-1.67,-0.03,-0.01,-0.01
-9893,3.02,426,2.24,583,2,80280,15_30_07_30_04_2025,-1.76,9.32,-1.63,0.00,0.00,-0.00
-9726,3.01,436,2.24,583,2,80321,15_30_07_30_04_2025,-1.77,9.32,-1.59,-0.00,0.00,0.00
-9850,3.02,303,2.25,583,2,80387,15_30_08_30_04_2025,-1.77,9.34,-1.62,0.01,0.00,0.00
-9728,3.01,333,2.25,582,2,81240,15_30_08_30_04_2025,-1.75,9.31,-1.66,0.03,0.01,0.01
