-8413,2.91,678,2.22,531,2,2697,15_45_44_30_04_2025,-5.31,8.06,-0.32,0.12,-1.34,0.65
-8199,2.89,529,2.23,531,2,2771,15_45_44_30_04_2025,-5.31,8.06,-0.33,0.01,-0.00,-0.00
-8249,2.90,730,2.22,532,2,2809,15_45_44_30_04_2025,-5.31,8.06,-0.34,0.00,-0.00,-0.00
-8308,2.90,598,2.23,531,2,2847,15_45_45_30_04_2025,-5.32,8.06,-0.34,0.01,-0.00,-0.00
-8418,2.91,610,2.23,531,2,2885,15_45_45_30_04_2025,-5.31,8.06,-0.34,0.00,-0.00,-0.00
-8389,2.91,689,2.22,531,2,2922,15_45_45_30_04_2025,-5.31,8.07,-0.34,0.00,-0.00,0.00
-8391,2.91,726,2.22,532,2,2962,15_45_45_30_04_2025,-5.31,8.06,-0.33,0.01,-0.00,0.00
-8271,2.90,825,2.21,531,2,3000,15_45_45_30_04_2025,-5.31,8.06,-0.34,0.01,-0.00,-0.00
-8606,2.92,637,2.22,531,2,3038,15_45_45_30_04_2025,-5.30,8.06,-0.33,0.00,-0.00,-0.00
-8301,2.90,859,2.21,532,2,3075,15_45_45_30_04_2025,-5.31,8.06,-0.34,0.01,-0.00,0.00
-8353,2.91,687,2.22,532,2,3112,15_45_45_30_04_2025,-5.31,8.07,-0.34,0.00,-0.00,-0.00
-8350,2.91,664,2.22,532,2,3151,15_45_45_30_04_2025,-5.31,8.06,-0.33,0.00,-0.00,-0.00
-8467,2.91,778,2.21,532,2,3192,15_45_45_30_04_2025,-5.31,8.07,-0.34,0.00,-0.00,-0.00
-8443,2.91,669,2.22,532,2,3229,15_45_45_30_04_2025,-5.31,8.06,-0.34,0.00,-0.01,-0.00
-8437,2.91,614,2.23,531,2,3267,15_45_45_30_04_2025,-5.31,8.07,-0.33,0.00,-0.00,-0.00
-8291,2.90,658,2.22,530,2,3305,15_45_45_30_04_2025,-5.31,8.06,-0.32,0.01,-0.00,0.00
-8297,2.90,736,2.22,532,2,3342,15_45_45_30_04_2025,-5.31,8.06,-0.33,0.00,-0.00,-0.00
-8384,2.91,657,2.22,532,2,3379,15_45_45_30_04_2025,-5.32,8.06,-0.33,0.00,-0.00,0.00
-8333,2.90,862,2.21,532,2,3419,15_45_45_30_04_2025,-5.31,8.06,-0.32,0.01,-0.00,0.00
-8236,2.90,695,2.22,531,2,3457,15_45_45_30_04_2025,-5.30,8.06,-0.34,0.00,-0.00,-0.00
-8366,2.91,722,2.22,532,2,3495,15_45_45_30_04_2025,-5.31,8.05,-0.33,0.01,-0.00,0.00
-8383,2.91,536,2.23,532,2,3532,15_45_45_30_04_2025,-5.32,8.05,-0.32,0.00,-0.00,-0.00
-8275,2.90,465,2.24,531,2,3569,15_45_45_30_04_2025,-5.31,8.06,-0.32,0.00,-0.00,0.00
-8227,2.90,827,2.21,531,2,3607,15_45_45_30_04_2025,-5.31,8.05,-0.32,0.00,-0.00,-0.00
-8296,2.90,801,2.21,532,2,3647,15_45_45_30_04_2025,-5.31,8.06,-0.33,0.01,-0.00,0.00
-8234,2.90,719,2.22,531,2,3685,15_45_45_30_04_2025,-5.31,8.06,-0.32,0.00,-0.00,-0.00
-8266,2.90,712,2.22,532,2,3723,15_45_45_30_04_2025,-5.31,8.06,-0.32,0.01,-0.00,0.00
-8272,2.90,796,2.21,531,2,3760,15_45_45_30_04_2025,-5.31,8.07,-0.32,0.01,-0.00,-0.00
-8424,2.91,540,2.23,530,2,3797,15_45_45_30_04_2025,-5.31,8.06,-0.33,0.01,-0.00,-0.00
-8205,2.89,721,2.22,532,2,3835,15_45_45_30_04_2025,-5.32,8.06,-0.32,0.00,-0.00,-0.00
-8267,2.90,820,2.21,532,2,3875,15_45_46_30_04_2025,-5.30,8.05,-0.33,0.00,-0.00,-0.00
-8363,2.91,828,2.21,531,2,3912,15_45_46_30_04_2025,-5.31,8.06,-0.33,0.00,-0.00,-0.00
-8300,2.90,664,2.22,531,2,3949,15_45_46_30_04_2025,-5.31,8.07,-0.33,0.00,-0.00,-0.00
-8169,2.89,563,2.23,532,2,3988,15_45_46_30_04_2025,-5.32,8.07,-0.33,0.00,-0.00,-0.00
-8303,2.90,795,2.21,529,2,4026,15_45_46_30_04_2025,-5.31,8.07,-0.33,0.00,-0.00,-0.00
-8454,2.91,735,2.22,531,2,4063,15_45_46_30_04_2025,-5.31,8.07,-0.32,0.00,-0.00,-0.00
-8394,2.91,635,2.22,531,2,4103,15_45_46_30_04_2025,-5.31,8.06,-0.32,0.00,-0.00,-0.00
-8296,2.90,674,2.22,531,2,4141,15_45_46_30_04_2025,-5.31,8.07,-0.32,0.01,-0.00,-0.00
-8353,2.91,924,2.20,532,2,4179,15_45_46_30_04_2025,-5.30,8.06,-0.33,0.00,-0.00,-0.00
-8285,2.90,813,2.21,531,2,4218,15_45_46_30_04_2025,-5.30,8.07,-0.32,0.00,-0.00,-0.00
-8208,2.89,818,2.21,531,2,4256,15_45_46_30_04_2025,-5.31,8.06,-0.32,0.00,-0.00,-0.00
-8223,2.90,561,2.23,531,2,4293,15_45_46_30_04_2025,-5.30,8.06,-0.32,0.00,-0.00,-0.00
-8230,2.90,774,2.21,531,2,4333,15_45_46_30_04_2025,-5.31,8.06,-0.32,0.00,-0.00,0.00
-8200,2.89,694,2.22,532,2,4370,15_45_46_30_04_2025,-5.31,8.07,-0.32,0.01,-0.00,0.00
-8187,2.89,685,2.22,532,2,4408,15_45_46_30_04_2025,-5.31,8.07,-0.31,0.00,-0.00,-0.00
-8266,2.90,567,2.23,531,2,4446,15_45_46_30_04_2025,-5.31,8.06,-0.31,0.01,-0.00,-0.00
-8288,2.90,694,2.22,531,2,4483,15_45_46_30_04_2025,-5.30,8.07,-0.33,0.00,-0.00,-0.00
-8023,2.88,764,2.21,531,2,4520,15_45_46_30_04_2025,-5.31,8.06,-0.31,0.00,-0.00,-0.00
-8405,2.91,656,2.22,531,2,4560,15_45_46_30_04_2025,-5.32,8.07,-0.32,0.01,-0.00,-0.00
-8145,2.89,796,2.21,532,2,4598,15_45_46_30_04_2025,-5.31,8.07,-0.32,0.00,-0.00,-0.00
-8225,2.90,787,2.21,532,2,4635,15_45_46_30_04_2025,-5.31,8.07,-0.33,0.00,-0.00,-0.00
-8331,2.90,855,2.21,529,2,4673,15_45_46_30_04_2025,-5.31,8.06,-0.33,0.00,-0.00,0.00
-8416,2.91,875,2.21,531,2,4710,15_45_46_30_04_2025,-5.31,8.07,-0.32,0.01,-0.00,-0.00
-8328,2.90,706,2.22,532,2,4748,15_45_46_30_04_2025,-5.31,8.06,-0.32,0.00,-0.00,-0.00
-8281,2.90,622,2.23,532,2,4788,15_45_46_30_04_2025,-5.31,8.06,-0.31,0.00,-0.00,-0.00
-8437,2.91,688,2.22,532,2,4826,15_45_46_30_04_2025,-5.32,8.06,-0.31,0.01,-0.00,-0.00
-8369,2.91,696,2.22,530,2,4863,15_45_47_30_04_2025,-5.31,8.06,-0.32,0.00,-0.00,-0.00
-8561,2.92,874,2.21,532,2,4901,15_45_47_30_04_2025,-5.31,8.07,-0.32,0.00,-0.00,-0.00
-8293,2.90,720,2.22,532,2,4938,15_45_47_30_04_2025,-5.31,8.07,-0.32,0.01,-0.00,-0.00
-8308,2.90,750,2.22,529,2,4976,15_45_47_30_04_2025,-5.30,8.05,-0.32,0.00,-0.00,0.00
-8395,2.91,895,2.20,532,2,5017,15_45_47_30_04_2025,-5.31,8.06,-0.32,0.01,-0.00,-0.00
-8230,2.90,820,2.21,532,2,5054,15_45_47_30_04_2025,-5.31,8.07,-0.32,0.01,-0.00,-0.00
-8201,2.89,805,2.21,529,2,5091,15_45_47_30_04_2025,-5.32,8.07,-0.32,0.00,-0.00,0.00
-8332,2.90,799,2.21,531,2,5129,15_45_47_30_04_2025,-5.32,8.06,-0.32,0.01,-0.00,-0.00
-8324,2.90,701,2.22,531,2,5167,15_45_47_30_04_2025,-5.32,8.06,-0.32,0.01,-0.00,-0.00
-8310,2.90,642,2.22,531,2,5204,15_45_47_30_04_2025,-5.30,8.06,-0.32,0.01,-0.00,-0.00
-8330,2.90,766,2.21,529,2,5244,15_45_47_30_04_2025,-5.31,8.07,-0.32,0.00,-0.00,-0.00
-8505,2.92,736,2.22,531,2,5282,15_45_47_30_04_2025,-5.32,8.06,-0.31,0.01,-0.00,-0.00
-8301,2.90,852,2.21,532,2,5320,15_45_47_30_04_2025,-5.32,8.06,-0.32,0.00,-0.00,-0.00
-8336,2.90,805,2.21,529,2,5357,15_45_47_30_04_2025,-5.31,8.07,-0.32,0.00,-0.00,-0.00
-8415,2.91,776,2.21,531,2,5395,15_45_47_30_04_2025,-5.30,8.07,-0.31,0.00,-0.00,0.00
-8122,2.89,861,2.21,531,2,5433,15_45_47_30_04_2025,-5.31,8.06,-0.32,0.01,-0.00,-0.00
-8143,2.89,778,2.21,531,2,5473,15_45_47_30_04_2025,-5.30,8.06,-0.31,0.00,-0.00,-0.00
-8207,2.89,619,2.23,531,2,5510,15_45_47_30_04_2025,-5.31,8.06,-0.31,0.01,-0.00,-0.00
-8281,2.90,718,2.22,532,2,5548,15_45_47_30_04_2025,-5.30,8.07,-0.32,0.00,-0.00,-0.00
-8317,2.90,551,2.23,531,2,5586,15_45_47_30_04_2025,-5.31,8.06,-0.33,0.01,-0.00,-0.00
-8266,2.90,813,2.21,532,2,5623,15_45_47_30_04_2025,-5.31,8.06,-0.32,0.00,-0.00,-0.00
-8167,2.89,900,2.20,531,2,5661,15_45_47_30_04_2025,-5.32,8.07,-0.31,0.00,-0.00,0.00
-8263,2.90,710,2.22,531,2,5703,15_45_47_30_04_2025,-5.30,8.06,-0.32,0.00,-0.00,-0.00
-8176,2.89,591,2.23,532,2,5740,15_45_47_30_04_2025,-5.31,8.06,-0.31,0.00,-0.00,-0.00
-8159,2.89,814,2.21,532,2,5778,15_45_47_30_04_2025,-5.31,8.07,-0.32,0.00,-0.00,-0.00
-8573,2.92,712,2.22,532,2,5816,15_45_47_30_04_2025,-5.31,8.06,-0.32,0.00,-0.00,-0.00
-8624,2.93,501,2.23,532,2,5855,15_45_48_30_04_2025,-5.31,8.07,-0.31,0.00,-0.00,-0.00
-8208,2.89,920,2.20,531,2,5892,15_45_48_30_04_2025,-5.31,8.07,-0.31,0.00,-0.00,0.00
-8036,2.88,684,2.22,531,2,5933,15_45_48_30_04_2025,-5.32,8.06,-0.31,0.00,-0.00,-0.00
-8427,2.91,729,2.22,532,2,5971,15_45_48_30_04_2025,-5.31,8.07,-0.32,0.00,-0.00,-0.00
-8389,2.91,943,2.20,532,2,6009,15_45_48_30_04_2025,-5.32,8.06,-0.32,0.00,-0.00,-0.00
-8282,2.90,932,2.20,532,2,6047,15_45_48_30_04_2025,-5.30,8.07,-0.31,0.00,-0.00,-0.00
-8229,2.90,721,2.22,532,2,6084,15_45_48_30_04_2025,-5.32,8.06,-0.32,0.00,-0.00,-0.00
-8432,2.91,687,2.22,531,2,6123,15_45_48_30_04_2025,-5.31,8.07,-0.32,0.00,-0.00,-0.00
-8349,2.91,708,2.22,532,2,6164,15_45_48_30_04_2025,-5.32,8.05,-0.32,0.01,-0.00,-0.00
-8300,2.90,999,2.20,531,2,6201,15_45_48_30_04_2025,-5.31,8.05,-0.31,0.01,-0.00,-0.00
-8345,2.90,904,2.20,531,2,6239,15_45_48_30_04_2025,-5.31,8.06,-0.32,0.00,-0.00,-0.00
-8217,2.90,616,2.23,530,2,6277,15_45_48_30_04_2025,-5.31,8.06,-0.33,0.01,-0.00,-0.00
-8353,2.91,867,2.21,532,2,6315,15_45_48_30_04_2025,-5.31,8.07,-0.31,0.01,-0.00,-0.00
-8283,2.90,715,2.22,531,2,6352,15_45_48_30_04_2025,-5.31,8.06,-0.32,0.00,-0.00,-0.00
-8280,2.90,719,2.22,532,2,6394,15_45_48_30_04_2025,-5.31,8.06,-0.31,0.00,-0.00,-0.00
-8190,2.89,752,2.22,532,2,6432,15_45_48_30_04_2025,-5.30,8.07,-0.32,0.00,-0.00,-0.00
-8290,2.90,880,2.21,531,2,6470,15_45_48_30_04_2025,-5.31,8.06,-0.31,0.00,-0.00,-0.00
-8273,2.90,507,2.23,531,2,6508,15_45_48_30_04_2025,-5.31,8.07,-0.32,0.01,-0.00,-0.00
-8408,2.91,700,2.22,532,2,6547,15_45_48_30_04_2025,-5.30,8.06,-0.31,0.01,-0.00,-0.00
-8106,2.89,871,2.21,531,2,6584,15_45_48_30_04_2025,-5.31,8.07,-0.32,0.01,-0.00,-0.00
-8335,2.90,710,2.22,531,2,6625,15_45_48_30_04_2025,-5.31,8.06,-0.32,0.00,-0.00,0.00
-8238,2.90,773,2.21,532,2,6663,15_45_48_30_04_2025,-5.30,8.07,-0.32,0.00,-0.00,-0.00
-8237,2.90,627,2.23,531,2,6701,15_45_48_30_04_2025,-5.31,8.07,-0.31,0.00,-0.00,-0.00
-8093,2.89,694,2.22,531,2,6738,15_45_48_30_04_2025,-5.30,8.07,-0.32,0.01,-0.00,0.00
-8087,2.89,849,2.21,531,2,6777,15_45_48_30_04_2025,-5.31,8.06,-0.31,0.00,-0.00,0.00
-8278,2.90,738,2.22,531,2,6815,15_45_48_30_04_2025,-5.31,8.07,-0.32,0.01,-0.00,-0.00
-8417,2.91,860,2.21,529,2,6856,15_45_49_30_04_2025,-5.31,8.06,-0.31,0.00,-0.00,-0.00
-8417,2.91,826,2.21,531,2,6894,15_45_49_30_04_2025,-5.31,8.07,-0.30,0.01,-0.00,-0.00
-8294,2.90,915,2.20,532,2,6932,15_45_49_30_04_2025,-5.31,8.07,-0.31,0.00,-0.00,0.00
-8156,2.89,961,2.20,532,2,6970,15_45_49_30_04_2025,-5.31,8.06,-0.32,0.00,-0.00,-0.00
-8221,2.90,1000,2.20,532,2,7007,15_45_49_30_04_2025,-5.32,8.05,-0.31,0.01,-0.00,-0.00
-8425,2.91,860,2.21,531,2,7046,15_45_49_30_04_2025,-5.31,8.06,-0.32,0.00,-0.00,-0.00
-8249,2.90,678,2.22,532,2,7087,15_45_49_30_04_2025,-5.31,8.07,-0.31,0.00,-0.00,-0.00
-8429,2.91,733,2.22,529,2,7125,15_45_49_30_04_2025,-5.32,8.06,-0.33,0.00,-0.00,0.00
-8208,2.89,912,2.20,531,2,7162,15_45_49_30_04_2025,-5.31,8.07,-0.32,0.01,-0.00,-0.00
-8306,2.90,816,2.21,531,2,7201,15_45_49_30_04_2025,-5.31,8.07,-0.31,0.00,-0.00,-0.00
-8447,2.91,811,2.21,532,2,7240,15_45_49_30_04_2025,-5.30,8.06,-0.32,0.01,-0.00,-0.00
-8238,2.90,844,2.21,529,2,7277,15_45_49_30_04_2025,-5.31,8.06,-0.31,0.01,-0.00,-0.00
-8145,2.89,786,2.21,532,2,7318,15_45_49_30_04_2025,-5.31,8.06,-0.31,0.01,-0.00,-0.00
-8258,2.90,664,2.22,532,2,7357,15_45_49_30_04_2025,-5.31,8.06,-0.32,0.00,-0.00,-0.00
-8231,2.90,740,2.22,530,2,7395,15_45_49_30_04_2025,-5.31,8.07,-0.32,0.00,-0.00,-0.00
-8365,2.91,747,2.22,531,2,7432,15_45_49_30_04_2025,-5.31,8.06,-0.32,0.00,-0.00,0.00
-8405,2.91,942,2.20,532,2,7471,15_45_49_30_04_2025,-5.30,8.06,-0.31,0.01,-0.00,-0.00
-8186,2.89,762,2.21,530,2,7509,15_45_49_30_04_2025,-5.30,8.06,-0.31,0.01,-0.00,0.00
-8287,2.90,676,2.22,532,2,7550,15_45_49_30_04_2025,-5.31,8.06,-0.32,0.00,-0.00,-0.00
-8351,2.91,820,2.21,531,2,7589,15_45_49_30_04_2025,-5.31,8.05,-0.31,0.00,-0.00,-0.00
-8403,2.91,741,2.22,529,2,7627,15_45_49_30_04_2025,-5.32,8.07,-0.31,0.00,-0.00,-0.00
-8215,2.90,703,2.22,531,2,7665,15_45_49_30_04_2025,-5.32,8.07,-0.32,0.00,-0.00,-0.00
-8072,2.88,902,2.20,532,2,7702,15_45_49_30_04_2025,-5.31,8.07,-0.31,0.00,-0.00,-0.00
-8457,2.91,833,2.21,532,2,7741,15_45_49_30_04_2025,-5.32,8.07,-0.31,0.00,-0.00,-0.00
-8320,2.90,736,2.22,532,2,7781,15_45_49_30_04_2025,-5.31,8.07,-0.32,0.00,-0.00,-0.00
-8312,2.90,827,2.21,532,2,7819,15_45_49_30_04_2025,-5.31,8.07,-0.32,0.00,-0.00,-0.00
-8291,2.90,620,2.23,532,2,7857,15_45_50_30_04_2025,-5.31,8.08,-0.32,0.00,-0.00,-0.00
-8395,2.91,803,2.21,531,2,7896,15_45_50_30_04_2025,-5.31,8.07,-0.33,0.00,-0.00,0.00
-8264,2.90,976,2.20,532,2,7934,15_45_50_30_04_2025,-5.31,8.07,-0.32,0.01,-0.00,-0.00
-8342,2.90,800,2.21,531,2,7971,15_45_50_30_04_2025,-5.31,8.05,-0.32,0.01,-0.00,-0.00
-8301,2.90,657,2.22,532,2,8012,15_45_50_30_04_2025,-5.32,8.07,-0.32,0.01,-0.00,-0.00
-8269,2.90,750,2.22,532,2,8050,15_45_50_30_04_2025,-5.31,8.07,-0.31,0.00,-0.00,-0.00
-8374,2.91,745,2.22,531,2,8087,15_45_50_30_04_2025,-5.31,8.06,-0.33,0.01,-0.00,0.00
-8328,2.90,887,2.21,531,2,8125,15_45_50_30_04_2025,-5.31,8.06,-0.32,0.01,-0.00,-0.00
-8247,2.90,936,2.20,531,2,8163,15_45_50_30_04_2025,-5.31,8.06,-0.31,0.00,-0.00,-0.00
-8177,2.89,833,2.21,532,2,8200,15_45_50_30_04_2025,-5.31,8.06,-0.31,0.00,-0.00,-0.00
-8232,2.90,612,2.23,531,2,8240,15_45_50_30_04_2025,-5.32,8.05,-0.31,0.01,-0.00,0.00
-8267,2.90,650,2.22,531,2,8279,15_45_50_30_04_2025,-5.31,8.06,-0.33,0.00,-0.00,0.00
-8119,2.89,644,2.22,531,2,8317,15_45_50_30_04_2025,-5.31,8.06,-0.31,0.00,-0.00,0.00
-8237,2.90,716,2.22,532,2,8354,15_45_50_30_04_2025,-5.32,8.06,-0.32,0.01,-0.00,-0.00
-8106,2.89,739,2.22,532,2,8392,15_45_50_30_04_2025,-5.31,8.06,-0.31,0.00,-0.00,-0.00
-8441,2.91,806,2.21,531,2,8431,15_45_50_30_04_2025,-5.31,8.05,-0.31,0.00,-0.00,0.00
-8304,2.90,836,2.21,532,2,8471,15_45_50_30_04_2025,-5.31,8.06,-0.32,0.01,-0.00,-0.00
-8154,2.89,953,2.20,532,2,8508,15_45_50_30_04_2025,-5.32,8.06,-0.32,0.01,-0.00,-0.00
-8315,2.90,980,2.20,531,2,8547,15_45_50_30_04_2025,-5.30,8.06,-0.31,0.01,-0.00,0.00
-8242,2.90,889,2.21,532,2,8585,15_45_50_30_04_2025,-5.32,8.06,-0.31,0.00,-0.00,0.00
-8180,2.89,710,2.22,532,2,8623,15_45_50_30_04_2025,-5.31,8.06,-0.31,0.01,-0.00,0.00
-8282,2.90,702,2.22,531,2,8662,15_45_50_30_04_2025,-5.31,8.07,-0.32,0.00,-0.00,-0.00
-8125,2.89,903,2.20,531,2,8703,15_45_50_30_04_2025,-5.31,8.06,-0.32,0.01,-0.00,-0.00
-8289,2.90,682,2.22,532,2,8740,15_45_50_30_04_2025,-5.31,8.07,-0.32,0.00,-0.00,-0.00
-8480,2.92,787,2.21,531,2,8778,15_45_50_30_04_2025,-5.32,8.06,-0.32,0.01,-0.00,-0.00
-8236,2.90,722,2.22,529,2,8817,15_45_50_30_04_2025,-5.31,8.06,-0.32,0.00,-0.00,-0.00
-8235,2.90,661,2.22,532,2,8855,15_45_51_30_04_2025,-5.31,8.07,-0.32,0.00,-0.00,0.00
-8369,2.91,880,2.21,530,2,8893,15_45_51_30_04_2025,-5.30,8.07,-0.32,0.00,-0.00,0.00
-8388,2.91,744,2.22,532,2,8933,15_45_51_30_04_2025,-5.31,8.07,-0.33,0.00,-0.00,-0.00
-8146,2.89,992,2.20,530,2,8972,15_45_51_30_04_2025,-5.31,8.06,-0.32,0.00,-0.00,-0.00
-8245,2.90,708,2.22,532,2,9010,15_45_51_30_04_2025,-5.34,8.08,-0.27,0.00,-0.00,-0.00
-8344,2.90,616,2.23,530,2,9047,15_45_51_30_04_2025,-5.27,8.05,-0.34,0.00,-0.00,-0.00
-8207,2.89,987,2.20,532,2,9085,15_45_51_30_04_2025,-5.32,8.04,-0.28,0.01,-0.00,-0.00
-8302,2.90,756,2.22,531,2,9124,15_45_51_30_04_2025,-5.36,8.13,-0.27,0.01,-0.00,-0.00
-8452,2.91,970,2.20,531,2,9164,15_45_51_30_04_2025,-5.36,8.14,-0.33,0.01,-0.00,-0.00
-8390,2.91,823,2.21,532,2,9202,15_45_51_30_04_2025,-5.32,8.07,-0.31,0.00,-0.00,-0.00
-8351,2.91,1028,2.19,531,2,9240,15_45_51_30_04_2025,-5.32,8.07,-0.33,0.00,-0.00,-0.00
-8209,2.89,821,2.21,532,2,9279,15_45_51_30_04_2025,-5.32,8.07,-0.33,0.00,-0.00,-0.00
-8406,2.91,524,2.23,532,2,9317,15_45_51_30_04_2025,-5.31,8.07,-0.31,0.00,-0.00,0.00
-8406,2.91,-204,2.29,532,2,9354,15_45_51_30_04_2025,-5.31,8.08,-0.32,0.01,-0.00,0.00
-8326,2.90,610,2.23,532,2,9395,15_45_51_30_04_2025,-5.32,8.04,-0.30,0.00,-0.00,0.00
-8186,2.89,878,2.21,531,2,9433,15_45_51_30_04_2025,-5.15,7.96,-0.38,0.00,-0.00,0.00
-8508,2.92,626,2.23,532,2,9471,15_45_51_30_04_2025,-5.27,7.98,-0.30,0.00,-0.00,0.00
-8464,2.91,597,2.23,531,2,9509,15_45_51_30_04_2025,-5.26,8.04,-0.34,0.00,-0.00,0.00
-8083,2.89,529,2.23,532,2,9548,15_45_51_30_04_2025,-5.31,8.06,-0.30,0.00,-0.00,0.00
-8293,2.90,413,2.24,532,2,9585,15_45_51_30_04_2025,-5.31,8.06,-0.34,0.00,-0.00,-0.00
-8290,2.90,480,2.24,530,2,9626,15_45_51_30_04_2025,-5.30,8.04,-0.30,0.00,0.00,0.00
-8465,2.91,299,2.25,532,2,9665,15_45_51_30_04_2025,-5.31,8.10,-0.34,0.00,-0.00,-0.00
-8309,2.90,532,2.23,532,2,9702,15_45_51_30_04_2025,-5.32,8.09,-0.36,-0.00,0.01,0.00
-8406,2.91,1032,2.19,532,2,9740,15_45_51_30_04_2025,-5.31,8.02,-0.28,-0.00,0.01,0.00
-8240,2.90,1188,2.18,529,2,9810,15_45_51_30_04_2025,-5.31,8.05,-0.33,0.00,-0.00,0.00
-8610,2.92,1391,2.17,532,2,9849,15_45_52_30_04_2025,-5.33,8.05,-0.33,-0.01,0.03,-0.01
-8532,2.92,1070,2.19,532,2,9915,15_45_52_30_04_2025,-5.32,8.07,-0.34,-0.01,0.01,-0.00
-8526,2.92,1124,2.19,532,2,10006,15_45_52_30_04_2025,-5.31,8.07,-0.33,0.00,-0.00,-0.00
-8443,2.91,895,2.20,530,2,10043,15_45_52_30_04_2025,-5.30,8.05,-0.32,0.01,-0.00,-0.00
-8217,2.90,1247,2.18,532,2,10113,15_45_52_30_04_2025,-5.31,8.07,-0.32,0.01,-0.00,-0.00
-8577,2.92,1199,2.18,531,2,10278,15_45_52_30_04_2025,-5.30,8.07,-0.32,0.00,-0.00,0.00
-9504,2.99,1229,2.18,532,2,10319,15_45_52_30_04_2025,-5.32,8.07,-0.32,0.00,-0.00,0.00
-9287,2.98,1000,2.20,532,2,10357,15_45_52_30_04_2025,-5.32,8.07,-0.34,0.00,-0.00,0.00
-9204,2.97,1118,2.19,532,2,10398,15_45_52_30_04_2025,-5.30,8.07,-0.36,0.01,-0.00,-0.00
-9258,2.97,1230,2.18,532,2,10435,15_45_52_30_04_2025,-5.30,8.08,-0.34,0.01,-0.00,-0.00
-9405,2.99,775,2.21,532,2,10505,15_45_52_30_04_2025,-5.30,8.07,-0.33,0.00,-0.00,0.00
-10056,3.03,1532,2.16,532,2,10594,15_45_52_30_04_2025,-5.33,8.07,-0.33,0.00,-0.00,0.00
-10526,3.07,-443,2.31,531,2,10635,15_45_52_30_04_2025,-5.30,8.05,-0.33,0.01,-0.00,-0.00
-11610,3.15,-999,2.35,532,2,10700,15_45_52_30_04_2025,-5.30,8.06,-0.34,0.01,-0.00,0.00
-11510,3.14,-1091,2.36,532,2,10792,15_45_52_30_04_2025,-5.30,8.06,-0.32,0.00,-0.00,-0.00
-13699,3.31,-478,2.31,532,2,10831,15_45_52_30_04_2025,-5.29,7.98,-0.24,0.00,-0.00,0.00
-14827,3.40,-804,2.33,531,2,10896,15_45_53_30_04_2025,-5.32,8.06,-0.33,0.01,-0.00,0.00
-16043,3.49,-734,2.33,532,2,10934,15_45_53_30_04_2025,-5.31,8.06,-0.30,0.00,-0.00,-0.00
-18986,3.71,-391,2.30,532,2,11002,15_45_53_30_04_2025,-5.30,8.06,-0.32,0.00,-0.00,0.00
-26012,4.24,433,2.24,531,2,11093,15_45_53_30_04_2025,-5.30,8.05,-0.31,0.00,-0.00,0.00
-39588,5.27,-149,2.28,532,2,11131,15_45_53_30_04_2025,-5.31,8.06,-0.31,0.01,-0.00,0.00
-48221,5.93,-165,2.29,532,2,11199,15_45_53_30_04_2025,-5.31,8.06,-0.33,0.00,-0.00,-0.00
-67143,7.36,835,2.21,532,2,11289,15_45_53_30_04_2025,-5.30,8.07,-0.30,0.00,-0.00,0.00
-87102,8.87,597,2.23,532,2,11327,15_45_53_30_04_2025,-5.31,8.08,-0.33,0.01,-0.00,-0.00
-95336,9.50,370,2.24,531,2,11395,15_45_53_30_04_2025,-5.32,8.07,-0.32,0.00,-0.00,-0.00
-104435,10.18,808,2.21,532,2,11487,15_45_53_30_04_2025,-5.31,8.05,-0.31,0.00,-0.00,0.00
-115312,11.01,682,2.22,532,2,11526,15_45_53_30_04_2025,-5.32,8.06,-0.31,0.00,-0.00,-0.00
-118458,11.25,317,2.25,532,2,11595,15_45_53_30_04_2025,-5.31,8.07,-0.33,0.00,-0.00,0.00
-121372,11.47,203,2.26,532,2,11686,15_45_53_30_04_2025,-5.30,8.06,-0.33,0.00,-0.00,0.00
-122796,11.58,185,2.26,532,2,11778,15_45_53_30_04_2025,-5.31,8.07,-0.32,0.01,-0.00,-0.00
-127472,11.93,-1132,2.36,530,2,11820,15_45_53_30_04_2025,-5.32,8.07,-0.32,0.00,-0.00,0.00
-128900,12.04,-445,2.31,532,2,11887,15_45_54_30_04_2025,-5.31,8.07,-0.32,0.00,-0.00,-0.00
-130195,12.14,-172,2.29,532,2,11977,15_45_54_30_04_2025,-5.31,8.05,-0.33,0.01,-0.00,-0.00
-134648,12.47,875,2.21,532,2,12015,15_45_54_30_04_2025,-5.31,8.07,-0.32,0.00,-0.00,-0.00
-134573,12.47,355,2.25,532,2,12086,15_45_54_30_04_2025,-5.30,8.06,-0.32,0.00,-0.00,-0.00
-135300,12.52,242,2.25,532,2,12178,15_45_54_30_04_2025,-5.31,8.06,-0.32,0.00,-0.00,-0.00
-135833,12.56,-15,2.27,530,2,12217,15_45_54_30_04_2025,-5.30,8.07,-0.32,0.01,-0.00,-0.00
-135585,12.54,286,2.25,530,2,12286,15_45_54_30_04_2025,-5.30,8.06,-0.32,0.00,-0.00,0.00
-137381,12.68,452,2.24,532,2,12377,15_45_54_30_04_2025,-5.31,8.06,-0.33,0.00,-0.00,-0.00
-135767,12.56,786,2.21,532,2,12470,15_45_54_30_04_2025,-5.32,8.06,-0.32,0.01,-0.00,-0.00
-137971,12.73,89,2.27,530,2,12508,15_45_54_30_04_2025,-5.31,8.06,-0.31,0.00,-0.00,-0.00
-138470,12.76,354,2.25,532,2,12577,15_45_54_30_04_2025,-5.31,8.06,-0.31,0.00,-0.00,-0.00
-140456,12.91,1051,2.19,530,2,12668,15_45_54_30_04_2025,-5.31,8.07,-0.31,0.01,-0.00,-0.00
-142509,13.07,1341,2.17,532,2,12706,15_45_54_30_04_2025,-5.31,8.07,-0.32,0.01,-0.00,-0.00
-142092,13.04,382,2.24,531,2,12778,15_45_54_30_04_2025,-5.32,8.07,-0.32,0.00,-0.00,-0.00
-143473,13.14,75,2.27,532,2,12869,15_45_54_30_04_2025,-5.31,8.07,-0.33,0.00,-0.00,-0.00
-144982,13.26,849,2.21,532,2,12908,15_45_55_30_04_2025,-5.31,8.07,-0.32,0.00,-0.00,-0.00
-145572,13.30,818,2.21,532,2,12976,15_45_55_30_04_2025,-5.31,8.07,-0.31,0.00,-0.00,-0.00
-144939,13.25,532,2.23,532,2,13068,15_45_55_30_04_2025,-5.31,8.07,-0.32,0.00,-0.00,-0.00
-143894,13.17,465,2.24,532,2,13161,15_45_55_30_04_2025,-5.31,8.06,-0.32,0.01,-0.00,-0.00
-141044,12.96,346,2.25,530,2,13200,15_45_55_30_04_2025,-5.31,8.07,-0.31,0.00,-0.00,-0.00
-140640,12.93,874,2.21,532,2,13268,15_45_55_30_04_2025,-5.31,8.06,-0.33,0.01,-0.00,0.00
-138120,12.74,993,2.20,532,2,13359,15_45_55_30_04_2025,-5.31,8.06,-0.32,0.00,-0.00,-0.00
-131288,12.22,948,2.20,532,2,13397,15_45_55_30_04_2025,-5.32,8.06,-0.31,0.00,-0.00,-0.00
-129934,12.12,1241,2.18,532,2,13469,15_45_55_30_04_2025,-5.31,8.07,-0.33,0.01,-0.00,-0.00
-125880,11.81,1074,2.19,532,2,13560,15_45_55_30_04_2025,-5.30,8.07,-0.32,0.00,-0.00,-0.00
-121304,11.46,470,2.24,532,2,13599,15_45_55_30_04_2025,-5.31,8.06,-0.32,0.00,-0.00,-0.00
-120618,11.41,1009,2.20,530,2,13668,15_45_55_30_04_2025,-5.31,8.06,-0.32,0.00,-0.00,-0.00
-120951,11.44,1172,2.18,532,2,13759,15_45_55_30_04_2025,-5.31,8.06,-0.32,0.00,-0.00,-0.00
-120603,11.41,1032,2.19,531,2,13852,15_45_55_30_04_2025,-5.31,8.06,-0.32,0.01,-0.00,0.00
-120234,11.38,245,2.25,532,2,13891,15_45_56_30_04_2025,-5.31,8.07,-0.32,0.01,-0.00,0.00
-119682,11.34,477,2.24,531,2,13959,15_45_56_30_04_2025,-5.30,8.07,-0.33,0.00,-0.00,-0.00
-122007,11.52,592,2.23,532,2,14050,15_45_56_30_04_2025,-5.31,8.07,-0.32,0.01,-0.00,-0.00
-121917,11.51,1757,2.14,532,2,14089,15_45_56_30_04_2025,-5.31,8.07,-0.32,0.00,-0.00,0.00
-122113,11.52,1946,2.13,532,2,14160,15_45_56_30_04_2025,-5.31,8.06,-0.32,0.00,-0.00,-0.00
-123253,11.61,2200,2.11,532,2,14251,15_45_56_30_04_2025,-5.32,8.07,-0.32,0.00,-0.00,-0.00
-121974,11.51,1557,2.15,530,2,14290,15_45_56_30_04_2025,-5.32,8.06,-0.32,0.00,-0.00,-0.00
-121974,11.51,1736,2.14,532,2,14359,15_45_56_30_04_2025,-5.30,8.07,-0.32,0.00,-0.00,-0.00
-122771,11.57,2284,2.10,530,2,14450,15_45_56_30_04_2025,-5.32,8.08,-0.32,0.00,-0.00,-0.00
-122913,11.58,1467,2.16,532,2,14542,15_45_56_30_04_2025,-5.31,8.06,-0.32,0.01,-0.00,-0.00
-124201,11.68,1725,2.14,532,2,14581,15_45_56_30_04_2025,-5.31,8.07,-0.32,0.00,-0.00,0.00
-122337,11.54,1285,2.18,532,2,14650,15_45_56_30_04_2025,-5.31,8.06,-0.33,0.01,-0.00,0.00
-114124,10.92,880,2.21,532,2,14742,15_45_56_30_04_2025,-5.30,8.06,-0.33,0.00,-0.00,-0.00
-99609,9.82,535,2.23,532,2,14779,15_45_56_30_04_2025,-5.31,8.06,-0.32,0.00,-0.00,0.00
-91634,9.21,455,2.24,532,2,14848,15_45_56_30_04_2025,-5.32,8.06,-0.31,0.00,-0.00,-0.00
-68851,7.49,2056,2.12,531,2,14938,15_45_57_30_04_2025,-5.31,8.07,-0.31,0.01,-0.00,0.00
-29594,4.51,-1386,2.38,532,2,14976,15_45_57_30_04_2025,-5.32,8.06,-0.31,0.00,-0.00,-0.00
-18089,3.64,-1126,2.36,532,2,15043,15_45_57_30_04_2025,-5.31,8.07,-0.33,0.01,-0.00,0.00
-10570,3.07,-1050,2.35,532,2,15134,15_45_57_30_04_2025,-5.31,8.07,-0.32,0.01,-0.00,-0.00
-6913,2.80,-342,2.30,532,2,15172,15_45_57_30_04_2025,-5.31,8.07,-0.33,0.01,-0.00,-0.00
-7504,2.84,-170,2.29,532,2,15240,15_45_57_30_04_2025,-5.31,8.07,-0.32,0.00,-0.00,-0.00
-6817,2.79,-321,2.30,530,2,15281,15_45_57_30_04_2025,-5.30,8.07,-0.32,0.00,-0.00,-0.00
-6515,2.77,244,2.25,532,2,15345,15_45_57_30_04_2025,-5.32,8.07,-0.32,0.01,-0.00,-0.00
-6691,2.78,-430,2.31,532,2,15436,15_45_57_30_04_2025,-5.31,8.07,-0.32,0.01,-0.00,-0.00
-6014,2.73,136,2.26,532,2,15473,15_45_57_30_04_2025,-5.31,8.06,-0.33,0.00,-0.00,-0.00
-5802,2.71,-27,2.27,532,2,15542,15_45_57_30_04_2025,-5.31,8.06,-0.33,0.00,-0.00,-0.00
-5519,2.69,75,2.27,532,2,15632,15_45_57_30_04_2025,-5.31,8.06,-0.31,0.00,-0.00,-0.00
-5277,2.67,-246,2.29,532,2,15672,15_45_57_30_04_2025,-5.30,8.06,-0.31,0.01,-0.00,-0.00
-5778,2.71,265,2.25,532,2,15738,15_45_57_30_04_2025,-5.32,8.07,-0.32,0.00,-0.00,-0.00
-6877,2.79,808,2.21,532,2,15829,15_45_57_30_04_2025,-5.31,8.06,-0.31,0.00,-0.00,-0.00
-6980,2.80,790,2.21,532,2,15867,15_45_58_30_04_2025,-5.31,8.05,-0.30,0.00,-0.00,0.00
-7293,2.83,750,2.22,532,2,15935,15_45_58_30_04_2025,-5.31,8.05,-0.30,0.00,-0.00,0.00
-7995,2.88,1296,2.17,532,2,16024,15_45_58_30_04_2025,-5.32,8.06,-0.32,0.00,-0.00,0.00
-7447,2.84,1600,2.15,530,2,16064,15_45_58_30_04_2025,-5.31,8.06,-0.32,0.01,-0.00,-0.00
-7550,2.84,1406,2.17,532,2,16131,15_45_58_30_04_2025,-5.31,8.06,-0.31,0.00,-0.00,-0.00
-7541,2.84,504,2.23,532,2,16221,15_45_58_30_04_2025,-5.32,8.07,-0.33,0.01,-0.00,-0.00
-8562,2.92,1031,2.19,532,2,16259,15_45_58_30_04_2025,-5.31,8.07,-0.33,0.01,-0.00,-0.00
-8445,2.91,1374,2.17,532,2,16326,15_45_58_30_04_2025,-5.31,8.08,-0.34,0.01,-0.00,-0.00
-8530,2.92,1321,2.17,532,2,16418,15_45_58_30_04_2025,-5.31,8.07,-0.33,0.00,-0.00,-0.00
-8638,2.93,1318,2.17,532,2,16455,15_45_58_30_04_2025,-5.31,8.06,-0.32,0.00,-0.00,0.00
-8673,2.93,1343,2.17,530,2,16523,15_45_58_30_04_2025,-5.30,8.07,-0.33,0.00,-0.00,0.00
-8588,2.92,1528,2.16,532,2,16561,15_45_58_30_04_2025,-5.30,8.06,-0.32,0.00,-0.00,0.00
-8675,2.93,1651,2.15,532,2,16629,15_45_58_30_04_2025,-5.31,8.07,-0.32,0.00,-0.00,-0.00
-8534,2.92,1463,2.16,532,2,16719,15_45_58_30_04_2025,-5.32,8.07,-0.33,0.00,-0.00,-0.00
-8230,2.90,1205,2.18,532,2,16759,15_45_58_30_04_2025,-5.31,8.07,-0.33,0.01,-0.00,-0.00
-8190,2.89,1101,2.19,532,2,16825,15_45_58_30_04_2025,-5.31,8.07,-0.33,0.00,-0.00,-0.00
-7931,2.87,1070,2.19,532,2,16915,15_45_59_30_04_2025,-5.31,8.07,-0.32,0.01,-0.00,-0.00
-8142,2.89,921,2.20,532,2,16954,15_45_59_30_04_2025,-5.31,8.06,-0.32,0.00,-0.00,0.00
-8166,2.89,1011,2.20,532,2,17021,15_45_59_30_04_2025,-5.31,8.07,-0.32,0.01,-0.00,-0.00
-8243,2.90,1065,2.19,532,2,17112,15_45_59_30_04_2025,-5.31,8.05,-0.32,0.01,-0.00,0.00
-8292,2.90,909,2.20,532,2,17152,15_45_59_30_04_2025,-5.31,8.07,-0.32,0.01,-0.00,0.00
-8221,2.90,688,2.22,532,2,17218,15_45_59_30_04_2025,-5.32,8.06,-0.32,0.00,-0.00,0.00
-8040,2.88,497,2.24,532,2,17309,15_45_59_30_04_2025,-5.30,8.07,-0.33,0.00,-0.00,0.00
-8125,2.89,295,2.25,532,2,17347,15_45_59_30_04_2025,-5.32,8.06,-0.31,0.00,-0.00,-0.00
-8275,2.90,427,2.24,532,2,17414,15_45_59_30_04_2025,-5.30,8.07,-0.33,0.00,-0.00,0.00
-8524,2.92,957,2.20,530,2,17504,15_45_59_30_04_2025,-5.31,8.06,-0.33,0.00,-0.00,0.00
-8335,2.90,1913,2.13,533,2,17544,15_45_59_30_04_2025,-5.31,8.06,-0.32,0.00,-0.00,-0.00
-7877,2.87,1838,2.13,531,2,17611,15_45_59_30_04_2025,-5.32,8.06,-0.31,0.00,-0.00,0.00
-7751,2.86,1234,2.18,532,2,17701,15_45_59_30_04_2025,-5.31,8.07,-0.31,0.01,-0.00,-0.00
-7319,2.83,553,2.23,532,2,17740,15_45_59_30_04_2025,-5.30,8.06,-0.32,0.00,-0.00,0.00
-7485,2.84,938,2.20,532,2,17806,15_45_59_30_04_2025,-5.31,8.06,-0.32,0.00,-0.00,-0.00
-7255,2.82,971,2.20,532,2,17976,15_46_00_30_04_2025,-5.31,8.07,-0.32,0.00,-0.00,-0.00
-7543,2.84,1117,2.19,532,2,18017,15_46_00_30_04_2025,-5.31,8.07,-0.32,0.00,-0.00,-0.00
-7344,2.83,1234,2.18,532,2,18054,15_46_00_30_04_2025,-5.30,8.07,-0.32,0.00,-0.00,0.00
-7449,2.84,1006,2.20,531,2,18092,15_46_00_30_04_2025,-5.31,8.06,-0.32,0.00,-0.00,-0.00
-7496,2.84,977,2.20,532,2,18131,15_46_00_30_04_2025,-5.31,8.06,-0.32,0.00,-0.00,-0.00
-7375,2.83,854,2.21,532,2,18198,15_46_00_30_04_2025,-5.32,8.06,-0.32,0.01,-0.00,-0.00
-7385,2.83,1118,2.19,532,2,18236,15_46_00_30_04_2025,-5.31,8.07,-0.31,0.01,-0.00,-0.00
-7574,2.85,1111,2.19,532,2,18305,15_46_00_30_04_2025,-5.31,8.07,-0.32,0.00,-0.00,0.00
-7333,2.83,1160,2.18,532,2,18395,15_46_00_30_04_2025,-5.31,8.07,-0.33,0.00,-0.00,-0.00
-7427,2.84,566,2.23,532,2,18432,15_46_00_30_04_2025,-5.32,8.06,-0.31,0.01,-0.00,-0.00
-7447,2.84,351,2.25,532,2,18501,15_46_00_30_04_2025,-5.31,8.05,-0.29,0.00,-0.00,-0.00
-7312,2.83,835,2.21,532,2,18590,15_46_00_30_04_2025,-5.32,8.09,-0.36,0.01,-0.00,-0.00
-7644,2.85,1255,2.18,532,2,18629,15_46_00_30_04_2025,-5.31,8.06,-0.29,0.01,-0.01,-0.00
-7839,2.87,1618,2.15,532,2,18697,15_46_00_30_04_2025,-5.30,8.07,-0.28,-0.01,0.01,-0.00
-6898,2.80,1706,2.14,532,2,18787,15_46_00_30_04_2025,-5.33,8.07,-0.33,0.00,-0.00,-0.00
-7447,2.84,409,2.24,532,2,18824,15_46_00_30_04_2025,-5.31,8.07,-0.31,0.00,-0.00,0.00
-7596,2.85,2231,2.10,532,2,18893,15_46_01_30_04_2025,-5.32,8.04,-0.33,0.00,0.00,0.00
-7423,2.84,452,2.24,533,2,18985,15_46_01_30_04_2025,-5.32,8.07,-0.34,0.00,-0.00,-0.00
-6929,2.80,248,2.25,532,2,19024,15_46_01_30_04_2025,-5.32,8.08,-0.34,0.00,-0.00,-0.00
-6637,2.78,349,2.25,533,2,19089,15_46_01_30_04_2025,-5.32,8.09,-0.33,0.01,-0.00,0.00
-5771,2.71,1672,2.15,533,2,19127,15_46_01_30_04_2025,-5.31,8.10,-0.34,0.00,-0.00,-0.00
-6847,2.79,451,2.24,532,2,19196,15_46_01_30_04_2025,-5.32,8.10,-0.37,0.00,-0.00,0.00
-7790,2.86,-3291,2.52,532,2,19285,15_46_01_30_04_2025,-5.31,8.07,-0.32,0.01,-0.00,-0.00
-8489,2.92,-4874,2.64,532,2,19324,15_46_01_30_04_2025,-5.32,8.09,-0.34,0.00,-0.01,-0.00
-7998,2.88,-5340,2.68,532,2,19391,15_46_01_30_04_2025,-5.31,8.05,-0.31,0.00,-0.00,0.00
-8437,2.91,-8102,2.89,532,2,19482,15_46_01_30_04_2025,-5.32,8.07,-0.33,0.00,-0.00,-0.00
-8785,2.94,-10563,3.07,532,2,19519,15_46_01_30_04_2025,-5.32,8.05,-0.32,0.00,-0.00,0.00
-8765,2.94,-15107,3.42,532,2,19588,15_46_01_30_04_2025,-5.31,8.08,-0.34,0.00,-0.00,0.00
-8734,2.93,-17877,3.63,532,2,19679,15_46_01_30_04_2025,-5.30,8.04,-0.31,0.01,-0.00,0.00
-9085,2.96,-19372,3.74,532,2,19719,15_46_01_30_04_2025,-5.32,8.07,-0.31,0.01,-0.01,-0.00
-9384,2.98,-22320,3.96,532,2,19784,15_46_01_30_04_2025,-5.31,8.07,-0.33,0.01,-0.00,0.00
-8497,2.92,-22382,3.97,532,2,19876,15_46_01_30_04_2025,-5.30,8.07,-0.33,0.01,-0.00,-0.00
-9252,2.97,-20071,3.79,532,2,19913,15_46_02_30_04_2025,-5.31,8.06,-0.32,0.00,-0.00,0.00
-8728,2.93,-20527,3.83,532,2,19981,15_46_02_30_04_2025,-5.30,8.05,-0.31,0.01,-0.00,-0.00
-8948,2.95,-16798,3.55,532,2,20070,15_46_02_30_04_2025,-5.32,8.09,-0.34,0.00,-0.00,0.00
-8274,2.90,-7750,2.86,532,2,20108,15_46_02_30_04_2025,-5.32,8.06,-0.31,0.00,-0.00,0.00
-8501,2.92,-6920,2.80,532,2,20177,15_46_02_30_04_2025,-5.31,8.08,-0.33,0.00,-0.00,0.00
-9948,3.03,-9255,2.97,532,2,20267,15_46_02_30_04_2025,-5.31,8.06,-0.32,0.00,-0.00,-0.00
-8916,2.95,-25851,4.23,532,2,20305,15_46_02_30_04_2025,-5.31,8.08,-0.34,0.01,-0.00,-0.00
-9026,2.96,-26783,4.30,532,2,20374,15_46_02_30_04_2025,-5.32,8.06,-0.34,0.00,-0.01,0.00
-9027,2.96,-17302,3.58,532,2,20412,15_46_02_30_04_2025,-5.32,8.04,-0.29,0.00,-0.00,0.00
-9220,2.97,-10133,3.04,531,2,20479,15_46_02_30_04_2025,-5.31,8.03,-0.28,0.00,-0.00,0.00
-8249,2.90,-5898,2.72,532,2,20569,15_46_02_30_04_2025,-5.31,8.05,-0.29,0.00,-0.00,0.00
-7977,2.88,-9017,2.96,532,2,20607,15_46_02_30_04_2025,-5.31,8.05,-0.32,0.01,-0.00,-0.00
-8051,2.88,-21141,3.87,531,2,20675,15_46_02_30_04_2025,-5.31,8.04,-0.30,0.00,-0.00,-0.00
-7942,2.87,-45863,5.75,533,2,20765,15_46_02_30_04_2025,-5.31,8.03,-0.29,0.00,-0.00,0.00
-8375,2.91,-76735,8.09,533,2,20803,15_46_02_30_04_2025,-5.32,8.06,-0.33,0.01,-0.00,-0.00
-8037,2.88,-86543,8.83,532,2,20871,15_46_03_30_04_2025,-5.32,8.07,-0.32,0.00,-0.00,0.00
-8214,2.89,-109159,10.54,533,2,20962,15_46_03_30_04_2025,-5.31,8.07,-0.33,0.01,-0.00,0.00
-8586,2.92,-138300,12.75,532,2,21001,15_46_03_30_04_2025,-5.30,8.07,-0.32,0.01,-0.00,-0.00
-8702,2.93,-150999,13.71,532,2,21070,15_46_03_30_04_2025,-5.31,8.06,-0.33,0.00,-0.00,-0.00
-8515,2.92,-166477,14.88,533,2,21163,15_46_03_30_04_2025,-5.31,8.06,-0.31,0.01,-0.00,-0.00
-8969,2.95,-175973,15.60,533,2,21255,15_46_03_30_04_2025,-5.31,8.07,-0.30,0.00,-0.00,-0.00
-9136,2.96,-164537,14.74,530,2,21296,15_46_03_30_04_2025,-5.31,8.05,-0.33,0.01,-0.00,0.00
-8265,2.90,-163522,14.66,532,2,21362,15_46_03_30_04_2025,-5.30,8.07,-0.33,0.01,-0.00,-0.00
-8913,2.95,-166180,14.86,532,2,21454,15_46_03_30_04_2025,-5.32,8.06,-0.31,0.01,-0.00,0.00
-8913,2.95,-166825,14.91,533,2,21492,15_46_03_30_04_2025,-5.31,8.06,-0.32,0.01,-0.00,-0.00
-9001,2.95,-165955,14.85,532,2,21561,15_46_03_30_04_2025,-5.31,8.05,-0.32,0.00,-0.00,-0.00
-8745,2.94,-162193,14.56,532,2,21653,15_46_03_30_04_2025,-5.32,8.07,-0.32,0.00,-0.00,0.00
-8437,2.91,-160939,14.47,533,2,21695,15_46_03_30_04_2025,-5.30,8.06,-0.33,0.00,-0.00,0.00
-8541,2.92,-162054,14.55,532,2,21762,15_46_03_30_04_2025,-5.32,8.07,-0.32,0.00,-0.00,-0.00
-8801,2.94,-162931,14.62,532,2,21853,15_46_03_30_04_2025,-5.32,8.06,-0.32,0.01,-0.00,-0.00
-8769,2.94,-161597,14.51,532,2,21945,15_46_04_30_04_2025,-5.31,8.06,-0.32,0.01,-0.00,-0.00
-8686,2.93,-161400,14.50,532,2,21983,15_46_04_30_04_2025,-5.30,8.07,-0.32,0.01,-0.00,0.00
-8508,2.92,-160482,14.43,532,2,22053,15_46_04_30_04_2025,-5.31,8.08,-0.34,0.00,-0.00,-0.00
-8767,2.94,-160217,14.41,532,2,22145,15_46_04_30_04_2025,-5.31,8.06,-0.32,0.00,-0.00,0.00
-8512,2.92,-162903,14.61,532,2,22183,15_46_04_30_04_2025,-5.30,8.07,-0.33,0.00,-0.00,-0.00
-8883,2.95,-164325,14.72,532,2,22252,15_46_04_30_04_2025,-5.32,8.05,-0.32,0.00,-0.00,-0.00
-8551,2.92,-159380,14.35,532,2,22344,15_46_04_30_04_2025,-5.30,8.06,-0.33,0.01,-0.00,0.00
-8701,2.93,-153705,13.92,532,2,22383,15_46_04_30_04_2025,-5.30,8.06,-0.32,0.01,-0.00,-0.00
-8877,2.95,-149311,13.58,530,2,22452,15_46_04_30_04_2025,-5.31,8.06,-0.33,0.01,-0.00,-0.00
-8785,2.94,-147257,13.43,532,2,22544,15_46_04_30_04_2025,-5.31,8.07,-0.33,0.01,-0.00,0.00
-8537,2.92,-146195,13.35,533,2,22636,15_46_04_30_04_2025,-5.31,8.06,-0.34,0.00,-0.00,0.00
-8320,2.90,-149788,13.62,532,2,22676,15_46_04_30_04_2025,-5.32,8.07,-0.33,0.01,-0.00,0.00
-8849,2.94,-149077,13.57,532,2,22744,15_46_04_30_04_2025,-5.32,8.07,-0.33,0.01,-0.00,-0.00
-8793,2.94,-148285,13.51,532,2,22835,15_46_04_30_04_2025,-5.31,8.06,-0.31,0.01,-0.00,-0.00
-8389,2.91,-148148,13.50,532,2,22875,15_46_05_30_04_2025,-5.31,8.07,-0.33,0.01,-0.00,-0.00
-7984,2.88,-148394,13.51,533,2,22943,15_46_05_30_04_2025,-5.31,8.05,-0.32,0.01,-0.00,-0.00
-8168,2.89,-148816,13.55,532,2,23036,15_46_05_30_04_2025,-5.31,8.08,-0.32,0.00,-0.00,-0.00
-8879,2.95,-144224,13.20,532,2,23076,15_46_05_30_04_2025,-5.31,8.07,-0.32,0.00,-0.00,0.00
-8790,2.94,-142683,13.08,532,2,23142,15_46_05_30_04_2025,-5.31,8.07,-0.32,0.01,-0.00,0.00
-9124,2.96,-140764,12.94,532,2,23235,15_46_05_30_04_2025,-5.31,8.06,-0.32,0.00,-0.01,-0.00
-8937,2.95,-138618,12.77,533,2,23328,15_46_05_30_04_2025,-5.31,8.06,-0.33,0.00,-0.00,-0.00
-9089,2.96,-137414,12.68,532,2,23369,15_46_05_30_04_2025,-5.33,8.07,-0.32,0.01,-0.00,-0.00
-9103,2.96,-134029,12.43,532,2,23434,15_46_05_30_04_2025,-5.31,8.06,-0.32,0.01,-0.00,0.00
-8832,2.94,-131156,12.21,530,2,23526,15_46_05_30_04_2025,-5.32,8.06,-0.32,0.01,-0.00,-0.00
-8374,2.91,-130489,12.16,532,2,23566,15_46_05_30_04_2025,-5.32,8.06,-0.33,0.00,-0.00,-0.00
-8819,2.94,-129353,12.07,531,2,23634,15_46_05_30_04_2025,-5.31,8.06,-0.33,0.00,-0.00,-0.00
-8672,2.93,-130819,12.18,532,2,23726,15_46_05_30_04_2025,-5.32,8.07,-0.31,0.00,-0.00,0.00
-8925,2.95,-131768,12.26,532,2,23767,15_46_05_30_04_2025,-5.31,8.07,-0.33,0.00,-0.00,-0.00
-9057,2.96,-130903,12.19,532,2,23833,15_46_05_30_04_2025,-5.31,8.06,-0.33,0.00,-0.00,-0.00
-8773,2.94,-128451,12.00,532,2,23926,15_46_06_30_04_2025,-5.31,8.06,-0.32,0.01,-0.00,-0.00
-8863,2.94,-125436,11.78,532,2,24019,15_46_06_30_04_2025,-5.32,8.06,-0.33,0.01,-0.00,-0.00
-8695,2.93,-122350,11.54,533,2,24060,15_46_06_30_04_2025,-5.31,8.06,-0.32,0.00,-0.00,-0.00
-8757,2.94,-121381,11.47,532,2,24125,15_46_06_30_04_2025,-5.31,8.06,-0.32,0.00,-0.00,0.00
-8830,2.94,-121199,11.45,533,2,24217,15_46_06_30_04_2025,-5.31,8.07,-0.33,0.01,-0.00,-0.00
-8791,2.94,-128132,11.98,533,2,24257,15_46_06_30_04_2025,-5.31,8.06,-0.33,0.00,-0.00,-0.00
-9349,2.98,-129482,12.08,532,2,24325,15_46_06_30_04_2025,-5.31,8.06,-0.32,0.00,-0.00,0.00
-8858,2.94,-128786,12.03,533,2,24417,15_46_06_30_04_2025,-5.31,8.06,-0.33,0.01,-0.00,0.00
-8914,2.95,-125429,11.77,532,2,24458,15_46_06_30_04_2025,-5.31,8.07,-0.31,0.00,-0.00,-0.00
-9050,2.96,-124397,11.70,533,2,24525,15_46_06_30_04_2025,-5.31,8.06,-0.33,0.01,-0.00,-0.00
-9171,2.97,-123726,11.65,532,2,24617,15_46_06_30_04_2025,-5.32,8.07,-0.33,0.01,-0.00,-0.00
-8970,2.95,-120227,11.38,532,2,24709,15_46_06_30_04_2025,-5.31,8.06,-0.32,0.01,-0.00,-0.00
-8773,2.94,-115395,11.01,533,2,24753,15_46_06_30_04_2025,-5.30,8.07,-0.33,0.00,-0.00,0.00
-8583,2.92,-118141,11.22,531,2,24817,15_46_06_30_04_2025,-5.31,8.06,-0.32,0.00,-0.00,-0.00
-8766,2.94,-122299,11.54,532,2,24908,15_46_07_30_04_2025,-5.30,8.06,-0.31,0.00,-0.00,-0.00
-8531,2.92,-129221,12.06,532,2,24948,15_46_07_30_04_2025,-5.31,8.06,-0.33,0.01,-0.00,-0.00
-8556,2.92,-131216,12.21,532,2,25016,15_46_07_30_04_2025,-5.31,8.09,-0.32,0.00,-0.00,0.00
-8758,2.94,-128090,11.98,532,2,25109,15_46_07_30_04_2025,-5.31,8.06,-0.32,0.00,-0.00,-0.00
-8996,2.95,-117569,11.18,532,2,25153,15_46_07_30_04_2025,-5.31,8.06,-0.32,0.00,-0.00,0.00
-8522,2.92,-107679,10.43,531,2,25216,15_46_07_30_04_2025,-5.31,8.07,-0.32,0.01,-0.00,0.00
-9053,2.96,-63494,7.08,532,2,25307,15_46_07_30_04_2025,-5.32,8.06,-0.32,0.00,-0.00,-0.00
-8733,2.93,-11227,3.12,532,2,25346,15_46_07_30_04_2025,-5.32,8.06,-0.35,0.01,-0.00,-0.00
-8434,2.91,-783,2.33,532,2,25413,15_46_07_30_04_2025,-5.30,8.07,-0.32,0.00,-0.00,0.00
-8272,2.90,3399,2.02,533,2,25503,15_46_07_30_04_2025,-5.32,8.07,-0.33,0.00,-0.00,-0.00
-8051,2.88,3424,2.01,532,2,25545,15_46_07_30_04_2025,-5.31,8.06,-0.31,0.01,-0.00,0.00
-7743,2.86,481,2.24,532,2,25609,15_46_07_30_04_2025,-5.32,8.06,-0.32,0.00,-0.00,0.00
-7468,2.84,-311,2.30,532,2,25699,15_46_07_30_04_2025,-5.32,8.08,-0.34,0.01,-0.00,0.00
-7589,2.85,49,2.27,533,2,25745,15_46_07_30_04_2025,-5.30,8.06,-0.36,0.01,-0.00,0.00
-7915,2.87,-485,2.31,532,2,25806,15_46_07_30_04_2025,-5.29,8.05,-0.27,0.00,-0.00,0.00
-7551,2.84,-388,2.30,532,2,25895,15_46_08_30_04_2025,-5.36,8.12,-0.29,0.01,-0.01,-0.01
-7622,2.85,1071,2.19,533,2,25935,15_46_08_30_04_2025,-5.31,8.05,-0.31,0.00,-0.00,-0.00
-7705,2.86,587,2.23,533,2,26001,15_46_08_30_04_2025,-5.31,8.06,-0.32,0.00,-0.00,-0.00
-7613,2.85,630,2.22,532,2,26091,15_46_08_30_04_2025,-5.30,8.08,-0.33,0.00,-0.01,0.00
-7558,2.85,645,2.22,533,2,26132,15_46_08_30_04_2025,-5.32,8.07,-0.33,0.00,-0.00,-0.00
-7541,2.84,766,2.21,533,2,26198,15_46_08_30_04_2025,-5.32,8.07,-0.32,0.01,-0.00,-0.00
-7696,2.86,789,2.21,533,2,26289,15_46_08_30_04_2025,-5.32,8.06,-0.33,0.00,-0.00,-0.00
-7666,2.85,816,2.21,533,2,26329,15_46_08_30_04_2025,-5.31,8.06,-0.32,0.00,-0.00,-0.00
-7521,2.84,904,2.20,532,2,26394,15_46_08_30_04_2025,-5.31,8.06,-0.32,0.00,-0.00,-0.00
-7673,2.85,680,2.22,534,2,26434,15_46_08_30_04_2025,-5.31,8.07,-0.33,0.00,-0.00,0.00
-7574,2.85,877,2.21,533,2,26501,15_46_08_30_04_2025,-5.32,8.06,-0.32,0.00,-0.00,-0.00
-7661,2.85,623,2.23,532,2,26590,15_46_08_30_04_2025,-5.31,8.06,-0.32,0.01,-0.00,0.00
-7507,2.84,704,2.22,532,2,26633,15_46_08_30_04_2025,-5.31,8.06,-0.32,0.01,-0.00,0.00
-7629,2.85,788,2.21,532,2,26696,15_46_08_30_04_2025,-5.31,8.07,-0.32,0.00,-0.00,0.00
-7563,2.85,608,2.23,533,2,26787,15_46_08_30_04_2025,-5.31,8.07,-0.32,0.00,-0.00,0.00
-7491,2.84,630,2.22,532,2,26827,15_46_08_30_04_2025,-5.31,8.07,-0.32,0.00,-0.00,-0.00
-7716,2.86,724,2.22,533,2,26892,15_46_09_30_04_2025,-5.31,8.07,-0.33,0.00,-0.00,-0.00
-7789,2.86,568,2.23,533,2,26983,15_46_09_30_04_2025,-5.32,8.06,-0.32,0.00,-0.00,-0.00
-7786,2.86,763,2.21,532,2,27025,15_46_09_30_04_2025,-5.32,8.07,-0.34,0.00,-0.00,0.00
-7564,2.85,788,2.21,533,2,27089,15_46_09_30_04_2025,-5.31,8.06,-0.32,0.01,-0.00,-0.00
-7662,2.85,494,2.24,532,2,27179,15_46_09_30_04_2025,-5.30,8.07,-0.32,0.00,-0.00,0.00
-7790,2.86,649,2.22,532,2,27219,15_46_09_30_04_2025,-5.31,8.07,-0.32,0.01,-0.00,-0.00
-7843,2.87,665,2.22,533,2,27285,15_46_09_30_04_2025,-5.31,8.07,-0.33,0.01,-0.00,-0.00
-7541,2.84,530,2.23,532,2,27375,15_46_09_30_04_2025,-5.31,8.05,-0.32,0.00,-0.00,0.00
-7830,2.87,644,2.22,533,2,27418,15_46_09_30_04_2025,-5.32,8.07,-0.32,0.01,-0.00,-0.00
-7602,2.85,568,2.23,532,2,27481,15_46_09_30_04_2025,-5.32,8.06,-0.32,0.00,-0.00,-0.00
-7528,2.84,299,2.25,532,2,27572,15_46_09_30_04_2025,-5.31,8.07,-0.32,0.01,-0.00,0.00
-7663,2.85,580,2.23,533,2,27612,15_46_09_30_04_2025,-5.31,8.07,-0.31,0.01,-0.00,-0.00
-7686,2.86,702,2.22,532,2,27677,15_46_09_30_04_2025,-5.32,8.07,-0.33,0.01,-0.00,-0.00
-7588,2.85,502,2.23,533,2,27717,15_46_09_30_04_2025,-5.31,8.06,-0.33,0.00,-0.00,-0.00
-7520,2.84,395,2.24,532,2,27784,15_46_09_30_04_2025,-5.31,8.07,-0.32,0.01,-0.00,-0.00
-7622,2.85,612,2.23,532,2,27874,15_46_09_30_04_2025,-5.31,8.07,-0.33,0.00,-0.00,-0.00
-7575,2.85,428,2.24,532,2,27914,15_46_10_30_04_2025,-5.31,8.07,-0.32,0.00,-0.00,-0.00
-7610,2.85,323,2.25,533,2,27980,15_46_10_30_04_2025,-5.32,8.06,-0.32,0.00,-0.00,-0.00
-7661,2.85,274,2.25,531,2,28069,15_46_10_30_04_2025,-5.31,8.06,-0.32,0.01,-0.00,-0.00
-7886,2.87,297,2.25,532,2,28110,15_46_10_30_04_2025,-5.31,8.06,-0.31,0.01,-0.00,-0.00
-7704,2.86,513,2.23,533,2,28176,15_46_10_30_04_2025,-5.31,8.07,-0.32,0.00,-0.00,0.00
-7799,2.86,980,2.20,532,2,28266,15_46_10_30_04_2025,-5.31,8.07,-0.33,0.00,-0.00,-0.00
-7726,2.86,795,2.21,532,2,28305,15_46_10_30_04_2025,-5.31,8.07,-0.32,0.00,-0.00,0.00
-7632,2.85,679,2.22,532,2,28372,15_46_10_30_04_2025,-5.31,8.06,-0.33,0.00,-0.00,0.00
-7782,2.86,711,2.22,532,2,28461,15_46_10_30_04_2025,-5.31,8.06,-0.32,0.00,-0.00,-0.00
-7897,2.87,719,2.22,532,2,28502,15_46_10_30_04_2025,-5.32,8.07,-0.32,0.01,-0.00,-0.00
-7723,2.86,648,2.22,533,2,28568,15_46_10_30_04_2025,-5.31,8.07,-0.32,0.00,-0.00,-0.00
-7806,2.86,689,2.22,533,2,28658,15_46_10_30_04_2025,-5.31,8.07,-0.32,0.00,-0.00,0.00
-7794,2.86,545,2.23,533,2,28698,15_46_10_30_04_2025,-5.32,8.07,-0.32,0.00,-0.00,-0.00
-7722,2.86,626,2.23,533,2,28764,15_46_10_30_04_2025,-5.30,8.06,-0.32,0.00,-0.01,-0.00
-7844,2.87,437,2.24,533,2,28856,15_46_10_30_04_2025,-5.31,8.07,-0.32,0.00,-0.00,-0.00
-7858,2.87,658,2.22,533,2,28896,15_46_11_30_04_2025,-5.31,8.08,-0.33,0.00,-0.00,-0.00
-7694,2.86,551,2.23,532,2,28960,15_46_11_30_04_2025,-5.32,8.05,-0.33,0.00,-0.01,-0.00
-7908,2.87,584,2.23,533,2,29000,15_46_11_30_04_2025,-5.31,8.06,-0.31,0.00,-0.00,0.00
-7765,2.86,485,2.24,533,2,29066,15_46_11_30_04_2025,-5.31,8.07,-0.32,0.00,-0.00,0.00
-7884,2.87,574,2.23,532,2,29156,15_46_11_30_04_2025,-5.30,8.06,-0.32,0.00,-0.00,-0.00
-7973,2.88,494,2.24,533,2,29197,15_46_11_30_04_2025,-5.31,8.06,-0.32,0.00,-0.00,-0.00
-7830,2.87,588,2.23,533,2,29263,15_46_11_30_04_2025,-5.30,8.06,-0.33,0.01,-0.00,0.00
-7723,2.86,608,2.23,532,2,29353,15_46_11_30_04_2025,-5.31,8.06,-0.33,0.00,-0.00,0.00
-7785,2.86,569,2.23,532,2,29393,15_46_11_30_04_2025,-5.31,8.06,-0.32,0.00,-0.00,-0.00
-7798,2.86,693,2.22,532,2,31462,15_46_11_30_04_2025,-5.31,8.06,-0.32,0.01,-0.00,0.00
