2097151,-156.60,-816,2.33,545,2,5709,15_45_44_30_04_2025,7.73,5.18,-2.83,0.12,-1.38,0.70
2097151,-156.60,-1072,2.35,543,2,5786,15_45_44_30_04_2025,7.73,5.19,-2.84,-0.00,-0.00,0.00
2097151,-156.60,-802,2.33,545,2,5828,15_45_44_30_04_2025,7.74,5.19,-2.85,-0.01,-0.00,0.00
2097151,-156.60,-871,2.34,543,2,5870,15_45_44_30_04_2025,7.73,5.19,-2.85,-0.01,-0.00,0.00
2097151,-156.60,-812,2.33,543,2,5911,15_45_44_30_04_2025,7.73,5.19,-2.86,-0.00,0.00,-0.00
2097151,-156.60,-724,2.33,543,2,5953,15_45_45_30_04_2025,7.74,5.18,-2.86,0.00,0.00,-0.00
2097151,-156.60,-710,2.33,544,2,5998,15_45_45_30_04_2025,7.74,5.19,-2.86,0.00,-0.00,-0.00
2097151,-156.60,-408,2.30,543,2,6039,15_45_45_30_04_2025,7.74,5.18,-2.87,0.01,-0.00,-0.00
2097151,-156.60,-806,2.33,544,2,6082,15_45_45_30_04_2025,7.75,5.17,-2.86,0.01,-0.00,-0.00
2097151,-156.60,-742,2.33,543,2,6124,15_45_45_30_04_2025,7.73,5.18,-2.86,0.00,-0.00,0.00
2097151,-156.60,-694,2.33,544,2,6165,15_45_45_30_04_2025,7.75,5.18,-2.86,0.00,-0.01,0.00
2097151,-156.60,-587,2.32,543,2,6207,15_45_45_30_04_2025,7.75,5.19,-2.87,0.00,-0.01,0.00
2097151,-156.60,-827,2.34,543,2,6251,15_45_45_30_04_2025,7.73,5.19,-2.85,0.01,-0.01,0.00
2097151,-156.60,-787,2.33,544,2,6294,15_45_45_30_04_2025,7.74,5.19,-2.85,0.01,-0.01,-0.00
2097151,-156.60,-717,2.33,543,2,6336,15_45_45_30_04_2025,7.74,5.19,-2.84,0.01,-0.01,-0.00
2097151,-156.60,-891,2.34,543,2,6377,15_45_45_30_04_2025,7.73,5.19,-2.84,0.01,-0.01,0.00
2097151,-156.60,-687,2.32,544,2,6419,15_45_45_30_04_2025,7.73,5.19,-2.84,0.01,-0.00,-0.00
2097151,-156.60,-880,2.34,543,2,6464,15_45_45_30_04_2025,7.74,5.18,-2.84,0.01,-0.00,-0.00
2097151,-156.60,-742,2.33,543,2,6506,15_45_45_30_04_2025,7.74,5.18,-2.84,0.00,0.00,-0.00
2097151,-156.60,-530,2.31,543,2,6547,15_45_45_30_04_2025,7.74,5.18,-2.84,0.00,0.00,-0.00
2097151,-156.60,-733,2.33,543,2,6588,15_45_45_30_04_2025,7.74,5.19,-2.84,-0.00,0.00,-0.00
2097151,-156.60,-794,2.33,543,2,6630,15_45_45_30_04_2025,7.73,5.19,-2.84,-0.01,-0.00,0.00
2097151,-156.60,-544,2.31,543,2,6673,15_45_45_30_04_2025,7.74,5.18,-2.85,-0.01,-0.00,0.00
2097151,-156.60,-733,2.33,543,2,6718,15_45_45_30_04_2025,7.73,5.20,-2.86,-0.00,-0.00,0.00
2097151,-156.60,-802,2.33,543,2,6760,15_45_45_30_04_2025,7.74,5.19,-2.85,0.00,-0.00,0.00
2097151,-156.60,-705,2.33,543,2,6802,15_45_45_30_04_2025,7.74,5.19,-2.85,0.01,-0.00,-0.00
2097151,-156.60,-700,2.33,543,2,6844,15_45_45_30_04_2025,7.73,5.17,-2.85,0.02,-0.00,-0.00
2097151,-156.60,-633,2.32,543,2,6886,15_45_45_30_04_2025,7.74,5.19,-2.85,0.02,-0.01,-0.00
2097151,-156.60,-707,2.33,543,2,6928,15_45_45_30_04_2025,7.73,5.19,-2.85,0.02,-0.01,-0.00
2097151,-156.60,-481,2.31,543,2,6972,15_45_46_30_04_2025,7.74,5.19,-2.83,0.01,-0.01,0.00
2097151,-156.60,-761,2.33,543,2,7014,15_45_46_30_04_2025,7.74,5.18,-2.84,0.01,-0.01,-0.00
2097151,-156.60,-659,2.32,543,2,7057,15_45_46_30_04_2025,7.73,5.18,-2.84,0.00,-0.01,0.00
2097151,-156.60,-682,2.32,543,2,7100,15_45_46_30_04_2025,7.73,5.19,-2.83,0.00,-0.01,0.00
2097151,-156.60,-613,2.32,543,2,7142,15_45_46_30_04_2025,7.74,5.19,-2.84,0.00,-0.00,-0.00
2097151,-156.60,-659,2.32,543,2,7186,15_45_46_30_04_2025,7.74,5.19,-2.83,0.00,-0.00,-0.00
2097151,-156.60,-778,2.33,543,2,7228,15_45_46_30_04_2025,7.74,5.19,-2.83,0.00,0.00,-0.00
2097151,-156.60,-689,2.32,543,2,7269,15_45_46_30_04_2025,7.73,5.19,-2.85,0.00,0.00,-0.00
2097151,-156.60,-794,2.33,543,2,7311,15_45_46_30_04_2025,7.73,5.19,-2.83,0.00,0.00,-0.00
2097151,-156.60,-583,2.32,543,2,7354,15_45_46_30_04_2025,7.74,5.18,-2.85,0.00,-0.00,-0.00
2097151,-156.60,-818,2.33,543,2,7396,15_45_46_30_04_2025,7.73,5.18,-2.85,0.00,-0.00,0.00
2097151,-156.60,-710,2.33,543,2,7441,15_45_46_30_04_2025,7.74,5.18,-2.84,0.00,-0.00,-0.00
2097151,-156.60,-693,2.33,543,2,7482,15_45_46_30_04_2025,7.74,5.19,-2.84,0.00,-0.00,0.00
2097151,-156.60,-558,2.32,542,2,7524,15_45_46_30_04_2025,7.74,5.19,-2.84,0.00,-0.01,0.00
2097151,-156.60,-798,2.33,544,2,7566,15_45_46_30_04_2025,7.74,5.18,-2.84,0.01,-0.01,0.00
2097151,-156.60,-654,2.32,543,2,7607,15_45_46_30_04_2025,7.74,5.19,-2.84,0.01,-0.00,0.00
2097151,-156.60,-697,2.33,543,2,7649,15_45_46_30_04_2025,7.74,5.18,-2.83,0.01,-0.01,0.00
2097151,-156.60,-721,2.33,543,2,7694,15_45_46_30_04_2025,7.73,5.19,-2.84,0.02,-0.00,0.00
2097151,-156.60,-680,2.32,543,2,7736,15_45_46_30_04_2025,7.74,5.19,-2.84,0.01,-0.00,-0.00
2097151,-156.60,-699,2.33,543,2,7777,15_45_46_30_04_2025,7.74,5.19,-2.83,0.01,-0.00,-0.00
2097151,-156.60,-637,2.32,541,2,7818,15_45_46_30_04_2025,7.74,5.19,-2.82,0.00,-0.00,-0.00
2097151,-156.60,-781,2.33,544,2,7861,15_45_46_30_04_2025,7.74,5.19,-2.83,-0.00,-0.00,-0.00
2097151,-156.60,-753,2.33,543,2,7906,15_45_46_30_04_2025,7.75,5.19,-2.83,-0.01,-0.00,0.00
2097151,-156.60,-648,2.32,543,2,7948,15_45_47_30_04_2025,7.73,5.19,-2.84,-0.01,-0.00,-0.00
2097151,-156.60,-599,2.32,543,2,7990,15_45_47_30_04_2025,7.74,5.19,-2.84,-0.00,-0.00,0.00
2097151,-156.60,-797,2.33,543,2,8032,15_45_47_30_04_2025,7.74,5.18,-2.85,0.00,-0.00,0.00
2097151,-156.60,-705,2.33,543,2,8074,15_45_47_30_04_2025,7.75,5.19,-2.84,0.00,-0.00,-0.00
2097151,-156.60,-728,2.33,544,2,8115,15_45_47_30_04_2025,7.73,5.19,-2.85,0.01,-0.00,-0.00
2097151,-156.60,-537,2.31,543,2,8160,15_45_47_30_04_2025,7.74,5.18,-2.84,0.01,-0.00,-0.00
2097151,-156.60,-546,2.31,543,2,8201,15_45_47_30_04_2025,7.73,5.19,-2.84,0.01,-0.01,-0.00
2097151,-156.60,-616,2.32,543,2,8244,15_45_47_30_04_2025,7.75,5.18,-2.83,0.01,-0.00,-0.00
2097151,-156.60,-750,2.33,543,2,8286,15_45_47_30_04_2025,7.74,5.18,-2.83,0.01,-0.01,0.00
2097151,-156.60,-583,2.32,544,2,8327,15_45_47_30_04_2025,7.75,5.19,-2.84,0.01,-0.01,0.00
2097151,-156.60,-537,2.31,542,2,8369,15_45_47_30_04_2025,7.74,5.19,-2.83,0.00,-0.01,0.00
2097151,-156.60,-641,2.32,543,2,8414,15_45_47_30_04_2025,7.73,5.19,-2.83,0.00,-0.00,0.00
2097151,-156.60,-610,2.32,543,2,8456,15_45_47_30_04_2025,7.74,5.19,-2.83,0.00,-0.00,0.00
2097151,-156.60,-632,2.32,544,2,8497,15_45_47_30_04_2025,7.73,5.19,-2.82,0.00,-0.00,0.00
2097151,-156.60,-814,2.33,543,2,8539,15_45_47_30_04_2025,7.74,5.19,-2.84,0.00,-0.00,-0.00
2097151,-156.60,-493,2.31,541,2,8581,15_45_47_30_04_2025,7.73,5.19,-2.84,0.00,0.00,-0.00
2097151,-156.60,-692,2.33,544,2,8625,15_45_47_30_04_2025,7.73,5.19,-2.84,0.00,0.00,-0.00
2097151,-156.60,-599,2.32,543,2,8667,15_45_47_30_04_2025,7.74,5.18,-2.85,0.00,0.00,-0.00
2097151,-156.60,-627,2.32,544,2,8709,15_45_47_30_04_2025,7.74,5.19,-2.83,0.00,-0.00,-0.00
2097151,-156.60,-734,2.33,544,2,8750,15_45_47_30_04_2025,7.73,5.19,-2.85,0.00,-0.00,0.00
2097151,-156.60,-715,2.33,543,2,8792,15_45_47_30_04_2025,7.74,5.18,-2.84,-0.00,-0.00,0.00
2097151,-156.60,-706,2.33,543,2,8834,15_45_47_30_04_2025,7.75,5.19,-2.84,0.00,-0.00,0.00
2097151,-156.60,-514,2.31,543,2,8879,15_45_47_30_04_2025,7.74,5.19,-2.83,0.01,-0.00,0.00
2097151,-156.60,-548,2.31,543,2,8920,15_45_47_30_04_2025,7.74,5.19,-2.83,0.01,-0.01,-0.00
2097151,-156.60,-536,2.31,543,2,8962,15_45_48_30_04_2025,7.74,5.19,-2.82,0.01,-0.00,-0.00
2097151,-156.60,-699,2.33,543,2,9004,15_45_48_30_04_2025,7.74,5.19,-2.83,0.01,-0.00,0.00
2097151,-156.60,-460,2.31,543,2,9046,15_45_48_30_04_2025,7.74,5.19,-2.83,0.01,-0.00,-0.00
2097151,-156.60,-665,2.32,543,2,9089,15_45_48_30_04_2025,7.73,5.19,-2.83,0.01,-0.00,-0.00
2097151,-156.60,-691,2.33,544,2,9134,15_45_48_30_04_2025,7.75,5.18,-2.82,0.00,-0.00,-0.00
2097151,-156.60,-694,2.33,543,2,9177,15_45_48_30_04_2025,7.74,5.18,-2.82,-0.00,-0.00,0.00
2097151,-156.60,-766,2.33,544,2,9218,15_45_48_30_04_2025,7.74,5.19,-2.83,-0.00,-0.00,0.00
2097151,-156.60,-638,2.32,543,2,9259,15_45_48_30_04_2025,7.74,5.19,-2.83,-0.00,-0.00,0.00
2097151,-156.60,-592,2.32,543,2,9302,15_45_48_30_04_2025,7.74,5.19,-2.84,-0.00,-0.00,-0.00
2097151,-156.60,-864,2.34,544,2,9346,15_45_48_30_04_2025,7.74,5.19,-2.84,0.00,-0.00,0.00
2097151,-156.60,-604,2.32,544,2,9388,15_45_48_30_04_2025,7.74,5.19,-2.83,0.00,-0.00,-0.00
2097151,-156.60,-701,2.33,544,2,9429,15_45_48_30_04_2025,7.74,5.19,-2.84,0.01,-0.00,-0.00
2097151,-156.60,-467,2.31,543,2,9472,15_45_48_30_04_2025,7.75,5.19,-2.83,0.01,-0.00,-0.00
2097151,-156.60,-619,2.32,542,2,9514,15_45_48_30_04_2025,7.73,5.19,-2.85,0.01,-0.01,-0.00
2097151,-156.60,-773,2.33,543,2,9555,15_45_48_30_04_2025,7.74,5.18,-2.84,0.01,-0.00,-0.00
2097151,-156.60,-809,2.33,543,2,9600,15_45_48_30_04_2025,7.74,5.18,-2.83,0.01,-0.01,-0.00
2097151,-156.60,-672,2.32,543,2,9642,15_45_48_30_04_2025,7.74,5.19,-2.83,0.01,-0.01,0.00
2097151,-156.60,-540,2.31,544,2,9684,15_45_48_30_04_2025,7.73,5.19,-2.82,0.01,-0.00,0.00
2097151,-156.60,-656,2.32,543,2,9726,15_45_48_30_04_2025,7.73,5.20,-2.83,0.00,-0.00,0.00
2097151,-156.60,-584,2.32,543,2,9767,15_45_48_30_04_2025,7.73,5.19,-2.83,0.00,-0.00,0.00
2097151,-156.60,-797,2.33,543,2,9809,15_45_48_30_04_2025,7.73,5.19,-2.83,0.00,-0.00,-0.00
2097151,-156.60,-726,2.33,544,2,9854,15_45_48_30_04_2025,7.74,5.20,-2.82,0.00,-0.00,-0.00
2097151,-156.60,-559,2.32,543,2,9896,15_45_48_30_04_2025,7.73,5.18,-2.83,0.00,-0.00,-0.00
2097151,-156.60,-865,2.34,544,2,9937,15_45_49_30_04_2025,7.73,5.19,-2.83,0.00,0.00,-0.00
2097151,-156.60,-736,2.33,543,2,9979,15_45_49_30_04_2025,7.74,5.18,-2.83,0.00,-0.00,-0.00
2097151,-156.60,-557,2.31,543,2,10021,15_45_49_30_04_2025,7.73,5.19,-2.84,0.00,-0.00,-0.00
2097151,-156.60,-557,2.31,543,2,10066,15_45_49_30_04_2025,7.73,5.18,-2.85,0.00,-0.00,0.00
2097151,-156.60,-771,2.33,543,2,10108,15_45_49_30_04_2025,7.74,5.19,-2.84,0.00,-0.00,0.00
2097151,-156.60,-784,2.33,543,2,10149,15_45_49_30_04_2025,7.73,5.18,-2.84,0.00,-0.00,0.00
2097151,-156.60,-674,2.32,543,2,10191,15_45_49_30_04_2025,7.73,5.19,-2.84,0.01,-0.00,-0.00
2097151,-156.60,-652,2.32,543,2,10234,15_45_49_30_04_2025,7.74,5.18,-2.83,0.01,-0.00,0.00
2097151,-156.60,-753,2.33,543,2,10275,15_45_49_30_04_2025,7.75,5.18,-2.83,0.01,-0.00,-0.00
2097151,-156.60,-724,2.33,543,2,10321,15_45_49_30_04_2025,7.73,5.19,-2.82,0.01,-0.00,-0.00
2097151,-156.60,-459,2.31,543,2,10363,15_45_49_30_04_2025,7.74,5.19,-2.82,0.01,-0.00,-0.00
2097151,-156.60,-800,2.33,543,2,10405,15_45_49_30_04_2025,7.74,5.19,-2.82,0.01,-0.00,-0.00
2097151,-156.60,-736,2.33,544,2,10447,15_45_49_30_04_2025,7.74,5.19,-2.81,0.00,-0.00,-0.00
2097151,-156.60,-666,2.32,544,2,10488,15_45_49_30_04_2025,7.74,5.19,-2.82,0.00,-0.00,0.00
2097151,-156.60,-583,2.32,543,2,10533,15_45_49_30_04_2025,7.74,5.19,-2.82,0.00,-0.00,0.00
2097151,-156.60,-808,2.33,544,2,10574,15_45_49_30_04_2025,7.73,5.18,-2.82,0.00,-0.00,-0.00
2097151,-156.60,-649,2.32,543,2,10617,15_45_49_30_04_2025,7.75,5.19,-2.83,0.00,-0.00,-0.00
2097151,-156.60,-603,2.32,544,2,10659,15_45_49_30_04_2025,7.73,5.19,-2.83,0.00,-0.00,-0.00
2097151,-156.60,-614,2.32,543,2,10700,15_45_49_30_04_2025,7.74,5.19,-2.83,0.00,-0.00,-0.00
2097151,-156.60,-793,2.33,544,2,10742,15_45_49_30_04_2025,7.74,5.19,-2.83,0.01,-0.00,-0.00
2097151,-156.60,-670,2.32,543,2,10787,15_45_49_30_04_2025,7.73,5.19,-2.84,0.01,-0.00,-0.00
2097151,-156.60,-679,2.32,543,2,10829,15_45_49_30_04_2025,7.73,5.18,-2.83,0.01,-0.00,0.00
2097151,-156.60,-506,2.31,543,2,10870,15_45_49_30_04_2025,7.73,5.18,-2.82,0.01,-0.00,-0.00
2097151,-156.60,-805,2.33,543,2,10912,15_45_49_30_04_2025,7.75,5.19,-2.83,0.01,-0.00,0.00
2097151,-156.60,-466,2.31,543,2,10955,15_45_50_30_04_2025,7.74,5.19,-2.82,0.01,-0.01,0.00
2097151,-156.60,-540,2.31,543,2,10996,15_45_50_30_04_2025,7.74,5.19,-2.82,0.01,-0.00,0.00
2097151,-156.60,-671,2.32,543,2,11041,15_45_50_30_04_2025,7.73,5.19,-2.82,0.00,-0.00,-0.00
2097151,-156.60,-734,2.33,543,2,11083,15_45_50_30_04_2025,7.73,5.20,-2.82,0.01,-0.00,-0.00
2097151,-156.60,-640,2.32,543,2,11147,15_45_50_30_04_2025,7.74,5.19,-2.82,0.01,-0.00,-0.00
2097151,-156.60,-674,2.32,544,2,11189,15_45_50_30_04_2025,7.73,5.19,-2.83,0.00,-0.00,-0.00
2097151,-156.60,-643,2.32,543,2,11259,15_45_50_30_04_2025,7.73,5.18,-2.82,0.00,-0.00,-0.00
2097151,-156.60,-644,2.32,543,2,11355,15_45_50_30_04_2025,7.74,5.19,-2.82,0.00,-0.00,-0.00
2097151,-156.60,-566,2.32,543,2,11448,15_45_50_30_04_2025,7.74,5.19,-2.83,0.00,-0.00,0.00
2097151,-156.60,-624,2.32,542,2,11542,15_45_50_30_04_2025,7.74,5.19,-2.84,0.01,-0.00,-0.00
2097151,-156.60,-810,2.33,543,2,11585,15_45_50_30_04_2025,7.74,5.19,-2.83,0.01,-0.00,-0.00
2097151,-156.60,-727,2.33,543,2,11654,15_45_50_30_04_2025,7.74,5.19,-2.83,0.01,-0.00,-0.00
2097151,-156.60,-738,2.33,543,2,11749,15_45_50_30_04_2025,7.73,5.19,-2.83,0.01,-0.00,0.00
2097151,-156.60,-598,2.32,543,2,11844,15_45_50_30_04_2025,7.74,5.19,-2.82,0.00,-0.00,-0.00
2097151,-156.60,-675,2.32,543,2,11936,15_45_50_30_04_2025,7.73,5.20,-2.83,-0.00,-0.00,-0.00
2097151,-156.60,-768,2.33,543,2,11978,15_45_51_30_04_2025,7.74,5.18,-2.83,0.00,-0.00,0.00
2097151,-156.60,-706,2.33,543,2,12049,15_45_51_30_04_2025,7.74,5.19,-2.82,0.00,-0.00,-0.00
2097151,-156.60,-529,2.31,544,2,12145,15_45_51_30_04_2025,7.74,5.19,-2.83,0.00,-0.00,-0.00
2097151,-156.60,-571,2.32,542,2,12238,15_45_51_30_04_2025,7.74,5.19,-2.83,0.00,-0.00,0.00
2097151,-156.60,-498,2.31,544,2,12331,15_45_51_30_04_2025,7.74,5.19,-2.82,0.01,-0.01,0.00
2097151,-156.60,-666,2.32,543,2,12373,15_45_51_30_04_2025,7.73,5.19,-2.82,0.01,-0.00,-0.00
2097151,-156.60,-595,2.32,543,2,12445,15_45_51_30_04_2025,7.74,5.18,-2.82,0.01,-0.00,0.00
2097151,-156.60,-604,2.32,543,2,12539,15_45_51_30_04_2025,7.75,5.19,-2.83,0.01,-0.00,-0.00
2097151,-156.60,-427,2.31,544,2,12633,15_45_51_30_04_2025,7.74,5.19,-2.82,0.00,-0.00,0.00
2097151,-156.60,-755,2.33,543,2,12726,15_45_51_30_04_2025,7.73,5.19,-2.83,0.00,-0.00,-0.00
2097151,-156.60,-696,2.33,543,2,12768,15_45_51_30_04_2025,7.74,5.19,-2.83,0.00,-0.00,-0.00
2097151,-156.60,-796,2.33,543,2,12839,15_45_51_30_04_2025,7.73,5.19,-2.83,0.01,-0.00,0.00
2097151,-156.60,-806,2.33,543,2,12934,15_45_51_30_04_2025,7.73,5.19,-2.83,0.01,-0.00,-0.00
2097151,-156.60,-528,2.31,543,2,13027,15_45_52_30_04_2025,7.74,5.19,-2.82,0.01,-0.00,-0.00
2097151,-156.60,-763,2.33,543,2,13121,15_45_52_30_04_2025,7.74,5.19,-2.81,0.00,-0.00,-0.00
2097151,-156.60,-558,2.32,543,2,13164,15_45_52_30_04_2025,7.74,5.19,-2.82,0.00,-0.00,-0.00
2097151,-156.60,-591,2.32,543,2,13235,15_45_52_30_04_2025,7.75,5.19,-2.82,0.00,-0.00,0.00
2097151,-156.60,-469,2.31,544,2,13328,15_45_52_30_04_2025,7.75,5.19,-2.83,0.00,-0.00,-0.00
2097151,-156.60,-608,2.32,543,2,13422,15_45_52_30_04_2025,7.73,5.19,-2.83,0.01,-0.00,-0.00
2097151,-156.60,-629,2.32,543,2,13517,15_45_52_30_04_2025,7.73,5.20,-2.82,0.00,-0.00,0.00
2097151,-156.60,-786,2.33,543,2,13561,15_45_52_30_04_2025,7.74,5.19,-2.83,0.01,-0.00,0.00
2097151,-156.60,-520,2.31,543,2,13628,15_45_52_30_04_2025,7.73,5.19,-2.82,0.01,-0.00,-0.00
2097151,-156.60,-483,2.31,543,2,13723,15_45_52_30_04_2025,7.74,5.19,-2.83,0.01,-0.00,-0.00
2097151,-156.60,-487,2.31,543,2,13817,15_45_52_30_04_2025,7.74,5.19,-2.82,0.01,-0.00,0.00
2097151,-156.60,-785,2.33,543,2,13911,15_45_52_30_04_2025,7.74,5.19,-2.83,0.00,-0.00,-0.00
2097151,-156.60,-558,2.32,543,2,13953,15_45_53_30_04_2025,7.74,5.19,-2.82,0.00,-0.00,-0.00
2097151,-156.60,-329,2.30,543,2,14023,15_45_53_30_04_2025,7.74,5.19,-2.83,0.00,-0.00,0.00
2097151,-156.60,-410,2.30,542,2,14118,15_45_53_30_04_2025,7.74,5.19,-2.84,0.00,-0.00,-0.00
2097151,-156.60,-615,2.32,543,2,14212,15_45_53_30_04_2025,7.74,5.19,-2.83,0.01,-0.00,-0.00
2097151,-156.60,-609,2.32,543,2,14305,15_45_53_30_04_2025,7.74,5.19,-2.82,0.01,-0.00,0.00
2097151,-156.60,-702,2.33,543,2,14348,15_45_53_30_04_2025,7.74,5.19,-2.82,0.00,-0.00,-0.00
2097151,-156.60,-628,2.32,544,2,14418,15_45_53_30_04_2025,7.74,5.19,-2.82,0.00,-0.00,0.00
2097151,-156.60,-590,2.32,543,2,14513,15_45_53_30_04_2025,7.73,5.19,-2.83,0.00,-0.00,0.00
2097151,-156.60,-309,2.30,543,2,14607,15_45_53_30_04_2025,7.73,5.19,-2.82,0.00,-0.00,0.00
2097151,-156.60,-732,2.33,543,2,14700,15_45_53_30_04_2025,7.75,5.20,-2.84,0.00,-0.00,-0.00
2097151,-156.60,-671,2.32,543,2,14742,15_45_53_30_04_2025,7.73,5.19,-2.83,0.00,-0.00,0.00
2097151,-156.60,-561,2.32,543,2,14814,15_45_53_30_04_2025,7.74,5.19,-2.83,0.01,-0.00,0.00
2097151,-156.60,-581,2.32,543,2,14998,15_45_54_30_04_2025,7.73,5.19,-2.82,0.01,-0.00,0.00
2097151,-156.60,-721,2.33,543,2,15040,15_45_54_30_04_2025,7.74,5.19,-2.82,0.01,-0.00,-0.00
2097151,-156.60,-798,2.33,543,2,15096,15_45_54_30_04_2025,7.74,5.19,-2.83,0.00,-0.00,-0.00
2097151,-156.60,-798,2.33,543,2,15137,15_45_54_30_04_2025,7.74,5.18,-2.82,0.00,-0.00,-0.00
2097151,-156.60,-673,2.32,543,2,15208,15_45_54_30_04_2025,7.74,5.19,-2.83,0.00,-0.00,-0.00
2097151,-156.60,-537,2.31,544,2,15302,15_45_54_30_04_2025,7.74,5.19,-2.83,0.00,-0.00,-0.00
2097151,-156.60,-600,2.32,543,2,15396,15_45_54_30_04_2025,7.73,5.19,-2.83,0.00,-0.00,0.00
2097151,-156.60,-497,2.31,543,2,15490,15_45_54_30_04_2025,7.74,5.19,-2.83,0.00,-0.00,0.00
2097151,-156.60,-817,2.33,543,2,15532,15_45_54_30_04_2025,7.74,5.19,-2.82,0.01,-0.00,-0.00
2097151,-156.60,-591,2.32,544,2,15605,15_45_54_30_04_2025,7.75,5.19,-2.83,0.01,-0.00,-0.00
2097151,-156.60,-651,2.32,544,2,15697,15_45_54_30_04_2025,7.75,5.20,-2.83,0.01,-0.00,0.00
2097151,-156.60,-564,2.32,543,2,15791,15_45_54_30_04_2025,7.73,5.20,-2.82,0.00,-0.00,-0.00
2097151,-156.60,-774,2.33,544,2,15885,15_45_54_30_04_2025,7.73,5.19,-2.83,-0.00,-0.00,-0.00
2097151,-156.60,-792,2.33,544,2,15928,15_45_54_30_04_2025,7.73,5.19,-2.83,0.01,-0.00,0.00
2097151,-156.60,-497,2.31,544,2,15997,15_45_55_30_04_2025,7.74,5.19,-2.81,0.01,-0.00,-0.00
2097151,-156.60,-740,2.33,543,2,16092,15_45_55_30_04_2025,7.74,5.18,-2.82,0.00,-0.00,-0.00
2097151,-156.60,-556,2.31,543,2,16186,15_45_55_30_04_2025,7.74,5.18,-2.82,0.00,-0.00,0.00
2097151,-156.60,-758,2.33,543,2,16280,15_45_55_30_04_2025,7.74,5.20,-2.82,0.00,-0.00,-0.00
2097151,-156.60,-593,2.32,543,2,16322,15_45_55_30_04_2025,7.74,5.20,-2.82,0.01,-0.00,-0.00
2097151,-156.60,-308,2.30,543,2,16392,15_45_55_30_04_2025,7.74,5.19,-2.82,0.01,-0.00,-0.00
2097151,-156.60,-521,2.31,543,2,16487,15_45_55_30_04_2025,7.74,5.18,-2.82,0.01,-0.00,-0.00
2097151,-156.60,-599,2.32,544,2,16581,15_45_55_30_04_2025,7.74,5.19,-2.82,0.00,-0.00,-0.00
2097151,-156.60,-564,2.32,544,2,16674,15_45_55_30_04_2025,7.73,5.19,-2.83,-0.00,-0.00,0.00
2097151,-156.60,-530,2.31,543,2,16716,15_45_55_30_04_2025,7.74,5.19,-2.83,0.00,-0.00,-0.00
2097151,-156.60,-679,2.32,543,2,16787,15_45_55_30_04_2025,7.74,5.19,-2.83,0.01,-0.00,0.00
2097151,-156.60,-562,2.32,544,2,16883,15_45_55_30_04_2025,7.74,5.19,-2.82,0.01,-0.00,-0.00
2097151,-156.60,-501,2.31,543,2,16976,15_45_55_30_04_2025,7.74,5.19,-2.82,0.01,-0.00,0.00
2097151,-156.60,-740,2.33,544,2,17069,15_45_56_30_04_2025,7.76,5.18,-2.83,-0.00,-0.01,0.00
2097151,-156.60,-631,2.32,543,2,17113,15_45_56_30_04_2025,7.74,5.20,-2.82,0.00,-0.00,-0.00
2097151,-156.60,-588,2.32,543,2,17183,15_45_56_30_04_2025,7.74,5.19,-2.82,0.01,-0.00,0.00
2097151,-156.60,-575,2.32,544,2,17277,15_45_56_30_04_2025,7.75,5.19,-2.83,0.01,-0.00,-0.00
2097151,-156.60,-624,2.32,544,2,17370,15_45_56_30_04_2025,7.74,5.19,-2.82,0.01,-0.00,-0.00
2097151,-156.60,-803,2.33,543,2,17465,15_45_56_30_04_2025,7.74,5.19,-2.82,0.00,-0.00,-0.00
2097151,-156.60,-779,2.33,543,2,17509,15_45_56_30_04_2025,7.74,5.18,-2.82,0.00,-0.00,0.00
2097151,-156.60,-538,2.31,543,2,17578,15_45_56_30_04_2025,7.74,5.19,-2.82,0.00,-0.01,0.00
2097151,-156.60,-792,2.33,544,2,17672,15_45_56_30_04_2025,7.74,5.18,-2.82,0.01,-0.00,-0.00
2097151,-156.60,-691,2.33,543,2,17765,15_45_56_30_04_2025,7.73,5.19,-2.81,0.01,-0.00,-0.00
2097151,-156.60,-827,2.34,544,2,17859,15_45_56_30_04_2025,7.75,5.18,-2.81,0.00,-0.00,0.00
2097151,-156.60,-546,2.31,544,2,17901,15_45_56_30_04_2025,7.73,5.19,-2.82,-0.00,-0.00,0.00
2097151,-156.60,-458,2.31,543,2,17972,15_45_57_30_04_2025,7.74,5.19,-2.83,-0.00,-0.00,0.00
2097151,-156.60,-744,2.33,543,2,18067,15_45_57_30_04_2025,7.75,5.20,-2.83,0.01,-0.00,-0.00
2097151,-156.60,-517,2.31,543,2,18160,15_45_57_30_04_2025,7.74,5.19,-2.81,0.01,-0.00,0.00
2097151,-156.60,-614,2.32,543,2,18254,15_45_57_30_04_2025,7.73,5.18,-2.83,0.01,-0.00,-0.00
2097151,-156.60,-553,2.31,543,2,18296,15_45_57_30_04_2025,7.75,5.19,-2.81,0.00,-0.00,0.00
2097151,-156.60,-665,2.32,543,2,18367,15_45_57_30_04_2025,7.73,5.19,-2.82,0.00,-0.00,0.00
2097151,-156.60,-631,2.32,543,2,18461,15_45_57_30_04_2025,7.74,5.19,-2.81,0.00,-0.00,0.00
2097151,-156.60,-511,2.31,543,2,18555,15_45_57_30_04_2025,7.74,5.19,-2.82,0.01,-0.00,0.00
2097151,-156.60,-491,2.31,544,2,18649,15_45_57_30_04_2025,7.74,5.19,-2.82,0.01,-0.00,-0.00
2097151,-156.60,-699,2.33,543,2,18692,15_45_57_30_04_2025,7.74,5.19,-2.82,0.00,-0.00,-0.00
2097151,-156.60,-621,2.32,543,2,18761,15_45_57_30_04_2025,7.74,5.19,-2.83,0.00,-0.00,0.00
2097151,-156.60,-697,2.33,543,2,18856,15_45_57_30_04_2025,7.75,5.19,-2.83,0.00,-0.00,0.00
2097151,-156.60,-603,2.32,543,2,18950,15_45_57_30_04_2025,7.74,5.20,-2.82,0.01,-0.00,-0.00
2097151,-156.60,-521,2.31,543,2,19043,15_45_58_30_04_2025,7.75,5.19,-2.81,0.01,-0.00,-0.00
2097151,-156.60,-433,2.31,543,2,19086,15_45_58_30_04_2025,7.74,5.19,-2.82,0.00,-0.00,-0.00
2097151,-156.60,-521,2.31,543,2,19156,15_45_58_30_04_2025,7.74,5.19,-2.82,0.00,-0.00,-0.00
2097151,-156.60,-625,2.32,543,2,19251,15_45_58_30_04_2025,7.74,5.19,-2.81,0.00,-0.00,0.00
2097151,-156.60,-661,2.32,543,2,19346,15_45_58_30_04_2025,7.74,5.20,-2.82,0.00,-0.00,0.00
2097151,-156.60,-500,2.31,543,2,19439,15_45_58_30_04_2025,7.74,5.18,-2.82,0.01,-0.00,-0.00
2097151,-156.60,-682,2.32,543,2,19481,15_45_58_30_04_2025,7.75,5.20,-2.82,0.01,-0.00,-0.00
2097151,-156.60,-586,2.32,543,2,19551,15_45_58_30_04_2025,7.74,5.19,-2.81,0.01,-0.00,0.00
2097151,-156.60,-642,2.32,544,2,19646,15_45_58_30_04_2025,7.76,5.19,-2.82,0.00,-0.00,0.00
2097151,-156.60,-484,2.31,542,2,19739,15_45_58_30_04_2025,7.74,5.19,-2.82,0.00,-0.00,0.00
2097151,-156.60,-845,2.34,543,2,19833,15_45_58_30_04_2025,7.74,5.19,-2.82,0.00,-0.00,-0.00
2097151,-156.60,-674,2.32,544,2,19875,15_45_58_30_04_2025,7.74,5.18,-2.82,0.00,-0.00,-0.00
2097151,-156.60,-775,2.33,543,2,19947,15_45_58_30_04_2025,7.75,5.19,-2.82,0.00,-0.00,0.00
2097151,-156.60,-491,2.31,544,2,20042,15_45_59_30_04_2025,7.74,5.18,-2.82,0.00,-0.00,0.00
2097151,-156.60,-499,2.31,543,2,20134,15_45_59_30_04_2025,7.75,5.19,-2.81,0.01,-0.00,0.00
2097151,-156.60,-665,2.32,543,2,20229,15_45_59_30_04_2025,7.74,5.19,-2.82,0.01,-0.00,-0.00
2097151,-156.60,-575,2.32,543,2,20270,15_45_59_30_04_2025,7.74,5.20,-2.82,0.01,-0.00,0.00
2097151,-156.60,-374,2.30,544,2,20341,15_45_59_30_04_2025,7.74,5.20,-2.82,0.00,-0.00,-0.00
2097151,-156.60,-643,2.32,543,2,20435,15_45_59_30_04_2025,7.75,5.20,-2.82,0.00,-0.00,-0.00
2097151,-156.60,-440,2.31,543,2,20530,15_45_59_30_04_2025,7.75,5.20,-2.82,0.00,-0.00,-0.00
2097151,-156.60,-817,2.33,543,2,20623,15_45_59_30_04_2025,7.74,5.19,-2.82,0.00,-0.00,-0.00
2097151,-156.60,-540,2.31,544,2,20666,15_45_59_30_04_2025,7.74,5.18,-2.82,0.01,-0.00,0.00
2097151,-156.60,-669,2.32,543,2,20736,15_45_59_30_04_2025,7.75,5.19,-2.81,0.00,-0.00,-0.00
2097151,-156.60,-705,2.33,543,2,20830,15_45_59_30_04_2025,7.74,5.19,-2.81,0.00,-0.00,0.00
2097151,-156.60,-490,2.31,541,2,20924,15_45_59_30_04_2025,7.74,5.19,-2.82,0.01,-0.00,-0.00
2097151,-156.60,-503,2.31,543,2,21017,15_46_00_30_04_2025,7.73,5.19,-2.82,0.01,-0.00,-0.00
2097151,-156.60,-447,2.31,543,2,21063,15_46_00_30_04_2025,7.74,5.18,-2.82,0.01,-0.00,-0.00
2097151,-156.60,-614,2.32,544,2,21130,15_46_00_30_04_2025,7.75,5.19,-2.81,0.00,-0.00,-0.00
2097151,-156.60,-517,2.31,543,2,21225,15_46_00_30_04_2025,7.73,5.20,-2.81,0.00,-0.00,-0.00
2097151,-156.60,-493,2.31,543,2,21318,15_46_00_30_04_2025,7.74,5.19,-2.82,0.00,-0.00,0.00
2097151,-156.60,-473,2.31,543,2,21413,15_46_00_30_04_2025,7.73,5.19,-2.82,0.00,-0.00,-0.00
2097151,-156.60,-597,2.32,543,2,21455,15_46_00_30_04_2025,7.74,5.19,-2.82,0.01,-0.00,-0.00
2097151,-156.60,-565,2.32,543,2,21525,15_46_00_30_04_2025,7.74,5.19,-2.80,0.01,-0.00,0.00
2097151,-156.60,-493,2.31,544,2,21620,15_46_00_30_04_2025,7.74,5.19,-2.82,0.01,-0.00,-0.00
2097151,-156.60,-543,2.31,543,2,21715,15_46_00_30_04_2025,7.74,5.19,-2.80,0.00,-0.00,0.00
2097151,-156.60,-623,2.32,544,2,21808,15_46_00_30_04_2025,7.73,5.19,-2.81,0.00,-0.00,0.00
2097151,-156.60,-484,2.31,543,2,21849,15_46_00_30_04_2025,7.73,5.19,-2.81,0.00,-0.00,0.00
2097151,-156.60,-688,2.32,543,2,21920,15_46_00_30_04_2025,7.74,5.18,-2.81,0.00,-0.00,-0.00
2097151,-156.60,-661,2.32,544,2,22016,15_46_01_30_04_2025,7.74,5.19,-2.82,0.00,-0.00,0.00
2097151,-156.60,-692,2.33,543,2,22109,15_46_01_30_04_2025,7.74,5.19,-2.81,0.00,-0.00,-0.00
2097151,-156.60,-472,2.31,544,2,22203,15_46_01_30_04_2025,7.74,5.19,-2.82,0.01,-0.00,0.00
2097151,-156.60,-593,2.32,543,2,22244,15_46_01_30_04_2025,7.74,5.20,-2.82,0.00,-0.00,-0.00
2097151,-156.60,-560,2.32,543,2,22316,15_46_01_30_04_2025,7.75,5.19,-2.81,0.01,-0.00,0.00
2097151,-156.60,-631,2.32,545,2,22410,15_46_01_30_04_2025,7.75,5.19,-2.81,0.01,-0.00,0.00
2097151,-156.60,-502,2.31,543,2,22503,15_46_01_30_04_2025,7.75,5.19,-2.81,0.01,-0.00,0.00
2097151,-156.60,-459,2.31,543,2,22597,15_46_01_30_04_2025,7.74,5.18,-2.82,0.00,-0.00,-0.00
2097151,-156.60,-492,2.31,543,2,22638,15_46_01_30_04_2025,7.75,5.18,-2.81,0.00,-0.00,0.00
2097151,-156.60,-381,2.30,544,2,22710,15_46_01_30_04_2025,7.75,5.20,-2.81,0.00,-0.00,0.00
2097151,-156.60,-555,2.31,543,2,22804,15_46_01_30_04_2025,7.75,5.19,-2.80,0.00,-0.00,0.00
2097151,-156.60,-738,2.33,543,2,22898,15_46_01_30_04_2025,7.74,5.19,-2.81,0.00,-0.00,-0.00
2097151,-156.60,-482,2.31,543,2,22993,15_46_02_30_04_2025,7.74,5.19,-2.81,0.01,-0.00,0.00
2097151,-156.60,-582,2.32,542,2,23035,15_46_02_30_04_2025,7.74,5.19,-2.80,0.01,-0.00,-0.00
2097151,-156.60,-540,2.31,543,2,23105,15_46_02_30_04_2025,7.75,5.19,-2.82,0.01,-0.00,-0.00
2097151,-156.60,-612,2.32,543,2,23199,15_46_02_30_04_2025,7.74,5.19,-2.82,0.00,-0.00,0.00
2097151,-156.60,-767,2.33,544,2,23293,15_46_02_30_04_2025,7.75,5.18,-2.82,0.00,-0.00,0.00
2097151,-156.60,-411,2.30,544,2,23387,15_46_02_30_04_2025,7.74,5.19,-2.81,0.00,-0.00,0.00
2097151,-156.60,-497,2.31,543,2,23429,15_46_02_30_04_2025,7.74,5.19,-2.82,0.01,-0.00,-0.00
2097151,-156.60,-647,2.32,544,2,23499,15_46_02_30_04_2025,7.75,5.19,-2.82,0.01,-0.00,-0.00
2097151,-156.60,-317,2.30,543,2,23594,15_46_02_30_04_2025,7.75,5.19,-2.82,0.01,-0.00,0.00
2097151,-156.60,-618,2.32,542,2,23688,15_46_02_30_04_2025,7.75,5.19,-2.80,0.00,-0.00,-0.00
2097151,-156.60,-447,2.31,543,2,23782,15_46_02_30_04_2025,7.74,5.19,-2.82,0.01,-0.00,-0.00
2097151,-156.60,-542,2.31,544,2,23825,15_46_02_30_04_2025,7.74,5.19,-2.81,0.01,-0.00,0.00
2097151,-156.60,-625,2.32,544,2,23894,15_46_02_30_04_2025,7.74,5.20,-2.82,0.01,-0.00,-0.00
2097151,-156.60,-645,2.32,543,2,23989,15_46_03_30_04_2025,7.74,5.18,-2.81,0.00,-0.00,-0.00
2097151,-156.60,-600,2.32,544,2,24083,15_46_03_30_04_2025,7.74,5.19,-2.82,0.00,-0.00,0.00
2097151,-156.60,-534,2.31,544,2,24177,15_46_03_30_04_2025,7.74,5.19,-2.82,0.00,-0.00,-0.00
2097151,-156.60,-520,2.31,544,2,24219,15_46_03_30_04_2025,7.75,5.19,-2.81,0.00,-0.00,-0.00
2097151,-156.60,-577,2.32,542,2,24289,15_46_03_30_04_2025,7.74,5.19,-2.80,0.01,-0.00,-0.00
2097151,-156.60,-498,2.31,543,2,24384,15_46_03_30_04_2025,7.75,5.20,-2.81,0.00,-0.00,0.00
2097151,-156.60,-642,2.32,544,2,24478,15_46_03_30_04_2025,7.74,5.19,-2.81,0.00,-0.00,0.00
2097151,-156.60,-651,2.32,543,2,24572,15_46_03_30_04_2025,7.75,5.20,-2.82,0.00,-0.00,0.00
2097151,-156.60,-480,2.31,543,2,24616,15_46_03_30_04_2025,7.73,5.19,-2.82,0.00,-0.00,0.00
2097151,-156.60,-749,2.33,543,2,24685,15_46_03_30_04_2025,7.74,5.19,-2.82,0.00,-0.00,-0.00
2097151,-156.60,-590,2.32,544,2,24779,15_46_03_30_04_2025,7.74,5.19,-2.81,0.00,-0.00,-0.00
2097151,-156.60,-558,2.32,544,2,24873,15_46_03_30_04_2025,7.74,5.19,-2.82,0.01,-0.00,0.00
2097151,-156.60,-521,2.31,543,2,24966,15_46_03_30_04_2025,7.74,5.19,-2.81,0.00,-0.00,-0.00
2097151,-156.60,-644,2.32,544,2,25011,15_46_04_30_04_2025,7.73,5.19,-2.81,0.00,-0.00,-0.00
2097151,-156.60,-640,2.32,544,2,25080,15_46_04_30_04_2025,7.74,5.20,-2.81,0.01,-0.00,-0.00
2097151,-156.60,-640,2.32,542,2,25174,15_46_04_30_04_2025,7.74,5.19,-2.81,0.01,-0.00,-0.00
2097151,-156.60,-375,2.30,543,2,25267,15_46_04_30_04_2025,7.74,5.20,-2.81,0.00,-0.00,-0.00
2097151,-156.60,-417,2.30,543,2,25361,15_46_04_30_04_2025,7.74,5.19,-2.81,0.00,-0.00,-0.00
2097151,-156.60,-843,2.34,543,2,25404,15_46_04_30_04_2025,7.74,5.19,-2.81,0.00,-0.00,-0.00
2097151,-156.60,-708,2.33,543,2,25474,15_46_04_30_04_2025,7.74,5.20,-2.81,0.00,-0.00,-0.00
2097151,-156.60,-548,2.31,543,2,25568,15_46_04_30_04_2025,7.74,5.19,-2.81,0.00,-0.00,-0.00
2097151,-156.60,-563,2.32,543,2,25662,15_46_04_30_04_2025,7.74,5.20,-2.81,0.00,-0.00,0.00
2097151,-156.60,-484,2.31,543,2,25756,15_46_04_30_04_2025,7.74,5.19,-2.81,0.01,-0.00,-0.00
2097151,-156.60,-505,2.31,544,2,25799,15_46_04_30_04_2025,7.74,5.19,-2.81,0.00,-0.00,0.00
2097151,-156.60,-463,2.31,544,2,25868,15_46_04_30_04_2025,7.75,5.19,-2.82,0.00,-0.00,-0.00
2097151,-156.60,-701,2.33,543,2,25963,15_46_04_30_04_2025,7.75,5.20,-2.82,0.00,-0.00,-0.00
2097151,-156.60,-567,2.32,543,2,26057,15_46_05_30_04_2025,7.75,5.19,-2.81,0.01,-0.00,-0.00
2097151,-156.60,-460,2.31,541,2,26151,15_46_05_30_04_2025,7.74,5.19,-2.81,0.00,-0.00,-0.00
2097151,-156.60,-552,2.31,543,2,26193,15_46_05_30_04_2025,7.74,5.19,-2.80,0.00,-0.00,0.00
2097151,-156.60,-674,2.32,544,2,26263,15_46_05_30_04_2025,7.74,5.19,-2.82,0.00,-0.00,-0.00
2097151,-156.60,-514,2.31,543,2,26358,15_46_05_30_04_2025,7.74,5.20,-2.81,0.01,-0.00,-0.00
2097151,-156.60,-602,2.32,544,2,26453,15_46_05_30_04_2025,7.74,5.20,-2.81,0.00,-0.00,-0.00
2097151,-156.60,-561,2.32,543,2,26546,15_46_05_30_04_2025,7.74,5.19,-2.82,0.00,-0.00,0.00
2097151,-156.60,-710,2.33,544,2,26588,15_46_05_30_04_2025,7.74,5.19,-2.81,0.00,-0.00,0.00
2097151,-156.60,-475,2.31,543,2,26657,15_46_05_30_04_2025,7.74,5.19,-2.81,0.00,-0.00,-0.00
2097151,-156.60,-706,2.33,544,2,26754,15_46_05_30_04_2025,7.74,5.20,-2.80,0.00,-0.00,-0.00
2097151,-156.60,-556,2.31,543,2,26847,15_46_05_30_04_2025,7.74,5.19,-2.80,0.00,-0.00,-0.00
2097151,-156.60,-523,2.31,543,2,26940,15_46_05_30_04_2025,7.74,5.20,-2.81,0.00,-0.00,0.00
2097151,-156.60,-495,2.31,541,2,26981,15_46_06_30_04_2025,7.74,5.19,-2.81,0.00,-0.00,0.00
2097151,-156.60,-573,2.32,544,2,27053,15_46_06_30_04_2025,7.75,5.20,-2.81,0.00,-0.00,-0.00
2097151,-156.60,-624,2.32,544,2,27148,15_46_06_30_04_2025,7.74,5.20,-2.80,0.00,-0.00,0.00
2097151,-156.60,-626,2.32,544,2,27241,15_46_06_30_04_2025,7.74,5.20,-2.81,0.00,-0.01,-0.00
2097151,-156.60,-459,2.31,544,2,27335,15_46_06_30_04_2025,7.74,5.18,-2.81,0.00,-0.00,-0.00
2097151,-156.60,-318,2.30,543,2,27376,15_46_06_30_04_2025,7.73,5.19,-2.80,0.00,-0.00,-0.00
2097151,-156.60,-389,2.30,543,2,27448,15_46_06_30_04_2025,7.75,5.19,-2.80,0.00,-0.00,0.00
2097151,-156.60,-786,2.33,543,2,27544,15_46_06_30_04_2025,7.74,5.18,-2.80,0.01,-0.00,0.00
2097151,-156.60,-569,2.32,544,2,27636,15_46_06_30_04_2025,7.75,5.19,-2.81,0.01,-0.00,0.00
2097151,-156.60,-232,2.29,543,2,27731,15_46_06_30_04_2025,7.74,5.20,-2.81,0.00,-0.00,-0.00
2097151,-156.60,-613,2.32,544,2,27772,15_46_06_30_04_2025,7.75,5.20,-2.80,0.01,-0.00,0.00
2097151,-156.60,-655,2.32,543,2,27845,15_46_06_30_04_2025,7.74,5.19,-2.81,0.01,-0.00,0.00
2097151,-156.60,-546,2.31,544,2,27937,15_46_06_30_04_2025,7.74,5.20,-2.81,0.00,-0.00,0.00
2097151,-156.60,-619,2.32,544,2,28031,15_46_07_30_04_2025,7.73,5.19,-2.81,0.00,-0.00,0.00
2097151,-156.60,-667,2.32,544,2,28125,15_46_07_30_04_2025,7.74,5.19,-2.81,0.00,-0.00,-0.00
2097151,-156.60,-529,2.31,544,2,28171,15_46_07_30_04_2025,7.73,5.19,-2.81,0.01,-0.00,0.00
2097151,-156.60,-584,2.32,544,2,28237,15_46_07_30_04_2025,7.75,5.19,-2.82,0.01,-0.00,0.00
2097151,-156.60,-700,2.33,543,2,28332,15_46_07_30_04_2025,7.74,5.19,-2.82,0.00,-0.00,-0.00
2097151,-156.60,-519,2.31,543,2,28426,15_46_07_30_04_2025,7.75,5.19,-2.81,0.01,-0.00,-0.00
2097151,-156.60,-593,2.32,543,2,28519,15_46_07_30_04_2025,7.74,5.20,-2.80,0.00,-0.00,0.00
2097151,-156.60,-432,2.31,544,2,28566,15_46_07_30_04_2025,7.74,5.19,-2.80,0.00,-0.00,-0.00
2097151,-156.60,-268,2.29,543,2,28632,15_46_07_30_04_2025,7.74,5.20,-2.81,0.00,-0.00,-0.00
2097151,-156.60,-442,2.31,543,2,28726,15_46_07_30_04_2025,7.75,5.19,-2.81,0.00,-0.00,-0.00
2097151,-156.60,-602,2.32,543,2,28821,15_46_07_30_04_2025,7.74,5.19,-2.81,0.00,-0.00,-0.00
2097151,-156.60,-488,2.31,543,2,28915,15_46_07_30_04_2025,7.74,5.19,-2.82,0.01,-0.00,-0.00
2097151,-156.60,-646,2.32,543,2,28957,15_46_08_30_04_2025,7.75,5.19,-2.81,0.00,-0.00,-0.00
2097151,-156.60,-587,2.32,543,2,29027,15_46_08_30_04_2025,7.74,5.20,-2.82,0.00,-0.00,-0.00
2097151,-156.60,-453,2.31,543,2,29122,15_46_08_30_04_2025,7.74,5.19,-2.81,0.01,-0.00,-0.00
2097151,-156.60,-460,2.31,543,2,29217,15_46_08_30_04_2025,7.74,5.19,-2.81,0.00,-0.00,-0.00
2097151,-156.60,-572,2.32,543,2,29310,15_46_08_30_04_2025,7.74,5.19,-2.81,0.00,-0.00,-0.00
2097151,-156.60,-670,2.32,543,2,29351,15_46_08_30_04_2025,7.74,5.19,-2.81,0.00,-0.00,-0.00
2097151,-156.60,-458,2.31,543,2,29422,15_46_08_30_04_2025,7.74,5.20,-2.81,0.00,-0.00,-0.00
2097151,-156.60,-779,2.33,544,2,29517,15_46_08_30_04_2025,7.74,5.19,-2.81,0.00,-0.00,-0.00
2097151,-156.60,-439,2.31,545,2,29611,15_46_08_30_04_2025,7.73,5.19,-2.81,0.00,-0.00,0.00
2097151,-156.60,-598,2.32,543,2,29704,15_46_08_30_04_2025,7.75,5.20,-2.81,0.01,-0.00,0.00
2097151,-156.60,-659,2.32,543,2,29748,15_46_08_30_04_2025,7.74,5.19,-2.81,0.00,-0.00,-0.00
2097151,-156.60,-466,2.31,543,2,29818,15_46_08_30_04_2025,7.74,5.20,-2.80,0.00,-0.00,0.00
2097151,-156.60,-675,2.32,543,2,29912,15_46_08_30_04_2025,7.74,5.19,-2.82,0.00,-0.00,-0.00
2097151,-156.60,-654,2.32,544,2,30005,15_46_09_30_04_2025,7.74,5.19,-2.81,0.00,-0.00,0.00
2097151,-156.60,-344,2.30,544,2,30100,15_46_09_30_04_2025,7.74,5.19,-2.81,0.00,-0.00,-0.00
2097151,-156.60,-498,2.31,544,2,30144,15_46_09_30_04_2025,7.74,5.19,-2.81,0.00,-0.00,-0.00
2097151,-156.60,-305,2.30,543,2,30212,15_46_09_30_04_2025,7.74,5.19,-2.81,0.00,-0.00,-0.00
2097151,-156.60,-707,2.33,544,2,30306,15_46_09_30_04_2025,7.74,5.19,-2.81,0.00,-0.00,-0.00
2097151,-156.60,-605,2.32,543,2,30400,15_46_09_30_04_2025,7.75,5.20,-2.80,0.00,-0.00,-0.00
2097151,-156.60,-662,2.32,543,2,30494,15_46_09_30_04_2025,7.75,5.19,-2.80,0.00,-0.00,-0.00
2097151,-156.60,-358,2.30,543,2,30539,15_46_09_30_04_2025,7.75,5.20,-2.81,0.00,-0.00,0.00
2097151,-156.60,-512,2.31,544,2,30607,15_46_09_30_04_2025,7.74,5.19,-2.81,0.01,-0.00,-0.00
2097151,-156.60,-373,2.30,543,2,30701,15_46_09_30_04_2025,7.75,5.19,-2.81,0.00,-0.00,0.00
2097151,-156.60,-530,2.31,544,2,30795,15_46_09_30_04_2025,7.74,5.20,-2.81,0.00,-0.00,0.00
2097151,-156.60,-404,2.30,544,2,30889,15_46_09_30_04_2025,7.74,5.19,-2.81,0.00,-0.00,-0.00
2097151,-156.60,-552,2.31,544,2,30933,15_46_09_30_04_2025,7.74,5.20,-2.82,0.00,-0.00,0.00
2097151,-156.60,-690,2.33,543,2,31001,15_46_10_30_04_2025,7.74,5.19,-2.80,0.00,-0.00,-0.00
2097151,-156.60,-637,2.32,543,2,31096,15_46_10_30_04_2025,7.74,5.20,-2.80,0.00,-0.00,-0.00
2097151,-156.60,-437,2.31,544,2,31189,15_46_10_30_04_2025,7.74,5.19,-2.80,0.00,-0.00,0.00
2097151,-156.60,-388,2.30,544,2,31285,15_46_10_30_04_2025,7.75,5.20,-2.80,0.00,-0.00,0.00
2097151,-156.60,-708,2.33,543,2,31329,15_46_10_30_04_2025,7.74,5.20,-2.81,0.00,-0.00,-0.00
2097151,-156.60,-452,2.31,543,2,31396,15_46_10_30_04_2025,7.74,5.20,-2.81,0.00,-0.00,-0.00
2097151,-156.60,-456,2.31,544,2,31491,15_46_10_30_04_2025,7.74,5.19,-2.80,0.00,-0.00,0.00
2097151,-156.60,-537,2.31,543,2,31585,15_46_10_30_04_2025,7.75,5.20,-2.81,0.00,-0.00,-0.00
2097151,-156.60,-427,2.31,544,2,31678,15_46_10_30_04_2025,7.75,5.20,-2.80,0.00,-0.00,0.00
2097151,-156.60,-703,2.33,544,2,31722,15_46_10_30_04_2025,7.74,5.19,-2.81,0.00,-0.00,0.00
2097151,-156.60,-500,2.31,543,2,31791,15_46_10_30_04_2025,7.75,5.20,-2.81,0.01,-0.00,-0.00
2097151,-156.60,-564,2.32,544,2,31886,15_46_10_30_04_2025,7.75,5.20,-2.80,0.00,-0.00,0.00
2097151,-156.60,-525,2.31,544,2,31980,15_46_10_30_04_2025,7.74,5.19,-2.81,0.00,-0.01,0.00
2097151,-156.60,-476,2.31,543,2,32074,15_46_11_30_04_2025,7.75,5.19,-2.80,-0.00,-0.00,-0.00
2097151,-156.60,-465,2.31,543,2,32120,15_46_11_30_04_2025,7.75,5.20,-2.80,0.00,-0.00,-0.00
2097151,-156.60,-398,2.30,543,2,32186,15_46_11_30_04_2025,7.75,5.19,-2.79,0.00,-0.00,0.00
2097151,-156.60,-482,2.31,544,2,32281,15_46_11_30_04_2025,7.74,5.19,-2.80,0.01,-0.00,0.00
2097151,-156.60,-472,2.31,543,2,32375,15_46_11_30_04_2025,7.74,5.19,-2.81,0.01,-0.00,-0.00
2097151,-156.60,-425,2.30,543,2,32468,15_46_11_30_04_2025,7.74,5.19,-2.81,0.01,-0.00,-0.00
2097151,-156.60,-371,2.30,543,2,32515,15_46_11_30_04_2025,7.75,5.19,-2.80,0.00,-0.00,0.00
2097151,-156.60,-501,2.31,543,2,32581,15_46_11_30_04_2025,7.75,5.18,-2.81,0.00,-0.00,-0.00
2097151,-156.60,-603,2.32,544,2,32676,15_46_11_30_04_2025,7.74,5.19,-2.82,0.00,-0.00,-0.00
2097151,-156.60,-512,2.31,543,2,32769,15_46_11_30_04_2025,7.74,5.19,-2.80,0.00,-0.00,-0.00
2097151,-156.60,-532,2.31,543,2,32863,15_46_11_30_04_2025,7.74,5.19,-2.81,0.01,-0.00,-0.00
2097151,-156.60,-491,2.31,543,2,32908,15_46_11_30_04_2025,7.74,5.20,-2.80,0.01,-0.00,-0.00
2097151,-156.60,-461,2.31,543,2,32976,15_46_12_30_04_2025,7.75,5.20,-2.79,0.00,-0.00,-0.00
2097151,-156.60,-515,2.31,544,2,33071,15_46_12_30_04_2025,7.74,5.20,-2.81,0.00,-0.00,0.00
2097151,-156.60,-506,2.31,543,2,33164,15_46_12_30_04_2025,7.75,5.19,-2.81,0.00,-0.00,-0.00
2097151,-156.60,-643,2.32,543,2,33258,15_46_12_30_04_2025,7.75,5.20,-2.80,0.01,-0.00,-0.00
2097151,-156.60,-359,2.30,543,2,33302,15_46_12_30_04_2025,7.74,5.20,-2.81,0.00,-0.00,0.00
2097151,-156.60,-648,2.32,543,2,33370,15_46_12_30_04_2025,7.75,5.20,-2.81,0.00,-0.01,0.00
2097151,-156.60,-496,2.31,543,2,33512,15_46_12_30_04_2025,7.73,5.20,-2.79,0.01,-0.00,-0.00
2097151,-156.60,-372,2.30,544,2,33558,15_46_12_30_04_2025,7.75,5.21,-2.79,0.01,-0.00,-0.00
2097151,-156.60,-437,2.31,544,2,33652,15_46_12_30_04_2025,7.74,5.19,-2.80,0.00,-0.00,0.00
2097151,-156.60,-224,2.29,543,2,33697,15_46_12_30_04_2025,7.71,5.20,-2.82,0.01,-0.00,0.00
2097151,-156.60,-88,2.28,544,2,33765,15_46_12_30_04_2025,7.70,5.23,-2.83,0.03,0.00,-0.00
2097151,-156.60,427,2.24,541,2,33860,15_46_12_30_04_2025,7.71,5.11,-2.80,0.11,0.03,0.01
2097151,-156.60,580,2.23,543,2,33954,15_46_12_30_04_2025,7.74,5.19,-2.77,-0.04,-0.00,0.05
2097151,-156.60,-1679,2.40,544,2,34048,15_46_13_30_04_2025,7.65,5.33,-2.65,-0.01,-0.01,0.08
2097151,-156.60,-4856,2.64,545,2,34091,15_46_13_30_04_2025,7.71,5.13,-2.81,0.70,0.15,0.21
2097151,-156.60,-3750,2.56,543,2,34160,15_46_13_30_04_2025,8.13,5.59,-3.28,-0.14,-0.10,-0.72
2097151,-156.60,-13001,3.26,543,2,34256,15_46_13_30_04_2025,7.95,5.65,-3.09,1.79,0.12,0.51
2097151,-156.60,-43096,5.54,544,2,34349,15_46_13_30_04_2025,7.64,4.57,-3.45,0.44,-0.12,0.48
2097151,-156.60,-131532,12.24,543,2,34444,15_46_13_30_04_2025,7.76,5.43,-3.32,0.88,0.10,-0.48
2097151,-156.60,-184645,16.26,543,2,34488,15_46_13_30_04_2025,7.48,4.93,-3.33,-0.67,-0.22,-0.01
2097151,-156.60,-127983,11.97,544,2,34557,15_46_13_30_04_2025,7.61,4.89,-3.58,-0.95,-0.11,-0.17
2097151,-156.60,-46144,5.77,544,2,34654,15_46_13_30_04_2025,7.71,5.23,-3.02,1.55,0.40,-0.19
2097151,-156.60,-120571,11.41,543,2,34747,15_46_13_30_04_2025,7.56,3.31,-3.47,1.11,0.25,0.18
2097151,-156.60,-78275,8.20,544,2,34842,15_46_13_30_04_2025,8.16,5.36,-3.05,-1.13,0.10,-0.32
2097151,-156.60,-16302,3.51,543,2,34936,15_46_13_30_04_2025,7.54,5.47,-3.76,-2.62,-0.51,0.43
2097151,-156.60,-2186,2.44,544,2,34980,15_46_14_30_04_2025,7.55,5.89,-3.18,-0.43,-0.20,-0.26
2097151,-156.60,-1728,2.40,544,2,35049,15_46_14_30_04_2025,7.36,6.47,-3.03,1.36,0.07,-0.45
2097151,-156.60,769,2.21,543,2,35143,15_46_14_30_04_2025,7.84,5.41,-2.01,3.06,0.55,-0.01
2097151,-156.60,-447,2.31,543,2,35237,15_46_14_30_04_2025,7.48,3.64,-3.30,-1.03,-0.28,0.17
2097151,-156.60,-295,2.30,544,2,35331,15_46_14_30_04_2025,8.42,3.89,-2.64,-1.57,-0.26,0.03
2097151,-156.60,-527,2.31,543,2,35376,15_46_14_30_04_2025,7.62,6.31,-2.74,-0.95,-0.13,0.33
2097151,-156.60,-143,2.28,544,2,35443,15_46_14_30_04_2025,7.50,6.65,-2.70,-0.14,0.04,-0.03
2097151,-156.60,159,2.26,543,2,35537,15_46_14_30_04_2025,7.78,5.70,-2.85,0.27,0.11,0.06
2097151,-156.60,755,2.22,544,2,35631,15_46_14_30_04_2025,8.12,4.15,-2.92,0.95,0.29,-0.33
2097151,-156.60,549,2.23,543,2,35726,15_46_14_30_04_2025,8.05,4.14,-2.90,0.15,0.12,-0.09
2097151,-156.60,264,2.25,543,2,35770,15_46_14_30_04_2025,7.99,4.54,-3.02,-0.90,-0.10,0.13
2097151,-156.60,553,2.23,543,2,35838,15_46_14_30_04_2025,7.91,4.91,-3.08,-0.68,-0.13,0.12
2097151,-156.60,233,2.26,543,2,35932,15_46_14_30_04_2025,7.79,5.24,-3.20,-0.63,-0.22,0.26
2097151,-156.60,639,2.22,543,2,36028,15_46_15_30_04_2025,7.93,5.01,-2.98,0.81,0.00,-0.05
2097151,-156.60,1003,2.20,543,2,36120,15_46_15_30_04_2025,7.97,4.96,-2.67,0.56,-0.02,-0.08
2097151,-156.60,907,2.20,543,2,36163,15_46_15_30_04_2025,8.02,4.59,-2.65,0.07,-0.00,-0.02
2097151,-156.60,735,2.22,541,2,36233,15_46_15_30_04_2025,8.09,4.39,-2.70,-0.24,0.00,0.05
2097151,-156.60,848,2.21,543,2,36328,15_46_15_30_04_2025,8.11,4.22,-2.92,-0.21,0.12,0.04
2097151,-156.60,834,2.21,544,2,36422,15_46_15_30_04_2025,8.06,4.47,-2.98,0.11,0.23,0.16
2097151,-156.60,903,2.20,544,2,36515,15_46_15_30_04_2025,7.91,5.29,-3.22,-0.34,0.06,-0.06
2097151,-156.60,1337,2.17,543,2,36561,15_46_15_30_04_2025,7.95,5.01,-3.09,0.15,-0.01,0.09
2097151,-156.60,1745,2.14,544,2,36628,15_46_15_30_04_2025,8.05,4.57,-3.12,0.31,-0.00,-0.02
2097151,-156.60,1656,2.15,542,2,36723,15_46_15_30_04_2025,8.14,4.33,-3.04,0.61,-0.00,0.06
2097151,-156.60,632,2.22,544,2,36816,15_46_15_30_04_2025,8.22,4.20,-2.75,0.30,-0.02,-0.14
2097151,-156.60,278,2.25,543,2,36910,15_46_15_30_04_2025,8.10,4.56,-2.82,-0.33,-0.11,0.14
2097151,-156.60,407,2.24,543,2,36957,15_46_16_30_04_2025,8.04,4.75,-3.02,-0.36,-0.05,0.03
2097151,-156.60,246,2.25,544,2,37023,15_46_16_30_04_2025,8.04,4.74,-3.02,0.03,0.05,-0.05
2097151,-156.60,470,2.24,543,2,37117,15_46_16_30_04_2025,8.05,4.73,-2.98,0.22,0.09,-0.07
2097151,-156.60,303,2.25,543,2,37212,15_46_16_30_04_2025,8.13,4.54,-2.92,0.19,0.08,-0.06
2097151,-156.60,178,2.26,543,2,37305,15_46_16_30_04_2025,8.18,4.13,-3.01,-0.18,0.01,0.00
2097151,-156.60,306,2.25,543,2,37350,15_46_16_30_04_2025,8.08,4.49,-3.13,-0.22,-0.04,0.05
2097151,-156.60,346,2.25,544,2,37417,15_46_16_30_04_2025,8.04,4.73,-3.09,-0.11,-0.05,0.01
2097151,-156.60,337,2.25,543,2,37512,15_46_16_30_04_2025,8.04,4.81,-3.04,0.04,-0.06,0.01
2097151,-156.60,353,2.25,543,2,37606,15_46_16_30_04_2025,8.08,4.59,-2.98,0.31,-0.03,0.02
2097151,-156.60,503,2.23,543,2,37699,15_46_16_30_04_2025,8.14,4.41,-2.85,0.29,0.02,-0.06
2097151,-156.60,186,2.26,543,2,37744,15_46_16_30_04_2025,8.13,4.45,-2.82,-0.19,-0.00,0.02
2097151,-156.60,179,2.26,544,2,37812,15_46_16_30_04_2025,8.11,4.54,-2.92,-0.35,-0.01,0.05
2097151,-156.60,390,2.24,543,2,37907,15_46_16_30_04_2025,8.07,4.61,-3.05,-0.32,0.01,0.03
2097151,-156.60,269,2.25,543,2,38000,15_46_17_30_04_2025,8.06,4.65,-3.09,0.02,0.05,-0.04
2097151,-156.60,368,2.24,544,2,38095,15_46_17_30_04_2025,8.09,4.57,-3.05,0.19,0.02,-0.03
2097151,-156.60,181,2.26,543,2,38140,15_46_17_30_04_2025,8.15,4.34,-2.99,0.10,-0.03,0.01
2097151,-156.60,466,2.24,543,2,38207,15_46_17_30_04_2025,8.14,4.35,-2.98,0.02,-0.05,0.03
2097151,-156.60,235,2.25,543,2,38302,15_46_17_30_04_2025,8.10,4.54,-2.97,-0.04,-0.06,0.02
2097151,-156.60,305,2.25,544,2,38397,15_46_17_30_04_2025,8.06,4.71,-2.96,-0.01,-0.04,0.01
2097151,-156.60,493,2.24,543,2,38490,15_46_17_30_04_2025,8.08,4.60,-2.95,0.09,0.01,-0.01
2097151,-156.60,333,2.25,543,2,38533,15_46_17_30_04_2025,8.13,4.47,-2.91,0.08,0.05,-0.04
2097151,-156.60,267,2.25,543,2,38602,15_46_17_30_04_2025,8.13,4.44,-2.92,-0.01,0.04,-0.03
2097151,-156.60,519,2.23,542,2,38697,15_46_17_30_04_2025,8.12,4.47,-2.98,-0.17,0.02,0.01
2097151,-156.60,490,2.24,544,2,38791,15_46_17_30_04_2025,8.09,4.55,-3.09,-0.17,-0.01,0.02
2097151,-156.60,532,2.23,544,2,38884,15_46_17_30_04_2025,8.06,4.61,-3.09,0.07,-0.01,-0.01
2097151,-156.60,398,2.24,544,2,38927,15_46_17_30_04_2025,8.08,4.58,-3.00,0.20,-0.02,-0.01
2097151,-156.60,126,2.26,544,2,38997,15_46_18_30_04_2025,8.11,4.50,-2.95,0.18,-0.03,-0.00
2097151,-156.60,302,2.25,543,2,39092,15_46_18_30_04_2025,8.13,4.44,-2.91,0.07,-0.03,0.01
2097151,-156.60,249,2.25,544,2,40149,15_46_18_30_04_2025,8.10,4.53,-2.93,-0.07,-0.02,0.01
