2097151,-156.60,-69,2.28,545,2,15300,15_45_45_30_04_2025,-0.09,9.54,1.45,0.11,-1.37,0.67
2097151,-156.60,280,2.25,544,2,15377,15_45_45_30_04_2025,-0.10,9.55,1.42,0.00,-0.00,-0.00
2097151,-156.60,21,2.27,543,2,15419,15_45_45_30_04_2025,-0.10,9.54,1.42,0.00,-0.00,-0.00
2097151,-156.60,103,2.26,543,2,15461,15_45_45_30_04_2025,-0.09,9.55,1.43,0.00,-0.00,-0.00
2097151,-156.60,154,2.26,544,2,15503,15_45_45_30_04_2025,-0.09,9.55,1.43,0.00,-0.00,-0.00
2097151,-156.60,110,2.26,544,2,15546,15_45_45_30_04_2025,-0.09,9.54,1.42,0.00,-0.00,-0.00
2097151,-156.60,264,2.25,543,2,15591,15_45_45_30_04_2025,-0.10,9.55,1.43,0.00,-0.00,-0.00
2097151,-156.60,268,2.25,544,2,15633,15_45_45_30_04_2025,-0.10,9.55,1.43,0.00,-0.00,-0.00
2097151,-156.60,277,2.25,544,2,15675,15_45_45_30_04_2025,-0.09,9.55,1.43,0.00,-0.00,-0.00
2097151,-156.60,190,2.26,542,2,15717,15_45_45_30_04_2025,-0.11,9.55,1.43,0.00,-0.00,-0.00
2097151,-156.60,365,2.25,543,2,15758,15_45_45_30_04_2025,-0.10,9.55,1.43,0.00,-0.00,-0.00
2097151,-156.60,266,2.25,544,2,15800,15_45_45_30_04_2025,-0.10,9.55,1.43,0.01,-0.00,0.00
2097151,-156.60,189,2.26,544,2,15845,15_45_45_30_04_2025,-0.10,9.55,1.43,0.00,-0.00,-0.00
2097151,-156.60,400,2.24,544,2,15887,15_45_45_30_04_2025,-0.10,9.55,1.43,0.00,-0.00,-0.00
2097151,-156.60,235,2.25,544,2,15929,15_45_45_30_04_2025,-0.09,9.55,1.43,0.00,-0.00,-0.00
2097151,-156.60,138,2.26,544,2,15970,15_45_45_30_04_2025,-0.10,9.55,1.43,0.00,-0.00,-0.00
2097151,-156.60,243,2.25,544,2,16013,15_45_46_30_04_2025,-0.09,9.55,1.44,0.01,-0.00,-0.00
2097151,-156.60,380,2.24,545,2,16057,15_45_46_30_04_2025,-0.10,9.55,1.43,0.00,-0.00,-0.00
2097151,-156.60,84,2.27,545,2,16099,15_45_46_30_04_2025,-0.10,9.55,1.43,0.00,-0.00,-0.00
2097151,-156.60,307,2.25,544,2,16141,15_45_46_30_04_2025,-0.08,9.55,1.43,0.01,-0.00,-0.00
2097151,-156.60,251,2.25,544,2,16182,15_45_46_30_04_2025,-0.10,9.55,1.45,0.00,-0.00,0.00
2097151,-156.60,115,2.26,542,2,16225,15_45_46_30_04_2025,-0.10,9.54,1.44,0.00,-0.00,-0.00
2097151,-156.60,162,2.26,544,2,16266,15_45_46_30_04_2025,-0.10,9.55,1.43,0.01,-0.00,0.00
2097151,-156.60,201,2.26,544,2,16311,15_45_46_30_04_2025,-0.11,9.55,1.45,0.00,-0.00,-0.00
2097151,-156.60,181,2.26,544,2,16353,15_45_46_30_04_2025,-0.09,9.55,1.44,0.00,-0.00,0.00
2097151,-156.60,299,2.25,543,2,16394,15_45_46_30_04_2025,-0.10,9.55,1.44,0.00,-0.00,-0.00
2097151,-156.60,302,2.25,543,2,16436,15_45_46_30_04_2025,-0.09,9.55,1.44,0.00,-0.00,-0.00
2097151,-156.60,71,2.27,543,2,16478,15_45_46_30_04_2025,-0.10,9.55,1.44,0.01,-0.00,-0.00
2097151,-156.60,207,2.26,544,2,16520,15_45_46_30_04_2025,-0.09,9.55,1.44,0.00,-0.00,0.00
2097151,-156.60,-25,2.27,544,2,16565,15_45_46_30_04_2025,-0.09,9.55,1.44,0.01,-0.01,-0.00
2097151,-156.60,115,2.26,544,2,16607,15_45_46_30_04_2025,-0.10,9.56,1.44,0.00,-0.00,0.00
2097151,-156.60,272,2.25,544,2,16649,15_45_46_30_04_2025,-0.11,9.55,1.44,0.00,-0.00,-0.00
2097151,-156.60,180,2.26,544,2,16690,15_45_46_30_04_2025,-0.09,9.55,1.43,0.01,-0.00,-0.00
2097151,-156.60,103,2.26,544,2,16732,15_45_46_30_04_2025,-0.09,9.55,1.43,0.01,-0.00,-0.00
2097151,-156.60,116,2.26,544,2,16778,15_45_46_30_04_2025,-0.09,9.56,1.44,0.01,-0.00,-0.00
2097151,-156.60,244,2.25,544,2,16820,15_45_46_30_04_2025,-0.09,9.55,1.44,0.00,-0.00,0.00
2097151,-156.60,276,2.25,544,2,16862,15_45_46_30_04_2025,-0.10,9.55,1.44,0.00,-0.00,-0.00
2097151,-156.60,71,2.27,543,2,16904,15_45_46_30_04_2025,-0.09,9.56,1.43,0.00,-0.00,-0.00
2097151,-156.60,482,2.24,544,2,16946,15_45_46_30_04_2025,-0.10,9.54,1.45,0.00,-0.00,0.00
2097151,-156.60,258,2.25,544,2,16987,15_45_47_30_04_2025,-0.10,9.55,1.44,0.00,-0.00,-0.00
2097151,-156.60,312,2.25,543,2,17032,15_45_47_30_04_2025,-0.10,9.55,1.44,0.00,-0.00,0.00
2097151,-156.60,144,2.26,544,2,17074,15_45_47_30_04_2025,-0.10,9.55,1.44,0.00,-0.00,-0.00
2097151,-156.60,377,2.24,543,2,17116,15_45_47_30_04_2025,-0.09,9.55,1.45,0.00,-0.00,-0.00
2097151,-156.60,341,2.25,544,2,17158,15_45_47_30_04_2025,-0.10,9.55,1.44,0.00,-0.00,-0.00
2097151,-156.60,237,2.25,544,2,17199,15_45_47_30_04_2025,-0.09,9.55,1.44,0.00,-0.00,0.00
2097151,-156.60,232,2.26,544,2,17241,15_45_47_30_04_2025,-0.11,9.55,1.43,0.00,-0.00,0.00
2097151,-156.60,312,2.25,544,2,17286,15_45_47_30_04_2025,-0.10,9.55,1.45,0.01,-0.00,0.00
2097151,-156.60,266,2.25,543,2,17327,15_45_47_30_04_2025,-0.10,9.55,1.45,0.00,-0.00,-0.00
2097151,-156.60,84,2.27,543,2,17369,15_45_47_30_04_2025,-0.09,9.55,1.45,0.00,-0.00,-0.00
2097151,-156.60,465,2.24,543,2,17411,15_45_47_30_04_2025,-0.10,9.56,1.43,0.00,-0.00,0.00
2097151,-156.60,277,2.25,544,2,17453,15_45_47_30_04_2025,-0.10,9.56,1.44,0.01,-0.00,0.00
2097151,-156.60,132,2.26,544,2,17497,15_45_47_30_04_2025,-0.10,9.55,1.44,0.00,-0.00,-0.00
2097151,-156.60,130,2.26,543,2,17538,15_45_47_30_04_2025,-0.09,9.55,1.44,0.00,-0.00,0.00
2097151,-156.60,203,2.26,544,2,17581,15_45_47_30_04_2025,-0.09,9.56,1.44,0.00,-0.00,-0.00
2097151,-156.60,235,2.25,544,2,17622,15_45_47_30_04_2025,-0.10,9.55,1.44,0.00,-0.00,-0.00
2097151,-156.60,206,2.26,543,2,17664,15_45_47_30_04_2025,-0.10,9.56,1.44,0.01,-0.00,0.00
2097151,-156.60,114,2.26,543,2,17706,15_45_47_30_04_2025,-0.10,9.56,1.44,0.00,-0.00,0.00
2097151,-156.60,232,2.26,543,2,17751,15_45_47_30_04_2025,-0.08,9.55,1.44,0.00,-0.00,-0.00
2097151,-156.60,335,2.25,543,2,17794,15_45_47_30_04_2025,-0.10,9.55,1.44,0.00,-0.00,-0.00
2097151,-156.60,175,2.26,543,2,17835,15_45_47_30_04_2025,-0.09,9.56,1.43,0.01,-0.00,0.00
2097151,-156.60,304,2.25,544,2,17877,15_45_47_30_04_2025,-0.10,9.55,1.44,0.00,-0.00,0.00
2097151,-156.60,277,2.25,544,2,17918,15_45_47_30_04_2025,-0.09,9.55,1.43,0.01,-0.00,0.00
2097151,-156.60,404,2.24,542,2,17961,15_45_47_30_04_2025,-0.11,9.55,1.44,0.01,-0.00,0.00
2097151,-156.60,344,2.25,543,2,18006,15_45_48_30_04_2025,-0.09,9.55,1.44,0.00,-0.00,0.00
2097151,-156.60,258,2.25,544,2,18048,15_45_48_30_04_2025,-0.10,9.55,1.44,0.00,-0.00,-0.00
2097151,-156.60,296,2.25,544,2,18090,15_45_48_30_04_2025,-0.11,9.55,1.44,0.01,-0.00,0.00
2097151,-156.60,169,2.26,543,2,18131,15_45_48_30_04_2025,-0.09,9.54,1.45,0.00,-0.00,-0.00
2097151,-156.60,338,2.25,544,2,18174,15_45_48_30_04_2025,-0.09,9.54,1.45,0.00,-0.00,-0.00
2097151,-156.60,204,2.26,544,2,18218,15_45_48_30_04_2025,-0.09,9.55,1.44,0.00,-0.00,-0.00
2097151,-156.60,292,2.25,543,2,18260,15_45_48_30_04_2025,-0.09,9.56,1.44,0.00,-0.00,0.00
2097151,-156.60,248,2.25,544,2,18302,15_45_48_30_04_2025,-0.09,9.55,1.44,0.00,-0.00,-0.00
2097151,-156.60,61,2.27,542,2,18344,15_45_48_30_04_2025,-0.08,9.54,1.43,0.00,-0.00,0.00
2097151,-156.60,258,2.25,544,2,18386,15_45_48_30_04_2025,-0.10,9.55,1.45,0.01,-0.00,0.00
2097151,-156.60,112,2.26,545,2,18427,15_45_48_30_04_2025,-0.10,9.55,1.44,0.00,-0.00,-0.00
2097151,-156.60,177,2.26,544,2,18472,15_45_48_30_04_2025,-0.09,9.55,1.44,0.00,-0.00,0.00
2097151,-156.60,324,2.25,544,2,18514,15_45_48_30_04_2025,-0.09,9.56,1.44,0.00,-0.01,-0.00
2097151,-156.60,127,2.26,543,2,18555,15_45_48_30_04_2025,-0.10,9.55,1.44,0.01,-0.00,0.00
2097151,-156.60,395,2.24,543,2,18598,15_45_48_30_04_2025,-0.10,9.55,1.45,0.00,-0.00,-0.00
2097151,-156.60,292,2.25,544,2,18640,15_45_48_30_04_2025,-0.10,9.55,1.44,0.00,-0.00,-0.00
2097151,-156.60,189,2.26,544,2,18682,15_45_48_30_04_2025,-0.10,9.55,1.44,0.00,-0.00,-0.00
2097151,-156.60,386,2.24,544,2,18726,15_45_48_30_04_2025,-0.09,9.55,1.43,0.00,-0.00,-0.00
2097151,-156.60,262,2.25,543,2,18768,15_45_48_30_04_2025,-0.10,9.55,1.44,0.01,-0.00,0.00
2097151,-156.60,271,2.25,544,2,18810,15_45_48_30_04_2025,-0.10,9.55,1.44,0.00,-0.00,-0.00
2097151,-156.60,353,2.25,544,2,18851,15_45_48_30_04_2025,-0.09,9.54,1.44,0.00,-0.00,-0.00
2097151,-156.60,283,2.25,544,2,18894,15_45_48_30_04_2025,-0.09,9.55,1.45,0.00,-0.00,-0.00
2097151,-156.60,300,2.25,544,2,18938,15_45_48_30_04_2025,-0.10,9.56,1.44,0.00,-0.00,-0.00
2097151,-156.60,68,2.27,544,2,18980,15_45_48_30_04_2025,-0.09,9.55,1.44,0.00,-0.00,-0.00
2097151,-156.60,220,2.26,543,2,19022,15_45_49_30_04_2025,-0.10,9.56,1.44,0.00,-0.00,-0.00
2097151,-156.60,323,2.25,544,2,19063,15_45_49_30_04_2025,-0.10,9.56,1.45,0.00,-0.00,0.00
2097151,-156.60,180,2.26,544,2,19105,15_45_49_30_04_2025,-0.10,9.54,1.44,0.00,-0.00,-0.00
2097151,-156.60,353,2.25,544,2,19146,15_45_49_30_04_2025,-0.09,9.55,1.45,0.00,-0.00,-0.00
2097151,-156.60,217,2.26,544,2,19193,15_45_49_30_04_2025,-0.10,9.55,1.44,0.00,-0.00,-0.00
2097151,-156.60,315,2.25,544,2,19235,15_45_49_30_04_2025,-0.10,9.55,1.45,0.00,-0.00,-0.00
2097151,-156.60,249,2.25,543,2,19276,15_45_49_30_04_2025,-0.10,9.55,1.44,0.01,-0.00,-0.00
2097151,-156.60,406,2.24,541,2,19318,15_45_49_30_04_2025,-0.10,9.56,1.43,0.00,-0.00,-0.00
2097151,-156.60,323,2.25,544,2,19359,15_45_49_30_04_2025,-0.10,9.55,1.45,0.00,-0.00,-0.00
2097151,-156.60,400,2.24,543,2,19401,15_45_49_30_04_2025,-0.10,9.56,1.45,0.00,-0.00,-0.00
2097151,-156.60,369,2.24,544,2,19446,15_45_49_30_04_2025,-0.10,9.56,1.45,0.00,-0.00,-0.00
2097151,-156.60,222,2.26,543,2,19488,15_45_49_30_04_2025,-0.09,9.54,1.45,0.00,-0.00,0.00
2097151,-156.60,165,2.26,543,2,19530,15_45_49_30_04_2025,-0.10,9.54,1.45,0.01,-0.00,-0.00
2097151,-156.60,351,2.25,544,2,19572,15_45_49_30_04_2025,-0.09,9.55,1.44,0.00,-0.00,-0.00
2097151,-156.60,537,2.23,544,2,19614,15_45_49_30_04_2025,-0.10,9.56,1.45,0.00,-0.00,-0.00
2097151,-156.60,294,2.25,543,2,19658,15_45_49_30_04_2025,-0.10,9.55,1.44,0.00,-0.00,-0.00
2097151,-156.60,291,2.25,543,2,19700,15_45_49_30_04_2025,-0.10,9.56,1.45,0.01,-0.00,-0.00
2097151,-156.60,257,2.25,544,2,19743,15_45_49_30_04_2025,-0.09,9.55,1.44,0.01,-0.00,0.00
2097151,-156.60,231,2.26,544,2,19785,15_45_49_30_04_2025,-0.09,9.55,1.44,0.00,-0.00,0.00
2097151,-156.60,250,2.25,544,2,19827,15_45_49_30_04_2025,-0.10,9.55,1.46,0.00,-0.00,-0.00
2097151,-156.60,358,2.25,544,2,19868,15_45_49_30_04_2025,-0.09,9.55,1.45,0.00,-0.00,0.00
2097151,-156.60,241,2.25,543,2,19913,15_45_49_30_04_2025,-0.10,9.56,1.44,0.00,-0.00,0.00
2097151,-156.60,298,2.25,543,2,19955,15_45_49_30_04_2025,-0.10,9.56,1.44,0.01,-0.00,0.00
2097151,-156.60,299,2.25,543,2,19996,15_45_50_30_04_2025,-0.10,9.56,1.44,0.00,-0.00,0.00
2097151,-156.60,191,2.26,543,2,20039,15_45_50_30_04_2025,-0.10,9.56,1.45,0.00,-0.00,-0.00
2097151,-156.60,272,2.25,544,2,20081,15_45_50_30_04_2025,-0.09,9.55,1.44,0.00,-0.00,-0.00
2097151,-156.60,272,2.25,543,2,20123,15_45_50_30_04_2025,-0.10,9.55,1.45,0.00,-0.00,-0.00
2097151,-156.60,192,2.26,544,2,20167,15_45_50_30_04_2025,-0.09,9.55,1.45,0.00,-0.00,0.00
2097151,-156.60,275,2.25,544,2,20208,15_45_50_30_04_2025,-0.11,9.56,1.45,0.00,-0.00,-0.00
2097151,-156.60,208,2.26,544,2,20250,15_45_50_30_04_2025,-0.09,9.54,1.44,0.00,-0.00,-0.00
2097151,-156.60,188,2.26,544,2,20292,15_45_50_30_04_2025,-0.10,9.55,1.45,0.00,-0.00,-0.00
2097151,-156.60,243,2.25,544,2,20334,15_45_50_30_04_2025,-0.10,9.55,1.45,0.00,-0.00,-0.00
2097151,-156.60,485,2.24,544,2,20380,15_45_50_30_04_2025,-0.10,9.55,1.45,0.00,-0.00,-0.00
2097151,-156.60,175,2.26,544,2,20422,15_45_50_30_04_2025,-0.09,9.55,1.45,0.00,-0.00,-0.00
2097151,-156.60,232,2.26,541,2,20464,15_45_50_30_04_2025,-0.10,9.54,1.44,0.01,-0.00,-0.00
2097151,-156.60,332,2.25,544,2,20505,15_45_50_30_04_2025,-0.11,9.55,1.44,0.01,-0.00,-0.00
2097151,-156.60,273,2.25,543,2,20547,15_45_50_30_04_2025,-0.09,9.55,1.43,0.00,-0.00,-0.00
2097151,-156.60,273,2.25,542,2,20589,15_45_50_30_04_2025,-0.10,9.56,1.45,0.00,-0.00,-0.00
2097151,-156.60,231,2.26,544,2,20634,15_45_50_30_04_2025,-0.11,9.55,1.45,0.00,-0.00,0.00
2097151,-156.60,263,2.25,544,2,20676,15_45_50_30_04_2025,-0.10,9.55,1.44,0.00,-0.00,-0.00
2097151,-156.60,202,2.26,544,2,20770,15_45_50_30_04_2025,-0.11,9.56,1.45,0.00,-0.00,-0.00
2097151,-156.60,322,2.25,543,2,20863,15_45_50_30_04_2025,-0.10,9.55,1.44,0.01,-0.00,-0.00
2097151,-156.60,197,2.26,544,2,20905,15_45_50_30_04_2025,-0.10,9.55,1.43,0.00,-0.00,-0.00
2097151,-156.60,370,2.24,544,2,20975,15_45_50_30_04_2025,-0.10,9.54,1.45,0.00,-0.00,-0.00
2097151,-156.60,312,2.25,543,2,21070,15_45_51_30_04_2025,-0.10,9.54,1.44,0.00,-0.00,0.00
2097151,-156.60,263,2.25,544,2,21164,15_45_51_30_04_2025,-0.09,9.55,1.44,0.01,-0.00,0.00
2097151,-156.60,289,2.25,543,2,21258,15_45_51_30_04_2025,-0.10,9.55,1.44,0.00,-0.00,-0.00
2097151,-156.60,369,2.24,545,2,21301,15_45_51_30_04_2025,-0.10,9.55,1.44,0.00,-0.00,-0.00
2097151,-156.60,230,2.26,541,2,21369,15_45_51_30_04_2025,-0.10,9.56,1.44,0.00,-0.00,0.00
2097151,-156.60,496,2.24,544,2,21465,15_45_51_30_04_2025,-0.11,9.54,1.45,0.01,-0.00,-0.00
2097151,-156.60,97,2.27,544,2,21560,15_45_51_30_04_2025,-0.10,9.55,1.44,0.01,-0.00,0.00
2097151,-156.60,296,2.25,544,2,21654,15_45_51_30_04_2025,-0.09,9.55,1.44,0.00,-0.00,-0.00
2097151,-156.60,210,2.26,543,2,21696,15_45_51_30_04_2025,-0.09,9.55,1.45,0.00,-0.00,-0.00
2097151,-156.60,319,2.25,544,2,21764,15_45_51_30_04_2025,-0.11,9.55,1.45,0.01,-0.00,-0.00
2097151,-156.60,149,2.26,543,2,21861,15_45_51_30_04_2025,-0.10,9.55,1.43,0.00,-0.00,-0.00
2097151,-156.60,255,2.25,543,2,21954,15_45_51_30_04_2025,-0.10,9.55,1.45,0.00,-0.00,0.00
2097151,-156.60,399,2.24,544,2,22048,15_45_52_30_04_2025,-0.10,9.55,1.45,0.00,-0.00,-0.00
2097151,-156.60,231,2.26,544,2,22090,15_45_52_30_04_2025,-0.09,9.55,1.45,0.00,-0.00,0.00
2097151,-156.60,170,2.26,543,2,22159,15_45_52_30_04_2025,-0.10,9.56,1.45,0.00,-0.00,-0.00
2097151,-156.60,146,2.26,544,2,22255,15_45_52_30_04_2025,-0.09,9.55,1.44,0.01,-0.00,-0.00
2097151,-156.60,231,2.26,544,2,22348,15_45_52_30_04_2025,-0.10,9.56,1.44,0.01,-0.00,-0.00
2097151,-156.60,351,2.25,544,2,22443,15_45_52_30_04_2025,-0.11,9.55,1.44,0.00,-0.00,-0.00
2097151,-156.60,443,2.24,543,2,22485,15_45_52_30_04_2025,-0.10,9.55,1.45,0.00,-0.00,-0.00
2097151,-156.60,324,2.25,543,2,22555,15_45_52_30_04_2025,-0.10,9.55,1.45,0.00,-0.00,-0.00
2097151,-156.60,128,2.26,543,2,22651,15_45_52_30_04_2025,-0.10,9.54,1.45,0.00,-0.00,-0.00
2097151,-156.60,380,2.24,544,2,22744,15_45_52_30_04_2025,-0.11,9.55,1.45,0.00,-0.00,-0.00
2097151,-156.60,108,2.26,544,2,22837,15_45_52_30_04_2025,-0.10,9.55,1.44,0.01,-0.00,0.00
2097151,-156.60,317,2.25,543,2,22879,15_45_52_30_04_2025,-0.09,9.55,1.44,0.01,-0.00,-0.00
2097151,-156.60,215,2.26,541,2,22950,15_45_52_30_04_2025,-0.10,9.54,1.44,0.00,-0.00,-0.00
2097151,-156.60,273,2.25,544,2,23045,15_45_53_30_04_2025,-0.10,9.55,1.44,0.00,-0.00,-0.00
2097151,-156.60,317,2.25,543,2,23139,15_45_53_30_04_2025,-0.10,9.55,1.45,0.00,-0.00,-0.00
2097151,-156.60,322,2.25,544,2,23232,15_45_53_30_04_2025,-0.09,9.55,1.44,0.00,-0.00,-0.00
2097151,-156.60,487,2.24,544,2,23283,15_45_53_30_04_2025,-0.10,9.55,1.44,0.00,-0.00,-0.00
2097151,-156.60,399,2.24,544,2,23345,15_45_53_30_04_2025,-0.10,9.55,1.45,0.00,-0.00,0.00
2097151,-156.60,302,2.25,544,2,23440,15_45_53_30_04_2025,-0.09,9.55,1.44,0.01,-0.00,-0.00
2097151,-156.60,413,2.24,544,2,23533,15_45_53_30_04_2025,-0.11,9.55,1.44,0.00,-0.00,-0.00
2097151,-156.60,362,2.25,544,2,23627,15_45_53_30_04_2025,-0.11,9.55,1.45,0.01,-0.00,-0.00
2097151,-156.60,86,2.27,544,2,23673,15_45_53_30_04_2025,-0.10,9.55,1.44,0.00,-0.00,0.00
2097151,-156.60,328,2.25,544,2,23739,15_45_53_30_04_2025,-0.10,9.55,1.44,0.00,-0.00,-0.00
2097151,-156.60,292,2.25,544,2,23834,15_45_53_30_04_2025,-0.10,9.54,1.45,0.01,-0.00,0.00
2097151,-156.60,297,2.25,544,2,23928,15_45_53_30_04_2025,-0.10,9.55,1.45,0.01,-0.00,-0.00
2097151,-156.60,466,2.24,544,2,24023,15_45_53_30_04_2025,-0.11,9.55,1.44,0.00,-0.00,0.00
2097151,-156.60,520,2.23,544,2,24065,15_45_54_30_04_2025,-0.10,9.55,1.45,0.00,-0.00,0.00
2097151,-156.60,351,2.25,544,2,24133,15_45_54_30_04_2025,-0.10,9.55,1.45,0.00,-0.00,0.00
2097151,-156.60,261,2.25,543,2,24229,15_45_54_30_04_2025,-0.10,9.55,1.43,0.00,-0.00,-0.00
2097151,-156.60,-39,2.28,543,2,24323,15_45_54_30_04_2025,-0.10,9.55,1.44,0.00,-0.00,-0.00
2097151,-156.60,130,2.26,544,2,24417,15_45_54_30_04_2025,-0.10,9.55,1.44,0.00,-0.00,-0.00
2097151,-156.60,329,2.25,545,2,24458,15_45_54_30_04_2025,-0.10,9.55,1.45,0.00,-0.00,-0.00
2097151,-156.60,180,2.26,543,2,24529,15_45_54_30_04_2025,-0.10,9.55,1.46,0.00,-0.00,-0.00
2097151,-156.60,219,2.26,543,2,24625,15_45_54_30_04_2025,-0.10,9.55,1.45,0.00,-0.00,0.00
2097151,-156.60,234,2.26,543,2,24718,15_45_54_30_04_2025,-0.10,9.55,1.44,0.00,-0.00,-0.00
2097151,-156.60,178,2.26,543,2,24811,15_45_54_30_04_2025,-0.09,9.55,1.45,0.00,-0.00,-0.00
2097151,-156.60,406,2.24,544,2,24853,15_45_54_30_04_2025,-0.10,9.56,1.44,0.00,-0.00,-0.00
2097151,-156.60,295,2.25,543,2,24924,15_45_54_30_04_2025,-0.11,9.55,1.45,0.00,-0.00,-0.00
2097151,-156.60,-72,2.28,543,2,25019,15_45_54_30_04_2025,-0.10,9.55,1.44,0.00,-0.00,0.00
2097151,-156.60,199,2.26,543,2,25113,15_45_55_30_04_2025,-0.10,9.55,1.45,0.00,-0.00,0.00
2097151,-156.60,327,2.25,544,2,25206,15_45_55_30_04_2025,-0.10,9.56,1.43,0.01,-0.00,0.00
2097151,-156.60,60,2.27,543,2,25247,15_45_55_30_04_2025,-0.10,9.56,1.44,0.00,-0.00,-0.00
2097151,-156.60,402,2.24,543,2,25319,15_45_55_30_04_2025,-0.10,9.55,1.44,0.00,-0.00,0.00
2097151,-156.60,223,2.26,544,2,25414,15_45_55_30_04_2025,-0.08,9.56,1.45,0.00,-0.00,-0.00
2097151,-156.60,292,2.25,544,2,25508,15_45_55_30_04_2025,-0.10,9.56,1.46,0.00,-0.00,0.00
2097151,-156.60,291,2.25,544,2,25602,15_45_55_30_04_2025,-0.09,9.55,1.44,0.00,-0.00,-0.00
2097151,-156.60,116,2.26,543,2,25644,15_45_55_30_04_2025,-0.10,9.55,1.44,0.00,-0.00,0.00
2097151,-156.60,90,2.27,543,2,25714,15_45_55_30_04_2025,-0.09,9.55,1.44,0.01,-0.00,-0.00
2097151,-156.60,337,2.25,543,2,25809,15_45_55_30_04_2025,-0.11,9.56,1.45,0.01,-0.00,-0.00
2097151,-156.60,-12,2.27,544,2,25903,15_45_55_30_04_2025,-0.10,9.55,1.44,0.00,-0.00,0.00
2097151,-156.60,221,2.26,543,2,25997,15_45_55_30_04_2025,-0.09,9.55,1.45,0.00,-0.00,-0.00
2097151,-156.60,302,2.25,544,2,26039,15_45_56_30_04_2025,-0.10,9.54,1.44,0.00,-0.00,0.00
2097151,-156.60,321,2.25,543,2,26108,15_45_56_30_04_2025,-0.09,9.54,1.44,0.00,-0.00,-0.00
2097151,-156.60,227,2.26,544,2,26203,15_45_56_30_04_2025,-0.10,9.54,1.43,0.00,-0.00,-0.00
2097151,-156.60,485,2.24,544,2,26297,15_45_56_30_04_2025,-0.09,9.56,1.45,0.01,-0.00,0.00
2097151,-156.60,312,2.25,544,2,26392,15_45_56_30_04_2025,-0.10,9.55,1.44,0.00,-0.00,-0.00
2097151,-156.60,575,2.23,543,2,26434,15_45_56_30_04_2025,-0.10,9.55,1.45,0.00,-0.00,-0.00
2097151,-156.60,281,2.25,544,2,26502,15_45_56_30_04_2025,-0.10,9.55,1.44,0.00,-0.00,-0.00
2097151,-156.60,349,2.25,543,2,26598,15_45_56_30_04_2025,-0.09,9.55,1.45,0.00,-0.00,0.00
2097151,-156.60,303,2.25,543,2,26693,15_45_56_30_04_2025,-0.10,9.55,1.44,0.00,-0.00,-0.00
2097151,-156.60,176,2.26,544,2,26786,15_45_56_30_04_2025,-0.09,9.55,1.44,0.01,-0.00,0.00
2097151,-156.60,286,2.25,544,2,26830,15_45_56_30_04_2025,-0.10,9.54,1.44,0.00,-0.00,0.00
2097151,-156.60,294,2.25,543,2,26898,15_45_56_30_04_2025,-0.10,9.55,1.45,0.00,-0.00,-0.00
2097151,-156.60,315,2.25,544,2,26994,15_45_56_30_04_2025,-0.10,9.55,1.44,0.00,-0.00,0.00
2097151,-156.60,291,2.25,543,2,27089,15_45_57_30_04_2025,-0.10,9.55,1.45,0.00,-0.00,-0.00
2097151,-156.60,221,2.26,543,2,27181,15_45_57_30_04_2025,-0.10,9.55,1.45,0.00,-0.00,-0.00
2097151,-156.60,391,2.24,544,2,27222,15_45_57_30_04_2025,-0.09,9.55,1.45,0.01,-0.00,0.00
2097151,-156.60,263,2.25,543,2,27293,15_45_57_30_04_2025,-0.09,9.55,1.44,0.00,-0.00,-0.00
2097151,-156.60,282,2.25,544,2,27388,15_45_57_30_04_2025,-0.10,9.55,1.44,0.01,-0.00,0.00
2097151,-156.60,162,2.26,543,2,27481,15_45_57_30_04_2025,-0.11,9.55,1.44,0.01,-0.00,-0.00
2097151,-156.60,212,2.26,543,2,27576,15_45_57_30_04_2025,-0.10,9.55,1.43,0.00,-0.00,-0.00
2097151,-156.60,293,2.25,544,2,27618,15_45_57_30_04_2025,-0.10,9.56,1.44,0.00,-0.00,-0.00
2097151,-156.60,199,2.26,544,2,27687,15_45_57_30_04_2025,-0.10,9.55,1.45,0.00,-0.00,0.00
2097151,-156.60,186,2.26,544,2,27783,15_45_57_30_04_2025,-0.10,9.55,1.44,0.00,-0.00,0.00
2097151,-156.60,410,2.24,543,2,27877,15_45_57_30_04_2025,-0.10,9.55,1.45,0.00,-0.00,-0.00
2097151,-156.60,291,2.25,543,2,27970,15_45_57_30_04_2025,-0.10,9.55,1.44,0.00,-0.00,-0.00
2097151,-156.60,199,2.26,544,2,28013,15_45_58_30_04_2025,-0.10,9.55,1.44,0.00,-0.00,-0.00
2097151,-156.60,397,2.24,544,2,28083,15_45_58_30_04_2025,-0.10,9.55,1.44,0.00,-0.00,-0.00
2097151,-156.60,477,2.24,544,2,28177,15_45_58_30_04_2025,-0.11,9.55,1.44,0.00,-0.00,0.00
2097151,-156.60,246,2.25,544,2,28272,15_45_58_30_04_2025,-0.09,9.55,1.45,0.01,-0.00,-0.00
2097151,-156.60,281,2.25,544,2,28366,15_45_58_30_04_2025,-0.10,9.55,1.45,0.00,-0.00,-0.00
2097151,-156.60,338,2.25,543,2,28408,15_45_58_30_04_2025,-0.10,9.55,1.45,0.01,-0.00,0.00
2097151,-156.60,256,2.25,544,2,28477,15_45_58_30_04_2025,-0.10,9.55,1.44,0.00,-0.00,-0.00
2097151,-156.60,378,2.24,543,2,28573,15_45_58_30_04_2025,-0.10,9.55,1.45,0.00,-0.00,0.00
2097151,-156.60,414,2.24,544,2,28666,15_45_58_30_04_2025,-0.10,9.54,1.45,0.01,-0.00,0.00
2097151,-156.60,410,2.24,542,2,28761,15_45_58_30_04_2025,-0.10,9.55,1.45,0.00,-0.00,-0.00
2097151,-156.60,304,2.25,543,2,28804,15_45_58_30_04_2025,-0.11,9.55,1.44,0.01,-0.00,-0.00
2097151,-156.60,426,2.24,543,2,28872,15_45_58_30_04_2025,-0.11,9.55,1.44,0.00,-0.00,-0.00
2097151,-156.60,544,2.23,543,2,28967,15_45_58_30_04_2025,-0.10,9.56,1.44,0.00,-0.01,-0.00
2097151,-156.60,274,2.25,544,2,29062,15_45_59_30_04_2025,-0.10,9.55,1.45,0.01,-0.00,-0.00
2097151,-156.60,343,2.25,544,2,29156,15_45_59_30_04_2025,-0.10,9.56,1.45,0.00,-0.00,0.00
2097151,-156.60,366,2.24,544,2,29197,15_45_59_30_04_2025,-0.10,9.56,1.43,0.00,-0.00,-0.00
2097151,-156.60,329,2.25,544,2,29266,15_45_59_30_04_2025,-0.11,9.55,1.43,0.00,-0.00,-0.00
2097151,-156.60,399,2.24,543,2,29363,15_45_59_30_04_2025,-0.10,9.55,1.45,0.00,-0.00,0.00
2097151,-156.60,421,2.24,543,2,29456,15_45_59_30_04_2025,-0.11,9.55,1.44,0.00,-0.00,-0.00
2097151,-156.60,230,2.26,544,2,29549,15_45_59_30_04_2025,-0.10,9.55,1.45,0.01,-0.00,-0.00
2097151,-156.60,426,2.24,544,2,29591,15_45_59_30_04_2025,-0.10,9.55,1.44,0.00,-0.00,0.00
2097151,-156.60,283,2.25,544,2,29662,15_45_59_30_04_2025,-0.10,9.56,1.44,0.01,-0.00,-0.00
2097151,-156.60,176,2.26,544,2,29758,15_45_59_30_04_2025,-0.09,9.54,1.44,0.00,-0.00,-0.00
2097151,-156.60,349,2.25,544,2,29851,15_45_59_30_04_2025,-0.10,9.55,1.45,0.00,-0.00,-0.00
2097151,-156.60,187,2.26,543,2,29945,15_45_59_30_04_2025,-0.10,9.55,1.44,0.00,-0.00,0.00
2097151,-156.60,226,2.26,544,2,29986,15_46_00_30_04_2025,-0.11,9.54,1.45,0.00,-0.00,-0.00
2097151,-156.60,347,2.25,543,2,30056,15_46_00_30_04_2025,-0.11,9.55,1.44,0.00,-0.00,0.00
2097151,-156.60,358,2.25,542,2,30152,15_46_00_30_04_2025,-0.11,9.55,1.43,0.01,-0.00,-0.00
2097151,-156.60,224,2.26,542,2,30245,15_46_00_30_04_2025,-0.10,9.55,1.44,0.00,-0.00,0.00
2097151,-156.60,201,2.26,544,2,30340,15_46_00_30_04_2025,-0.11,9.55,1.44,0.01,-0.00,-0.00
2097151,-156.60,337,2.25,543,2,30385,15_46_00_30_04_2025,-0.11,9.55,1.45,0.00,-0.00,0.00
2097151,-156.60,256,2.25,543,2,30452,15_46_00_30_04_2025,-0.11,9.55,1.43,0.00,-0.00,-0.00
2097151,-156.60,276,2.25,544,2,30546,15_46_00_30_04_2025,-0.10,9.54,1.45,0.00,-0.00,-0.00
2097151,-156.60,215,2.26,544,2,30641,15_46_00_30_04_2025,-0.11,9.56,1.44,0.00,-0.00,-0.00
2097151,-156.60,344,2.25,544,2,30734,15_46_00_30_04_2025,-0.10,9.54,1.45,0.00,-0.00,-0.00
2097151,-156.60,377,2.24,544,2,30777,15_46_00_30_04_2025,-0.10,9.56,1.44,0.00,-0.00,0.00
2097151,-156.60,277,2.25,544,2,30847,15_46_00_30_04_2025,-0.11,9.55,1.44,0.01,-0.00,0.00
2097151,-156.60,111,2.26,544,2,30942,15_46_00_30_04_2025,-0.10,9.55,1.45,0.00,-0.00,0.00
2097151,-156.60,458,2.24,544,2,31035,15_46_00_30_04_2025,-0.11,9.55,1.44,0.00,-0.00,0.00
2097151,-156.60,362,2.25,544,2,31130,15_46_01_30_04_2025,-0.10,9.55,1.44,0.00,-0.00,-0.00
2097151,-156.60,215,2.26,544,2,31172,15_46_01_30_04_2025,-0.10,9.54,1.45,0.00,-0.00,-0.00
2097151,-156.60,322,2.25,542,2,31240,15_46_01_30_04_2025,-0.10,9.54,1.44,0.00,-0.00,-0.00
2097151,-156.60,568,2.23,544,2,31337,15_46_01_30_04_2025,-0.11,9.55,1.44,0.00,-0.00,0.00
2097151,-156.60,103,2.26,543,2,31430,15_46_01_30_04_2025,-0.10,9.56,1.44,0.00,-0.00,0.00
2097151,-156.60,186,2.26,543,2,31524,15_46_01_30_04_2025,-0.10,9.55,1.45,0.00,-0.00,0.00
2097151,-156.60,353,2.25,543,2,31567,15_46_01_30_04_2025,-0.10,9.55,1.44,0.01,-0.00,0.00
2097151,-156.60,247,2.25,544,2,31635,15_46_01_30_04_2025,-0.11,9.55,1.43,0.00,-0.00,-0.00
2097151,-156.60,499,2.23,543,2,31732,15_46_01_30_04_2025,-0.11,9.56,1.44,0.00,-0.00,-0.00
2097151,-156.60,412,2.24,544,2,31826,15_46_01_30_04_2025,-0.10,9.55,1.44,0.00,-0.00,-0.00
2097151,-156.60,390,2.24,544,2,31918,15_46_01_30_04_2025,-0.10,9.55,1.45,0.00,-0.00,-0.00
2097151,-156.60,275,2.25,544,2,31960,15_46_01_30_04_2025,-0.10,9.55,1.44,0.01,-0.00,0.00
2097151,-156.60,307,2.25,544,2,32030,15_46_02_30_04_2025,-0.11,9.55,1.45,0.01,-0.00,-0.00
2097151,-156.60,336,2.25,544,2,32126,15_46_02_30_04_2025,-0.10,9.56,1.45,0.00,-0.00,0.00
2097151,-156.60,86,2.27,544,2,32220,15_46_02_30_04_2025,-0.11,9.54,1.45,0.01,-0.00,-0.00
2097151,-156.60,393,2.24,544,2,32314,15_46_02_30_04_2025,-0.10,9.55,1.44,0.00,-0.00,-0.00
2097151,-156.60,425,2.24,543,2,32355,15_46_02_30_04_2025,-0.11,9.54,1.44,0.01,-0.00,-0.00
2097151,-156.60,441,2.24,542,2,32425,15_46_02_30_04_2025,-0.11,9.55,1.44,0.00,-0.00,-0.00
2097151,-156.60,268,2.25,544,2,32521,15_46_02_30_04_2025,-0.11,9.55,1.45,0.00,-0.00,0.00
2097151,-156.60,265,2.25,543,2,32614,15_46_02_30_04_2025,-0.11,9.55,1.44,0.00,-0.00,-0.00
2097151,-156.60,441,2.24,544,2,32708,15_46_02_30_04_2025,-0.10,9.56,1.45,0.01,-0.00,0.00
2097151,-156.60,173,2.26,544,2,32749,15_46_02_30_04_2025,-0.10,9.55,1.44,0.00,-0.00,0.00
2097151,-156.60,318,2.25,543,2,32820,15_46_02_30_04_2025,-0.10,9.54,1.44,0.00,-0.00,0.00
2097151,-156.60,323,2.25,544,2,32916,15_46_02_30_04_2025,-0.10,9.54,1.45,0.00,-0.00,-0.00
2097151,-156.60,232,2.26,543,2,33009,15_46_02_30_04_2025,-0.11,9.55,1.45,0.00,-0.00,-0.00
2097151,-156.60,288,2.25,544,2,33104,15_46_03_30_04_2025,-0.10,9.54,1.44,0.00,-0.00,-0.00
2097151,-156.60,239,2.25,544,2,33146,15_46_03_30_04_2025,-0.10,9.55,1.45,0.00,-0.00,-0.00
2097151,-156.60,386,2.24,544,2,33216,15_46_03_30_04_2025,-0.11,9.55,1.44,0.01,-0.00,0.00
2097151,-156.60,328,2.25,544,2,33311,15_46_03_30_04_2025,-0.11,9.54,1.44,0.00,-0.00,-0.00
2097151,-156.60,361,2.25,543,2,33405,15_46_03_30_04_2025,-0.10,9.54,1.44,0.01,-0.00,0.00
2097151,-156.60,249,2.25,541,2,33498,15_46_03_30_04_2025,-0.10,9.56,1.44,0.00,-0.00,0.00
2097151,-156.60,219,2.26,543,2,33543,15_46_03_30_04_2025,-0.09,9.55,1.44,0.00,-0.00,0.00
2097151,-156.60,301,2.25,543,2,33610,15_46_03_30_04_2025,-0.10,9.56,1.46,0.01,-0.00,-0.00
2097151,-156.60,490,2.24,543,2,33705,15_46_03_30_04_2025,-0.10,9.55,1.44,0.01,-0.00,0.00
2097151,-156.60,269,2.25,544,2,33799,15_46_03_30_04_2025,-0.10,9.55,1.45,0.00,-0.00,-0.00
2097151,-156.60,504,2.23,545,2,33894,15_46_03_30_04_2025,-0.11,9.55,1.44,0.00,-0.00,-0.00
2097151,-156.60,375,2.24,544,2,33938,15_46_03_30_04_2025,-0.10,9.55,1.44,0.00,-0.00,-0.00
2097151,-156.60,336,2.25,542,2,34004,15_46_03_30_04_2025,-0.09,9.55,1.45,0.01,-0.00,-0.00
2097151,-156.60,168,2.26,543,2,34100,15_46_04_30_04_2025,-0.10,9.55,1.45,0.00,-0.00,-0.00
2097151,-156.60,312,2.25,544,2,34194,15_46_04_30_04_2025,-0.11,9.56,1.44,0.01,-0.00,0.00
2097151,-156.60,164,2.26,543,2,34288,15_46_04_30_04_2025,-0.10,9.55,1.45,0.00,-0.00,0.00
2097151,-156.60,548,2.23,545,2,34329,15_46_04_30_04_2025,-0.09,9.55,1.45,0.01,-0.00,0.00
2097151,-156.60,263,2.25,543,2,34399,15_46_04_30_04_2025,-0.09,9.55,1.45,0.00,-0.00,-0.00
2097151,-156.60,257,2.25,544,2,34496,15_46_04_30_04_2025,-0.11,9.56,1.43,0.00,-0.00,0.00
2097151,-156.60,361,2.25,544,2,34589,15_46_04_30_04_2025,-0.10,9.56,1.45,0.00,-0.00,0.00
2097151,-156.60,411,2.24,544,2,34682,15_46_04_30_04_2025,-0.11,9.55,1.44,0.00,-0.00,-0.00
2097151,-156.60,272,2.25,544,2,34724,15_46_04_30_04_2025,-0.10,9.55,1.44,0.00,-0.00,-0.00
2097151,-156.60,371,2.24,544,2,34795,15_46_04_30_04_2025,-0.11,9.55,1.44,0.00,-0.00,-0.00
2097151,-156.60,156,2.26,545,2,34890,15_46_04_30_04_2025,-0.10,9.56,1.45,0.00,-0.00,-0.00
2097151,-156.60,403,2.24,544,2,34984,15_46_04_30_04_2025,-0.11,9.55,1.44,0.00,-0.00,-0.00
2097151,-156.60,126,2.26,543,2,35077,15_46_05_30_04_2025,-0.11,9.55,1.44,0.01,-0.00,-0.00
2097151,-156.60,8,2.27,543,2,35119,15_46_05_30_04_2025,-0.10,9.54,1.45,0.00,-0.00,-0.00
2097151,-156.60,345,2.25,544,2,35189,15_46_05_30_04_2025,-0.10,9.55,1.45,0.00,-0.00,-0.00
2097151,-156.60,210,2.26,544,2,35285,15_46_05_30_04_2025,-0.11,9.56,1.45,0.01,-0.00,-0.00
2097151,-156.60,334,2.25,542,2,35379,15_46_05_30_04_2025,-0.10,9.54,1.45,0.00,-0.00,-0.00
2097151,-156.60,233,2.26,544,2,35472,15_46_05_30_04_2025,-0.10,9.54,1.44,0.01,-0.00,0.00
2097151,-156.60,342,2.25,543,2,35514,15_46_05_30_04_2025,-0.10,9.55,1.45,0.00,-0.00,-0.00
2097151,-156.60,338,2.25,544,2,35584,15_46_05_30_04_2025,-0.10,9.56,1.45,0.00,-0.00,0.00
2097151,-156.60,375,2.24,544,2,35679,15_46_05_30_04_2025,-0.11,9.55,1.43,0.00,-0.00,-0.00
2097151,-156.60,159,2.26,544,2,35773,15_46_05_30_04_2025,-0.10,9.55,1.43,0.00,-0.00,-0.00
2097151,-156.60,386,2.24,544,2,35867,15_46_05_30_04_2025,-0.10,9.55,1.45,0.00,-0.00,-0.00
2097151,-156.60,322,2.25,543,2,35909,15_46_05_30_04_2025,-0.10,9.55,1.44,0.00,-0.00,0.00
2097151,-156.60,328,2.25,544,2,35978,15_46_05_30_04_2025,-0.10,9.55,1.44,0.00,-0.00,-0.00
2097151,-156.60,314,2.25,544,2,36075,15_46_06_30_04_2025,-0.10,9.54,1.44,0.00,-0.00,0.00
2097151,-156.60,70,2.27,544,2,36168,15_46_06_30_04_2025,-0.10,9.54,1.45,0.00,-0.00,-0.00
2097151,-156.60,447,2.24,544,2,36263,15_46_06_30_04_2025,-0.10,9.56,1.45,0.00,-0.00,0.00
2097151,-156.60,379,2.24,544,2,36305,15_46_06_30_04_2025,-0.10,9.55,1.44,0.00,-0.00,0.00
2097151,-156.60,351,2.25,544,2,36373,15_46_06_30_04_2025,-0.09,9.55,1.45,0.00,-0.00,-0.00
2097151,-156.60,366,2.24,543,2,36469,15_46_06_30_04_2025,-0.10,9.55,1.45,0.01,-0.00,0.00
2097151,-156.60,462,2.24,544,2,36564,15_46_06_30_04_2025,-0.11,9.55,1.45,0.01,-0.00,0.00
2097151,-156.60,422,2.24,543,2,36657,15_46_06_30_04_2025,-0.10,9.56,1.45,0.00,-0.00,-0.00
2097151,-156.60,407,2.24,543,2,36699,15_46_06_30_04_2025,-0.10,9.56,1.44,0.00,-0.00,0.00
2097151,-156.60,347,2.25,544,2,36768,15_46_06_30_04_2025,-0.11,9.56,1.44,0.00,-0.00,-0.00
2097151,-156.60,405,2.24,544,2,36865,15_46_06_30_04_2025,-0.11,9.55,1.44,0.01,-0.00,-0.00
2097151,-156.60,449,2.24,544,2,36959,15_46_06_30_04_2025,-0.10,9.55,1.44,0.00,-0.00,0.00
2097151,-156.60,360,2.25,544,2,37051,15_46_07_30_04_2025,-0.11,9.55,1.44,0.00,-0.00,-0.00
2097151,-156.60,366,2.24,544,2,37096,15_46_07_30_04_2025,-0.10,9.55,1.45,0.00,-0.00,0.00
2097151,-156.60,163,2.26,544,2,37163,15_46_07_30_04_2025,-0.10,9.55,1.45,0.00,-0.00,-0.00
2097151,-156.60,303,2.25,544,2,37260,15_46_07_30_04_2025,-0.10,9.54,1.44,0.00,-0.00,-0.00
2097151,-156.60,410,2.24,543,2,37353,15_46_07_30_04_2025,-0.10,9.55,1.45,0.01,-0.00,0.00
2097151,-156.60,348,2.25,543,2,37446,15_46_07_30_04_2025,-0.10,9.56,1.44,0.00,-0.00,-0.00
2097151,-156.60,482,2.24,544,2,37488,15_46_07_30_04_2025,-0.10,9.55,1.43,0.00,-0.00,-0.00
2097151,-156.60,325,2.25,544,2,37558,15_46_07_30_04_2025,-0.10,9.55,1.44,0.01,-0.00,-0.00
2097151,-156.60,239,2.25,544,2,37654,15_46_07_30_04_2025,-0.10,9.56,1.44,0.00,-0.00,-0.00
2097151,-156.60,204,2.26,544,2,37748,15_46_07_30_04_2025,-0.10,9.55,1.44,0.00,-0.00,-0.00
2097151,-156.60,268,2.25,544,2,37841,15_46_07_30_04_2025,-0.10,9.55,1.45,0.01,-0.00,0.00
2097151,-156.60,245,2.25,544,2,37883,15_46_07_30_04_2025,-0.11,9.55,1.45,0.00,-0.00,0.00
2097151,-156.60,165,2.26,544,2,37954,15_46_07_30_04_2025,-0.11,9.56,1.45,0.00,-0.00,0.00
2097151,-156.60,415,2.24,543,2,38048,15_46_08_30_04_2025,-0.09,9.55,1.44,0.01,-0.00,-0.00
2097151,-156.60,327,2.25,544,2,38143,15_46_08_30_04_2025,-0.10,9.56,1.43,0.01,-0.00,-0.00
2097151,-156.60,423,2.24,544,2,38236,15_46_08_30_04_2025,-0.11,9.55,1.43,0.01,-0.00,0.00
2097151,-156.60,145,2.26,543,2,38278,15_46_08_30_04_2025,-0.10,9.55,1.44,0.00,-0.00,-0.00
2097151,-156.60,428,2.24,544,2,38348,15_46_08_30_04_2025,-0.10,9.55,1.45,0.01,-0.00,-0.00
2097151,-156.60,419,2.24,544,2,38443,15_46_08_30_04_2025,-0.09,9.54,1.45,0.00,-0.00,-0.00
2097151,-156.60,298,2.25,544,2,38538,15_46_08_30_04_2025,-0.10,9.55,1.45,0.00,-0.00,0.00
2097151,-156.60,310,2.25,544,2,38631,15_46_08_30_04_2025,-0.10,9.55,1.44,0.01,-0.00,-0.00
2097151,-156.60,498,2.23,544,2,38673,15_46_08_30_04_2025,-0.10,9.55,1.44,0.01,-0.00,-0.00
2097151,-156.60,97,2.27,543,2,38742,15_46_08_30_04_2025,-0.10,9.55,1.44,0.01,-0.00,-0.00
2097151,-156.60,349,2.25,543,2,38838,15_46_08_30_04_2025,-0.09,9.55,1.44,0.00,-0.00,-0.00
2097151,-156.60,-22,2.27,544,2,38933,15_46_08_30_04_2025,-0.11,9.55,1.45,0.01,-0.00,-0.00
2097151,-156.60,-22,2.27,544,2,39027,15_46_08_30_04_2025,-0.10,9.55,1.45,0.01,-0.00,-0.00
2097151,-156.60,394,2.24,544,2,39069,15_46_09_30_04_2025,-0.10,9.55,1.44,0.00,-0.00,-0.00
2097151,-156.60,373,2.24,543,2,39137,15_46_09_30_04_2025,-0.10,9.55,1.44,0.00,-0.00,-0.00
2097151,-156.60,426,2.24,544,2,39234,15_46_09_30_04_2025,-0.11,9.55,1.45,0.00,-0.00,-0.00
2097151,-156.60,265,2.25,544,2,39328,15_46_09_30_04_2025,-0.10,9.55,1.44,0.00,-0.00,-0.00
2097151,-156.60,368,2.24,544,2,39420,15_46_09_30_04_2025,-0.11,9.55,1.44,0.00,-0.00,-0.00
2097151,-156.60,392,2.24,544,2,39464,15_46_09_30_04_2025,-0.11,9.55,1.44,0.00,-0.00,0.00
2097151,-156.60,344,2.25,544,2,39532,15_46_09_30_04_2025,-0.10,9.55,1.44,0.00,-0.00,-0.00
2097151,-156.60,384,2.24,544,2,39628,15_46_09_30_04_2025,-0.10,9.55,1.45,0.01,-0.00,-0.00
2097151,-156.60,483,2.24,543,2,39722,15_46_09_30_04_2025,-0.11,9.55,1.44,0.00,-0.00,-0.00
2097151,-156.60,185,2.26,544,2,39816,15_46_09_30_04_2025,-0.10,9.55,1.44,0.00,-0.00,-0.00
2097151,-156.60,155,2.26,543,2,39859,15_46_09_30_04_2025,-0.11,9.55,1.44,0.01,-0.00,-0.00
2097151,-156.60,227,2.26,542,2,39927,15_46_09_30_04_2025,-0.12,9.55,1.44,0.00,-0.00,-0.00
2097151,-156.60,273,2.25,544,2,40024,15_46_09_30_04_2025,-0.11,9.54,1.44,0.01,-0.00,0.00
2097151,-156.60,349,2.25,544,2,40116,15_46_10_30_04_2025,-0.10,9.54,1.44,0.00,-0.01,0.00
2097151,-156.60,385,2.24,544,2,40210,15_46_10_30_04_2025,-0.11,9.55,1.45,0.01,-0.00,0.00
2097151,-156.60,160,2.26,544,2,40255,15_46_10_30_04_2025,-0.11,9.56,1.45,0.01,-0.00,0.00
2097151,-156.60,313,2.25,544,2,40322,15_46_10_30_04_2025,-0.10,9.56,1.44,0.00,-0.00,-0.00
2097151,-156.60,329,2.25,544,2,40418,15_46_10_30_04_2025,-0.10,9.56,1.45,0.00,-0.00,0.00
2097151,-156.60,294,2.25,544,2,40511,15_46_10_30_04_2025,-0.10,9.56,1.45,0.00,-0.00,-0.00
2097151,-156.60,161,2.26,544,2,40605,15_46_10_30_04_2025,-0.10,9.55,1.45,0.00,-0.00,-0.00
2097151,-156.60,170,2.26,544,2,40652,15_46_10_30_04_2025,-0.11,9.55,1.44,0.00,-0.00,-0.00
2097151,-156.60,254,2.25,544,2,40717,15_46_10_30_04_2025,-0.09,9.55,1.45,0.00,-0.00,0.00
2097151,-156.60,410,2.24,544,2,40812,15_46_10_30_04_2025,-0.10,9.55,1.45,0.00,-0.00,-0.00
2097151,-156.60,225,2.26,544,2,40906,15_46_10_30_04_2025,-0.11,9.55,1.44,0.00,-0.00,-0.00
2097151,-156.60,287,2.25,544,2,41000,15_46_10_30_04_2025,-0.11,9.55,1.45,0.00,-0.00,-0.00
2097151,-156.60,396,2.24,543,2,41044,15_46_11_30_04_2025,-0.10,9.55,1.44,0.00,-0.00,-0.00
2097151,-156.60,182,2.26,544,2,41111,15_46_11_30_04_2025,-0.11,9.55,1.44,0.00,-0.00,-0.00
2097151,-156.60,189,2.26,544,2,41207,15_46_11_30_04_2025,-0.11,9.55,1.44,0.00,-0.00,0.00
2097151,-156.60,386,2.24,544,2,41301,15_46_11_30_04_2025,-0.10,9.55,1.44,0.01,-0.00,-0.00
2097151,-156.60,348,2.25,543,2,41396,15_46_11_30_04_2025,-0.11,9.55,1.44,0.00,-0.00,-0.00
2097151,-156.60,354,2.25,543,2,41439,15_46_11_30_04_2025,-0.10,9.55,1.43,0.00,-0.00,0.00
2097151,-156.60,292,2.25,543,2,41506,15_46_11_30_04_2025,-0.10,9.55,1.45,0.00,-0.00,-0.00
2097151,-156.60,380,2.24,543,2,41602,15_46_11_30_04_2025,-0.11,9.55,1.44,0.00,-0.00,-0.00
2097151,-156.60,249,2.25,544,2,41696,15_46_11_30_04_2025,-0.10,9.55,1.44,0.00,-0.01,0.00
2097151,-156.60,345,2.25,543,2,41790,15_46_11_30_04_2025,-0.10,9.55,1.44,0.00,-0.00,-0.00
2097151,-156.60,243,2.25,541,2,41844,15_46_11_30_04_2025,-0.10,9.55,1.45,0.01,-0.00,-0.00
2097151,-156.60,255,2.25,543,2,41901,15_46_11_30_04_2025,-0.10,9.56,1.44,0.00,-0.00,0.00
2097151,-156.60,246,2.25,544,2,41997,15_46_11_30_04_2025,-0.10,9.55,1.44,0.00,-0.00,-0.00
2097151,-156.60,350,2.25,544,2,42091,15_46_12_30_04_2025,-0.11,9.55,1.43,0.01,-0.00,-0.00
2097151,-156.60,223,2.26,544,2,42184,15_46_12_30_04_2025,-0.11,9.55,1.44,0.00,-0.00,0.00
2097151,-156.60,328,2.25,543,2,42228,15_46_12_30_04_2025,-0.10,9.54,1.44,0.00,-0.00,-0.00
2097151,-156.60,420,2.24,544,2,42297,15_46_12_30_04_2025,-0.10,9.54,1.44,0.00,-0.00,-0.00
2097151,-156.60,421,2.24,544,2,42392,15_46_12_30_04_2025,-0.10,9.54,1.45,0.01,-0.00,0.00
2097151,-156.60,284,2.25,544,2,42485,15_46_12_30_04_2025,-0.11,9.55,1.45,0.00,-0.00,-0.00
2097151,-156.60,282,2.25,543,2,42579,15_46_12_30_04_2025,-0.10,9.55,1.43,0.00,-0.00,0.00
2097151,-156.60,411,2.24,544,2,42623,15_46_12_30_04_2025,-0.10,9.55,1.45,0.00,-0.00,-0.00
2097151,-156.60,430,2.24,543,2,42691,15_46_12_30_04_2025,-0.11,9.55,1.44,0.01,-0.00,-0.00
2097151,-156.60,439,2.24,544,2,42786,15_46_12_30_04_2025,-0.11,9.55,1.44,0.01,-0.00,-0.00
2097151,-156.60,369,2.24,543,2,42880,15_46_12_30_04_2025,-0.10,9.56,1.44,0.00,-0.00,-0.00
2097151,-156.60,571,2.23,544,2,42974,15_46_12_30_04_2025,-0.11,9.55,1.44,0.00,-0.00,-0.00
2097151,-156.60,228,2.26,544,2,43018,15_46_13_30_04_2025,-0.11,9.55,1.43,0.00,-0.00,0.00
2097151,-156.60,300,2.25,544,2,43087,15_46_13_30_04_2025,-0.11,9.55,1.45,0.00,-0.00,-0.00
2097151,-156.60,410,2.24,544,2,43181,15_46_13_30_04_2025,-0.11,9.55,1.44,0.00,-0.00,0.00
2097151,-156.60,410,2.24,543,2,43275,15_46_13_30_04_2025,-0.10,9.55,1.44,0.00,-0.00,-0.00
2097151,-156.60,-1,2.27,544,2,43370,15_46_13_30_04_2025,-0.11,9.54,1.45,0.01,-0.00,-0.00
2097151,-156.60,343,2.25,544,2,43414,15_46_13_30_04_2025,-0.10,9.56,1.45,0.00,-0.00,-0.00
2097151,-156.60,372,2.24,544,2,43480,15_46_13_30_04_2025,-0.11,9.55,1.44,0.00,-0.00,0.00
2097151,-156.60,347,2.25,544,2,43576,15_46_13_30_04_2025,-0.10,9.55,1.44,0.01,-0.00,0.00
2097151,-156.60,402,2.24,544,2,43670,15_46_13_30_04_2025,-0.10,9.56,1.44,0.01,-0.00,-0.00
2097151,-156.60,258,2.25,543,2,43765,15_46_13_30_04_2025,-0.11,9.55,1.43,0.01,-0.00,-0.00
2097151,-156.60,325,2.25,544,2,43811,15_46_13_30_04_2025,-0.11,9.55,1.44,0.00,-0.00,-0.00
2097151,-156.60,299,2.25,544,2,43875,15_46_13_30_04_2025,-0.10,9.55,1.44,0.00,-0.00,-0.00
2097151,-156.60,399,2.24,544,2,43971,15_46_13_30_04_2025,-0.10,9.54,1.45,0.00,-0.00,-0.00
2097151,-156.60,278,2.25,543,2,44066,15_46_14_30_04_2025,-0.11,9.55,1.44,0.00,-0.00,0.00
2097151,-156.60,424,2.24,542,2,44158,15_46_14_30_04_2025,-0.10,9.55,1.44,0.01,-0.00,-0.00
2097151,-156.60,293,2.25,544,2,44205,15_46_14_30_04_2025,-0.11,9.55,1.44,0.01,-0.00,0.00
2097151,-156.60,539,2.23,544,2,44270,15_46_14_30_04_2025,-0.10,9.54,1.45,0.01,-0.00,0.00
2097151,-156.60,338,2.25,544,2,44367,15_46_14_30_04_2025,-0.10,9.56,1.45,0.00,-0.00,0.00
2097151,-156.60,168,2.26,544,2,44460,15_46_14_30_04_2025,-0.09,9.56,1.45,0.00,-0.00,-0.00
2097151,-156.60,388,2.24,543,2,44553,15_46_14_30_04_2025,-0.11,9.54,1.45,0.00,0.00,-0.00
2097151,-156.60,155,2.26,544,2,44596,15_46_14_30_04_2025,-0.10,9.55,1.44,0.00,-0.00,-0.00
2097151,-156.60,252,2.25,544,2,44665,15_46_14_30_04_2025,-0.11,9.56,1.45,0.00,-0.00,-0.00
2097151,-156.60,153,2.26,543,2,44761,15_46_14_30_04_2025,-0.11,9.56,1.44,0.00,-0.00,0.00
2097151,-156.60,331,2.25,544,2,44854,15_46_14_30_04_2025,-0.11,9.56,1.44,0.00,0.00,-0.01
2097151,-156.60,252,2.25,543,2,44949,15_46_14_30_04_2025,-0.12,9.55,1.44,-0.00,0.01,-0.01
2097151,-156.60,196,2.26,544,2,44992,15_46_15_30_04_2025,-0.14,9.56,1.47,-0.01,0.01,-0.02
2097151,-156.60,470,2.24,544,2,45060,15_46_15_30_04_2025,-0.17,9.54,1.46,0.00,0.02,-0.01
2097151,-156.60,365,2.25,544,2,45156,15_46_15_30_04_2025,-0.16,9.54,1.47,0.00,0.00,-0.00
2097151,-156.60,301,2.25,543,2,45250,15_46_15_30_04_2025,-0.17,9.54,1.47,0.01,-0.01,0.01
2097151,-156.60,151,2.26,544,2,45344,15_46_15_30_04_2025,-0.14,9.55,1.45,0.01,-0.01,0.00
2097151,-156.60,118,2.26,544,2,45388,15_46_15_30_04_2025,-0.14,9.54,1.46,0.01,-0.01,0.01
2097151,-156.60,-154,2.28,544,2,45455,15_46_15_30_04_2025,-0.14,9.55,1.46,0.01,-0.00,0.00
2097151,-156.60,12,2.27,544,2,45551,15_46_15_30_04_2025,-0.15,9.54,1.45,0.01,-0.00,0.00
2097151,-156.60,-49,2.28,544,2,45645,15_46_15_30_04_2025,-0.14,9.55,1.44,0.01,-0.00,0.01
2097151,-156.60,433,2.24,544,2,45738,15_46_15_30_04_2025,-0.13,9.55,1.47,0.00,-0.01,0.00
2097151,-156.60,288,2.25,544,2,45783,15_46_15_30_04_2025,-0.12,9.55,1.46,0.01,-0.01,0.00
2097151,-156.60,-1447,2.38,544,2,45849,15_46_15_30_04_2025,-0.12,9.54,1.46,0.01,-0.00,0.00
2097151,-156.60,-1094,2.36,544,2,45945,15_46_15_30_04_2025,-0.11,9.55,1.44,0.01,0.00,0.00
2097151,-156.60,-1139,2.36,544,2,46039,15_46_16_30_04_2025,-0.11,9.55,1.45,0.00,-0.00,-0.00
2097151,-156.60,-2250,2.44,545,2,46133,15_46_16_30_04_2025,-0.12,9.55,1.44,0.01,-0.00,-0.00
2097151,-156.60,-1650,2.40,544,2,46177,15_46_16_30_04_2025,-0.12,9.55,1.45,0.00,-0.00,-0.00
2097151,-156.60,-1964,2.42,544,2,46244,15_46_16_30_04_2025,-0.11,9.55,1.46,0.01,0.00,0.00
2097151,-156.60,-1843,2.41,544,2,46340,15_46_16_30_04_2025,-0.12,9.55,1.43,0.01,-0.00,0.00
2097151,-156.60,-1271,2.37,543,2,46434,15_46_16_30_04_2025,-0.12,9.54,1.45,0.01,0.00,0.00
2097151,-156.60,-2304,2.45,544,2,46528,15_46_16_30_04_2025,-0.11,9.56,1.48,0.00,-0.00,-0.00
2097151,-156.60,-3675,2.55,544,2,46572,15_46_16_30_04_2025,-0.11,9.55,1.44,-0.00,-0.01,-0.00
2097151,-156.60,-5468,2.69,542,2,46639,15_46_16_30_04_2025,-0.11,9.53,1.43,0.01,-0.00,-0.00
2097151,-156.60,-5436,2.68,542,2,46735,15_46_16_30_04_2025,-0.12,9.55,1.45,-0.00,-0.01,0.00
2097151,-156.60,-7258,2.82,544,2,46829,15_46_16_30_04_2025,-0.11,9.55,1.47,0.00,-0.01,0.00
2097151,-156.60,-13699,3.31,544,2,46923,15_46_16_30_04_2025,-0.11,9.55,1.45,0.00,-0.00,-0.00
2097151,-156.60,-21669,3.91,544,2,46967,15_46_16_30_04_2025,-0.11,9.55,1.44,0.00,-0.00,-0.00
2097151,-156.60,-33270,4.79,543,2,47035,15_46_17_30_04_2025,-0.12,9.55,1.45,0.01,-0.00,-0.00
2097151,-156.60,-40459,5.34,544,2,47130,15_46_17_30_04_2025,-0.11,9.55,1.45,0.01,-0.00,0.00
2097151,-156.60,-63682,7.10,545,2,47224,15_46_17_30_04_2025,-0.11,9.56,1.45,0.01,-0.00,0.00
2097151,-156.60,-57089,6.60,543,2,47318,15_46_17_30_04_2025,-0.11,9.54,1.45,0.00,-0.00,-0.00
2097151,-156.60,-19520,3.75,544,2,47363,15_46_17_30_04_2025,-0.11,9.55,1.44,0.01,0.00,0.00
2097151,-156.60,-7442,2.84,543,2,47429,15_46_17_30_04_2025,-0.10,9.56,1.46,0.01,0.00,0.00
2097151,-156.60,-2048,2.43,544,2,47525,15_46_17_30_04_2025,-0.10,9.56,1.44,0.01,0.01,0.00
2097151,-156.60,-1487,2.39,544,2,47618,15_46_17_30_04_2025,-0.10,9.54,1.46,0.01,-0.00,-0.00
2097151,-156.60,-3482,2.54,544,2,47712,15_46_17_30_04_2025,-0.11,9.54,1.45,0.00,-0.00,-0.00
2097151,-156.60,-3511,2.54,544,2,47759,15_46_17_30_04_2025,-0.10,9.56,1.45,0.01,-0.00,0.00
2097151,-156.60,-2346,2.45,544,2,47825,15_46_17_30_04_2025,-0.11,9.55,1.44,0.00,-0.00,-0.00
2097151,-156.60,-3213,2.52,544,2,47919,15_46_17_30_04_2025,-0.10,9.56,1.45,0.00,-0.00,0.00
2097151,-156.60,-1358,2.38,544,2,48014,15_46_17_30_04_2025,-0.11,9.54,1.43,0.00,-0.00,-0.00
2097151,-156.60,-5950,2.72,544,2,48106,15_46_18_30_04_2025,-0.10,9.55,1.44,0.00,-0.00,-0.00
2097151,-156.60,-11223,3.12,544,2,48151,15_46_18_30_04_2025,-0.11,9.55,1.43,0.00,-0.00,-0.00
2097151,-156.60,-13813,3.32,544,2,48219,15_46_18_30_04_2025,-0.10,9.54,1.42,0.01,-0.00,-0.00
2097151,-156.60,-19248,3.73,543,2,48315,15_46_18_30_04_2025,-0.10,9.55,1.43,0.00,-0.00,-0.00
2097151,-156.60,-48178,5.92,543,2,48408,15_46_18_30_04_2025,-0.11,9.55,1.44,0.00,-0.00,-0.00
2097151,-156.60,-100745,9.90,543,2,48502,15_46_18_30_04_2025,-0.11,9.55,1.45,0.00,-0.00,-0.00
2097151,-156.60,-148012,13.49,543,2,48598,15_46_18_30_04_2025,-0.12,9.55,1.45,0.00,-0.00,-0.00
2097151,-156.60,-191664,16.79,544,2,48645,15_46_18_30_04_2025,-0.12,9.55,1.45,0.00,0.00,-0.01
2097151,-156.60,-207639,18.00,544,2,48710,15_46_18_30_04_2025,-0.12,9.54,1.46,0.01,-0.00,-0.00
2097151,-156.60,-222988,19.17,544,2,48807,15_46_18_30_04_2025,-0.12,9.56,1.45,0.01,-0.00,0.00
2097151,-156.60,-242499,20.64,544,2,48902,15_46_18_30_04_2025,-0.11,9.55,1.45,0.01,-0.01,0.00
2097151,-156.60,-254691,21.57,543,2,48998,15_46_18_30_04_2025,-0.11,9.56,1.45,0.01,-0.00,0.00
2097151,-156.60,-251569,21.33,544,2,49093,15_46_19_30_04_2025,-0.11,9.54,1.45,0.00,-0.00,-0.00
2097151,-156.60,-248256,21.08,544,2,49138,15_46_19_30_04_2025,-0.11,9.55,1.45,0.01,-0.00,-0.00
2097151,-156.60,-246877,20.98,544,2,49207,15_46_19_30_04_2025,-0.11,9.55,1.46,0.00,-0.00,0.00
2097151,-156.60,-244046,20.76,544,2,49302,15_46_19_30_04_2025,-0.11,9.55,1.46,0.00,-0.00,0.00
2097151,-156.60,-241679,20.58,544,2,49398,15_46_19_30_04_2025,-0.11,9.55,1.46,0.01,-0.00,-0.00
2097151,-156.60,-240484,20.49,544,2,49492,15_46_19_30_04_2025,-0.12,9.55,1.46,0.00,-0.00,-0.00
2097151,-156.60,-241033,20.53,544,2,49588,15_46_19_30_04_2025,-0.11,9.55,1.45,0.00,-0.01,0.00
2097151,-156.60,-233471,19.96,544,2,49683,15_46_19_30_04_2025,-0.12,9.55,1.45,0.01,-0.00,0.00
2097151,-156.60,-223125,19.18,544,2,49727,15_46_19_30_04_2025,-0.11,9.55,1.45,0.00,-0.00,0.00
2097151,-156.60,-218247,18.81,543,2,49797,15_46_19_30_04_2025,-0.11,9.55,1.45,0.00,-0.00,0.00
2097151,-156.60,-216144,18.65,545,2,49894,15_46_19_30_04_2025,-0.11,9.55,1.45,0.00,-0.00,-0.00
2097151,-156.60,-203099,17.66,543,2,49989,15_46_19_30_04_2025,-0.11,9.55,1.46,0.00,-0.00,-0.00
2097151,-156.60,-165724,14.83,543,2,50085,15_46_20_30_04_2025,-0.12,9.55,1.45,0.01,-0.00,0.00
2097151,-156.60,-131118,12.21,544,2,50180,15_46_20_30_04_2025,-0.12,9.55,1.45,0.00,-0.00,-0.00
2097151,-156.60,-63269,7.07,543,2,50225,15_46_20_30_04_2025,-0.11,9.54,1.45,0.00,-0.00,-0.01
2097151,-156.60,-38396,5.18,544,2,50291,15_46_20_30_04_2025,-0.11,9.55,1.45,0.00,0.00,-0.00
2097151,-156.60,-10961,3.10,544,2,50387,15_46_20_30_04_2025,-0.12,9.55,1.45,-0.00,0.00,-0.01
2097151,-156.60,-2533,2.46,545,2,50481,15_46_20_30_04_2025,-0.13,9.55,1.46,0.00,-0.00,-0.00
2097151,-156.60,-1351,2.38,541,2,50575,15_46_20_30_04_2025,-0.13,9.55,1.45,0.00,0.00,-0.01
2097151,-156.60,-3669,2.55,544,2,50620,15_46_20_30_04_2025,-0.14,9.54,1.45,0.00,-0.00,-0.00
2097151,-156.60,-3629,2.55,543,2,50686,15_46_20_30_04_2025,-0.14,9.54,1.45,0.01,0.00,-0.00
2097151,-156.60,-1878,2.41,544,2,50782,15_46_20_30_04_2025,-0.14,9.56,1.47,0.00,0.00,-0.00
2097151,-156.60,-681,2.32,543,2,50877,15_46_20_30_04_2025,-0.14,9.54,1.47,0.00,0.00,-0.00
2097151,-156.60,-684,2.32,544,2,50969,15_46_20_30_04_2025,-0.15,9.54,1.47,0.00,0.00,-0.00
2097151,-156.60,-838,2.34,544,2,51013,15_46_21_30_04_2025,-0.15,9.54,1.47,0.00,-0.00,-0.00
2097151,-156.60,-642,2.32,544,2,51081,15_46_21_30_04_2025,-0.14,9.54,1.46,0.00,-0.00,0.00
2097151,-156.60,-910,2.34,544,2,51178,15_46_21_30_04_2025,-0.15,9.54,1.47,0.01,-0.01,0.01
2097151,-156.60,-1098,2.36,545,2,51271,15_46_21_30_04_2025,-0.14,9.55,1.47,0.01,-0.00,0.01
2097151,-156.60,-1073,2.35,543,2,51364,15_46_21_30_04_2025,-0.14,9.54,1.47,0.01,-0.00,0.00
2097151,-156.60,-1670,2.40,544,2,51408,15_46_21_30_04_2025,-0.14,9.55,1.47,0.00,-0.00,-0.00
2097151,-156.60,-1852,2.41,544,2,51476,15_46_21_30_04_2025,-0.14,9.55,1.47,0.00,-0.00,-0.00
2097151,-156.60,-636,2.32,544,2,51573,15_46_21_30_04_2025,-0.14,9.55,1.46,0.00,-0.00,-0.00
2097151,-156.60,-1223,2.37,544,2,51665,15_46_21_30_04_2025,-0.14,9.55,1.46,0.01,-0.00,0.00
2097151,-156.60,-786,2.33,544,2,51759,15_46_21_30_04_2025,-0.14,9.55,1.46,0.00,-0.00,0.00
2097151,-156.60,-1594,2.39,543,2,51803,15_46_21_30_04_2025,-0.13,9.55,1.48,0.00,-0.00,-0.00
2097151,-156.60,-700,2.33,544,2,51871,15_46_21_30_04_2025,-0.14,9.55,1.47,0.00,-0.00,-0.00
2097151,-156.60,-1097,2.36,544,2,51967,15_46_21_30_04_2025,-0.14,9.54,1.45,0.00,-0.00,-0.00
2097151,-156.60,-186,2.29,544,2,52060,15_46_22_30_04_2025,-0.14,9.55,1.46,0.00,-0.00,0.00
2097151,-156.60,-507,2.31,544,2,52154,15_46_22_30_04_2025,-0.14,9.55,1.46,0.00,-0.01,0.00
2097151,-156.60,183,2.26,544,2,52201,15_46_22_30_04_2025,-0.14,9.55,1.47,0.01,-0.01,0.00
2097151,-156.60,383,2.24,541,2,52266,15_46_22_30_04_2025,-0.13,9.55,1.46,0.00,-0.01,0.00
2097151,-156.60,-208,2.29,544,2,52361,15_46_22_30_04_2025,-0.14,9.54,1.46,0.01,-0.00,-0.00
2097151,-156.60,-199,2.29,543,2,52454,15_46_22_30_04_2025,-0.14,9.54,1.45,0.01,-0.00,0.00
2097151,-156.60,-322,2.30,544,2,52549,15_46_22_30_04_2025,-0.13,9.55,1.47,0.00,-0.00,0.00
2097151,-156.60,-574,2.32,544,2,52596,15_46_22_30_04_2025,-0.13,9.54,1.47,0.00,-0.00,0.00
2097151,-156.60,-882,2.34,544,2,52660,15_46_22_30_04_2025,-0.14,9.54,1.45,0.01,-0.00,-0.00
2097151,-156.60,-130,2.28,544,2,52756,15_46_22_30_04_2025,-0.14,9.55,1.46,0.00,-0.00,0.00
2097151,-156.60,-419,2.30,544,2,52850,15_46_22_30_04_2025,-0.12,9.55,1.47,0.00,-0.00,0.00
2097151,-156.60,-521,2.31,544,2,52943,15_46_22_30_04_2025,-0.14,9.55,1.45,0.00,-0.00,-0.00
2097151,-156.60,-832,2.34,544,2,52988,15_46_23_30_04_2025,-0.13,9.54,1.46,0.01,-0.00,-0.00
2097151,-156.60,-832,2.34,544,2,53055,15_46_23_30_04_2025,-0.13,9.54,1.46,0.00,-0.00,-0.00
2097151,-156.60,-824,2.34,544,2,53151,15_46_23_30_04_2025,-0.14,9.54,1.44,0.01,-0.00,-0.00
2097151,-156.60,-1235,2.37,544,2,53246,15_46_23_30_04_2025,-0.14,9.54,1.45,0.01,-0.00,-0.00
2097151,-156.60,-765,2.33,544,2,53339,15_46_23_30_04_2025,-0.13,9.55,1.46,0.01,-0.00,-0.00
2097151,-156.60,-1105,2.36,544,2,53382,15_46_23_30_04_2025,-0.14,9.54,1.45,0.00,-0.00,-0.00
2097151,-156.60,-1705,2.40,543,2,53450,15_46_23_30_04_2025,-0.14,9.55,1.45,0.00,-0.00,0.00
2097151,-156.60,-1494,2.39,544,2,53546,15_46_23_30_04_2025,-0.13,9.55,1.45,0.01,-0.00,-0.00
2097151,-156.60,-584,2.32,544,2,53640,15_46_23_30_04_2025,-0.15,9.55,1.46,0.00,-0.00,0.00
2097151,-156.60,-1559,2.39,544,2,53733,15_46_23_30_04_2025,-0.14,9.55,1.47,0.00,-0.00,0.00
2097151,-156.60,-1457,2.38,543,2,53776,15_46_23_30_04_2025,-0.13,9.55,1.46,0.00,-0.00,-0.00
2097151,-156.60,-1349,2.37,544,2,53845,15_46_23_30_04_2025,-0.14,9.54,1.46,0.01,-0.00,0.00
2097151,-156.60,-1103,2.36,544,2,53941,15_46_23_30_04_2025,-0.14,9.54,1.46,0.00,-0.00,0.00
2097151,-156.60,207,2.26,544,2,54035,15_46_23_30_04_2025,-0.13,9.54,1.46,0.00,-0.00,0.00
2097151,-156.60,142,2.26,543,2,54128,15_46_24_30_04_2025,-0.13,9.53,1.43,0.01,0.00,-0.00
2097151,-156.60,256,2.25,544,2,54172,15_46_24_30_04_2025,-0.12,9.55,1.47,0.01,-0.00,0.00
2097151,-156.60,-694,2.33,544,2,54240,15_46_24_30_04_2025,-0.12,9.55,1.48,0.00,-0.00,0.00
2097151,-156.60,-264,2.29,544,2,54336,15_46_24_30_04_2025,-0.12,9.54,1.45,0.01,0.00,0.00
2097151,-156.60,-527,2.31,543,2,54429,15_46_24_30_04_2025,-0.12,9.56,1.44,0.01,-0.00,0.00
2097151,-156.60,-309,2.30,544,2,54523,15_46_24_30_04_2025,-0.12,9.55,1.46,0.01,-0.00,0.00
2097151,-156.60,-313,2.30,545,2,54568,15_46_24_30_04_2025,-0.11,9.53,1.45,0.01,0.01,0.00
2097151,-156.60,-510,2.31,543,2,54635,15_46_24_30_04_2025,-0.08,9.59,1.45,0.01,0.00,0.01
2097151,-156.60,-308,2.30,544,2,54730,15_46_24_30_04_2025,-0.11,9.55,1.45,0.01,0.00,0.01
2097151,-156.60,-275,2.29,544,2,54824,15_46_24_30_04_2025,-0.15,9.52,1.46,0.01,0.01,0.00
2097151,-156.60,-404,2.30,544,2,54918,15_46_24_30_04_2025,-0.06,9.57,1.43,0.01,0.04,0.01
2097151,-156.60,-383,2.30,544,2,54962,15_46_24_30_04_2025,-0.09,9.55,1.46,0.00,-0.00,-0.01
2097151,-156.60,-392,2.30,544,2,55029,15_46_25_30_04_2025,-0.10,9.55,1.43,0.00,0.00,-0.01
2097151,-156.60,-457,2.31,541,2,55125,15_46_25_30_04_2025,-0.10,9.55,1.45,0.00,0.00,-0.01
2097151,-156.60,-553,2.31,544,2,55218,15_46_25_30_04_2025,-0.12,9.54,1.45,0.00,-0.00,-0.00
2097151,-156.60,-335,2.30,543,2,55312,15_46_25_30_04_2025,-0.11,9.55,1.45,0.01,-0.01,0.01
2097151,-156.60,-512,2.31,543,2,55357,15_46_25_30_04_2025,-0.10,9.53,1.41,0.01,0.00,0.00
2097151,-156.60,-533,2.31,544,2,55424,15_46_25_30_04_2025,-0.09,9.55,1.44,0.01,-0.00,0.00
2097151,-156.60,-394,2.30,544,2,55519,15_46_25_30_04_2025,-0.09,9.55,1.45,0.00,-0.00,0.00
2097151,-156.60,-613,2.32,544,2,55615,15_46_25_30_04_2025,-0.09,9.55,1.45,0.01,-0.00,0.00
2097151,-156.60,-680,2.32,544,2,55708,15_46_25_30_04_2025,-0.09,9.55,1.45,0.00,-0.00,0.00
2097151,-156.60,-219,2.29,543,2,55754,15_46_25_30_04_2025,-0.09,9.55,1.45,0.01,0.00,0.00
2097151,-156.60,-397,2.30,544,2,55819,15_46_25_30_04_2025,-0.08,9.55,1.44,0.00,-0.00,0.00
2097151,-156.60,-547,2.31,544,2,55915,15_46_25_30_04_2025,-0.08,9.55,1.44,0.00,-0.00,0.00
2097151,-156.60,-543,2.31,543,2,56009,15_46_25_30_04_2025,-0.08,9.56,1.45,0.00,-0.00,-0.00
2097151,-156.60,-417,2.30,544,2,56103,15_46_26_30_04_2025,-0.09,9.54,1.44,0.00,-0.00,-0.00
2097151,-156.60,-87,2.28,544,2,56149,15_46_26_30_04_2025,-0.08,9.55,1.45,0.00,-0.00,-0.00
2097151,-156.60,-409,2.30,543,2,56213,15_46_26_30_04_2025,-0.08,9.55,1.44,0.00,-0.00,0.00
2097151,-156.60,-304,2.30,542,2,56310,15_46_26_30_04_2025,-0.08,9.55,1.44,0.00,-0.00,-0.00
2097151,-156.60,-542,2.31,544,2,56404,15_46_26_30_04_2025,-0.09,9.56,1.44,0.01,-0.00,-0.00
2097151,-156.60,-348,2.30,544,2,56497,15_46_26_30_04_2025,-0.08,9.55,1.45,0.00,-0.00,-0.00
2097151,-156.60,-407,2.30,541,2,56543,15_46_26_30_04_2025,-0.09,9.55,1.44,0.00,-0.00,0.00
2097151,-156.60,-525,2.31,544,2,56609,15_46_26_30_04_2025,-0.09,9.55,1.44,0.00,-0.00,0.00
2097151,-156.60,-553,2.31,544,2,56705,15_46_26_30_04_2025,-0.09,9.55,1.44,0.00,-0.00,-0.00
2097151,-156.60,-325,2.30,544,2,56798,15_46_26_30_04_2025,-0.09,9.55,1.45,0.00,-0.00,0.00
2097151,-156.60,-451,2.31,544,2,56892,15_46_26_30_04_2025,-0.08,9.54,1.45,0.00,-0.00,0.00
2097151,-156.60,-451,2.31,543,2,56936,15_46_26_30_04_2025,-0.09,9.55,1.43,0.00,-0.00,0.00
2097151,-156.60,-451,2.31,545,2,57004,15_46_26_30_04_2025,-0.08,9.55,1.44,0.00,-0.00,0.00
2097151,-156.60,-605,2.32,543,2,57099,15_46_27_30_04_2025,-0.07,9.56,1.43,0.01,-0.00,0.00
2097151,-156.60,-599,2.32,544,2,57193,15_46_27_30_04_2025,-0.07,9.56,1.44,0.00,-0.00,-0.00
2097151,-156.60,-359,2.30,544,2,57287,15_46_27_30_04_2025,-0.08,9.55,1.45,0.00,-0.00,0.00
2097151,-156.60,-637,2.32,543,2,57332,15_46_27_30_04_2025,-0.08,9.55,1.44,0.00,-0.00,-0.00
2097151,-156.60,-498,2.31,544,2,57399,15_46_27_30_04_2025,-0.09,9.55,1.44,0.00,-0.00,0.00
2097151,-156.60,-322,2.30,544,2,57494,15_46_27_30_04_2025,-0.09,9.55,1.45,0.01,-0.00,0.00
2097151,-156.60,-444,2.31,543,2,57588,15_46_27_30_04_2025,-0.08,9.55,1.45,0.00,-0.00,-0.00
2097151,-156.60,-414,2.30,543,2,57681,15_46_27_30_04_2025,-0.08,9.54,1.44,0.00,-0.00,0.00
2097151,-156.60,-392,2.30,544,2,57726,15_46_27_30_04_2025,-0.08,9.55,1.44,0.01,-0.00,0.00
2097151,-156.60,-471,2.31,544,2,57793,15_46_27_30_04_2025,-0.08,9.56,1.44,0.01,-0.00,-0.00
2097151,-156.60,-707,2.33,544,2,57889,15_46_27_30_04_2025,-0.09,9.55,1.45,0.00,-0.00,-0.00
2097151,-156.60,-371,2.30,543,2,57983,15_46_27_30_04_2025,-0.08,9.55,1.43,0.00,-0.00,-0.00
2097151,-156.60,-920,2.34,544,2,58077,15_46_28_30_04_2025,-0.08,9.55,1.44,0.00,-0.00,0.00
2097151,-156.60,-315,2.30,543,2,58121,15_46_28_30_04_2025,-0.08,9.55,1.45,0.00,-0.00,-0.00
2097151,-156.60,-490,2.31,544,2,58188,15_46_28_30_04_2025,-0.08,9.55,1.44,0.00,-0.00,-0.00
2097151,-156.60,-621,2.32,543,2,58285,15_46_28_30_04_2025,-0.08,9.55,1.44,0.00,-0.00,-0.00
2097151,-156.60,-704,2.33,541,2,58378,15_46_28_30_04_2025,-0.09,9.56,1.44,0.00,-0.00,-0.00
2097151,-156.60,-538,2.31,544,2,58471,15_46_28_30_04_2025,-0.09,9.55,1.45,0.01,-0.00,0.00
2097151,-156.60,-536,2.31,544,2,58515,15_46_28_30_04_2025,-0.07,9.55,1.45,0.00,-0.00,0.00
2097151,-156.60,-635,2.32,544,2,58582,15_46_28_30_04_2025,-0.08,9.55,1.45,0.00,-0.00,-0.00
2097151,-156.60,-398,2.30,544,2,58679,15_46_28_30_04_2025,-0.08,9.55,1.45,0.00,-0.00,0.00
2097151,-156.60,-491,2.31,543,2,58773,15_46_28_30_04_2025,-0.08,9.55,1.45,0.00,-0.00,0.00
2097151,-156.60,-480,2.31,544,2,58866,15_46_28_30_04_2025,-0.08,9.55,1.45,0.00,-0.00,0.00
2097151,-156.60,-593,2.32,544,2,58911,15_46_28_30_04_2025,-0.07,9.56,1.44,0.00,-0.00,0.00
2097151,-156.60,-510,2.31,544,2,58979,15_46_28_30_04_2025,-0.07,9.55,1.45,0.01,-0.00,-0.00
2097151,-156.60,-341,2.30,544,2,59074,15_46_29_30_04_2025,-0.07,9.55,1.45,0.01,-0.00,-0.00
2097151,-156.60,-432,2.31,543,2,59167,15_46_29_30_04_2025,-0.08,9.56,1.45,0.01,-0.00,-0.00
2097151,-156.60,-432,2.31,544,2,59261,15_46_29_30_04_2025,-0.08,9.55,1.44,0.00,-0.00,-0.00
2097151,-156.60,-553,2.31,544,2,59306,15_46_29_30_04_2025,-0.08,9.56,1.44,0.01,-0.00,-0.00
2097151,-156.60,-519,2.31,544,2,59373,15_46_29_30_04_2025,-0.08,9.55,1.44,0.01,-0.00,0.00
2097151,-156.60,-449,2.31,544,2,59469,15_46_29_30_04_2025,-0.08,9.55,1.44,0.00,-0.00,-0.00
2097151,-156.60,-655,2.32,544,2,59562,15_46_29_30_04_2025,-0.08,9.55,1.45,0.00,-0.00,-0.00
2097151,-156.60,-602,2.32,544,2,59656,15_46_29_30_04_2025,-0.08,9.55,1.45,0.00,-0.00,0.00
2097151,-156.60,-527,2.31,544,2,59704,15_46_29_30_04_2025,-0.07,9.55,1.45,0.01,-0.00,-0.00
2097151,-156.60,-574,2.32,544,2,59768,15_46_29_30_04_2025,-0.07,9.55,1.44,0.00,-0.00,-0.00
2097151,-156.60,-578,2.32,544,2,59863,15_46_29_30_04_2025,-0.08,9.56,1.44,0.00,-0.00,-0.00
2097151,-156.60,-481,2.31,543,2,59957,15_46_29_30_04_2025,-0.08,9.55,1.44,0.00,-0.01,0.01
2097151,-156.60,-369,2.30,543,2,60051,15_46_30_30_04_2025,-0.08,9.55,1.45,0.00,-0.00,0.00
2097151,-156.60,-468,2.31,543,2,60096,15_46_30_30_04_2025,-0.07,9.56,1.45,0.01,0.00,-0.02
2097151,-156.60,-618,2.32,544,2,60162,15_46_30_30_04_2025,-0.09,9.54,1.44,0.01,0.01,-0.02
2097151,-156.60,-603,2.32,544,2,60258,15_46_30_30_04_2025,-0.12,9.54,1.45,-0.00,0.01,-0.02
2097151,-156.60,-514,2.31,544,2,60352,15_46_30_30_04_2025,-0.12,9.54,1.45,-0.00,0.01,-0.01
2097151,-156.60,-603,2.32,544,2,60447,15_46_30_30_04_2025,-0.13,9.55,1.44,0.01,-0.01,0.00
2097151,-156.60,-571,2.32,544,2,60491,15_46_30_30_04_2025,-0.10,9.55,1.44,0.01,-0.01,0.02
2097151,-156.60,-897,2.34,544,2,60557,15_46_30_30_04_2025,-0.10,9.56,1.43,0.01,-0.01,0.01
2097151,-156.60,-929,2.34,544,2,60653,15_46_30_30_04_2025,-0.11,9.55,1.45,0.00,-0.00,0.00
2097151,-156.60,-769,2.33,544,2,60748,15_46_30_30_04_2025,-0.11,9.56,1.45,0.01,-0.00,0.00
2097151,-156.60,436,2.24,544,2,60840,15_46_30_30_04_2025,-0.10,9.56,1.47,0.01,-0.00,0.00
2097151,-156.60,-493,2.31,543,2,60884,15_46_30_30_04_2025,-0.10,9.56,1.45,0.00,0.00,-0.00
2097151,-156.60,-17,2.27,544,2,60952,15_46_30_30_04_2025,-0.09,9.55,1.44,0.00,0.00,-0.01
2097151,-156.60,-335,2.30,545,2,61048,15_46_31_30_04_2025,-0.10,9.55,1.43,-0.00,-0.00,-0.01
2097151,-156.60,-544,2.31,542,2,61142,15_46_31_30_04_2025,-0.11,9.55,1.46,0.01,-0.00,-0.00
2097151,-156.60,102,2.27,544,2,61235,15_46_31_30_04_2025,-0.12,9.55,1.45,0.00,-0.00,-0.00
2097151,-156.60,305,2.25,544,2,61279,15_46_31_30_04_2025,-0.10,9.55,1.45,0.00,-0.00,-0.00
2097151,-156.60,-22,2.27,543,2,61347,15_46_31_30_04_2025,-0.11,9.55,1.46,0.00,-0.00,0.00
2097151,-156.60,-2339,2.45,544,2,61443,15_46_31_30_04_2025,-0.11,9.56,1.44,0.00,-0.01,-0.00
2097151,-156.60,-1798,2.41,544,2,61537,15_46_31_30_04_2025,-0.11,9.55,1.45,0.00,-0.01,-0.00
2097151,-156.60,-1754,2.41,544,2,61631,15_46_31_30_04_2025,-0.11,9.56,1.46,0.00,-0.00,0.00
2097151,-156.60,-828,2.34,544,2,61674,15_46_31_30_04_2025,-0.11,9.55,1.45,0.00,-0.00,0.00
2097151,-156.60,-892,2.34,544,2,61742,15_46_31_30_04_2025,-0.11,9.55,1.45,0.00,-0.00,0.00
2097151,-156.60,364,2.25,543,2,61838,15_46_31_30_04_2025,-0.11,9.55,1.46,0.00,-0.00,0.00
2097151,-156.60,-1727,2.40,543,2,61931,15_46_31_30_04_2025,-0.11,9.55,1.45,0.00,-0.00,0.00
2097151,-156.60,-867,2.34,544,2,62025,15_46_31_30_04_2025,-0.11,9.55,1.45,0.00,-0.00,0.00
2097151,-156.60,276,2.25,542,2,62069,15_46_32_30_04_2025,-0.11,9.54,1.45,0.00,-0.00,0.00
2097151,-156.60,660,2.22,545,2,62137,15_46_32_30_04_2025,-0.10,9.55,1.43,0.00,-0.00,0.00
2097151,-156.60,660,2.22,544,2,62232,15_46_32_30_04_2025,-0.11,9.55,1.45,0.00,-0.00,0.00
2097151,-156.60,-1232,2.37,543,2,62325,15_46_32_30_04_2025,-0.11,9.55,1.44,0.00,-0.01,-0.00
2097151,-156.60,-701,2.33,544,2,62420,15_46_32_30_04_2025,-0.11,9.55,1.46,0.01,-0.00,0.00
2097151,-156.60,-898,2.34,544,2,62464,15_46_32_30_04_2025,-0.10,9.55,1.45,0.01,-0.00,-0.00
2097151,-156.60,-898,2.34,544,2,62532,15_46_32_30_04_2025,-0.11,9.55,1.46,0.00,-0.00,-0.00
2097151,-156.60,-1128,2.36,544,2,62627,15_46_32_30_04_2025,-0.11,9.54,1.43,0.01,0.00,-0.00
2097151,-156.60,-2471,2.46,544,2,62721,15_46_32_30_04_2025,-0.10,9.55,1.45,0.01,-0.00,0.00
2097151,-156.60,-1442,2.38,543,2,62815,15_46_32_30_04_2025,-0.10,9.54,1.44,0.00,-0.01,-0.00
2097151,-156.60,-1994,2.42,543,2,62859,15_46_32_30_04_2025,-0.11,9.55,1.45,0.01,-0.00,-0.00
2097151,-156.60,-1993,2.42,544,2,62926,15_46_32_30_04_2025,-0.11,9.56,1.45,0.01,-0.00,0.00
2097151,-156.60,-1883,2.42,544,2,63022,15_46_32_30_04_2025,-0.10,9.55,1.45,0.01,-0.00,-0.00
2097151,-156.60,-1581,2.39,544,2,63116,15_46_33_30_04_2025,-0.10,9.54,1.44,0.00,-0.00,-0.00
2097151,-156.60,-1628,2.40,544,2,63209,15_46_33_30_04_2025,-0.11,9.55,1.46,0.00,-0.00,-0.00
2097151,-156.60,-2024,2.43,544,2,63259,15_46_33_30_04_2025,-0.10,9.56,1.44,0.00,-0.00,0.00
2097151,-156.60,-1733,2.40,544,2,63321,15_46_33_30_04_2025,-0.11,9.55,1.45,0.00,-0.00,0.00
2097151,-156.60,-1612,2.39,544,2,63417,15_46_33_30_04_2025,-0.11,9.56,1.46,0.00,-0.00,-0.00
2097151,-156.60,-2042,2.43,544,2,63511,15_46_33_30_04_2025,-0.10,9.54,1.45,0.00,-0.00,0.00
2097151,-156.60,-1617,2.40,544,2,63604,15_46_33_30_04_2025,-0.11,9.56,1.45,0.00,-0.00,-0.00
2097151,-156.60,-1574,2.39,544,2,63650,15_46_33_30_04_2025,-0.10,9.56,1.45,0.00,-0.00,-0.00
2097151,-156.60,-1288,2.37,543,2,63716,15_46_33_30_04_2025,-0.10,9.55,1.45,0.00,-0.00,0.00
2097151,-156.60,-1575,2.39,543,2,63813,15_46_33_30_04_2025,-0.12,9.56,1.45,0.01,-0.00,0.00
2097151,-156.60,-1699,2.40,544,2,63906,15_46_33_30_04_2025,-0.12,9.54,1.45,0.00,-0.00,-0.00
2097151,-156.60,-940,2.34,544,2,63999,15_46_33_30_04_2025,-0.11,9.55,1.45,0.00,-0.00,-0.00
2097151,-156.60,-1281,2.37,544,2,64042,15_46_34_30_04_2025,-0.12,9.55,1.46,0.00,-0.00,0.00
2097151,-156.60,-1630,2.40,543,2,64111,15_46_34_30_04_2025,-0.12,9.54,1.45,0.00,-0.00,-0.00
2097151,-156.60,-1873,2.41,544,2,64207,15_46_34_30_04_2025,-0.11,9.55,1.45,0.00,-0.00,0.00
2097151,-156.60,-1703,2.40,543,2,64300,15_46_34_30_04_2025,-0.10,9.56,1.46,0.00,-0.00,-0.00
2097151,-156.60,-1645,2.40,544,2,64393,15_46_34_30_04_2025,-0.11,9.55,1.44,0.00,-0.00,0.00
2097151,-156.60,-1719,2.40,544,2,64438,15_46_34_30_04_2025,-0.10,9.55,1.45,0.01,-0.00,-0.00
2097151,-156.60,-1821,2.41,544,2,64505,15_46_34_30_04_2025,-0.10,9.55,1.45,0.00,-0.00,-0.00
2097151,-156.60,-906,2.34,544,2,64601,15_46_34_30_04_2025,-0.11,9.55,1.45,0.00,-0.00,-0.00
2097151,-156.60,-2138,2.43,544,2,64695,15_46_34_30_04_2025,-0.11,9.56,1.44,0.00,0.00,-0.01
2097151,-156.60,-3379,2.53,544,2,64789,15_46_34_30_04_2025,-0.13,9.57,1.48,-0.00,0.01,-0.02
2097151,-156.60,-2011,2.43,543,2,64833,15_46_34_30_04_2025,-0.16,9.54,1.47,-0.00,0.01,-0.02
2097151,-156.60,-951,2.34,544,2,64901,15_46_34_30_04_2025,-0.16,9.56,1.46,-0.00,0.01,-0.03
2097151,-156.60,-833,2.34,544,2,64996,15_46_34_30_04_2025,-0.20,9.50,1.48,0.00,0.01,-0.01
2097151,-156.60,-947,2.34,544,2,65089,15_46_35_30_04_2025,-0.17,9.54,1.46,0.01,0.00,-0.00
2097151,-156.60,-1199,2.36,544,2,65183,15_46_35_30_04_2025,-0.18,9.55,1.48,0.00,-0.01,0.00
2097151,-156.60,-1126,2.36,544,2,65228,15_46_35_30_04_2025,-0.17,9.54,1.47,0.01,-0.00,0.01
2097151,-156.60,-1078,2.35,541,2,65295,15_46_35_30_04_2025,-0.17,9.54,1.48,0.01,-0.00,0.01
2097151,-156.60,-1007,2.35,544,2,65390,15_46_35_30_04_2025,-0.16,9.54,1.48,0.01,-0.00,0.01
2097151,-156.60,-1171,2.36,544,2,65486,15_46_35_30_04_2025,-0.16,9.56,1.46,0.00,-0.00,0.00
2097151,-156.60,-1122,2.36,544,2,65579,15_46_35_30_04_2025,-0.16,9.55,1.47,0.00,-0.00,-0.00
2097151,-156.60,-634,2.32,544,2,65624,15_46_35_30_04_2025,-0.15,9.55,1.47,0.00,-0.00,0.00
2097151,-156.60,-611,2.32,542,2,65689,15_46_35_30_04_2025,-0.15,9.55,1.46,0.00,-0.01,0.00
2097151,-156.60,-1057,2.35,544,2,65786,15_46_35_30_04_2025,-0.17,9.54,1.47,0.00,-0.00,-0.00
2097151,-156.60,-1458,2.38,545,2,65880,15_46_35_30_04_2025,-0.15,9.55,1.47,0.01,-0.00,0.00
2097151,-156.60,-1493,2.39,544,2,65973,15_46_35_30_04_2025,-0.15,9.54,1.46,0.00,-0.00,0.00
2097151,-156.60,-4308,2.60,543,2,66016,15_46_36_30_04_2025,-0.15,9.56,1.46,0.01,-0.00,0.00
2097151,-156.60,-8348,2.91,544,2,66085,15_46_36_30_04_2025,-0.15,9.55,1.46,0.01,0.00,0.01
2097151,-156.60,-4631,2.62,544,2,66181,15_46_36_30_04_2025,-0.14,9.55,1.45,0.01,-0.00,0.01
2097151,-156.60,-30299,4.57,544,2,66274,15_46_36_30_04_2025,-0.14,9.54,1.46,0.01,-0.01,0.01
2097151,-156.60,-71824,7.71,544,2,66368,15_46_36_30_04_2025,-0.14,9.54,1.47,0.01,-0.00,0.00
2097151,-156.60,-123612,11.64,544,2,66464,15_46_36_30_04_2025,-0.13,9.55,1.46,0.01,-0.01,0.00
2097151,-156.60,-153693,13.92,544,2,66509,15_46_36_30_04_2025,-0.12,9.56,1.46,0.00,-0.01,0.00
2097151,-156.60,-168110,15.01,545,2,66578,15_46_36_30_04_2025,-0.12,9.56,1.46,0.00,-0.01,0.00
2097151,-156.60,-184007,16.21,543,2,66673,15_46_36_30_04_2025,-0.11,9.55,1.45,0.00,-0.00,-0.00
2097151,-156.60,-220587,18.98,544,2,66768,15_46_36_30_04_2025,-0.11,9.55,1.44,0.01,-0.00,-0.00
2097151,-156.60,-241658,20.58,543,2,66865,15_46_36_30_04_2025,-0.11,9.55,1.45,0.00,-0.00,0.00
2097151,-156.60,-242938,20.68,543,2,66959,15_46_36_30_04_2025,-0.11,9.55,1.45,0.00,-0.00,-0.00
2097151,-156.60,-232000,19.85,546,2,67003,15_46_37_30_04_2025,-0.11,9.55,1.45,0.00,-0.00,-0.00
2097151,-156.60,-205028,17.81,543,2,67072,15_46_37_30_04_2025,-0.11,9.55,1.45,0.00,-0.00,0.00
2097151,-156.60,-151511,13.75,542,2,67169,15_46_37_30_04_2025,-0.10,9.55,1.45,0.00,-0.00,-0.00
2097151,-156.60,-93024,9.32,544,2,67265,15_46_37_30_04_2025,-0.12,9.54,1.45,0.00,-0.00,-0.00
2097151,-156.60,-41231,5.40,544,2,67357,15_46_37_30_04_2025,-0.11,9.55,1.45,0.01,-0.01,0.00
2097151,-156.60,-9074,2.96,542,2,67452,15_46_37_30_04_2025,-0.11,9.55,1.45,0.00,-0.00,0.00
2097151,-156.60,-1658,2.40,545,2,67496,15_46_37_30_04_2025,-0.11,9.56,1.45,0.00,-0.01,0.00
2097151,-156.60,-662,2.32,544,2,67564,15_46_37_30_04_2025,-0.14,9.48,1.36,0.01,0.01,-0.01
2097151,-156.60,-574,2.32,543,2,67659,15_46_37_30_04_2025,-0.11,9.55,1.46,0.00,-0.01,0.00
2097151,-156.60,-836,2.34,544,2,67752,15_46_37_30_04_2025,-0.10,9.56,1.47,0.00,0.00,-0.01
2097151,-156.60,-974,2.35,544,2,67846,15_46_37_30_04_2025,-0.14,9.53,1.47,-0.01,0.01,-0.03
2097151,-156.60,-992,2.35,544,2,67892,15_46_37_30_04_2025,-0.15,9.54,1.46,0.00,0.02,-0.01
2097151,-156.60,-841,2.34,545,2,67959,15_46_37_30_04_2025,-0.17,9.54,1.49,-0.00,0.02,-0.02
2097151,-156.60,-829,2.34,544,2,68053,15_46_38_30_04_2025,-0.18,9.54,1.48,0.01,0.01,-0.01
2097151,-156.60,-851,2.34,543,2,68147,15_46_38_30_04_2025,0.40,10.36,1.04,0.03,-0.05,-0.06
2097151,-156.60,-810,2.33,544,2,68241,15_46_38_30_04_2025,-1.03,10.44,1.25,2.97,-0.51,-0.24
2097151,-156.60,-777,2.33,544,2,68286,15_46_38_30_04_2025,0.97,8.16,-1.85,0.67,-0.34,0.13
2097151,-156.60,-804,2.33,544,2,68353,15_46_38_30_04_2025,0.47,9.53,-4.52,-1.57,-0.85,-0.27
2097151,-156.60,-743,2.33,544,2,68449,15_46_38_30_04_2025,-0.59,9.84,0.44,-1.71,0.59,0.07
2097151,-156.60,-1033,2.35,544,2,68543,15_46_38_30_04_2025,-0.30,9.77,1.45,-1.46,0.56,0.27
2097151,-156.60,-710,2.33,544,2,68637,15_46_38_30_04_2025,-0.23,9.61,1.52,0.01,-0.01,0.00
2097151,-156.60,-969,2.35,543,2,68682,15_46_38_30_04_2025,-0.24,9.53,1.45,0.01,-0.00,-0.00
2097151,-156.60,-1023,2.35,541,2,68749,15_46_38_30_04_2025,-0.25,9.54,1.48,0.01,-0.00,-0.00
2097151,-156.60,-706,2.33,545,2,68844,15_46_38_30_04_2025,-0.24,9.54,1.46,0.01,-0.00,-0.00
2097151,-156.60,-833,2.34,543,2,68938,15_46_38_30_04_2025,-0.25,9.54,1.47,0.00,-0.00,-0.00
2097151,-156.60,-832,2.34,544,2,69031,15_46_38_30_04_2025,-0.25,9.53,1.44,-0.01,0.00,-0.00
2097151,-156.60,-853,2.34,542,2,69075,15_46_39_30_04_2025,-0.25,9.55,1.48,0.00,0.02,0.00
2097151,-156.60,-1094,2.36,542,2,69143,15_46_39_30_04_2025,-0.25,9.54,1.46,0.02,0.00,-0.00
2097151,-156.60,-861,2.34,541,2,69239,15_46_39_30_04_2025,-0.25,9.55,1.47,0.01,-0.00,0.00
2097151,-156.60,-744,2.33,544,2,69333,15_46_39_30_04_2025,-0.23,9.56,1.47,0.00,0.01,0.00
2097151,-156.60,-639,2.32,543,2,69425,15_46_39_30_04_2025,-0.23,9.52,1.34,-0.02,0.02,0.01
2097151,-156.60,-689,2.32,542,2,69469,15_46_39_30_04_2025,-0.24,9.54,1.47,0.04,-0.01,0.00
2097151,-156.60,-872,2.34,544,2,69539,15_46_39_30_04_2025,-0.26,9.51,1.50,0.03,-0.00,0.01
2097151,-156.60,-853,2.34,544,2,69634,15_46_39_30_04_2025,-0.24,9.55,1.48,-0.00,0.01,0.00
2097151,-156.60,-920,2.34,543,2,69727,15_46_39_30_04_2025,-0.24,9.54,1.48,0.01,-0.00,0.00
2097151,-156.60,-1188,2.36,544,2,69820,15_46_39_30_04_2025,-0.23,9.56,1.48,0.03,-0.01,0.01
2097151,-156.60,-1063,2.35,544,2,69868,15_46_39_30_04_2025,-0.09,10.03,2.07,-0.04,-0.05,0.11
2097151,-156.60,-895,2.34,544,2,69934,15_46_39_30_04_2025,-0.18,9.59,1.48,-0.03,-0.01,-0.01
2097151,-156.60,-867,2.34,544,2,70028,15_46_39_30_04_2025,-0.21,9.55,1.48,-0.01,-0.00,-0.01
2097151,-156.60,-783,2.33,544,2,70122,15_46_40_30_04_2025,-0.22,9.54,1.47,0.00,-0.00,-0.00
2097151,-156.60,-895,2.34,544,2,70215,15_46_40_30_04_2025,-0.23,9.54,1.48,0.00,-0.00,-0.01
2097151,-156.60,-773,2.33,544,2,70263,15_46_40_30_04_2025,-0.22,9.55,1.48,-0.00,-0.01,-0.01
2097151,-156.60,-827,2.34,543,2,70328,15_46_40_30_04_2025,-0.21,9.56,1.48,0.01,-0.01,-0.01
2097151,-156.60,-1244,2.37,545,2,72198,15_46_40_30_04_2025,-0.24,9.55,1.48,-0.00,-0.01,-0.01
2097151,-156.60,-1031,2.35,544,2,74881,15_46_42_30_04_2025,2.79,3.64,-9.76,-0.79,-0.32,0.73
2097151,-156.60,-1095,2.36,544,2,77562,15_46_44_30_04_2025,2.62,6.19,-4.10,-1.55,-0.35,-0.11
2097151,-156.60,-1192,2.36,544,2,80242,15_46_47_30_04_2025,0.18,9.40,4.09,0.15,0.42,0.25
2097151,-156.60,-824,2.34,544,2,82926,15_46_50_30_04_2025,0.62,8.99,3.20,0.44,1.07,0.19
