-8907,2.95,0,2.27,665,3,1011,09_26_05_19_05_2025,-2.97,0.68,9.39,0.27,-4.00,2.32
-8935,2.95,-89,2.28,665,3,1096,09_26_05_19_05_2025,-2.96,0.67,9.40,-0.02,0.00,-0.01
-8981,2.95,-130,2.28,665,3,1118,09_26_05_19_05_2025,-2.98,0.63,9.44,-0.03,0.00,-0.02
-9160,2.97,58,2.27,665,3,1145,09_26_05_19_05_2025,-2.97,0.65,9.40,0.00,-0.00,-0.01
-9060,2.96,315,2.25,665,3,1168,09_26_05_19_05_2025,-2.97,0.67,9.39,0.01,-0.00,-0.00
-8975,2.95,-40,2.28,665,3,1190,09_26_05_19_05_2025,-2.96,0.65,9.40,0.00,-0.00,0.00
-9165,2.97,171,2.26,664,3,1213,09_26_05_19_05_2025,-2.96,0.65,9.40,0.01,-0.01,0.00
-8926,2.95,103,2.26,665,3,1238,09_26_05_19_05_2025,-2.96,0.64,9.41,0.01,-0.00,0.00
-8936,2.95,141,2.26,664,3,1264,09_26_05_19_05_2025,-2.96,0.64,9.40,0.03,-0.01,0.01
-9044,2.96,168,2.26,665,3,1289,09_26_05_19_05_2025,-2.95,0.70,9.40,0.02,-0.00,0.01
-9223,2.97,177,2.26,664,3,1315,09_26_05_19_05_2025,-2.95,0.71,9.40,-0.02,0.01,0.00
-8958,2.95,164,2.26,665,3,1340,09_26_05_19_05_2025,-2.99,0.66,9.41,0.00,0.02,-0.00
-8917,2.95,201,2.26,665,3,1365,09_26_05_19_05_2025,-2.96,0.66,9.42,0.00,0.02,-0.01
-9027,2.96,305,2.25,665,3,1394,09_26_05_19_05_2025,-2.38,0.67,9.63,0.01,-0.04,-0.01
-9062,2.96,123,2.26,664,3,1416,09_26_05_19_05_2025,-3.40,0.65,9.29,0.01,-0.01,0.01
-9350,2.98,226,2.26,665,3,1442,09_26_05_19_05_2025,-3.00,0.61,9.39,0.01,-0.00,-0.00
-9284,2.98,230,2.26,664,3,1467,09_26_05_19_05_2025,-2.97,0.64,9.42,0.01,-0.00,0.04
-9307,2.98,211,2.26,665,3,1493,09_26_05_19_05_2025,-2.72,0.55,9.49,0.03,-0.00,0.04
-9242,2.97,60,2.27,665,3,1518,09_26_05_19_05_2025,-2.83,0.70,9.44,-0.01,-0.00,0.03
-9253,2.97,278,2.25,665,3,1547,09_26_05_19_05_2025,-2.81,0.61,9.43,-0.00,-0.00,0.00
-9296,2.98,289,2.25,665,3,1569,09_26_05_19_05_2025,-2.80,0.54,9.40,-0.01,-0.01,0.04
-9488,2.99,222,2.26,665,3,1595,09_26_05_19_05_2025,-2.96,0.70,9.37,0.00,-0.01,-0.01
-9366,2.98,371,2.24,666,3,1620,09_26_05_19_05_2025,-3.13,0.72,9.37,0.01,-0.01,0.00
-9480,2.99,217,2.26,665,3,1645,09_26_05_19_05_2025,-3.26,0.80,9.28,0.00,-0.02,0.01
-9531,2.99,161,2.26,665,3,1671,09_26_06_19_05_2025,-3.00,0.67,9.40,0.00,-0.01,-0.00
-9260,2.97,219,2.26,665,3,1699,09_26_06_19_05_2025,-2.98,0.65,9.40,0.01,-0.01,0.00
-9189,2.97,420,2.24,665,3,1722,09_26_06_19_05_2025,-2.98,0.69,9.40,0.04,-0.02,0.00
-9171,2.97,198,2.26,665,3,1747,09_26_06_19_05_2025,-2.99,0.65,9.45,0.07,-0.03,-0.00
-9219,2.97,259,2.25,665,3,1773,09_26_06_19_05_2025,-2.98,0.67,9.31,0.20,-0.04,0.06
-9034,2.96,14,2.27,666,3,1798,09_26_06_19_05_2025,-2.97,0.73,9.39,0.01,0.01,0.02
-9137,2.96,136,2.26,665,3,1824,09_26_06_19_05_2025,-2.95,0.76,9.39,0.01,0.00,-0.00
-9109,2.96,110,2.26,665,3,1853,09_26_06_19_05_2025,-2.94,0.81,9.38,-0.01,0.01,-0.01
-9149,2.97,102,2.27,665,3,1876,09_26_06_19_05_2025,-2.97,0.75,9.41,-0.03,0.00,-0.04
-9241,2.97,257,2.25,665,3,1898,09_26_06_19_05_2025,-2.95,0.73,9.38,-0.04,0.00,-0.05
-9401,2.98,217,2.26,665,3,1921,09_26_06_19_05_2025,-3.01,0.70,9.40,-0.06,0.00,-0.03
-9405,2.99,263,2.25,665,3,1944,09_26_06_19_05_2025,-3.02,0.71,9.42,-0.01,-0.02,-0.02
-9094,2.96,375,2.24,665,3,1969,09_26_06_19_05_2025,-2.97,0.70,9.39,0.00,-0.02,-0.02
-9080,2.96,244,2.25,664,3,1997,09_26_06_19_05_2025,-3.14,0.63,9.35,0.04,-0.03,-0.01
-9035,2.96,166,2.26,665,3,2020,09_26_06_19_05_2025,-2.82,0.67,9.50,0.06,0.00,0.04
-9055,2.96,342,2.25,665,3,2042,09_26_06_19_05_2025,-2.92,0.71,9.38,0.10,-0.01,0.06
-8901,2.95,118,2.26,665,3,2065,09_26_06_19_05_2025,-2.90,0.79,9.40,0.01,0.01,0.01
-8961,2.95,347,2.25,665,3,2088,09_26_06_19_05_2025,-2.89,0.76,9.43,0.02,-0.00,0.00
-9055,2.96,43,2.27,665,3,2110,09_26_06_19_05_2025,-2.97,0.76,9.41,0.02,0.00,0.01
-9233,2.97,-18,2.27,665,3,2136,09_26_06_19_05_2025,-2.92,0.77,9.40,0.15,-0.03,0.04
-9406,2.99,355,2.25,665,3,2158,09_26_06_19_05_2025,-2.77,0.87,9.17,-0.13,0.05,-0.03
-9195,2.97,316,2.25,665,3,2181,09_26_06_19_05_2025,-2.85,0.14,9.60,-0.08,-0.05,-0.17
-9168,2.97,211,2.26,665,3,2203,09_26_06_19_05_2025,-2.98,0.74,9.40,0.01,-0.01,-0.00
-9063,2.96,419,2.24,664,3,2228,09_26_06_19_05_2025,-3.05,0.80,9.37,0.05,-0.02,-0.03
-9174,2.97,381,2.24,665,3,2254,09_26_06_19_05_2025,-2.92,0.76,9.42,0.06,-0.01,-0.03
-9018,2.96,416,2.24,664,3,2282,09_26_06_19_05_2025,-2.90,0.78,9.39,0.02,-0.01,-0.00
-8923,2.95,585,2.23,665,3,2305,09_26_06_19_05_2025,-2.97,0.84,9.40,-0.00,-0.01,-0.01
-8905,2.95,242,2.25,665,3,2330,09_26_06_19_05_2025,-2.89,0.76,9.39,-0.03,-0.00,-0.01
-8846,2.94,242,2.25,665,3,2355,09_26_06_19_05_2025,-2.96,0.76,9.41,-0.01,-0.00,-0.00
-9128,2.96,583,2.23,665,3,2381,09_26_06_19_05_2025,-2.95,0.78,9.42,0.00,-0.01,0.00
-8901,2.95,98,2.27,665,3,2406,09_26_06_19_05_2025,-2.93,0.76,9.40,0.00,-0.01,0.00
-9135,2.96,54,2.27,665,3,2434,09_26_06_19_05_2025,-2.93,0.75,9.40,-0.00,-0.00,0.00
-9061,2.96,341,2.25,666,3,2456,09_26_06_19_05_2025,-2.94,0.77,9.42,-0.01,0.00,-0.00
-8888,2.95,247,2.25,665,3,2482,09_26_06_19_05_2025,-2.91,0.73,9.41,-0.01,0.01,0.01
-9130,2.96,195,2.26,665,3,2507,09_26_06_19_05_2025,-3.01,0.81,9.41,-0.01,0.01,0.01
-9127,2.96,127,2.26,665,3,2533,09_26_06_19_05_2025,-2.96,0.74,9.42,-0.01,-0.00,-0.00
-9032,2.96,249,2.25,665,3,2558,09_26_06_19_05_2025,-2.96,0.76,9.40,-0.01,-0.01,-0.00
-8919,2.95,182,2.26,665,3,2588,09_26_06_19_05_2025,-2.95,0.72,9.41,-0.00,-0.02,-0.00
-9055,2.96,111,2.26,664,3,2610,09_26_06_19_05_2025,-2.95,0.74,9.39,0.00,-0.01,-0.00
-9114,2.96,273,2.25,665,3,2633,09_26_06_19_05_2025,-2.95,0.75,9.40,0.01,-0.01,0.00
-9077,2.96,63,2.27,665,3,2655,09_26_06_19_05_2025,-2.98,0.80,9.42,-0.01,0.01,0.04
-9125,2.96,148,2.26,665,3,2678,09_26_07_19_05_2025,-2.89,0.63,9.42,0.01,0.01,0.03
-9025,2.96,-42,2.28,665,3,2703,09_26_07_19_05_2025,-2.83,0.70,9.45,0.00,0.00,0.01
-8827,2.94,319,2.25,665,3,2732,09_26_07_19_05_2025,-2.95,0.77,9.39,0.02,0.01,0.00
-8854,2.94,132,2.26,664,3,2754,09_26_07_19_05_2025,-2.97,0.78,9.39,0.01,0.00,0.00
-9017,2.96,314,2.25,665,3,2780,09_26_07_19_05_2025,-2.96,0.75,9.39,-0.01,0.00,-0.01
-8966,2.95,239,2.25,665,3,2805,09_26_07_19_05_2025,-2.96,0.72,9.40,-0.01,-0.00,-0.01
-9077,2.96,265,2.25,665,3,2831,09_26_07_19_05_2025,-2.94,0.71,9.41,-0.00,-0.01,-0.00
-9237,2.97,143,2.26,665,3,2856,09_26_07_19_05_2025,-2.94,0.75,9.41,0.01,-0.01,0.00
-8946,2.95,375,2.24,665,3,2884,09_26_07_19_05_2025,-2.97,0.76,9.39,0.01,-0.00,0.00
-9044,2.96,60,2.27,666,3,2907,09_26_07_19_05_2025,-2.97,0.76,9.39,0.00,-0.00,-0.00
-8952,2.95,127,2.26,665,3,2932,09_26_07_19_05_2025,-2.96,0.73,9.40,0.00,-0.00,-0.00
-9042,2.96,213,2.26,665,3,2958,09_26_07_19_05_2025,-2.93,0.73,9.40,0.01,0.00,-0.00
-9046,2.96,283,2.25,665,3,2983,09_26_07_19_05_2025,-2.93,0.74,9.41,0.00,-0.00,-0.00
-9147,2.97,116,2.26,665,3,3009,09_26_07_19_05_2025,-2.95,0.74,9.39,-0.00,-0.00,-0.00
-9094,2.96,194,2.26,665,3,3037,09_26_07_19_05_2025,-2.99,0.74,9.39,0.01,-0.01,-0.02
-9120,2.96,294,2.25,665,3,3059,09_26_07_19_05_2025,-2.97,0.76,9.40,0.00,-0.00,-0.01
-9316,2.98,253,2.25,665,3,3085,09_26_07_19_05_2025,-2.94,0.75,9.41,0.00,-0.00,-0.00
-9078,2.96,39,2.27,665,3,3110,09_26_07_19_05_2025,-2.95,0.74,9.42,0.01,-0.00,0.00
-9218,2.97,374,2.24,664,3,3136,09_26_07_19_05_2025,-2.96,0.74,9.40,0.00,-0.00,-0.00
-9155,2.97,188,2.26,664,3,3161,09_26_07_19_05_2025,-2.94,0.74,9.40,0.00,-0.00,0.00
-9068,2.96,349,2.25,665,3,3189,09_26_07_19_05_2025,-2.94,0.76,9.40,0.01,-0.00,0.00
-9002,2.95,259,2.25,665,3,3212,09_26_07_19_05_2025,-2.96,0.77,9.40,0.01,-0.00,0.00
-9249,2.97,112,2.26,665,3,3237,09_26_07_19_05_2025,-2.96,0.73,9.41,0.00,-0.00,-0.00
-9217,2.97,203,2.26,665,3,3263,09_26_07_19_05_2025,-2.97,0.74,9.40,0.01,-0.00,0.00
-9090,2.96,217,2.26,664,3,3289,09_26_07_19_05_2025,-2.96,0.76,9.40,0.01,-0.00,0.00
-9008,2.96,207,2.26,664,3,3312,09_26_07_19_05_2025,-2.94,0.76,9.39,0.01,-0.01,0.00
-9107,2.96,278,2.25,665,3,3337,09_26_07_19_05_2025,-2.96,0.74,9.40,0.00,-0.00,-0.00
-9092,2.96,197,2.26,665,3,3359,09_26_07_19_05_2025,-2.95,0.74,9.40,0.00,-0.00,-0.00
-8947,2.95,199,2.26,665,3,3382,09_26_07_19_05_2025,-2.93,0.74,9.41,0.00,-0.00,-0.00
-9044,2.96,311,2.25,665,3,3413,09_26_07_19_05_2025,-2.95,0.76,9.40,0.01,-0.00,0.00
-9001,2.95,250,2.25,665,3,3574,09_26_07_19_05_2025,-2.95,0.76,9.39,0.00,-0.00,-0.00
-9042,2.96,256,2.25,665,3,3597,09_26_07_19_05_2025,-2.96,0.75,9.39,0.01,-0.00,-0.00
-9180,2.97,158,2.26,665,3,3619,09_26_07_19_05_2025,-2.95,0.75,9.42,0.01,-0.00,0.00
-9212,2.97,314,2.25,665,3,3640,09_26_07_19_05_2025,-2.94,0.75,9.40,0.01,-0.00,0.00
-8998,2.95,314,2.25,665,3,3662,09_26_07_19_05_2025,-2.95,0.75,9.40,0.00,-0.00,-0.00
-9161,2.97,262,2.25,664,3,3687,09_26_08_19_05_2025,-2.96,0.74,9.40,0.00,-0.00,-0.00
-9063,2.96,134,2.26,665,3,3713,09_26_08_19_05_2025,-2.96,0.75,9.39,0.01,-0.00,-0.00
-9001,2.95,234,2.26,665,3,3738,09_26_08_19_05_2025,-2.96,0.74,9.42,0.01,-0.00,0.00
-9186,2.97,310,2.25,665,3,3763,09_26_08_19_05_2025,-2.95,0.75,9.39,0.00,-0.00,-0.00
-9186,2.97,142,2.26,665,3,3792,09_26_08_19_05_2025,-2.95,0.74,9.42,0.00,-0.00,-0.00
-9215,2.97,342,2.25,665,3,3814,09_26_08_19_05_2025,-2.94,0.73,9.40,0.00,-0.00,-0.00
-9161,2.97,153,2.26,665,3,3840,09_26_08_19_05_2025,-2.95,0.75,9.39,0.01,-0.00,0.00
-9122,2.96,51,2.27,665,3,3865,09_26_08_19_05_2025,-2.96,0.77,9.40,0.00,-0.00,-0.00
-9098,2.96,125,2.26,665,3,3891,09_26_08_19_05_2025,-2.96,0.76,9.38,0.00,-0.00,0.00
-9184,2.97,140,2.26,665,3,3916,09_26_08_19_05_2025,-2.96,0.73,9.40,0.00,-0.00,-0.00
-9192,2.97,204,2.26,665,3,3944,09_26_08_19_05_2025,-2.94,0.73,9.40,0.00,-0.00,0.00
-9108,2.96,248,2.25,665,3,3967,09_26_08_19_05_2025,-2.94,0.76,9.39,0.00,-0.00,0.00
-9228,2.97,371,2.24,665,3,3992,09_26_08_19_05_2025,-2.96,0.77,9.39,0.00,-0.01,0.00
-9121,2.96,262,2.25,665,3,4018,09_26_08_19_05_2025,-2.97,0.75,9.39,0.00,-0.00,-0.00
-8968,2.95,4,2.27,665,3,4043,09_26_08_19_05_2025,-2.95,0.74,9.39,0.00,-0.00,-0.00
-9090,2.96,232,2.26,665,3,4069,09_26_08_19_05_2025,-2.93,0.74,9.41,0.00,-0.00,-0.00
-9075,2.96,238,2.25,665,3,4097,09_26_08_19_05_2025,-2.95,0.75,9.40,0.00,-0.00,-0.00
-8985,2.95,301,2.25,664,3,4119,09_26_08_19_05_2025,-2.96,0.75,9.40,0.00,-0.00,-0.00
-9200,2.97,59,2.27,665,3,4145,09_26_08_19_05_2025,-2.96,0.76,9.38,0.01,-0.00,0.00
-9178,2.97,258,2.25,665,3,4170,09_26_08_19_05_2025,-2.94,0.76,9.39,0.00,-0.00,0.00
-9089,2.96,393,2.24,665,3,4196,09_26_08_19_05_2025,-2.95,0.75,9.40,0.00,-0.00,-0.00
-9014,2.96,242,2.25,665,3,4221,09_26_08_19_05_2025,-2.97,0.75,9.40,0.00,-0.00,0.00
-9196,2.97,128,2.26,665,3,4249,09_26_08_19_05_2025,-2.92,0.69,9.41,0.01,-0.00,-0.00
-9161,2.97,165,2.26,665,3,4272,09_26_08_19_05_2025,-2.96,0.77,9.39,0.01,-0.00,0.00
-9161,2.97,106,2.26,665,3,4299,09_26_08_19_05_2025,-2.95,0.77,9.40,0.00,-0.00,-0.00
-9034,2.96,290,2.25,665,3,4322,09_26_08_19_05_2025,-2.94,0.75,9.41,0.00,-0.00,-0.00
-9073,2.96,262,2.25,665,3,4344,09_26_08_19_05_2025,-2.96,0.74,9.39,0.01,-0.00,-0.00
-9157,2.97,254,2.25,665,3,4367,09_26_08_19_05_2025,-2.95,0.75,9.41,0.01,-0.00,-0.00
-9149,2.97,310,2.25,665,3,4395,09_26_08_19_05_2025,-2.94,0.76,9.40,0.00,-0.00,0.00
-8909,2.95,232,2.26,665,3,4417,09_26_08_19_05_2025,-2.95,0.75,9.40,0.00,-0.00,-0.00
-9041,2.96,316,2.25,665,3,4443,09_26_08_19_05_2025,-2.96,0.74,9.41,0.00,-0.00,0.00
-9018,2.96,323,2.25,665,3,4468,09_26_08_19_05_2025,-2.96,0.75,9.40,0.01,-0.00,0.00
-8977,2.95,250,2.25,665,3,4494,09_26_08_19_05_2025,-2.95,0.75,9.40,0.00,-0.00,-0.00
-9141,2.97,93,2.27,665,3,4519,09_26_08_19_05_2025,-2.95,0.75,9.41,0.00,-0.01,-0.00
-9015,2.96,325,2.25,665,3,4547,09_26_08_19_05_2025,-2.96,0.73,9.40,0.00,-0.01,-0.00
-9114,2.96,281,2.25,665,3,4570,09_26_08_19_05_2025,-2.95,0.73,9.40,0.00,-0.00,-0.00
-9075,2.96,167,2.26,665,3,4595,09_26_08_19_05_2025,-2.95,0.75,9.39,0.00,-0.00,-0.00
-9051,2.96,367,2.24,665,3,4621,09_26_08_19_05_2025,-2.93,0.75,9.40,0.00,-0.00,-0.00
-8900,2.95,187,2.26,665,3,4646,09_26_08_19_05_2025,-2.95,0.75,9.41,0.01,-0.00,-0.00
-9065,2.96,166,2.26,664,3,4672,09_26_09_19_05_2025,-2.95,0.73,9.40,0.00,-0.00,0.00
-8937,2.95,239,2.25,665,3,4700,09_26_09_19_05_2025,-2.96,0.75,9.39,0.00,-0.01,-0.00
-9008,2.96,120,2.26,665,3,4722,09_26_09_19_05_2025,-2.98,0.76,9.39,-0.01,-0.01,-0.01
-9034,2.96,219,2.26,665,3,4748,09_26_09_19_05_2025,-2.92,0.71,9.41,0.00,-0.01,-0.00
-8776,2.94,235,2.25,665,3,4773,09_26_09_19_05_2025,-2.95,0.75,9.40,0.01,-0.00,0.00
-9123,2.96,275,2.25,665,3,4798,09_26_09_19_05_2025,-2.95,0.74,9.40,0.00,-0.01,-0.00
-8957,2.95,272,2.25,665,3,4824,09_26_09_19_05_2025,-2.92,0.74,9.40,0.00,-0.00,-0.00
-8849,2.94,250,2.25,664,3,4852,09_26_09_19_05_2025,-2.94,0.74,9.40,0.01,0.00,-0.00
-8898,2.95,324,2.25,665,3,4874,09_26_09_19_05_2025,-2.95,0.74,9.39,0.00,-0.00,-0.00
-9170,2.97,429,2.24,665,3,4900,09_26_09_19_05_2025,-2.95,0.73,9.40,0.01,-0.00,-0.00
-8922,2.95,237,2.25,665,3,4925,09_26_09_19_05_2025,-2.95,0.75,9.40,0.01,-0.00,0.00
-9038,2.96,91,2.27,665,3,4950,09_26_09_19_05_2025,-2.94,0.75,9.41,0.00,-0.00,-0.00
-9001,2.95,121,2.26,665,3,4975,09_26_09_19_05_2025,-2.94,0.72,9.40,0.00,-0.01,0.00
-9225,2.97,208,2.26,665,3,5004,09_26_09_19_05_2025,-2.94,0.73,9.40,0.01,-0.00,-0.00
-9030,2.96,207,2.26,665,3,5027,09_26_09_19_05_2025,-2.93,0.74,9.40,0.01,-0.00,0.00
-8908,2.95,319,2.25,665,3,5050,09_26_09_19_05_2025,-2.93,0.75,9.39,0.01,-0.00,-0.00
-9007,2.96,196,2.26,665,3,5072,09_26_09_19_05_2025,-2.95,0.74,9.39,0.01,-0.00,-0.00
-8940,2.95,313,2.25,665,3,5095,09_26_09_19_05_2025,-2.95,0.75,9.41,0.01,-0.00,-0.00
-9045,2.96,198,2.26,666,3,5117,09_26_09_19_05_2025,-2.95,0.76,9.39,0.01,-0.00,-0.00
-8931,2.95,240,2.25,665,3,5143,09_26_09_19_05_2025,-2.94,0.76,9.40,0.00,-0.01,-0.00
-9036,2.96,198,2.26,665,3,5165,09_26_09_19_05_2025,-2.93,0.72,9.40,0.00,-0.00,0.00
-8861,2.94,326,2.25,665,3,5191,09_26_09_19_05_2025,-2.93,0.74,9.40,0.01,-0.00,0.00
-8984,2.95,289,2.25,665,3,5216,09_26_09_19_05_2025,-2.96,0.76,9.38,0.01,-0.00,0.00
-9167,2.97,62,2.27,665,3,5242,09_26_09_19_05_2025,-2.93,0.74,9.41,0.00,-0.00,-0.00
-9083,2.96,321,2.25,666,3,5267,09_26_09_19_05_2025,-2.93,0.73,9.40,0.01,-0.00,0.00
-9155,2.97,131,2.26,665,3,5295,09_26_09_19_05_2025,-2.94,0.74,9.39,0.00,-0.00,-0.00
-9035,2.96,78,2.27,665,3,5318,09_26_09_19_05_2025,-2.95,0.74,9.40,0.00,-0.00,-0.00
-9160,2.97,227,2.26,665,3,5343,09_26_09_19_05_2025,-2.94,0.74,9.40,0.00,-0.01,-0.00
-8987,2.95,367,2.24,665,3,5369,09_26_09_19_05_2025,-2.94,0.74,9.41,0.01,-0.00,-0.00
-9087,2.96,387,2.24,665,3,5394,09_26_09_19_05_2025,-2.94,0.75,9.40,0.00,-0.00,-0.00
-9241,2.97,295,2.25,666,3,5420,09_26_09_19_05_2025,-2.94,0.75,9.40,0.00,-0.01,0.00
-9035,2.96,157,2.26,665,3,5448,09_26_09_19_05_2025,-2.93,0.74,9.41,0.00,-0.00,-0.00
-8967,2.95,139,2.26,665,3,5470,09_26_09_19_05_2025,-2.93,0.73,9.41,0.01,-0.00,-0.00
-9184,2.97,158,2.26,665,3,5496,09_26_09_19_05_2025,-2.94,0.74,9.40,0.01,0.00,0.00
-9031,2.96,370,2.24,664,3,5521,09_26_09_19_05_2025,-2.95,0.75,9.40,0.00,-0.00,-0.00
-9177,2.97,185,2.26,665,3,5547,09_26_09_19_05_2025,-2.94,0.73,9.40,0.00,-0.01,-0.00
-8958,2.95,434,2.24,665,3,5572,09_26_09_19_05_2025,-2.95,0.75,9.42,0.01,-0.00,0.00
-9049,2.96,515,2.23,665,3,5600,09_26_09_19_05_2025,-2.95,0.74,9.39,0.00,-0.01,-0.00
-9047,2.96,324,2.25,665,3,5623,09_26_09_19_05_2025,-2.94,0.75,9.40,-0.00,-0.01,-0.00
-8956,2.95,75,2.27,665,3,5648,09_26_09_19_05_2025,-2.93,0.73,9.42,0.00,-0.00,-0.01
-9068,2.96,53,2.27,665,3,5674,09_26_10_19_05_2025,-2.94,0.72,9.41,0.01,-0.00,0.00
-9124,2.96,212,2.26,665,3,5699,09_26_10_19_05_2025,-2.95,0.74,9.39,0.00,-0.00,0.00
-9045,2.96,307,2.25,665,3,5724,09_26_10_19_05_2025,-2.95,0.75,9.40,0.00,-0.00,-0.00
-9013,2.96,367,2.24,664,3,5754,09_26_10_19_05_2025,-2.94,0.74,9.40,0.01,-0.00,-0.00
-9117,2.96,151,2.26,665,3,5776,09_26_10_19_05_2025,-2.95,0.74,9.40,0.01,-0.00,-0.00
-9043,2.96,59,2.27,665,3,5799,09_26_10_19_05_2025,-2.94,0.73,9.40,0.00,-0.00,-0.00
-9068,2.96,390,2.24,664,3,5822,09_26_10_19_05_2025,-2.94,0.73,9.41,0.00,-0.00,-0.00
-9064,2.96,8,2.27,664,3,5844,09_26_10_19_05_2025,-2.94,0.73,9.41,0.01,-0.00,0.00
-9139,2.97,198,2.26,665,3,5870,09_26_10_19_05_2025,-2.95,0.75,9.41,0.01,-0.00,0.00
-9074,2.96,438,2.24,665,3,5898,09_26_10_19_05_2025,-2.93,0.73,9.40,0.00,-0.00,-0.00
-9112,2.96,140,2.26,665,3,5920,09_26_10_19_05_2025,-2.93,0.72,9.41,0.01,-0.00,0.00
-8816,2.94,207,2.26,665,3,5945,09_26_10_19_05_2025,-2.96,0.76,9.40,0.01,-0.00,0.00
-9101,2.96,77,2.27,666,3,5970,09_26_10_19_05_2025,-2.93,0.73,9.41,0.01,-0.00,-0.00
-9056,2.96,257,2.25,665,3,5996,09_26_10_19_05_2025,-2.94,0.73,9.42,0.01,-0.00,-0.00
-9075,2.96,260,2.25,665,3,6021,09_26_10_19_05_2025,-2.95,0.75,9.41,0.01,0.00,0.00
-9244,2.97,247,2.25,665,3,6049,09_26_10_19_05_2025,-2.96,0.75,9.40,0.00,-0.01,-0.00
-9183,2.97,302,2.25,665,3,6072,09_26_10_19_05_2025,-2.96,0.74,9.40,0.00,-0.01,-0.00
-9013,2.96,326,2.25,665,3,6097,09_26_10_19_05_2025,-2.95,0.73,9.39,0.00,-0.01,0.00
-8716,2.93,325,2.25,665,3,6122,09_26_10_19_05_2025,-2.93,0.72,9.41,0.00,-0.01,0.00
-8961,2.95,275,2.25,665,3,6147,09_26_10_19_05_2025,-2.94,0.75,9.40,0.00,-0.01,0.00
-8921,2.95,277,2.25,666,3,6173,09_26_10_19_05_2025,-2.93,0.74,9.40,0.00,-0.01,-0.00
-8825,2.94,152,2.26,664,3,6198,09_26_10_19_05_2025,-2.93,0.73,9.40,0.01,0.00,0.00
-8868,2.94,246,2.25,665,3,6226,09_26_10_19_05_2025,-2.95,0.75,9.40,0.01,-0.00,-0.00
-9050,2.96,123,2.26,665,3,6248,09_26_10_19_05_2025,-2.95,0.75,9.40,0.01,-0.00,0.00
-9076,2.96,374,2.24,665,3,6274,09_26_10_19_05_2025,-2.95,0.73,9.39,0.00,-0.00,0.00
-9025,2.96,344,2.25,665,3,6299,09_26_10_19_05_2025,-2.95,0.74,9.40,0.01,-0.00,0.00
-8846,2.94,220,2.26,665,3,6325,09_26_10_19_05_2025,-2.92,0.75,9.40,0.00,-0.00,-0.00
-8963,2.95,141,2.26,665,3,6350,09_26_10_19_05_2025,-2.92,0.74,9.42,0.00,-0.00,-0.00
-9035,2.96,410,2.24,665,3,6378,09_26_10_19_05_2025,-2.95,0.74,9.40,0.00,-0.00,0.00
-9042,2.96,240,2.25,664,3,6401,09_26_10_19_05_2025,-2.95,0.74,9.40,0.00,-0.00,-0.00
-9214,2.97,337,2.25,665,3,6426,09_26_10_19_05_2025,-2.95,0.75,9.40,0.01,-0.00,0.00
-9214,2.97,266,2.25,665,3,6451,09_26_10_19_05_2025,-2.94,0.75,9.41,0.01,-0.00,0.00
-9042,2.96,78,2.27,665,3,6478,09_26_10_19_05_2025,-2.94,0.72,9.41,0.00,-0.01,-0.00
-9025,2.96,239,2.25,665,3,6500,09_26_10_19_05_2025,-2.93,0.72,9.41,0.00,-0.01,0.00
-9059,2.96,-37,2.28,666,3,6526,09_26_10_19_05_2025,-2.93,0.72,9.39,0.01,-0.00,-0.00
-8853,2.94,221,2.26,665,3,6548,09_26_10_19_05_2025,-2.95,0.76,9.39,0.01,-0.00,0.00
-8804,2.94,170,2.26,665,3,6571,09_26_10_19_05_2025,-2.95,0.76,9.38,0.01,-0.00,-0.00
-9029,2.96,361,2.25,665,3,6593,09_26_10_19_05_2025,-2.96,0.75,9.39,0.01,-0.00,-0.00
-9128,2.96,305,2.25,665,3,6616,09_26_10_19_05_2025,-2.88,0.69,9.41,0.01,-0.00,0.00
-9061,2.96,168,2.26,665,3,6641,09_26_10_19_05_2025,-2.95,0.74,9.41,0.01,-0.01,-0.00
-9002,2.95,365,2.25,665,3,6669,09_26_11_19_05_2025,-2.97,0.77,9.38,0.00,-0.02,-0.02
-8850,2.94,188,2.26,665,3,6692,09_26_11_19_05_2025,-2.94,0.73,9.37,0.01,-0.02,-0.04
-8831,2.94,34,2.27,665,3,6718,09_26_11_19_05_2025,-3.14,0.95,9.37,0.01,0.01,-0.03
-8984,2.95,-18,2.27,665,3,6743,09_26_11_19_05_2025,-2.96,0.75,9.40,0.01,0.00,-0.01
-8732,2.93,214,2.26,664,3,6769,09_26_11_19_05_2025,-2.91,0.72,9.41,0.02,-0.00,-0.03
-8943,2.95,73,2.27,666,3,6794,09_26_11_19_05_2025,-2.95,0.75,9.41,0.02,0.00,-0.02
-9000,2.95,146,2.26,665,3,6822,09_26_11_19_05_2025,-2.96,0.74,9.40,0.01,-0.00,-0.01
-9130,2.96,81,2.27,664,3,6845,09_26_11_19_05_2025,-2.92,0.68,9.40,-0.00,-0.01,-0.02
-9150,2.97,188,2.26,665,3,6870,09_26_11_19_05_2025,-2.95,0.74,9.42,-0.00,-0.01,-0.00
-8957,2.95,133,2.26,664,3,6896,09_26_11_19_05_2025,-2.96,0.74,9.42,-0.01,-0.03,-0.02
-9022,2.96,63,2.27,665,3,6921,09_26_11_19_05_2025,-2.94,0.78,9.39,-0.01,-0.02,-0.02
-8859,2.94,10,2.27,665,3,6947,09_26_11_19_05_2025,-2.94,0.72,9.39,-0.00,-0.03,-0.05
-8918,2.95,151,2.26,665,3,6975,09_26_11_19_05_2025,-2.88,0.69,9.40,0.00,-0.02,-0.03
-8670,2.93,-87,2.28,665,3,6998,09_26_11_19_05_2025,-2.89,0.70,9.43,0.01,0.00,-0.01
-8756,2.94,177,2.26,665,3,7020,09_26_11_19_05_2025,-2.88,0.66,9.42,0.00,-0.00,-0.00
-9026,2.96,167,2.26,665,3,7043,09_26_11_19_05_2025,-2.87,0.66,9.41,0.03,0.01,0.02
-8953,2.95,-83,2.28,665,3,7066,09_26_11_19_05_2025,-2.89,0.70,9.41,0.05,0.04,0.05
-9089,2.96,314,2.25,665,3,7088,09_26_11_19_05_2025,-3.02,0.81,9.39,0.02,0.02,0.01
-9178,2.97,201,2.26,665,3,7114,09_26_11_19_05_2025,-2.93,0.71,9.40,0.03,0.01,0.01
-9133,2.96,264,2.25,666,3,7136,09_26_11_19_05_2025,-2.98,0.77,9.38,0.02,-0.00,0.01
-8977,2.95,159,2.26,665,3,7160,09_26_11_19_05_2025,-2.93,0.79,9.41,-0.00,0.00,0.02
-9055,2.96,234,2.26,665,3,7182,09_26_11_19_05_2025,-2.94,0.77,9.40,0.00,-0.00,-0.00
-9074,2.96,136,2.26,665,3,7205,09_26_11_19_05_2025,-2.93,0.72,9.41,0.00,-0.00,0.00
-9095,2.96,135,2.26,665,3,7227,09_26_11_19_05_2025,-2.96,0.76,9.38,0.01,-0.00,0.00
-8950,2.95,111,2.26,665,3,7252,09_26_11_19_05_2025,-2.96,0.74,9.39,-0.00,0.00,0.04
-9118,2.96,144,2.26,664,3,7275,09_26_11_19_05_2025,-2.93,0.79,9.39,0.00,-0.00,0.03
-8881,2.95,295,2.25,665,3,7297,09_26_11_19_05_2025,-2.95,0.77,9.40,-0.00,-0.00,-0.00
-8898,2.95,230,2.26,665,3,7320,09_26_11_19_05_2025,-2.95,0.75,9.42,-0.01,-0.00,-0.00
-8929,2.95,138,2.26,664,3,7342,09_26_11_19_05_2025,-2.95,0.74,9.40,0.00,-0.00,-0.00
-9058,2.96,190,2.26,665,3,7365,09_26_11_19_05_2025,-2.95,0.74,9.39,0.01,-0.00,0.00
-8984,2.95,184,2.26,665,3,7390,09_26_11_19_05_2025,-2.94,0.74,9.41,0.00,-0.00,-0.00
-8786,2.94,107,2.26,665,3,7412,09_26_11_19_05_2025,-2.95,0.76,9.41,0.01,0.00,0.00
-8956,2.95,13,2.27,665,3,7435,09_26_11_19_05_2025,-2.95,0.76,9.40,0.01,-0.00,-0.00
-9128,2.96,313,2.25,665,3,7457,09_26_11_19_05_2025,-2.95,0.75,9.40,0.01,-0.00,0.00
-8969,2.95,293,2.25,665,3,7480,09_26_11_19_05_2025,-2.94,0.75,9.39,0.01,-0.00,0.00
-8993,2.95,282,2.25,665,3,7502,09_26_11_19_05_2025,-2.95,0.75,9.41,0.00,-0.00,0.00
-8993,2.95,244,2.25,665,3,7528,09_26_11_19_05_2025,-3.00,0.67,9.41,0.01,-0.00,0.01
-8991,2.95,310,2.25,665,3,7550,09_26_11_19_05_2025,-2.93,0.76,9.42,0.06,-0.01,0.11
-8990,2.95,103,2.26,665,3,7576,09_26_11_19_05_2025,-2.92,0.82,9.40,0.13,-0.01,0.12
-9175,2.97,302,2.25,665,3,7601,09_26_11_19_05_2025,-2.91,0.91,9.40,0.19,-0.02,0.11
-9175,2.97,333,2.25,665,3,7627,09_26_11_19_05_2025,-2.90,0.89,9.39,0.10,-0.01,0.03
-9070,2.96,263,2.25,665,3,7652,09_26_11_19_05_2025,-2.96,0.88,9.36,0.08,-0.01,0.03
-9129,2.96,-41,2.28,665,3,7680,09_26_12_19_05_2025,-2.93,0.86,9.41,0.02,-0.01,0.02
-9036,2.96,33,2.27,665,3,7703,09_26_12_19_05_2025,-2.92,0.96,9.39,0.10,-0.02,0.08
-8889,2.95,256,2.25,665,3,7729,09_26_12_19_05_2025,-2.94,0.90,9.40,0.05,-0.01,0.03
-8948,2.95,17,2.27,665,3,7754,09_26_12_19_05_2025,-2.95,0.92,9.39,0.09,-0.01,0.05
-9124,2.96,264,2.25,665,3,7780,09_26_12_19_05_2025,-2.93,0.95,9.41,0.12,-0.02,0.04
-8943,2.95,55,2.27,665,3,7805,09_26_12_19_05_2025,-2.89,1.05,9.36,0.05,-0.01,0.02
-8991,2.95,386,2.24,665,3,7833,09_26_12_19_05_2025,-2.91,0.99,9.41,0.03,-0.01,0.01
-8948,2.95,189,2.26,664,3,7857,09_26_12_19_05_2025,-2.92,1.00,9.41,0.12,-0.02,0.04
-8873,2.94,122,2.26,665,3,7880,09_26_12_19_05_2025,-2.88,1.11,9.34,0.12,-0.02,0.04
-8942,2.95,86,2.27,666,3,7902,09_26_12_19_05_2025,-2.90,1.09,9.37,0.00,-0.00,-0.00
-9149,2.97,129,2.26,665,3,7925,09_26_12_19_05_2025,-2.92,1.09,9.37,-0.01,-0.00,-0.00
-8943,2.95,205,2.26,665,3,7950,09_26_12_19_05_2025,-2.90,1.07,9.37,0.01,-0.01,0.00
-9019,2.96,260,2.25,665,3,7979,09_26_12_19_05_2025,-2.89,1.10,9.37,-0.00,-0.00,-0.00
-9255,2.97,281,2.25,665,3,8001,09_26_12_19_05_2025,-2.90,1.05,9.40,-0.08,0.01,-0.04
-9082,2.96,305,2.25,665,3,8027,09_26_12_19_05_2025,-2.90,1.07,9.36,-0.05,0.00,-0.03
-9057,2.96,44,2.27,665,3,8052,09_26_12_19_05_2025,-2.92,0.93,9.45,-0.03,0.00,-0.02
-8936,2.95,129,2.26,665,3,8078,09_26_12_19_05_2025,-2.89,1.12,9.36,0.11,-0.02,0.05
-9114,2.96,325,2.25,665,3,8103,09_26_12_19_05_2025,-2.93,0.98,9.45,0.11,-0.02,0.03
-8883,2.95,94,2.27,665,3,8131,09_26_12_19_05_2025,-2.83,1.18,9.32,0.12,-0.01,0.02
-8731,2.93,148,2.26,664,3,8154,09_26_12_19_05_2025,-2.85,1.16,9.35,0.05,-0.00,-0.00
-8775,2.94,157,2.26,665,3,8177,09_26_12_19_05_2025,-2.90,1.14,9.37,-0.00,-0.00,-0.00
-8794,2.94,52,2.27,665,3,8199,09_26_12_19_05_2025,-2.89,1.12,9.38,0.00,-0.01,-0.00
-9036,2.96,259,2.25,664,3,8222,09_26_12_19_05_2025,-2.90,1.13,9.37,0.00,-0.00,-0.00
-8930,2.95,411,2.24,665,3,8244,09_26_12_19_05_2025,-2.89,1.13,9.37,0.01,-0.01,0.00
-8916,2.95,199,2.26,665,3,8267,09_26_12_19_05_2025,-2.88,1.11,9.38,0.01,-0.00,0.00
-9050,2.96,469,2.24,665,3,8292,09_26_12_19_05_2025,-2.90,1.10,9.39,0.01,-0.01,-0.00
-9038,2.96,228,2.26,665,3,8315,09_26_12_19_05_2025,-2.86,1.16,9.36,0.03,-0.01,-0.00
-9052,2.96,364,2.25,665,3,8337,09_26_12_19_05_2025,-2.88,1.14,9.37,0.01,-0.00,0.00
-8853,2.94,-41,2.28,664,3,8360,09_26_12_19_05_2025,-2.90,1.17,9.35,0.01,-0.00,-0.00
-8944,2.95,69,2.27,665,3,8382,09_26_12_19_05_2025,-2.89,1.16,9.36,0.00,-0.00,-0.00
-8860,2.94,62,2.27,665,3,8405,09_26_12_19_05_2025,-2.89,1.12,9.39,-0.01,-0.00,-0.01
-9064,2.96,193,2.26,665,3,8430,09_26_12_19_05_2025,-2.89,1.13,9.38,-0.01,-0.00,-0.01
-9139,2.97,107,2.26,665,3,8452,09_26_12_19_05_2025,-2.88,1.12,9.38,-0.00,-0.00,-0.00
-8999,2.95,255,2.25,665,3,8478,09_26_12_19_05_2025,-2.88,1.13,9.36,-0.01,-0.00,-0.01
-8782,2.94,207,2.26,665,3,8503,09_26_12_19_05_2025,-2.87,1.17,9.35,-0.05,0.00,-0.03
-8870,2.94,133,2.26,665,3,8528,09_26_12_19_05_2025,-2.92,1.05,9.41,-0.06,0.01,-0.03
-8889,2.95,332,2.25,664,3,8554,09_26_12_19_05_2025,-2.91,1.09,9.36,0.01,-0.00,0.00
-8779,2.94,244,2.25,665,3,8583,09_26_12_19_05_2025,-2.88,1.12,9.35,-0.01,-0.00,-0.01
-8745,2.94,110,2.26,665,3,8605,09_26_12_19_05_2025,-2.91,1.05,9.40,-0.04,0.00,-0.02
-8652,2.93,174,2.26,664,3,8628,09_26_12_19_05_2025,-2.89,1.05,9.40,-0.01,-0.00,-0.01
-8822,2.94,42,2.27,665,3,8651,09_26_12_19_05_2025,-2.89,1.05,9.39,0.01,-0.00,0.00
-8995,2.95,143,2.26,665,3,8673,09_26_13_19_05_2025,-2.90,1.07,9.39,0.01,-0.00,0.00
-9239,2.97,102,2.27,665,3,8699,09_26_13_19_05_2025,-2.89,1.08,9.38,0.01,0.00,0.00
-8950,2.95,40,2.27,665,3,8727,09_26_13_19_05_2025,-2.99,1.15,9.31,-0.02,0.00,-0.00
-9092,2.96,165,2.26,665,3,8750,09_26_13_19_05_2025,-2.93,1.09,9.37,-0.11,-0.00,-0.05
-9137,2.96,146,2.26,665,3,8772,09_26_13_19_05_2025,-2.89,0.93,9.44,-0.02,-0.01,-0.02
-9134,2.96,28,2.27,666,3,8795,09_26_13_19_05_2025,-2.90,1.03,9.39,0.02,-0.01,0.01
-9198,2.97,248,2.25,665,3,8817,09_26_13_19_05_2025,-2.90,1.03,9.39,0.01,-0.00,-0.00
-9172,2.97,88,2.27,665,3,8840,09_26_13_19_05_2025,-2.91,1.04,9.39,0.01,-0.00,0.00
-9109,2.96,266,2.25,665,3,8865,09_26_13_19_05_2025,-2.94,0.98,9.42,0.10,-0.02,0.04
-9103,2.96,285,2.25,665,3,8888,09_26_13_19_05_2025,-2.88,1.13,9.33,0.13,-0.02,0.05
-9088,2.96,-101,2.28,665,3,8914,09_26_13_19_05_2025,-2.88,1.10,9.38,0.03,-0.01,0.01
-9199,2.97,155,2.26,665,3,8939,09_26_13_19_05_2025,-2.89,1.08,9.38,-0.00,-0.00,-0.00
-9248,2.97,81,2.27,665,3,8964,09_26_13_19_05_2025,-2.90,1.05,9.43,0.09,-0.01,0.02
-9048,2.96,131,2.26,665,3,8990,09_26_13_19_05_2025,-2.88,1.13,9.36,0.06,-0.00,0.01
-9036,2.96,191,2.26,665,3,9018,09_26_13_19_05_2025,-2.89,1.16,9.35,0.03,-0.00,0.01
-9237,2.97,81,2.27,665,3,9041,09_26_13_19_05_2025,-2.89,1.16,9.36,0.01,-0.00,-0.00
-9281,2.98,-42,2.28,665,3,9066,09_26_13_19_05_2025,-2.93,1.13,9.39,-0.01,-0.00,-0.01
-9025,2.96,-45,2.28,665,3,9092,09_26_13_19_05_2025,-2.90,1.11,9.38,-0.01,-0.01,-0.00
-9471,2.99,-55,2.28,665,3,9117,09_26_13_19_05_2025,-2.87,1.12,9.37,-0.00,0.00,-0.00
-9093,2.96,60,2.27,665,3,9143,09_26_13_19_05_2025,-2.91,1.20,9.34,-0.04,-0.00,-0.01
-8957,2.95,209,2.26,665,3,9171,09_26_13_19_05_2025,-2.88,1.06,9.40,-0.02,0.01,-0.01
-8970,2.95,229,2.26,665,3,9194,09_26_13_19_05_2025,-2.96,1.11,9.35,0.00,0.00,0.00
-9195,2.97,189,2.26,666,3,9219,09_26_13_19_05_2025,-2.89,1.10,9.37,0.01,-0.01,0.00
-9314,2.98,186,2.26,665,3,9244,09_26_13_19_05_2025,-2.88,1.10,9.38,0.01,-0.00,0.00
-9221,2.97,108,2.26,665,3,9271,09_26_13_19_05_2025,-2.89,1.09,9.37,0.00,-0.00,0.00
-9000,2.95,109,2.26,665,3,9294,09_26_13_19_05_2025,-2.90,1.11,9.37,-0.01,-0.00,-0.00
-9089,2.96,163,2.26,665,3,9319,09_26_13_19_05_2025,-2.89,1.14,9.34,-0.05,0.00,-0.02
-8899,2.95,144,2.26,665,3,9345,09_26_13_19_05_2025,-2.92,1.05,9.39,-0.09,0.01,-0.02
-8788,2.94,97,2.27,665,3,9370,09_26_13_19_05_2025,-2.91,1.02,9.39,-0.05,0.01,-0.02
-8979,2.95,250,2.25,665,3,9401,09_26_13_19_05_2025,-2.93,1.03,9.36,-0.01,-0.01,-0.00
-9044,2.96,201,2.26,664,3,9523,09_26_13_19_05_2025,-2.88,1.02,9.39,0.00,-0.00,-0.00
-9017,2.96,240,2.25,665,3,9546,09_26_13_19_05_2025,-2.89,1.03,9.38,0.00,-0.00,-0.00
-9116,2.96,3,2.27,665,3,9574,09_26_13_19_05_2025,-2.91,1.03,9.37,-0.02,0.00,-0.01
-9161,2.97,232,2.26,665,3,9597,09_26_13_19_05_2025,-2.91,1.02,9.39,-0.00,-0.00,-0.00
-9039,2.96,171,2.26,666,3,9619,09_26_13_19_05_2025,-2.91,1.03,9.36,0.00,-0.00,-0.00
-9237,2.97,202,2.26,665,3,9642,09_26_13_19_05_2025,-2.90,1.02,9.38,-0.01,-0.00,-0.01
-9275,2.98,153,2.26,665,3,9664,09_26_14_19_05_2025,-2.89,1.01,9.39,-0.04,0.00,-0.02
-9314,2.98,68,2.27,665,3,9686,09_26_14_19_05_2025,-2.91,1.01,9.39,-0.02,0.00,-0.01
-9133,2.96,-7,2.27,665,3,9712,09_26_14_19_05_2025,-2.91,0.99,9.39,-0.00,-0.00,-0.01
-9201,2.97,273,2.25,665,3,9734,09_26_14_19_05_2025,-2.92,1.00,9.37,0.01,-0.01,0.00
-9053,2.96,119,2.26,665,3,9757,09_26_14_19_05_2025,-2.91,1.02,9.38,0.01,-0.01,0.00
-9005,2.95,115,2.26,665,3,9780,09_26_14_19_05_2025,-2.90,1.00,9.40,0.00,-0.00,-0.00
-9044,2.96,182,2.26,665,3,9802,09_26_14_19_05_2025,-2.93,1.01,9.37,0.01,-0.00,-0.00
-9129,2.96,111,2.26,665,3,9825,09_26_14_19_05_2025,-2.92,1.01,9.39,0.00,-0.00,-0.00
-9204,2.97,-75,2.28,665,3,9853,09_26_14_19_05_2025,-2.91,1.01,9.38,0.00,-0.00,-0.00
-8974,2.95,147,2.26,666,3,9875,09_26_14_19_05_2025,-2.92,1.00,9.39,0.00,-0.00,0.00
-9164,2.97,277,2.25,665,3,9901,09_26_14_19_05_2025,-2.90,1.00,9.39,0.00,-0.00,-0.00
-9146,2.97,194,2.26,665,3,9926,09_26_14_19_05_2025,-2.93,0.98,9.39,-0.00,-0.00,-0.01
-9140,2.97,108,2.26,665,3,9952,09_26_14_19_05_2025,-2.92,1.02,9.38,0.00,-0.00,-0.00
-8967,2.95,338,2.25,665,3,9977,09_26_14_19_05_2025,-2.93,0.98,9.37,0.00,-0.00,-0.01
-9006,2.95,102,2.27,665,3,10005,09_26_14_19_05_2025,-2.90,1.02,9.38,-0.00,-0.00,-0.00
-8945,2.95,77,2.27,665,3,10028,09_26_14_19_05_2025,-2.93,0.99,9.39,0.00,-0.00,-0.01
-8903,2.95,70,2.27,665,3,10050,09_26_14_19_05_2025,-2.90,1.00,9.39,0.01,-0.00,-0.00
-9222,2.97,98,2.27,664,3,10073,09_26_14_19_05_2025,-2.90,1.01,9.39,0.01,-0.00,-0.01
-9063,2.96,226,2.26,664,3,10096,09_26_14_19_05_2025,-2.92,0.99,9.38,0.01,-0.00,-0.01
-9043,2.96,112,2.26,664,3,10118,09_26_14_19_05_2025,-2.93,0.99,9.38,0.01,-0.00,0.00
-8963,2.95,288,2.25,665,3,10143,09_26_14_19_05_2025,-2.91,1.01,9.38,0.01,-0.00,0.00
-8830,2.94,275,2.25,664,3,10166,09_26_14_19_05_2025,-2.90,1.01,9.39,0.00,-0.00,-0.00
-9097,2.96,181,2.26,665,3,10188,09_26_14_19_05_2025,-2.90,1.00,9.39,0.00,-0.00,0.00
-8942,2.95,33,2.27,665,3,10213,09_26_14_19_05_2025,-2.91,0.98,9.40,0.00,-0.00,-0.00
-9011,2.96,172,2.26,665,3,10235,09_26_14_19_05_2025,-2.92,1.01,9.39,0.00,-0.00,-0.00
-8964,2.95,255,2.25,665,3,10258,09_26_14_19_05_2025,-2.93,1.01,9.38,0.00,-0.00,-0.00
-9145,2.97,193,2.26,665,3,10283,09_26_14_19_05_2025,-2.92,1.00,9.39,0.00,-0.00,-0.00
-9179,2.97,59,2.27,665,3,10306,09_26_14_19_05_2025,-2.91,0.97,9.39,0.00,-0.00,-0.00
-9046,2.96,242,2.25,665,3,10331,09_26_14_19_05_2025,-2.91,1.00,9.39,0.00,-0.00,0.00
-9149,2.97,-1,2.27,665,3,10356,09_26_14_19_05_2025,-2.91,1.00,9.38,0.00,-0.00,0.00
-8853,2.94,-9,2.27,664,3,10382,09_26_14_19_05_2025,-2.92,0.99,9.38,0.01,-0.00,0.00
-8908,2.95,251,2.25,665,3,10407,09_26_14_19_05_2025,-2.92,1.00,9.37,0.00,-0.00,-0.00
-9083,2.96,288,2.25,665,3,10436,09_26_14_19_05_2025,-2.91,0.99,9.38,0.00,-0.00,-0.00
-8936,2.95,399,2.24,665,3,10458,09_26_14_19_05_2025,-2.91,1.00,9.40,0.00,-0.00,-0.00
-9018,2.96,232,2.26,665,3,10481,09_26_14_19_05_2025,-2.91,1.00,9.39,0.01,-0.00,-0.00
-9058,2.96,235,2.25,665,3,10503,09_26_14_19_05_2025,-2.91,1.00,9.39,0.01,-0.00,0.00
-9123,2.96,259,2.25,665,3,10526,09_26_14_19_05_2025,-2.93,0.99,9.39,0.00,-0.00,-0.00
-9239,2.97,367,2.24,665,3,10548,09_26_14_19_05_2025,-2.91,1.00,9.38,0.00,-0.00,0.00
-9062,2.96,295,2.25,664,3,10574,09_26_14_19_05_2025,-2.91,1.02,9.38,0.01,-0.00,-0.00
-9075,2.96,284,2.25,665,3,10596,09_26_14_19_05_2025,-2.91,1.00,9.38,0.00,-0.00,-0.00
-8932,2.95,3,2.27,665,3,10619,09_26_14_19_05_2025,-2.92,0.98,9.39,0.01,-0.01,-0.00
-9031,2.96,88,2.27,665,3,10641,09_26_14_19_05_2025,-2.91,0.99,9.39,0.00,-0.00,0.00
-9080,2.96,154,2.26,665,3,10667,09_26_15_19_05_2025,-2.91,1.01,9.37,0.00,-0.01,0.00
-9036,2.96,182,2.26,665,3,10692,09_26_15_19_05_2025,-2.92,1.02,9.39,0.01,-0.00,-0.00
-9010,2.96,101,2.27,665,3,10720,09_26_15_19_05_2025,-2.91,0.99,9.39,0.00,-0.00,-0.00
-9067,2.96,70,2.27,665,3,10743,09_26_15_19_05_2025,-2.90,0.99,9.38,0.00,-0.00,-0.00
-8937,2.95,181,2.26,665,3,10768,09_26_15_19_05_2025,-2.91,1.00,9.39,0.00,-0.00,-0.00
-8735,2.93,210,2.26,665,3,10793,09_26_15_19_05_2025,-2.91,1.00,9.38,0.00,-0.00,-0.00
-9060,2.96,-6,2.27,665,3,10819,09_26_15_19_05_2025,-2.92,0.99,9.38,0.00,-0.00,-0.00
-9161,2.97,222,2.26,665,3,10844,09_26_15_19_05_2025,-2.91,1.01,9.38,0.00,-0.00,-0.00
-8970,2.95,64,2.27,665,3,10881,09_26_15_19_05_2025,-2.91,0.99,9.39,0.01,-0.00,0.00
-8991,2.95,177,2.26,665,3,10905,09_26_15_19_05_2025,-2.92,0.98,9.39,0.01,-0.00,0.00
-8944,2.95,90,2.27,664,3,10930,09_26_15_19_05_2025,-2.92,0.99,9.39,0.01,-0.00,-0.00
-8957,2.95,35,2.27,665,3,10957,09_26_15_19_05_2025,-2.92,1.00,9.39,0.01,-0.00,0.00
-8931,2.95,160,2.26,665,3,10982,09_26_15_19_05_2025,-2.92,1.00,9.39,0.01,-0.00,-0.00
-8983,2.95,15,2.27,665,3,11006,09_26_15_19_05_2025,-2.92,1.00,9.38,0.01,-0.00,-0.00
-9068,2.96,77,2.27,665,3,11034,09_26_15_19_05_2025,-2.91,1.00,9.38,0.01,0.00,-0.00
-9025,2.96,88,2.27,665,3,11058,09_26_15_19_05_2025,-2.91,0.99,9.39,0.00,0.00,-0.00
-9037,2.96,154,2.26,665,3,11083,09_26_15_19_05_2025,-2.89,0.98,9.40,0.00,-0.00,-0.01
-9245,2.97,295,2.25,664,3,11107,09_26_15_19_05_2025,-2.92,0.97,9.40,0.01,-0.00,-0.01
-9150,2.97,261,2.25,664,3,11132,09_26_15_19_05_2025,-2.91,1.00,9.39,0.01,-0.01,0.00
-8966,2.95,83,2.27,665,3,11157,09_26_15_19_05_2025,-2.93,1.02,9.37,0.01,-0.00,0.00
-9117,2.96,281,2.25,665,3,11184,09_26_15_19_05_2025,-2.92,1.02,9.38,0.00,-0.00,-0.00
-8906,2.95,32,2.27,665,3,11212,09_26_15_19_05_2025,-2.90,0.98,9.39,0.00,-0.00,-0.00
-9034,2.96,167,2.26,665,3,11237,09_26_15_19_05_2025,-2.90,0.98,9.39,0.01,-0.00,-0.00
-9076,2.96,93,2.27,666,3,11261,09_26_15_19_05_2025,-2.90,1.00,9.38,0.00,-0.00,0.00
-9119,2.96,253,2.25,665,3,11286,09_26_15_19_05_2025,-2.93,1.00,9.38,0.00,-0.00,-0.00
-8992,2.95,231,2.26,665,3,11310,09_26_15_19_05_2025,-2.93,1.00,9.36,0.01,-0.00,0.00
-9010,2.96,209,2.26,665,3,11338,09_26_15_19_05_2025,-2.91,0.99,9.38,0.00,-0.00,0.00
-9141,2.97,139,2.26,665,3,11362,09_26_15_19_05_2025,-2.91,0.99,9.39,0.01,-0.00,-0.00
-9223,2.97,198,2.26,666,3,11387,09_26_15_19_05_2025,-2.90,0.99,9.39,0.00,-0.00,-0.00
-9133,2.96,304,2.25,665,3,11412,09_26_15_19_05_2025,-2.91,0.98,9.38,0.00,-0.00,0.00
-9134,2.96,248,2.25,665,3,11436,09_26_15_19_05_2025,-2.90,0.99,9.37,0.00,-0.00,0.00
-8884,2.95,239,2.25,665,3,11461,09_26_15_19_05_2025,-2.93,1.00,9.38,0.01,-0.00,-0.00
-9159,2.97,165,2.26,665,3,11488,09_26_15_19_05_2025,-2.91,1.00,9.38,0.01,-0.00,0.00
-8907,2.95,63,2.27,665,3,11516,09_26_15_19_05_2025,-2.90,0.99,9.37,0.00,-0.00,-0.00
-9225,2.97,221,2.26,665,3,11541,09_26_15_19_05_2025,-2.91,0.98,9.39,0.00,-0.00,0.00
-9188,2.97,103,2.26,666,3,11565,09_26_15_19_05_2025,-2.91,1.00,9.38,0.01,-0.00,0.00
-9145,2.97,275,2.25,665,3,11590,09_26_15_19_05_2025,-2.92,1.01,9.37,0.01,-0.00,-0.00
-9397,2.98,196,2.26,664,3,11615,09_26_15_19_05_2025,-2.92,1.00,9.38,0.00,-0.00,-0.00
-9133,2.96,151,2.26,665,3,11643,09_26_15_19_05_2025,-2.92,0.98,9.38,0.00,-0.00,-0.00
-9035,2.96,19,2.27,665,3,11671,09_26_16_19_05_2025,-2.91,1.00,9.39,0.00,-0.00,-0.00
-8953,2.95,19,2.27,665,3,11695,09_26_16_19_05_2025,-2.90,1.00,9.39,0.00,-0.00,-0.00
-8963,2.95,501,2.23,665,3,11720,09_26_16_19_05_2025,-2.91,0.99,9.39,0.00,-0.00,-0.00
-8975,2.95,140,2.26,664,3,11745,09_26_16_19_05_2025,-2.90,0.99,9.38,-0.00,-0.00,-0.01
-9274,2.98,68,2.27,665,3,11769,09_26_16_19_05_2025,-2.94,0.98,9.39,-0.01,0.00,-0.02
-9298,2.98,70,2.27,665,3,11797,09_26_16_19_05_2025,-2.93,1.01,9.38,-0.00,-0.00,-0.01
-9451,2.99,406,2.24,665,3,11822,09_26_16_19_05_2025,-2.94,0.98,9.39,-0.00,-0.00,-0.01
-8997,2.95,305,2.25,665,3,11846,09_26_16_19_05_2025,-2.92,0.96,9.39,0.01,-0.01,0.00
-9121,2.96,287,2.25,665,3,11871,09_26_16_19_05_2025,-2.92,0.97,9.39,0.02,-0.01,0.01
-9022,2.96,131,2.26,664,3,11896,09_26_16_19_05_2025,-2.93,0.98,9.39,0.02,-0.01,0.01
-9028,2.96,195,2.26,665,3,11920,09_26_16_19_05_2025,-2.90,1.01,9.38,0.03,-0.01,0.02
-8833,2.94,-5,2.27,665,3,11948,09_26_16_19_05_2025,-2.90,1.01,9.37,-0.00,-0.00,0.00
-9090,2.96,77,2.27,666,3,11975,09_26_16_19_05_2025,-2.90,1.04,9.37,0.01,0.00,0.02
-9034,2.96,117,2.26,665,3,12000,09_26_16_19_05_2025,-2.89,0.99,9.39,-0.00,0.00,-0.00
-9158,2.97,406,2.24,665,3,12025,09_26_16_19_05_2025,-2.89,0.98,9.40,0.00,0.00,0.00
-9209,2.97,140,2.26,665,3,12049,09_26_16_19_05_2025,-2.93,0.95,9.39,0.03,0.01,0.03
-9277,2.98,135,2.26,665,3,12074,09_26_16_19_05_2025,-3.02,1.09,9.32,0.01,-0.01,0.04
-9075,2.96,138,2.26,664,3,12101,09_26_16_19_05_2025,-2.89,1.00,9.41,0.02,-0.01,0.00
-9054,2.96,-8,2.27,665,3,12126,09_26_16_19_05_2025,-2.93,1.01,9.38,-0.01,0.00,0.00
-8808,2.94,275,2.25,665,3,12150,09_26_16_19_05_2025,-2.89,0.97,9.41,0.00,-0.01,0.02
-8971,2.95,67,2.27,665,3,12175,09_26_16_19_05_2025,-2.89,1.03,9.37,-0.01,-0.01,-0.00
-8877,2.95,255,2.25,665,3,12200,09_26_16_19_05_2025,-3.00,1.13,9.36,-0.19,0.00,-0.14
-9057,2.96,226,2.26,665,3,12224,09_26_16_19_05_2025,-2.92,0.79,9.44,-0.24,-0.00,-0.14
-9205,2.97,48,2.27,665,3,12252,09_26_16_19_05_2025,-2.95,0.93,9.39,0.00,-0.02,-0.02
-8969,2.95,64,2.27,665,3,12276,09_26_16_19_05_2025,-2.86,0.84,9.39,0.03,0.00,0.00
-8842,2.94,-12,2.27,665,3,12301,09_26_16_19_05_2025,-2.87,0.89,9.38,0.00,0.01,-0.00
-8976,2.95,-66,2.28,666,3,12326,09_26_16_19_05_2025,-2.95,0.87,9.41,-0.09,0.01,-0.05
-8905,2.95,32,2.27,666,3,12351,09_26_16_19_05_2025,-2.92,0.88,9.40,-0.00,-0.00,-0.00
-8779,2.94,82,2.27,665,3,12379,09_26_16_19_05_2025,-2.91,0.90,9.38,0.01,-0.00,0.00
-8854,2.94,19,2.27,665,3,12407,09_26_16_19_05_2025,-2.94,0.91,9.39,0.01,-0.00,-0.00
-9032,2.96,232,2.26,665,3,12434,09_26_16_19_05_2025,-2.91,0.86,9.41,0.00,-0.00,-0.00
-8973,2.95,150,2.26,665,3,12459,09_26_16_19_05_2025,-2.87,0.79,9.40,0.02,0.01,0.00
-9083,2.96,-117,2.28,665,3,12484,09_26_16_19_05_2025,-2.91,0.86,9.40,0.01,0.00,0.00
-9070,2.96,183,2.26,666,3,12508,09_26_16_19_05_2025,-2.94,0.92,9.38,0.04,-0.00,0.04
-9011,2.96,112,2.26,665,3,12533,09_26_16_19_05_2025,-2.94,0.91,9.40,0.03,-0.01,0.02
-9120,2.96,182,2.26,665,3,12561,09_26_16_19_05_2025,-2.94,0.87,9.42,0.05,-0.01,0.02
-9074,2.96,227,2.26,664,3,12585,09_26_16_19_05_2025,-2.94,0.97,9.36,0.12,-0.02,0.07
-9232,2.97,7,2.27,665,3,12610,09_26_16_19_05_2025,-2.95,1.07,9.35,-0.02,0.01,0.08
-9118,2.96,47,2.27,665,3,12635,09_26_16_19_05_2025,-2.84,1.02,9.40,-0.01,0.00,0.04
-8864,2.94,137,2.26,665,3,12660,09_26_16_19_05_2025,-2.92,0.98,9.38,0.00,-0.00,-0.00
-8965,2.95,126,2.26,665,3,12684,09_26_17_19_05_2025,-2.91,0.95,9.40,0.00,-0.00,-0.01
-8880,2.95,191,2.26,664,3,12712,09_26_17_19_05_2025,-2.91,0.98,9.38,0.01,-0.00,0.00
-8813,2.94,194,2.26,665,3,12739,09_26_17_19_05_2025,-2.91,0.97,9.39,0.00,-0.00,-0.00
-9125,2.96,148,2.26,665,3,12764,09_26_17_19_05_2025,-2.92,0.99,9.36,-0.02,-0.00,-0.01
-9012,2.96,120,2.26,666,3,12789,09_26_17_19_05_2025,-2.94,0.92,9.41,-0.03,0.00,-0.01
-9144,2.97,4,2.27,666,3,12813,09_26_17_19_05_2025,-2.92,0.94,9.39,-0.00,-0.00,-0.00
-8979,2.95,139,2.26,666,3,12838,09_26_17_19_05_2025,-2.91,0.94,9.39,0.01,-0.00,0.00
-9001,2.95,128,2.26,665,3,12865,09_26_17_19_05_2025,-2.90,0.95,9.39,-0.00,-0.00,0.00
-9229,2.97,135,2.26,665,3,12890,09_26_17_19_05_2025,-2.92,0.95,9.37,-0.04,0.00,-0.02
-8974,2.95,113,2.26,665,3,12915,09_26_17_19_05_2025,-2.94,0.89,9.41,-0.06,0.01,-0.03
-9118,2.96,105,2.26,665,3,12940,09_26_17_19_05_2025,-2.94,0.89,9.40,-0.02,0.00,-0.01
-9202,2.97,-87,2.28,664,3,12964,09_26_17_19_05_2025,-2.92,0.89,9.39,0.01,-0.00,0.01
-9261,2.97,66,2.27,665,3,12989,09_26_17_19_05_2025,-2.94,0.89,9.38,-0.01,0.00,0.04
-9247,2.97,160,2.26,665,3,13016,09_26_17_19_05_2025,-2.92,0.93,9.40,-0.02,0.01,0.07
-9233,2.97,-43,2.28,665,3,13044,09_26_17_19_05_2025,-2.94,0.92,9.39,0.00,-0.00,0.00
-9163,2.97,145,2.26,665,3,13069,09_26_17_19_05_2025,-2.93,0.91,9.39,0.00,-0.00,-0.00
-9407,2.99,89,2.27,665,3,13094,09_26_17_19_05_2025,-2.92,0.90,9.39,0.00,-0.00,-0.00
-9038,2.96,55,2.27,665,3,13119,09_26_17_19_05_2025,-2.93,0.90,9.40,0.01,-0.00,0.00
-9107,2.96,148,2.26,665,3,13144,09_26_17_19_05_2025,-2.92,0.91,9.39,0.00,-0.00,0.00
-9398,2.98,199,2.26,664,3,13171,09_26_17_19_05_2025,-2.93,0.90,9.39,0.00,-0.00,0.00
-9367,2.98,-60,2.28,665,3,13199,09_26_17_19_05_2025,-2.95,0.91,9.38,0.00,-0.00,0.01
-9219,2.97,118,2.26,665,3,13223,09_26_17_19_05_2025,-2.91,0.87,9.40,-0.01,0.00,0.04
-9072,2.96,358,2.25,665,3,13248,09_26_17_19_05_2025,-2.94,0.92,9.39,-0.01,0.00,0.04
-9148,2.97,121,2.26,665,3,13272,09_26_17_19_05_2025,-2.93,0.94,9.40,0.00,-0.00,0.00
-8959,2.95,196,2.26,664,3,13297,09_26_17_19_05_2025,-2.93,0.92,9.39,0.01,-0.00,0.00
-8929,2.95,98,2.27,665,3,13324,09_26_17_19_05_2025,-2.93,0.92,9.38,0.01,-0.00,-0.00
-9023,2.96,123,2.26,665,3,13349,09_26_17_19_05_2025,-2.94,0.92,9.38,0.01,-0.00,-0.00
-9010,2.96,340,2.25,665,3,13373,09_26_17_19_05_2025,-2.91,0.90,9.38,0.00,0.00,0.00
-9134,2.96,164,2.26,665,3,13398,09_26_17_19_05_2025,-2.92,0.92,9.39,0.00,0.00,0.00
-9163,2.97,54,2.27,665,3,13422,09_26_17_19_05_2025,-2.94,0.92,9.37,0.00,-0.00,-0.00
-9128,2.96,127,2.26,665,3,13447,09_26_17_19_05_2025,-2.92,0.91,9.39,0.00,-0.00,-0.00
-9146,2.97,-5,2.27,665,3,13474,09_26_17_19_05_2025,-2.93,0.90,9.38,0.01,0.00,0.00
-9318,2.98,111,2.26,666,3,13499,09_26_17_19_05_2025,-2.94,0.93,9.37,0.00,0.00,0.00
-9207,2.97,258,2.25,665,3,13524,09_26_17_19_05_2025,-2.93,0.91,9.38,-0.00,-0.01,-0.00
-9378,2.98,183,2.26,665,3,13548,09_26_17_19_05_2025,-2.93,0.90,9.40,0.00,-0.00,-0.00
-9199,2.97,75,2.27,665,3,13573,09_26_17_19_05_2025,-2.95,0.92,9.38,0.00,-0.00,-0.00
-9044,2.96,193,2.26,665,3,13598,09_26_17_19_05_2025,-2.96,0.91,9.37,0.00,-0.01,0.00
-9102,2.96,128,2.26,666,3,13625,09_26_17_19_05_2025,-2.93,0.91,9.40,0.00,-0.01,-0.00
-9009,2.96,113,2.26,665,3,13653,09_26_17_19_05_2025,-2.93,0.90,9.38,0.00,-0.01,0.00
-8912,2.95,270,2.25,664,3,13677,09_26_18_19_05_2025,-2.93,0.89,9.40,0.01,-0.00,-0.00
-8963,2.95,124,2.26,665,3,13702,09_26_18_19_05_2025,-2.96,0.91,9.37,0.01,0.00,-0.00
-9003,2.95,163,2.26,665,3,13727,09_26_18_19_05_2025,-2.92,0.93,9.40,0.01,0.00,-0.00
-9215,2.97,75,2.27,666,3,13751,09_26_18_19_05_2025,-2.95,0.92,9.38,0.01,-0.00,0.00
-9214,2.97,67,2.27,666,3,13779,09_26_18_19_05_2025,-2.94,0.91,9.38,0.00,-0.00,-0.00
-9339,2.98,67,2.27,665,3,13803,09_26_18_19_05_2025,-2.94,0.90,9.39,0.00,-0.00,0.00
-9156,2.97,147,2.26,665,3,13829,09_26_18_19_05_2025,-2.92,0.90,9.40,0.00,-0.01,-0.00
-9124,2.96,-94,2.28,665,3,13854,09_26_18_19_05_2025,-2.94,0.93,9.38,0.00,-0.00,-0.00
-9032,2.96,-4,2.27,665,3,13879,09_26_18_19_05_2025,-2.93,0.91,9.38,-0.01,-0.00,-0.01
-9135,2.96,159,2.26,665,3,13903,09_26_18_19_05_2025,-2.94,0.88,9.39,-0.00,-0.00,-0.00
-9216,2.97,118,2.26,665,3,13931,09_26_18_19_05_2025,-2.94,0.91,9.40,0.01,-0.00,-0.00
-8988,2.95,98,2.27,665,3,13956,09_26_18_19_05_2025,-2.93,0.91,9.38,0.00,-0.00,-0.00
-9160,2.97,242,2.25,665,3,13980,09_26_18_19_05_2025,-2.94,0.90,9.40,0.01,0.00,-0.00
-9061,2.96,145,2.26,665,3,14005,09_26_18_19_05_2025,-2.93,0.89,9.40,0.00,0.00,-0.00
-9241,2.97,-70,2.28,665,3,14032,09_26_18_19_05_2025,-2.93,0.90,9.40,0.00,-0.00,0.00
-9079,2.96,182,2.26,665,3,14057,09_26_18_19_05_2025,-2.94,0.91,9.38,0.00,-0.00,-0.00
-9292,2.98,171,2.26,665,3,14084,09_26_18_19_05_2025,-2.94,0.90,9.38,0.00,-0.00,0.00
-9170,2.97,190,2.26,665,3,14109,09_26_18_19_05_2025,-2.94,0.88,9.38,0.01,-0.01,-0.00
-9267,2.97,95,2.27,665,3,14134,09_26_18_19_05_2025,-2.93,0.90,9.39,0.01,-0.00,-0.00
-9183,2.97,187,2.26,665,3,14158,09_26_18_19_05_2025,-2.93,0.90,9.38,0.00,-0.00,0.00
-9356,2.98,187,2.26,665,3,14183,09_26_18_19_05_2025,-2.93,0.89,9.40,0.00,-0.01,-0.00
-9133,2.96,180,2.26,665,3,14208,09_26_18_19_05_2025,-2.94,0.90,9.39,0.00,-0.00,-0.00
-9091,2.96,279,2.25,665,3,14235,09_26_18_19_05_2025,-2.94,0.90,9.37,0.00,-0.00,-0.00
-9117,2.96,110,2.26,665,3,14260,09_26_18_19_05_2025,-2.93,0.90,9.40,0.01,-0.00,0.00
-9159,2.97,39,2.27,665,3,14285,09_26_18_19_05_2025,-2.94,0.91,9.38,0.01,0.00,-0.00
-9142,2.97,155,2.26,665,3,14312,09_26_18_19_05_2025,-2.94,0.89,9.38,0.01,-0.00,-0.00
-9273,2.98,-55,2.28,665,3,14337,09_26_18_19_05_2025,-2.94,0.89,9.38,0.01,-0.00,0.00
-9183,2.97,179,2.26,665,3,14361,09_26_18_19_05_2025,-2.95,0.91,9.38,0.00,-0.00,0.00
-9348,2.98,118,2.26,665,3,14389,09_26_18_19_05_2025,-2.93,0.90,9.39,0.01,-0.00,0.00
-9180,2.97,128,2.26,665,3,14413,09_26_18_19_05_2025,-2.94,0.89,9.38,0.00,-0.00,-0.00
-9209,2.97,-74,2.28,665,3,14438,09_26_18_19_05_2025,-2.96,0.91,9.38,0.01,0.00,-0.00
-9245,2.97,177,2.26,665,3,14462,09_26_18_19_05_2025,-2.93,0.90,9.40,0.00,-0.00,-0.00
-9375,2.98,84,2.27,665,3,14487,09_26_18_19_05_2025,-2.94,0.90,9.39,0.01,-0.00,0.00
-9180,2.97,184,2.26,664,3,14511,09_26_18_19_05_2025,-2.93,0.90,9.39,0.00,-0.01,0.00
-9145,2.97,118,2.26,665,3,14538,09_26_18_19_05_2025,-2.95,0.90,9.39,0.00,-0.01,0.00
-9237,2.97,107,2.26,665,3,14564,09_26_18_19_05_2025,-2.95,0.90,9.38,0.00,-0.00,-0.00
-9494,2.99,-68,2.28,665,3,14592,09_26_18_19_05_2025,-2.94,0.90,9.38,0.00,-0.01,-0.00
-9062,2.96,73,2.27,666,3,14616,09_26_18_19_05_2025,-2.93,0.89,9.40,0.00,-0.00,-0.00
-9233,2.97,-11,2.27,665,3,14641,09_26_18_19_05_2025,-2.94,0.91,9.39,0.01,-0.00,-0.00
-9123,2.96,186,2.26,665,3,14665,09_26_19_19_05_2025,-2.93,0.89,9.40,0.00,-0.00,0.00
-9128,2.96,108,2.26,665,3,14693,09_26_19_19_05_2025,-2.95,0.90,9.37,0.01,-0.00,-0.00
-9302,2.98,129,2.26,665,3,14717,09_26_19_19_05_2025,-2.95,0.92,9.39,0.00,-0.00,-0.00
-9206,2.97,280,2.25,666,3,14742,09_26_19_19_05_2025,-2.96,0.90,9.39,-0.00,-0.00,-0.01
-9039,2.96,96,2.27,665,3,14767,09_26_19_19_05_2025,-2.95,0.89,9.38,0.00,-0.01,-0.00
-9152,2.97,247,2.25,665,3,14791,09_26_19_19_05_2025,-2.93,0.88,9.39,0.00,-0.00,0.00
-9168,2.97,146,2.26,664,3,14816,09_26_19_19_05_2025,-2.93,0.89,9.39,0.00,-0.01,-0.00
-9219,2.97,194,2.26,665,3,14844,09_26_19_19_05_2025,-2.93,0.90,9.39,-0.00,-0.00,-0.00
-9032,2.96,-197,2.29,665,3,14871,09_26_19_19_05_2025,-2.95,0.90,9.38,0.01,-0.00,0.00
-9183,2.97,31,2.27,666,3,14896,09_26_19_19_05_2025,-2.95,0.90,9.38,0.00,-0.00,0.00
-9270,2.97,217,2.26,665,3,14920,09_26_19_19_05_2025,-2.96,0.89,9.38,0.00,-0.00,0.00
-9225,2.97,93,2.27,665,3,14945,09_26_19_19_05_2025,-2.94,0.88,9.40,0.00,-0.00,0.00
-9308,2.98,108,2.26,665,3,14969,09_26_19_19_05_2025,-2.93,0.89,9.38,0.00,-0.00,0.00
-9346,2.98,56,2.27,665,3,14997,09_26_19_19_05_2025,-2.96,0.89,9.38,-0.00,-0.00,-0.00
-9157,2.97,151,2.26,665,3,15022,09_26_19_19_05_2025,-2.94,0.88,9.38,0.00,-0.00,-0.00
-9303,2.98,-167,2.29,665,3,15046,09_26_19_19_05_2025,-2.94,0.90,9.39,0.00,-0.00,0.00
-9408,2.99,-22,2.27,665,3,15071,09_26_19_19_05_2025,-2.93,0.89,9.40,0.00,-0.00,-0.00
-9485,2.99,58,2.27,665,3,15096,09_26_19_19_05_2025,-2.93,0.89,9.39,0.01,0.00,-0.00
-9301,2.98,132,2.26,665,3,15120,09_26_19_19_05_2025,-2.96,0.90,9.38,0.01,-0.00,0.00
-9194,2.97,92,2.27,665,3,15148,09_26_19_19_05_2025,-2.94,0.89,9.38,0.00,-0.01,0.00
-9302,2.98,310,2.25,665,3,15175,09_26_19_19_05_2025,-2.93,0.88,9.41,0.00,-0.00,0.00
-9166,2.97,28,2.27,665,3,15200,09_26_19_19_05_2025,-2.95,0.89,9.39,0.00,-0.01,0.01
-9373,2.98,66,2.27,665,3,15224,09_26_19_19_05_2025,-2.94,0.90,9.40,0.00,-0.01,0.00
-9452,2.99,211,2.26,665,3,15249,09_26_19_19_05_2025,-2.89,0.86,9.39,-0.01,0.00,-0.00
-9431,2.99,201,2.26,665,3,15274,09_26_19_19_05_2025,-2.94,0.94,9.39,-0.01,-0.00,-0.01
-9500,2.99,187,2.26,665,3,15302,09_26_19_19_05_2025,-3.04,0.94,9.37,-0.00,-0.03,0.00
-9403,2.99,236,2.25,665,3,15330,09_26_19_19_05_2025,-2.95,0.88,9.38,0.01,-0.00,0.00
-9248,2.97,62,2.27,665,3,15355,09_26_19_19_05_2025,-2.94,0.88,9.40,-0.00,-0.00,-0.00
-9286,2.98,89,2.27,664,3,15380,09_26_19_19_05_2025,-2.94,0.88,9.38,0.00,-0.00,-0.00
-9401,2.98,-89,2.28,665,3,15404,09_26_19_19_05_2025,-2.94,0.87,9.41,-0.01,0.00,-0.01
-9291,2.98,198,2.26,664,3,15434,09_26_19_19_05_2025,-2.90,0.82,9.42,-0.04,0.01,-0.03
-9288,2.98,-18,2.27,665,3,15462,09_26_19_19_05_2025,-2.07,0.25,9.47,-0.07,0.07,0.22
-9370,2.98,243,2.25,665,3,15490,09_26_19_19_05_2025,-3.54,1.55,9.10,-0.07,0.01,0.11
-9284,2.98,-31,2.28,665,3,15514,09_26_19_19_05_2025,-3.68,1.51,9.08,-0.04,-0.05,0.02
-9120,2.96,39,2.27,665,3,15539,09_26_19_19_05_2025,-3.14,0.41,9.96,-0.60,0.08,-0.13
