-9729,3.01,-399,2.30,665,3,2662,22_47_07_18_05_2025,-5.07,2.71,8.07,-0.01,-1.33,0.67
-9578,3.00,-461,2.31,664,3,2756,22_47_08_18_05_2025,-5.23,2.57,7.88,0.01,-0.01,0.00
-9665,3.00,-196,2.29,665,3,2790,22_47_08_18_05_2025,-5.14,2.64,7.97,0.02,-0.04,0.00
-9706,3.01,-498,2.31,665,3,2823,22_47_08_18_05_2025,-5.15,2.58,7.94,0.00,0.01,-0.00
-9743,3.01,-452,2.31,665,3,2856,22_47_08_18_05_2025,-5.22,2.58,7.90,-0.01,0.01,-0.00
-9917,3.02,-245,2.29,665,3,2888,22_47_08_18_05_2025,-5.20,2.59,7.90,0.01,-0.02,0.00
-9953,3.03,-454,2.31,665,3,2921,22_47_08_18_05_2025,-5.16,2.58,7.94,0.01,-0.02,0.00
-9883,3.02,-484,2.31,666,3,2951,22_47_08_18_05_2025,-5.16,2.62,7.97,0.01,-0.01,0.00
-9750,3.01,-224,2.29,665,3,2984,22_47_08_18_05_2025,-5.18,2.59,7.92,0.00,-0.01,0.00
-9647,3.00,-387,2.30,665,3,3017,22_47_08_18_05_2025,-5.19,2.61,7.92,0.00,-0.02,0.00
-9463,2.99,-147,2.28,665,3,3051,22_47_08_18_05_2025,-5.16,2.60,7.93,0.00,-0.00,0.00
-9754,3.01,-246,2.29,665,3,3085,22_47_08_18_05_2025,-5.08,2.67,7.84,0.03,-0.03,0.01
-9992,3.03,-325,2.30,665,3,3119,22_47_08_18_05_2025,-5.07,2.66,7.93,0.02,-0.02,0.01
-9823,3.02,-434,2.31,665,3,3155,22_47_08_18_05_2025,-5.17,2.64,7.95,0.01,-0.01,0.00
-9746,3.01,-187,2.29,665,3,3187,22_47_08_18_05_2025,-5.17,2.63,7.94,0.01,0.00,-0.00
-9525,2.99,-289,2.29,665,3,3220,22_47_08_18_05_2025,-5.16,2.61,7.94,0.01,-0.00,0.00
-9366,2.98,-199,2.29,664,3,3253,22_47_08_18_05_2025,-5.13,2.54,7.95,0.01,-0.01,-0.00
-9593,3.00,-227,2.29,665,3,3285,22_47_08_18_05_2025,-5.14,2.59,7.94,0.01,-0.00,0.00
-9652,3.00,-166,2.29,664,3,3318,22_47_08_18_05_2025,-5.18,2.63,7.93,0.00,0.00,-0.00
-9618,3.00,-320,2.30,665,3,3354,22_47_08_18_05_2025,-5.15,2.63,7.94,0.01,-0.00,-0.00
-9422,2.99,-240,2.29,665,3,3387,22_47_08_18_05_2025,-5.18,2.63,7.93,0.01,-0.01,0.00
-9445,2.99,-173,2.29,665,3,3425,22_47_08_18_05_2025,-5.14,2.63,7.96,0.01,-0.01,-0.00
-9145,2.97,-373,2.30,665,3,3585,22_47_08_18_05_2025,-5.11,2.61,7.97,0.00,-0.00,-0.00
-9112,2.96,-184,2.29,665,3,3618,22_47_08_18_05_2025,-5.13,2.64,7.96,0.00,-0.00,-0.00
-9279,2.98,-53,2.28,665,3,3651,22_47_08_18_05_2025,-5.12,2.63,7.97,0.00,-0.00,-0.00
-9316,2.98,-253,2.29,665,3,3687,22_47_09_18_05_2025,-5.14,2.64,7.96,0.00,0.00,-0.00
-9200,2.97,-91,2.28,665,3,3721,22_47_09_18_05_2025,-5.13,2.61,7.96,0.01,-0.00,0.00
-9260,2.97,-220,2.29,665,3,3754,22_47_09_18_05_2025,-5.14,2.63,7.95,0.01,-0.01,0.01
-9503,2.99,-128,2.28,665,3,3786,22_47_09_18_05_2025,-5.12,2.64,7.96,0.01,-0.01,0.00
-9553,3.00,-179,2.29,665,3,3819,22_47_09_18_05_2025,-5.12,2.64,7.94,0.01,-0.00,-0.00
-9500,2.99,-219,2.29,665,3,3852,22_47_09_18_05_2025,-5.15,2.64,7.94,0.01,-0.01,-0.01
-9688,3.01,-300,2.30,665,3,3888,22_47_09_18_05_2025,-5.55,3.55,8.81,0.26,0.17,-0.24
-9848,3.02,-182,2.29,665,3,3921,22_47_09_18_05_2025,-5.15,2.64,7.95,-0.00,-0.04,-0.02
-9780,3.01,-292,2.29,665,3,3954,22_47_09_18_05_2025,-5.08,2.60,7.99,0.01,-0.01,-0.01
-9687,3.01,-101,2.28,665,3,3987,22_47_09_18_05_2025,-5.14,2.64,7.95,0.01,0.00,0.00
-9591,3.00,-252,2.29,665,3,4021,22_47_09_18_05_2025,-5.14,2.64,7.94,0.01,0.00,-0.00
-9864,3.02,-281,2.29,665,3,4054,22_47_09_18_05_2025,-5.15,2.64,7.95,0.00,-0.01,-0.00
-9810,3.02,-334,2.30,664,3,4090,22_47_09_18_05_2025,-5.14,2.63,7.96,0.00,-0.00,-0.00
-9693,3.01,-366,2.30,665,3,4122,22_47_09_18_05_2025,-5.13,2.63,7.98,0.00,-0.01,-0.00
-9952,3.03,-72,2.28,665,3,4155,22_47_09_18_05_2025,-5.13,2.63,7.96,0.00,-0.00,-0.00
-9693,3.01,-460,2.31,665,3,4188,22_47_09_18_05_2025,-5.15,2.65,7.96,0.00,-0.00,-0.00
-9831,3.02,-460,2.31,665,3,4220,22_47_09_18_05_2025,-5.15,2.62,7.95,0.00,-0.00,-0.00
-9816,3.02,-270,2.29,665,3,4256,22_47_09_18_05_2025,-5.13,2.62,7.96,0.01,-0.00,0.00
-9578,3.00,-279,2.29,665,3,4290,22_47_09_18_05_2025,-5.13,2.63,7.97,0.00,-0.01,0.00
-9723,3.01,-151,2.28,665,3,4323,22_47_09_18_05_2025,-5.16,2.64,7.95,0.01,-0.01,-0.00
-9432,2.99,-314,2.30,665,3,4356,22_47_09_18_05_2025,-5.11,2.63,7.96,0.01,-0.00,-0.00
-9549,3.00,-211,2.29,665,3,4388,22_47_09_18_05_2025,-5.11,2.64,7.97,0.01,0.00,-0.00
-9699,3.01,-142,2.28,665,3,4421,22_47_09_18_05_2025,-5.15,2.64,7.95,0.01,0.00,-0.00
-9966,3.03,-256,2.29,665,3,4456,22_47_09_18_05_2025,-5.14,2.65,7.94,0.00,-0.01,-0.00
-9733,3.01,-320,2.30,665,3,4489,22_47_09_18_05_2025,-5.16,2.65,7.95,0.00,-0.01,0.00
-9792,3.01,-279,2.29,665,3,4521,22_47_09_18_05_2025,-5.12,2.63,7.98,-0.00,-0.01,-0.00
-9521,2.99,-445,2.31,665,3,4556,22_47_09_18_05_2025,-5.11,2.62,7.98,0.01,-0.00,-0.00
-9478,2.99,-194,2.29,665,3,4589,22_47_09_18_05_2025,-5.16,2.64,7.95,0.01,-0.00,-0.00
-9414,2.99,-263,2.29,665,3,4622,22_47_09_18_05_2025,-5.17,2.64,7.95,-0.00,-0.01,-0.00
-9574,3.00,-453,2.31,665,3,4658,22_47_09_18_05_2025,-5.08,2.60,7.98,0.00,-0.01,-0.00
-9579,3.00,-243,2.29,665,3,4691,22_47_10_18_05_2025,-5.12,2.64,7.98,0.01,-0.00,-0.00
-9581,3.00,-228,2.29,665,3,4723,22_47_10_18_05_2025,-5.15,2.63,7.96,0.00,-0.01,-0.00
-9759,3.01,-61,2.28,664,3,4756,22_47_10_18_05_2025,-5.13,2.62,7.96,0.00,-0.01,-0.00
-9576,3.00,-346,2.30,665,3,4789,22_47_10_18_05_2025,-5.13,2.63,7.96,0.01,-0.00,-0.00
-9641,3.00,-148,2.28,666,3,4821,22_47_10_18_05_2025,-5.13,2.64,7.97,0.01,-0.00,0.00
-9707,3.01,-205,2.29,666,3,4857,22_47_10_18_05_2025,-5.14,2.64,7.96,0.00,-0.01,0.00
-9532,2.99,-102,2.28,665,3,4891,22_47_10_18_05_2025,-5.14,2.63,7.96,0.00,-0.01,-0.00
-9475,2.99,-346,2.30,665,3,4924,22_47_10_18_05_2025,-5.11,2.62,7.97,0.00,-0.01,-0.00
-9712,3.01,-145,2.28,665,3,4956,22_47_10_18_05_2025,-5.14,2.63,7.98,0.01,0.00,-0.00
-9770,3.01,-201,2.29,665,3,4989,22_47_10_18_05_2025,-5.13,2.63,7.97,0.01,-0.00,-0.00
-9804,3.02,-370,2.30,665,3,5022,22_47_10_18_05_2025,-5.13,2.63,7.96,0.01,-0.00,-0.00
-9964,3.03,-193,2.29,665,3,5057,22_47_10_18_05_2025,-5.15,2.64,7.96,0.00,-0.00,0.00
-9655,3.00,-278,2.29,666,3,5090,22_47_10_18_05_2025,-5.13,2.64,7.97,0.00,-0.00,-0.00
-9904,3.02,-144,2.28,665,3,5123,22_47_10_18_05_2025,-5.13,2.64,7.95,0.01,0.00,0.00
-9843,3.02,-315,2.30,665,3,5156,22_47_10_18_05_2025,-5.13,2.62,7.96,0.01,-0.00,-0.00
-9727,3.01,-312,2.30,665,3,5190,22_47_10_18_05_2025,-5.14,2.65,7.96,0.01,-0.00,-0.00
-9562,3.00,-298,2.30,665,3,5223,22_47_10_18_05_2025,-5.13,2.64,7.97,0.00,-0.00,0.00
-9726,3.01,-317,2.30,665,3,5258,22_47_10_18_05_2025,-5.13,2.62,7.97,0.00,-0.00,-0.00
-9912,3.02,-172,2.29,665,3,5291,22_47_10_18_05_2025,-5.13,2.63,7.97,0.01,-0.00,-0.00
-9755,3.01,-191,2.29,665,3,5324,22_47_10_18_05_2025,-5.14,2.65,7.95,0.01,-0.00,0.00
-9856,3.02,-50,2.28,665,3,5356,22_47_10_18_05_2025,-5.11,2.61,7.97,0.00,-0.01,-0.00
-9872,3.02,-291,2.29,665,3,5389,22_47_10_18_05_2025,-5.12,2.63,7.97,0.01,0.00,0.00
-9928,3.02,-274,2.29,665,3,5422,22_47_10_18_05_2025,-5.16,2.65,7.96,0.00,-0.00,-0.00
-9804,3.02,-212,2.29,665,3,5458,22_47_10_18_05_2025,-5.13,2.63,7.97,0.00,-0.01,-0.00
-9915,3.02,-227,2.29,664,3,5493,22_47_10_18_05_2025,-5.12,2.63,7.97,0.01,-0.00,-0.00
-9835,3.02,-300,2.30,665,3,5525,22_47_10_18_05_2025,-5.13,2.64,7.97,0.01,0.00,0.00
-9556,3.00,-222,2.29,666,3,5558,22_47_10_18_05_2025,-5.14,2.62,7.96,0.00,-0.00,-0.00
-9980,3.03,-278,2.29,665,3,5591,22_47_10_18_05_2025,-5.15,2.65,7.96,0.00,-0.00,-0.00
-9922,3.02,-122,2.28,665,3,5623,22_47_10_18_05_2025,-5.13,2.63,7.96,0.00,0.00,-0.00
-9784,3.01,-192,2.29,665,3,5659,22_47_10_18_05_2025,-5.15,2.64,7.96,0.01,0.00,0.00
-10026,3.03,-217,2.29,665,3,5691,22_47_11_18_05_2025,-5.16,2.63,7.96,0.01,0.00,0.00
-10126,3.04,-267,2.29,665,3,5725,22_47_11_18_05_2025,-5.16,2.62,7.97,0.01,-0.00,0.00
-10103,3.04,-156,2.28,665,3,5758,22_47_11_18_05_2025,-5.14,2.65,7.94,0.00,-0.01,0.00
-9991,3.03,-24,2.27,665,3,5792,22_47_11_18_05_2025,-5.14,2.66,7.97,0.00,-0.01,-0.00
-9967,3.03,-175,2.29,665,3,5824,22_47_11_18_05_2025,-5.11,2.64,7.95,0.01,-0.00,-0.00
-9992,3.03,-164,2.29,665,3,5860,22_47_11_18_05_2025,-5.16,2.65,7.96,0.01,0.00,-0.00
-9964,3.03,-382,2.30,665,3,5892,22_47_11_18_05_2025,-5.13,2.65,7.94,-0.00,-0.01,-0.00
-10092,3.04,-347,2.30,665,3,5925,22_47_11_18_05_2025,-5.15,2.64,7.98,-0.00,-0.01,-0.01
-9995,3.03,-168,2.29,665,3,5958,22_47_11_18_05_2025,-5.09,2.61,7.98,0.01,-0.00,-0.00
-10194,3.05,-134,2.28,665,3,5990,22_47_11_18_05_2025,-5.17,2.64,7.98,0.00,-0.01,-0.00
-10025,3.03,-324,2.30,665,3,6023,22_47_11_18_05_2025,-5.11,2.65,7.95,-0.00,-0.03,-0.01
-9991,3.03,-428,2.31,665,3,6059,22_47_11_18_05_2025,-5.10,2.61,7.98,0.01,-0.01,-0.01
-9780,3.01,-319,2.30,665,3,6093,22_47_11_18_05_2025,-5.14,2.63,7.96,0.01,0.00,0.00
-10038,3.03,-264,2.29,664,3,6125,22_47_11_18_05_2025,-5.12,2.63,8.00,0.00,-0.00,0.00
-9767,3.01,-373,2.30,665,3,6158,22_47_11_18_05_2025,-5.10,2.64,7.97,0.01,0.00,-0.00
-9860,3.02,-114,2.28,665,3,6190,22_47_11_18_05_2025,-5.15,2.65,7.97,-0.00,0.03,-0.00
-9964,3.03,-234,2.29,665,3,6223,22_47_11_18_05_2025,-5.15,2.60,7.95,-0.01,0.01,-0.00
-9803,3.02,-331,2.30,665,3,6258,22_47_11_18_05_2025,-5.16,2.64,7.96,0.00,-0.01,-0.00
-9870,3.02,-111,2.28,664,3,6291,22_47_11_18_05_2025,-5.11,2.63,7.98,0.01,-0.01,0.00
-9705,3.01,-233,2.29,665,3,6325,22_47_11_18_05_2025,-5.14,2.62,7.96,0.01,0.01,0.00
-9864,3.02,-191,2.29,665,3,6358,22_47_11_18_05_2025,-5.13,2.64,7.94,0.01,0.00,0.00
-9894,3.02,-267,2.29,665,3,6391,22_47_11_18_05_2025,-5.15,2.69,7.95,0.01,-0.00,0.00
-9826,3.02,-118,2.28,664,3,6424,22_47_11_18_05_2025,-5.16,2.62,7.93,0.00,-0.01,-0.00
-10145,3.04,-311,2.30,665,3,6461,22_47_11_18_05_2025,-5.15,2.63,7.98,0.00,0.00,-0.01
-10153,3.04,-90,2.28,665,3,6494,22_47_11_18_05_2025,-5.17,2.67,7.94,0.00,-0.00,-0.00
-10036,3.03,-154,2.28,666,3,6527,22_47_11_18_05_2025,-5.10,2.55,7.98,0.01,-0.03,-0.01
-9843,3.02,-206,2.29,665,3,6559,22_47_11_18_05_2025,-5.10,2.59,7.99,0.00,-0.03,-0.01
-9900,3.02,-98,2.28,665,3,6592,22_47_11_18_05_2025,-5.14,2.60,7.96,0.02,-0.01,0.00
-9912,3.02,-231,2.29,664,3,6626,22_47_11_18_05_2025,-5.12,2.66,7.97,0.01,0.01,0.00
-10089,3.04,-129,2.28,665,3,6662,22_47_11_18_05_2025,-5.15,2.64,7.95,0.01,-0.01,0.00
-10051,3.03,-297,2.30,665,3,6695,22_47_12_18_05_2025,-5.15,2.62,7.97,0.00,-0.01,-0.00
-9981,3.03,-266,2.29,664,3,6728,22_47_12_18_05_2025,-5.13,2.63,7.95,0.01,0.00,-0.00
-9908,3.02,-128,2.28,665,3,6761,22_47_12_18_05_2025,-5.15,2.65,7.97,0.01,0.00,0.00
-10009,3.03,-293,2.29,665,3,6794,22_47_12_18_05_2025,-5.14,2.66,7.97,0.01,-0.01,0.00
-9707,3.01,-128,2.28,665,3,6826,22_47_12_18_05_2025,-5.13,2.63,7.95,0.00,-0.01,-0.01
-9908,3.02,-229,2.29,665,3,6862,22_47_12_18_05_2025,-5.13,2.65,7.97,0.01,-0.01,-0.01
-9809,3.02,-229,2.29,664,3,6895,22_47_12_18_05_2025,-5.11,2.64,7.98,0.00,-0.00,-0.00
-9918,3.02,-18,2.27,665,3,6929,22_47_12_18_05_2025,-5.13,2.62,7.97,0.01,-0.00,-0.00
-9918,3.02,-259,2.29,665,3,6962,22_47_12_18_05_2025,-5.13,2.64,7.96,0.00,-0.00,-0.00
-10060,3.03,-182,2.29,665,3,6995,22_47_12_18_05_2025,-5.14,2.64,7.97,0.01,-0.00,-0.00
-10217,3.05,-139,2.28,666,3,7028,22_47_12_18_05_2025,-5.15,2.64,7.96,0.01,-0.00,-0.00
-9995,3.03,-238,2.29,665,3,7063,22_47_12_18_05_2025,-5.12,2.64,7.98,0.01,-0.00,0.00
-9779,3.01,-165,2.29,664,3,7096,22_47_12_18_05_2025,-5.15,2.64,7.96,0.00,-0.00,-0.00
-9798,3.02,-308,2.30,665,3,7129,22_47_12_18_05_2025,-5.14,2.64,7.96,0.00,-0.01,-0.00
-9666,3.01,-22,2.27,665,3,7161,22_47_12_18_05_2025,-5.13,2.63,7.96,0.01,-0.00,-0.00
-9894,3.02,-200,2.29,665,3,7195,22_47_12_18_05_2025,-5.10,2.64,7.97,0.00,-0.01,-0.00
-10083,3.04,-96,2.28,665,3,7228,22_47_12_18_05_2025,-5.13,2.65,7.94,0.01,0.00,-0.00
-9778,3.01,-292,2.29,665,3,7265,22_47_12_18_05_2025,-5.16,2.66,7.96,0.01,-0.00,-0.00
-9884,3.02,-176,2.29,665,3,7298,22_47_12_18_05_2025,-5.14,2.65,7.96,0.01,0.01,0.00
-10120,3.04,-47,2.28,665,3,7330,22_47_12_18_05_2025,-5.15,2.66,7.96,0.01,-0.00,0.00
-10097,3.04,-380,2.30,665,3,7363,22_47_12_18_05_2025,-5.14,2.64,7.95,0.00,-0.01,0.00
-9904,3.02,-381,2.30,664,3,7396,22_47_12_18_05_2025,-5.17,2.66,7.94,0.00,-0.01,-0.00
-9889,3.02,-79,2.28,665,3,7429,22_47_12_18_05_2025,-5.14,2.64,7.97,0.00,-0.01,-0.00
-10038,3.03,-79,2.28,665,3,7464,22_47_12_18_05_2025,-5.13,2.63,7.98,0.00,-0.01,-0.01
-9860,3.02,83,2.27,665,3,7497,22_47_12_18_05_2025,-5.14,2.61,7.97,0.02,-0.01,-0.02
-9710,3.01,-80,2.28,665,3,7529,22_47_12_18_05_2025,-5.12,2.64,7.96,0.02,-0.01,-0.02
-9853,3.02,-185,2.29,665,3,7561,22_47_12_18_05_2025,-5.12,2.64,7.96,0.01,-0.00,-0.01
-9914,3.02,-343,2.30,665,3,7593,22_47_12_18_05_2025,-5.11,2.64,7.97,0.01,-0.00,-0.00
-9822,3.02,-205,2.29,666,3,7626,22_47_12_18_05_2025,-5.13,2.64,7.96,0.01,-0.00,-0.00
-9857,3.02,-87,2.28,665,3,7661,22_47_12_18_05_2025,-5.15,2.65,7.97,0.01,-0.00,0.00
-9935,3.03,-177,2.29,665,3,7693,22_47_13_18_05_2025,-5.13,2.65,7.95,0.00,-0.00,0.00
-9846,3.02,-73,2.28,665,3,7726,22_47_13_18_05_2025,-5.14,2.64,7.97,0.00,-0.01,-0.00
-9815,3.02,29,2.27,665,3,7758,22_47_13_18_05_2025,-5.11,2.63,7.97,0.00,-0.01,-0.00
-9863,3.02,10,2.27,666,3,7790,22_47_13_18_05_2025,-5.13,2.64,7.97,0.01,-0.00,-0.00
-9841,3.02,-184,2.29,665,3,7823,22_47_13_18_05_2025,-5.13,2.65,7.95,0.01,-0.00,0.00
-9989,3.03,-115,2.28,665,3,7858,22_47_13_18_05_2025,-5.13,2.64,7.97,0.00,-0.01,-0.00
-9935,3.03,-177,2.29,665,3,7891,22_47_13_18_05_2025,-5.12,2.63,7.97,0.00,-0.00,-0.00
-10039,3.03,-58,2.28,665,3,7924,22_47_13_18_05_2025,-5.12,2.65,7.97,0.01,-0.00,0.00
-9754,3.01,9,2.27,665,3,7956,22_47_13_18_05_2025,-5.12,2.63,7.97,0.01,-0.00,0.00
-9763,3.01,-109,2.28,665,3,7989,22_47_13_18_05_2025,-5.16,2.65,7.96,0.01,-0.00,-0.00
-9781,3.01,-102,2.28,665,3,8022,22_47_13_18_05_2025,-5.14,2.64,7.96,0.00,-0.01,-0.00
-9790,3.01,-102,2.28,665,3,8057,22_47_13_18_05_2025,-5.12,2.64,7.97,0.00,-0.01,-0.00
-9768,3.01,-133,2.28,665,3,8090,22_47_13_18_05_2025,-5.12,2.64,7.97,0.00,-0.02,-0.01
-9750,3.01,-31,2.28,665,3,8122,22_47_13_18_05_2025,-5.10,2.62,7.99,0.00,-0.01,-0.01
-9594,3.00,-40,2.28,665,3,8155,22_47_13_18_05_2025,-5.09,2.63,7.98,0.01,0.00,-0.00
-9898,3.02,-405,2.30,665,3,8188,22_47_13_18_05_2025,-5.14,2.65,7.97,0.01,0.01,-0.00
-9672,3.01,-62,2.28,665,3,8221,22_47_13_18_05_2025,-5.13,2.65,7.96,0.01,0.01,0.00
-9841,3.02,-70,2.28,664,3,8256,22_47_13_18_05_2025,-5.16,2.65,7.96,0.01,0.00,0.00
-9834,3.02,-163,2.29,665,3,8288,22_47_13_18_05_2025,-5.13,2.64,7.97,0.00,-0.00,-0.00
-10071,3.04,-176,2.29,664,3,8321,22_47_13_18_05_2025,-5.12,2.64,7.98,0.00,-0.00,0.00
-9950,3.03,-130,2.28,665,3,8353,22_47_13_18_05_2025,-5.13,2.63,7.96,0.00,-0.00,0.00
-9674,3.01,-197,2.29,665,3,8387,22_47_13_18_05_2025,-5.14,2.65,7.96,0.00,-0.00,-0.00
-9811,3.02,-20,2.27,665,3,8419,22_47_13_18_05_2025,-5.13,2.65,7.97,0.00,-0.01,-0.00
-9830,3.02,-292,2.29,665,3,8455,22_47_13_18_05_2025,-5.12,2.63,7.97,0.00,-0.01,-0.00
-9422,2.99,-292,2.29,665,3,8487,22_47_13_18_05_2025,-5.11,2.65,7.97,0.00,-0.01,-0.00
-9701,3.01,-132,2.28,664,3,8519,22_47_13_18_05_2025,-5.13,2.64,7.97,0.00,-0.00,-0.00
-9662,3.00,-229,2.29,665,3,8552,22_47_13_18_05_2025,-5.12,2.64,7.95,0.01,0.00,-0.00
-9763,3.01,-100,2.28,665,3,8585,22_47_13_18_05_2025,-5.14,2.65,7.96,0.01,0.00,0.00
-9766,3.01,-39,2.28,665,3,8618,22_47_13_18_05_2025,-5.14,2.65,7.97,0.01,-0.00,-0.00
-9644,3.00,-184,2.29,665,3,8653,22_47_13_18_05_2025,-5.14,2.65,7.94,0.01,-0.00,-0.00
-9802,3.02,-219,2.29,665,3,8685,22_47_14_18_05_2025,-5.14,2.64,7.95,0.00,-0.01,-0.00
-9792,3.01,-149,2.28,665,3,8717,22_47_14_18_05_2025,-5.12,2.63,7.97,0.01,-0.01,-0.00
-9724,3.01,-111,2.28,665,3,8750,22_47_14_18_05_2025,-5.13,2.63,7.98,0.01,-0.00,-0.00
-9806,3.02,-168,2.29,665,3,8783,22_47_14_18_05_2025,-5.13,2.64,7.97,0.01,0.00,0.00
-9753,3.01,-225,2.29,665,3,8816,22_47_14_18_05_2025,-5.14,2.64,7.96,0.01,-0.00,-0.00
-9876,3.02,-215,2.29,665,3,8851,22_47_14_18_05_2025,-5.14,2.63,7.95,0.00,-0.00,-0.00
-9666,3.01,-162,2.29,665,3,8883,22_47_14_18_05_2025,-5.13,2.65,7.96,0.00,-0.00,0.00
-9913,3.02,-161,2.28,665,3,8916,22_47_14_18_05_2025,-5.13,2.66,7.98,0.00,-0.00,-0.00
-9805,3.02,-17,2.27,665,3,8949,22_47_14_18_05_2025,-5.15,2.64,7.96,0.00,-0.00,-0.00
-9776,3.01,-167,2.29,665,3,8981,22_47_14_18_05_2025,-5.14,2.65,7.96,0.00,-0.01,0.00
-9712,3.01,9,2.27,665,3,9014,22_47_14_18_05_2025,-5.13,2.64,7.97,0.00,-0.00,0.00
-9688,3.01,-20,2.27,665,3,9049,22_47_14_18_05_2025,-5.13,2.64,7.95,0.00,-0.00,-0.00
-9665,3.00,53,2.27,665,3,9081,22_47_14_18_05_2025,-5.12,2.63,7.97,0.00,-0.01,-0.00
-9683,3.01,-119,2.28,665,3,9114,22_47_14_18_05_2025,-5.12,2.64,7.97,0.00,-0.01,-0.00
-9752,3.01,11,2.27,665,3,9146,22_47_14_18_05_2025,-5.12,2.64,7.97,0.01,0.00,0.00
-9766,3.01,-43,2.28,665,3,9179,22_47_14_18_05_2025,-5.13,2.64,7.96,0.01,0.00,0.00
-10025,3.03,-444,2.31,665,3,9211,22_47_14_18_05_2025,-5.14,2.64,7.97,0.00,0.00,-0.00
-9781,3.01,-166,2.29,665,3,9247,22_47_14_18_05_2025,-5.15,2.64,7.95,0.00,-0.00,-0.00
-9765,3.01,-19,2.27,665,3,9280,22_47_14_18_05_2025,-5.14,2.64,7.97,0.00,-0.01,-0.00
-9789,3.01,-220,2.29,664,3,9312,22_47_14_18_05_2025,-5.14,2.64,7.97,0.00,-0.01,-0.00
-9704,3.01,19,2.27,665,3,9346,22_47_14_18_05_2025,-5.10,2.63,7.98,0.00,-0.01,-0.01
-9649,3.00,-50,2.28,665,3,9378,22_47_14_18_05_2025,-5.13,2.64,7.97,0.01,-0.00,-0.00
-9546,3.00,256,2.25,665,3,9410,22_47_14_18_05_2025,-5.12,2.64,7.97,0.01,0.00,-0.00
-9682,3.01,-96,2.28,664,3,9446,22_47_14_18_05_2025,-5.12,2.63,7.98,0.01,0.00,-0.00
-9636,3.00,-31,2.28,664,3,9478,22_47_14_18_05_2025,-5.13,2.64,7.98,0.01,0.00,-0.00
-9728,3.01,183,2.26,665,3,9511,22_47_14_18_05_2025,-5.14,2.64,7.96,0.01,0.00,0.00
-9811,3.02,-148,2.28,665,3,9543,22_47_14_18_05_2025,-5.14,2.65,7.97,0.01,-0.00,0.00
-9936,3.03,23,2.27,665,3,9576,22_47_14_18_05_2025,-5.13,2.64,7.97,0.00,-0.00,-0.00
-9866,3.02,-120,2.28,665,3,9609,22_47_14_18_05_2025,-5.12,2.64,7.97,0.00,-0.00,-0.00
-9725,3.01,-312,2.30,664,3,9645,22_47_14_18_05_2025,-5.13,2.64,7.96,0.01,-0.00,-0.00
-9827,3.02,-107,2.28,665,3,9677,22_47_15_18_05_2025,-5.12,2.65,7.96,0.00,-0.01,-0.00
-9938,3.03,-179,2.29,665,3,9709,22_47_15_18_05_2025,-5.13,2.63,7.96,0.00,-0.01,-0.00
-9857,3.02,-204,2.29,665,3,9742,22_47_15_18_05_2025,-5.12,2.63,8.00,0.00,-0.00,-0.00
-9884,3.02,-158,2.28,665,3,9774,22_47_15_18_05_2025,-5.13,2.63,7.96,0.01,0.00,0.00
-9783,3.01,-218,2.29,665,3,9807,22_47_15_18_05_2025,-5.15,2.65,7.96,0.00,-0.01,0.00
-9890,3.02,-184,2.29,665,3,9842,22_47_15_18_05_2025,-5.14,2.66,7.95,0.00,-0.01,-0.00
-9683,3.01,-35,2.28,665,3,9875,22_47_15_18_05_2025,-5.12,2.62,7.99,0.00,-0.02,-0.01
-9593,3.00,-117,2.28,665,3,9907,22_47_15_18_05_2025,-5.10,2.63,7.98,0.00,-0.01,-0.00
-9701,3.01,-90,2.28,665,3,9940,22_47_15_18_05_2025,-5.11,2.64,7.98,0.00,-0.01,-0.00
-9713,3.01,-144,2.28,665,3,9973,22_47_15_18_05_2025,-5.13,2.63,7.97,0.01,0.00,-0.00
-9822,3.02,-215,2.29,664,3,10005,22_47_15_18_05_2025,-5.12,2.63,7.98,0.01,0.01,0.00
-9871,3.02,-162,2.29,665,3,10040,22_47_15_18_05_2025,-5.13,2.65,7.98,0.01,0.00,0.00
-9856,3.02,-197,2.29,665,3,10073,22_47_15_18_05_2025,-5.15,2.64,7.97,0.00,-0.01,-0.00
-9985,3.03,11,2.27,665,3,10106,22_47_15_18_05_2025,-5.12,2.63,7.96,0.00,-0.01,-0.00
-9985,3.03,11,2.27,665,3,10138,22_47_15_18_05_2025,-5.12,2.64,7.97,0.00,-0.01,-0.00
-9485,2.99,-28,2.27,665,3,10171,22_47_15_18_05_2025,-5.11,2.63,7.97,0.00,-0.01,-0.00
-9665,3.00,-44,2.28,665,3,10204,22_47_15_18_05_2025,-5.10,2.62,7.98,0.01,0.00,-0.00
-9677,3.01,13,2.27,665,3,10239,22_47_15_18_05_2025,-5.12,2.63,7.97,0.01,0.00,0.00
-9897,3.02,-105,2.28,665,3,10271,22_47_15_18_05_2025,-5.14,2.64,7.97,0.01,0.00,0.00
-9781,3.01,-215,2.29,665,3,10305,22_47_15_18_05_2025,-5.11,2.62,7.98,0.00,-0.00,0.00
-9901,3.02,-435,2.31,665,3,10337,22_47_15_18_05_2025,-5.10,2.62,7.99,0.01,0.01,0.00
-9952,3.03,-91,2.28,664,3,10370,22_47_15_18_05_2025,-5.14,2.67,7.95,0.01,0.00,0.00
-9985,3.03,-100,2.28,665,3,10402,22_47_15_18_05_2025,-5.14,2.63,7.96,0.01,0.00,0.00
-10073,3.04,-326,2.30,664,3,10438,22_47_15_18_05_2025,-5.12,2.63,7.98,0.01,0.01,0.00
-9887,3.02,-88,2.28,665,3,10471,22_47_15_18_05_2025,-5.15,2.65,7.96,0.01,0.00,0.00
-10009,3.03,-178,2.29,665,3,10504,22_47_15_18_05_2025,-5.16,2.67,7.93,0.00,-0.01,0.00
-9807,3.02,-203,2.29,665,3,10536,22_47_15_18_05_2025,-5.17,2.63,7.95,0.00,-0.01,-0.00
-9762,3.01,-27,2.27,665,3,10568,22_47_15_18_05_2025,-5.11,2.63,7.99,0.00,-0.00,-0.00
-9992,3.03,-410,2.30,664,3,10600,22_47_15_18_05_2025,-5.11,2.64,7.98,0.01,0.00,0.00
-9574,3.00,-184,2.29,665,3,10636,22_47_15_18_05_2025,-5.13,2.66,7.97,0.01,-0.00,0.00
-9751,3.01,-265,2.29,665,3,10668,22_47_16_18_05_2025,-5.16,2.64,7.96,0.01,0.00,0.00
-9983,3.03,-186,2.29,665,3,10700,22_47_16_18_05_2025,-5.15,2.64,7.95,0.01,0.00,0.00
-10093,3.04,-231,2.29,665,3,10733,22_47_16_18_05_2025,-5.13,2.65,7.97,0.01,0.00,0.00
-9903,3.02,-159,2.28,665,3,10766,22_47_16_18_05_2025,-5.13,2.62,7.97,0.00,-0.01,-0.00
-9915,3.02,-81,2.28,664,3,10798,22_47_16_18_05_2025,-5.13,2.63,7.96,0.00,-0.00,0.00
-9910,3.02,-204,2.29,665,3,10833,22_47_16_18_05_2025,-5.12,2.65,7.96,0.01,0.00,0.00
-9712,3.01,12,2.27,664,3,10866,22_47_16_18_05_2025,-5.15,2.67,7.95,-0.00,0.00,-0.00
-9937,3.03,-258,2.29,665,3,10898,22_47_16_18_05_2025,-5.18,2.64,7.93,-0.00,-0.01,-0.00
-9744,3.01,2,2.27,665,3,10930,22_47_16_18_05_2025,-5.16,2.63,7.95,0.00,-0.03,-0.01
-9565,3.00,-70,2.28,665,3,10963,22_47_16_18_05_2025,-5.11,2.72,7.98,0.00,-0.03,-0.00
-9599,3.00,-90,2.28,665,3,10996,22_47_16_18_05_2025,-5.12,2.64,7.98,0.00,-0.01,-0.00
-9773,3.01,-135,2.28,665,3,11031,22_47_16_18_05_2025,-5.10,2.61,7.98,0.01,-0.00,-0.00
-9946,3.03,-110,2.28,665,3,11064,22_47_16_18_05_2025,-5.14,2.65,7.96,0.01,0.01,0.00
-10209,3.05,-164,2.29,664,3,11097,22_47_16_18_05_2025,-5.17,2.67,7.93,0.00,0.00,0.00
-10192,3.04,-69,2.28,665,3,11129,22_47_16_18_05_2025,-5.15,2.64,7.96,0.00,-0.00,-0.00
-10008,3.03,-223,2.29,665,3,11161,22_47_16_18_05_2025,-5.13,2.64,7.97,0.00,-0.01,-0.00
-9796,3.01,-191,2.29,665,3,11194,22_47_16_18_05_2025,-5.13,2.65,7.96,0.00,-0.01,-0.00
-10050,3.03,-215,2.29,664,3,11230,22_47_16_18_05_2025,-5.14,2.65,7.95,0.01,-0.01,-0.00
-9777,3.01,-131,2.28,665,3,11264,22_47_16_18_05_2025,-5.14,2.65,7.96,0.00,-0.02,-0.01
-9679,3.01,46,2.27,665,3,11297,22_47_16_18_05_2025,-5.32,2.16,7.88,0.13,-0.05,-0.14
-10096,3.04,-153,2.28,665,3,11329,22_47_16_18_05_2025,-5.08,2.64,7.99,0.00,-0.02,-0.02
-9729,3.01,-200,2.29,665,3,11362,22_47_16_18_05_2025,-5.09,2.64,7.97,0.01,0.01,-0.00
-9787,3.01,-165,2.29,665,3,11395,22_47_16_18_05_2025,-5.16,2.66,7.95,0.01,0.00,0.00
-10428,3.06,-164,2.29,665,3,11557,22_47_16_18_05_2025,-5.18,2.69,7.93,0.01,0.01,0.00
-10423,3.06,-45,2.28,665,3,11590,22_47_16_18_05_2025,-5.13,2.67,7.96,0.01,-0.00,0.00
-10373,3.06,-262,2.29,665,3,11622,22_47_16_18_05_2025,-5.14,2.65,7.95,0.01,0.01,0.00
-10052,3.03,-105,2.28,665,3,11655,22_47_16_18_05_2025,-5.16,2.68,7.93,0.00,-0.00,0.00
-10171,3.04,-361,2.30,665,3,11688,22_47_17_18_05_2025,-5.13,2.67,7.94,0.00,-0.00,0.00
-10124,3.04,-202,2.29,665,3,11720,22_47_17_18_05_2025,-5.10,2.64,7.98,0.01,0.01,0.01
-9996,3.03,-209,2.29,664,3,11755,22_47_17_18_05_2025,-5.13,2.66,7.96,0.01,0.01,0.01
-10048,3.03,-284,2.29,665,3,11788,22_47_17_18_05_2025,-5.19,2.70,7.91,0.01,0.01,0.00
-10077,3.04,-349,2.30,665,3,11821,22_47_17_18_05_2025,-5.18,2.67,7.93,0.00,-0.01,-0.00
-10049,3.03,-118,2.28,665,3,11853,22_47_17_18_05_2025,-5.14,2.66,7.94,0.00,-0.01,0.00
-10141,3.04,-161,2.28,665,3,11885,22_47_17_18_05_2025,-5.14,2.67,7.97,0.01,-0.00,-0.00
-9927,3.02,-63,2.28,665,3,11919,22_47_17_18_05_2025,-5.14,2.67,7.95,0.01,-0.00,0.00
-9933,3.03,-189,2.29,665,3,11954,22_47_17_18_05_2025,-5.16,2.68,7.93,0.01,0.00,0.00
-10196,3.05,-282,2.29,665,3,11986,22_47_17_18_05_2025,-5.17,2.67,7.94,0.01,-0.00,0.00
-9817,3.02,-107,2.28,665,3,12020,22_47_17_18_05_2025,-5.16,2.67,7.93,0.01,-0.00,-0.00
-9889,3.02,-108,2.28,665,3,12052,22_47_17_18_05_2025,-5.16,2.68,7.94,0.00,-0.00,0.00
-9945,3.03,-196,2.29,665,3,12085,22_47_17_18_05_2025,-5.29,2.70,7.76,0.02,0.03,-0.02
-9705,3.01,-244,2.29,664,3,12117,22_47_17_18_05_2025,-6.04,2.65,7.44,0.07,-0.25,-0.35
-9441,2.99,-151,2.28,665,3,12153,22_47_17_18_05_2025,-4.14,1.70,8.67,0.33,-0.56,-0.52
-9863,3.02,-267,2.29,664,3,12186,22_47_17_18_05_2025,-3.46,4.35,7.03,2.86,3.16,-1.02
-10325,3.05,-165,2.29,665,3,12218,22_47_17_18_05_2025,-5.99,3.83,7.93,0.22,1.14,0.40
-9921,3.02,-109,2.28,665,3,12251,22_47_17_18_05_2025,-6.88,2.53,6.63,-0.19,0.19,0.28
-9323,2.98,-13,2.27,665,3,12284,22_47_17_18_05_2025,-7.35,2.43,6.20,0.06,-0.25,-0.16
-9316,2.98,-297,2.30,665,3,12316,22_47_17_18_05_2025,-4.58,3.88,6.54,0.86,1.14,-1.35
-9446,2.99,-185,2.29,665,3,12352,22_47_17_18_05_2025,-5.44,2.94,7.44,0.16,0.66,-0.04
-10729,3.09,-1,2.27,665,3,12384,22_47_17_18_05_2025,-7.19,3.56,6.88,-0.15,0.56,0.47
-10452,3.06,-31,2.28,665,3,12417,22_47_17_18_05_2025,-6.81,3.70,6.52,-0.20,-0.48,0.07
-10214,3.05,-243,2.29,665,3,12450,22_47_17_18_05_2025,-6.92,3.77,6.29,-0.67,-0.81,0.15
-9688,3.01,-172,2.29,665,3,12482,22_47_17_18_05_2025,-6.90,3.60,7.28,0.11,-0.02,0.05
-9501,2.99,-138,2.28,665,3,12516,22_47_17_18_05_2025,-6.09,3.19,6.49,0.16,-0.11,-0.06
-9622,3.00,-7,2.27,665,3,12552,22_47_17_18_05_2025,-6.51,2.97,6.43,0.03,-0.20,-0.20
-9519,2.99,-322,2.30,665,3,12585,22_47_17_18_05_2025,-6.04,3.02,6.76,0.30,-0.18,-0.15
-9424,2.99,-368,2.30,665,3,12617,22_47_17_18_05_2025,-5.42,3.08,7.60,0.13,-0.03,0.04
-9576,3.00,-270,2.29,665,3,12649,22_47_17_18_05_2025,-5.87,3.21,7.17,0.03,0.05,0.01
-10102,3.04,-114,2.28,665,3,12682,22_47_18_18_05_2025,-6.27,3.11,6.71,-0.14,0.24,-0.19
-10204,3.05,-386,2.30,665,3,12715,22_47_18_18_05_2025,-7.62,4.35,7.39,0.10,0.21,-0.12
-10105,3.04,-186,2.29,665,3,12750,22_47_18_18_05_2025,-6.54,3.14,6.67,0.06,0.02,0.03
-9949,3.03,-195,2.29,665,3,12783,22_47_18_18_05_2025,-6.29,4.05,6.96,0.05,-0.03,0.08
-9365,2.98,-239,2.29,666,3,12815,22_47_18_18_05_2025,-6.33,3.27,6.73,-0.01,-0.02,0.00
-9346,2.98,-156,2.28,664,3,12848,22_47_18_18_05_2025,-6.18,3.20,6.70,0.03,0.07,0.01
-9129,2.96,-295,2.30,666,3,12881,22_47_18_18_05_2025,-6.21,3.14,6.79,0.04,-0.01,-0.05
-8995,2.95,-92,2.28,665,3,12913,22_47_18_18_05_2025,-6.70,3.64,6.53,0.02,0.01,-0.08
-9393,2.98,-148,2.28,664,3,12948,22_47_18_18_05_2025,-6.98,3.44,6.05,0.43,-0.02,-0.25
-9543,3.00,-220,2.29,664,3,12982,22_47_18_18_05_2025,-6.16,3.08,6.91,-0.04,-0.04,-0.03
-9215,2.97,-223,2.29,665,3,13014,22_47_18_18_05_2025,-6.30,3.27,6.76,-0.01,-0.00,-0.05
-9084,2.96,-270,2.29,665,3,13046,22_47_18_18_05_2025,-6.32,3.23,6.71,0.04,0.04,-0.02
-8887,2.95,-271,2.29,665,3,13080,22_47_18_18_05_2025,-6.50,3.76,6.65,0.48,0.27,0.13
-9183,2.97,-239,2.29,665,3,13113,22_47_18_18_05_2025,-6.47,3.54,6.50,0.07,0.09,0.08
-8965,2.95,-238,2.29,665,3,13148,22_47_18_18_05_2025,-6.66,3.37,6.42,0.02,0.07,0.06
-9405,2.99,-164,2.29,665,3,13180,22_47_18_18_05_2025,-8.45,4.57,6.59,-0.24,-0.79,-0.16
-9356,2.98,-295,2.30,665,3,13213,22_47_18_18_05_2025,-5.83,3.35,7.23,0.11,-0.46,-0.16
-9607,3.00,-315,2.30,665,3,13246,22_47_18_18_05_2025,-5.76,3.33,6.96,0.00,0.04,0.01
-10198,3.05,-252,2.29,664,3,13278,22_47_18_18_05_2025,-5.91,3.46,6.93,-0.12,0.25,-0.14
-10158,3.04,-202,2.29,665,3,13311,22_47_18_18_05_2025,-6.99,3.47,6.72,-0.37,0.46,0.02
-10272,3.05,-177,2.29,664,3,13346,22_47_18_18_05_2025,-6.91,3.15,6.27,-0.11,-0.10,0.05
-10306,3.05,-338,2.30,664,3,13379,22_47_18_18_05_2025,-5.96,3.13,6.82,0.13,-0.09,-0.03
-10060,3.03,-134,2.28,665,3,13412,22_47_18_18_05_2025,-6.24,3.39,6.57,0.21,-0.09,0.02
-9653,3.00,-186,2.29,665,3,13444,22_47_18_18_05_2025,-6.09,3.35,6.75,-0.00,0.03,-0.00
-9773,3.01,-223,2.29,666,3,13478,22_47_18_18_05_2025,-6.40,3.47,6.77,0.02,-0.03,0.02
-9867,3.02,-272,2.29,665,3,13513,22_47_18_18_05_2025,-6.73,4.11,6.72,-0.08,0.03,0.04
-9641,3.00,-253,2.29,665,3,13546,22_47_18_18_05_2025,-6.25,3.53,6.75,-0.04,0.01,-0.00
-10146,3.04,-80,2.28,664,3,13578,22_47_18_18_05_2025,-6.70,3.45,6.65,-0.21,0.12,-0.06
-10036,3.03,-347,2.30,664,3,13611,22_47_18_18_05_2025,-6.74,3.44,6.91,-0.10,-0.07,0.02
-10190,3.04,-333,2.30,665,3,13644,22_47_18_18_05_2025,-5.43,2.98,6.21,0.34,-0.20,0.31
-9772,3.01,-353,2.30,665,3,13677,22_47_19_18_05_2025,-5.99,3.23,6.78,-0.13,0.01,-0.12
-9822,3.02,-292,2.29,666,3,13712,22_47_19_18_05_2025,-6.08,3.21,6.72,-0.05,0.08,-0.05
-9911,3.02,-386,2.30,665,3,13745,22_47_19_18_05_2025,-6.30,3.40,6.93,0.06,0.18,-0.02
-9944,3.03,-338,2.30,665,3,13778,22_47_19_18_05_2025,-6.34,3.32,7.01,-0.02,0.01,-0.02
-9792,3.01,-518,2.31,665,3,13811,22_47_19_18_05_2025,-6.18,3.23,6.86,0.00,0.00,-0.00
-10053,3.03,-254,2.29,665,3,13843,22_47_19_18_05_2025,-6.32,3.27,6.76,0.08,0.13,0.01
