-8427,2.91,390,2.24,583,2,9724,11_28_29_01_05_2025,-1.07,9.56,-0.25,0.12,-1.33,0.70
-8284,2.90,582,2.23,583,2,9811,11_28_29_01_05_2025,-1.07,9.56,-0.27,0.00,-0.00,-0.00
-8286,2.90,484,2.24,583,2,9854,11_28_29_01_05_2025,-1.07,9.58,-0.27,0.00,-0.00,0.00
-8404,2.91,455,2.24,583,2,9896,11_28_29_01_05_2025,-1.06,9.57,-0.28,0.00,-0.00,-0.00
-8334,2.90,480,2.24,583,2,9936,11_28_29_01_05_2025,-1.06,9.57,-0.27,0.00,-0.00,0.00
-8486,2.92,699,2.22,583,2,9976,11_28_29_01_05_2025,-1.07,9.53,-0.27,0.00,-0.00,0.00
-8368,2.91,398,2.24,583,2,10018,11_28_29_01_05_2025,-1.06,9.62,-0.25,0.00,-0.00,-0.00
-8434,2.91,552,2.23,583,2,10056,11_28_29_01_05_2025,-1.06,9.53,-0.27,0.01,-0.00,0.00
-8282,2.90,387,2.24,583,2,10097,11_28_29_01_05_2025,-1.08,9.56,-0.25,0.00,-0.00,-0.00
-8351,2.91,629,2.23,583,2,10137,11_28_29_01_05_2025,-1.06,9.57,-0.29,0.00,-0.00,0.00
-8284,2.90,539,2.23,582,2,10178,11_28_29_01_05_2025,-1.07,9.59,-0.26,0.00,-0.00,-0.00
-8515,2.92,706,2.22,584,2,10218,11_28_29_01_05_2025,-1.06,9.56,-0.26,0.00,-0.00,0.00
-8438,2.91,406,2.24,583,2,10262,11_28_29_01_05_2025,-1.08,9.58,-0.27,0.00,-0.00,-0.00
-8271,2.90,376,2.24,584,2,10302,11_28_29_01_05_2025,-1.06,9.56,-0.26,0.00,-0.00,-0.00
-8383,2.91,675,2.22,583,2,10342,11_28_30_01_05_2025,-1.07,9.56,-0.27,0.00,-0.00,0.00
-8446,2.91,515,2.23,583,2,10383,11_28_30_01_05_2025,-1.06,9.58,-0.27,0.00,-0.00,-0.00
-8402,2.91,542,2.23,583,2,10423,11_28_30_01_05_2025,-1.06,9.57,-0.26,0.00,-0.00,-0.00
-8320,2.90,212,2.26,583,2,10463,11_28_30_01_05_2025,-1.06,9.57,-0.25,0.00,-0.00,-0.00
-8292,2.90,707,2.22,583,2,10507,11_28_30_01_05_2025,-1.06,9.57,-0.26,0.00,-0.00,-0.00
-8413,2.91,406,2.24,583,2,10547,11_28_30_01_05_2025,-1.07,9.57,-0.26,0.00,-0.00,-0.00
-8465,2.91,651,2.22,584,2,10587,11_28_30_01_05_2025,-1.07,9.57,-0.26,0.00,-0.00,0.00
-8295,2.90,636,2.22,581,2,10628,11_28_30_01_05_2025,-1.06,9.58,-0.25,0.00,-0.00,-0.00
-8258,2.90,622,2.23,581,2,10668,11_28_30_01_05_2025,-1.07,9.58,-0.27,0.00,-0.00,-0.00
-8289,2.90,652,2.22,583,2,10709,11_28_30_01_05_2025,-1.06,9.57,-0.26,0.00,-0.00,-0.00
-8261,2.90,614,2.23,583,2,10752,11_28_30_01_05_2025,-1.07,9.58,-0.26,0.00,-0.00,-0.00
-8260,2.90,419,2.24,583,2,10792,11_28_30_01_05_2025,-1.06,9.57,-0.27,0.00,-0.00,0.00
-8266,2.90,490,2.24,582,2,10832,11_28_30_01_05_2025,-1.06,9.57,-0.25,0.00,-0.00,-0.00
-8380,2.91,572,2.23,584,2,10872,11_28_30_01_05_2025,-1.06,9.57,-0.26,0.00,-0.00,-0.00
-8403,2.91,373,2.24,583,2,10912,11_28_30_01_05_2025,-1.07,9.57,-0.26,0.00,-0.00,-0.00
-8378,2.91,745,2.22,583,2,10953,11_28_30_01_05_2025,-1.06,9.57,-0.26,0.00,-0.00,-0.00
-8165,2.89,605,2.23,584,2,10998,11_28_30_01_05_2025,-1.06,9.56,-0.25,0.00,-0.00,0.00
-8312,2.90,617,2.23,581,2,11042,11_28_30_01_05_2025,-1.07,9.58,-0.26,0.00,-0.00,0.00
-8380,2.91,680,2.22,583,2,11082,11_28_30_01_05_2025,-1.06,9.57,-0.25,0.00,-0.00,-0.00
-8351,2.91,351,2.25,584,2,11122,11_28_30_01_05_2025,-1.06,9.57,-0.26,0.00,-0.00,-0.00
-8336,2.90,456,2.24,583,2,11163,11_28_30_01_05_2025,-1.06,9.57,-0.25,0.00,-0.00,0.00
-8330,2.90,747,2.22,583,2,11203,11_28_30_01_05_2025,-1.06,9.58,-0.25,0.00,-0.00,-0.00
-8409,2.91,495,2.24,582,2,11247,11_28_30_01_05_2025,-1.06,9.57,-0.26,0.00,-0.00,-0.00
-8429,2.91,583,2.23,582,2,11288,11_28_30_01_05_2025,-1.07,9.58,-0.25,0.00,-0.00,-0.00
-8429,2.91,419,2.24,583,2,11328,11_28_31_01_05_2025,-1.07,9.58,-0.25,0.00,-0.00,-0.00
-8431,2.91,848,2.21,583,2,11368,11_28_31_01_05_2025,-1.06,9.57,-0.24,0.00,-0.00,0.00
-8375,2.91,642,2.22,583,2,11409,11_28_31_01_05_2025,-1.07,9.57,-0.25,0.00,-0.00,0.00
-8376,2.91,913,2.20,584,2,11448,11_28_31_01_05_2025,-1.07,9.57,-0.26,0.00,-0.00,-0.00
-8449,2.91,624,2.23,583,2,11492,11_28_31_01_05_2025,-1.07,9.57,-0.25,0.01,-0.00,-0.00
-8398,2.91,739,2.22,583,2,11532,11_28_31_01_05_2025,-1.07,9.57,-0.25,0.00,-0.00,-0.00
-8529,2.92,737,2.22,583,2,11572,11_28_31_01_05_2025,-1.05,9.57,-0.25,0.00,-0.00,-0.00
-8342,2.90,498,2.23,583,2,11613,11_28_31_01_05_2025,-1.07,9.57,-0.25,0.00,-0.00,-0.00
-8409,2.91,281,2.25,583,2,11652,11_28_31_01_05_2025,-1.06,9.57,-0.26,0.00,-0.00,-0.00
-8342,2.90,680,2.22,583,2,11693,11_28_31_01_05_2025,-1.07,9.58,-0.25,0.00,-0.00,-0.00
-8305,2.90,716,2.22,583,2,11736,11_28_31_01_05_2025,-1.06,9.57,-0.26,0.00,-0.00,-0.00
-8592,2.92,576,2.23,581,2,11776,11_28_31_01_05_2025,-1.07,9.57,-0.27,0.00,-0.00,-0.00
-8196,2.89,483,2.24,583,2,11817,11_28_31_01_05_2025,-1.06,9.57,-0.25,0.00,-0.00,-0.00
-8424,2.91,733,2.22,583,2,11857,11_28_31_01_05_2025,-1.06,9.57,-0.25,0.00,-0.00,-0.00
-8333,2.90,480,2.24,583,2,11897,11_28_31_01_05_2025,-1.07,9.57,-0.25,0.00,-0.00,-0.00
-8298,2.90,523,2.23,583,2,11938,11_28_31_01_05_2025,-1.07,9.57,-0.25,0.00,-0.00,-0.00
-8381,2.91,610,2.23,583,2,11981,11_28_31_01_05_2025,-1.06,9.57,-0.25,0.00,-0.00,0.00
-8220,2.90,677,2.22,583,2,12020,11_28_31_01_05_2025,-1.06,9.57,-0.25,0.00,-0.00,-0.00
-8315,2.90,551,2.23,583,2,12061,11_28_31_01_05_2025,-1.07,9.57,-0.25,0.01,-0.00,-0.00
-8336,2.90,606,2.23,583,2,12101,11_28_31_01_05_2025,-1.06,9.58,-0.26,0.00,-0.00,-0.00
-8122,2.89,664,2.22,583,2,12141,11_28_31_01_05_2025,-1.07,9.57,-0.26,0.00,-0.00,0.00
-8310,2.90,536,2.23,581,2,12184,11_28_31_01_05_2025,-1.07,9.57,-0.26,0.01,-0.00,-0.00
-8231,2.90,435,2.24,583,2,12230,11_28_31_01_05_2025,-1.07,9.57,-0.25,0.00,-0.00,-0.00
-8501,2.92,525,2.23,583,2,12271,11_28_31_01_05_2025,-1.07,9.57,-0.26,0.00,-0.00,0.00
-8376,2.91,687,2.22,583,2,12311,11_28_32_01_05_2025,-1.07,9.58,-0.25,0.01,-0.00,0.00
-8272,2.90,569,2.23,583,2,12351,11_28_32_01_05_2025,-1.07,9.57,-0.24,0.00,-0.00,-0.00
-8438,2.91,554,2.23,583,2,12392,11_28_32_01_05_2025,-1.07,9.57,-0.25,0.00,-0.00,-0.00
-8416,2.91,550,2.23,583,2,12432,11_28_32_01_05_2025,-1.06,9.58,-0.25,0.00,-0.00,-0.00
-8232,2.90,789,2.21,583,2,12476,11_28_32_01_05_2025,-1.06,9.58,-0.26,0.00,-0.00,-0.00
-8259,2.90,685,2.22,583,2,12517,11_28_32_01_05_2025,-1.07,9.58,-0.24,0.00,-0.00,-0.00
-8331,2.90,514,2.23,583,2,12557,11_28_32_01_05_2025,-1.07,9.57,-0.26,0.00,-0.00,-0.00
-8289,2.90,485,2.24,583,2,12598,11_28_32_01_05_2025,-1.07,9.57,-0.25,0.00,-0.00,-0.00
-8250,2.90,555,2.23,583,2,12638,11_28_32_01_05_2025,-1.05,9.58,-0.25,0.00,-0.00,-0.00
-8318,2.90,617,2.23,583,2,12682,11_28_32_01_05_2025,-1.06,9.58,-0.24,0.00,-0.00,-0.00
-8380,2.91,417,2.24,583,2,12722,11_28_32_01_05_2025,-1.06,9.57,-0.25,0.00,-0.00,-0.00
-8420,2.91,526,2.23,583,2,12762,11_28_32_01_05_2025,-1.06,9.58,-0.25,0.00,-0.00,-0.00
-8262,2.90,463,2.24,583,2,12802,11_28_32_01_05_2025,-1.07,9.57,-0.25,0.00,-0.00,-0.00
-8507,2.92,664,2.22,584,2,12843,11_28_32_01_05_2025,-1.06,9.57,-0.25,0.00,-0.00,0.00
-8497,2.92,535,2.23,581,2,12884,11_28_32_01_05_2025,-1.07,9.57,-0.24,0.00,-0.00,0.00
-8429,2.91,767,2.21,583,2,12927,11_28_32_01_05_2025,-1.07,9.57,-0.25,0.00,-0.00,-0.00
-8412,2.91,784,2.21,583,2,12968,11_28_32_01_05_2025,-1.06,9.57,-0.24,0.00,-0.00,-0.00
-8298,2.90,685,2.22,583,2,13008,11_28_32_01_05_2025,-1.07,9.58,-0.26,0.00,-0.00,0.00
-8350,2.91,584,2.23,583,2,13048,11_28_32_01_05_2025,-1.07,9.57,-0.25,0.00,-0.00,0.00
-8281,2.90,476,2.24,583,2,13090,11_28_32_01_05_2025,-1.07,9.58,-0.25,0.00,-0.00,-0.00
-8389,2.91,697,2.22,583,2,13130,11_28_32_01_05_2025,-1.06,9.57,-0.25,0.00,-0.00,0.00
-8369,2.91,469,2.24,583,2,13174,11_28_32_01_05_2025,-1.06,9.58,-0.25,0.00,-0.00,-0.00
-8301,2.90,603,2.23,583,2,13213,11_28_32_01_05_2025,-1.07,9.57,-0.25,0.00,-0.00,0.00
-8385,2.91,602,2.23,583,2,13253,11_28_32_01_05_2025,-1.07,9.57,-0.24,0.00,-0.00,0.00
-8199,2.89,565,2.23,583,2,13294,11_28_32_01_05_2025,-1.06,9.56,-0.25,0.00,-0.00,0.00
-8320,2.90,742,2.22,583,2,13334,11_28_33_01_05_2025,-1.06,9.57,-0.25,0.00,-0.00,-0.00
-8361,2.91,466,2.24,583,2,13377,11_28_33_01_05_2025,-1.06,9.57,-0.26,0.00,-0.00,0.00
-8194,2.89,649,2.22,583,2,13423,11_28_33_01_05_2025,-1.07,9.56,-0.25,0.00,-0.00,-0.00
-8364,2.91,602,2.23,583,2,13464,11_28_33_01_05_2025,-1.06,9.57,-0.26,0.00,-0.00,-0.00
-8394,2.91,733,2.22,583,2,13504,11_28_33_01_05_2025,-1.07,9.57,-0.24,0.00,-0.00,-0.00
-8422,2.91,555,2.23,582,2,13544,11_28_33_01_05_2025,-1.07,9.57,-0.25,0.00,-0.00,-0.00
-8334,2.90,452,2.24,583,2,13585,11_28_33_01_05_2025,-1.06,9.57,-0.25,0.00,-0.00,0.00
-8294,2.90,496,2.24,583,2,13626,11_28_33_01_05_2025,-1.07,9.57,-0.25,0.00,-0.00,0.00
-8463,2.91,837,2.21,583,2,13669,11_28_33_01_05_2025,-1.07,9.57,-0.24,0.00,-0.00,0.00
-8230,2.90,892,2.21,583,2,13709,11_28_33_01_05_2025,-1.06,9.57,-0.24,0.00,-0.00,0.00
-8120,2.89,671,2.22,583,2,13749,11_28_33_01_05_2025,-1.07,9.57,-0.25,0.00,-0.00,-0.00
-8225,2.90,790,2.21,583,2,13789,11_28_33_01_05_2025,-1.06,9.57,-0.24,0.00,-0.00,-0.00
-8450,2.91,757,2.22,583,2,13830,11_28_33_01_05_2025,-1.06,9.58,-0.25,0.00,-0.00,-0.00
-8298,2.90,571,2.23,583,2,13870,11_28_33_01_05_2025,-1.06,9.57,-0.25,0.00,-0.00,0.00
-8293,2.90,514,2.23,583,2,13913,11_28_33_01_05_2025,-1.06,9.58,-0.24,0.00,-0.00,-0.00
-8450,2.91,587,2.23,583,2,13953,11_28_33_01_05_2025,-1.07,9.57,-0.24,0.00,-0.00,0.00
-8204,2.89,709,2.22,583,2,13993,11_28_33_01_05_2025,-1.06,9.58,-0.25,0.00,-0.00,0.00
-8375,2.91,735,2.22,583,2,14033,11_28_33_01_05_2025,-1.07,9.57,-0.25,0.00,-0.00,0.00
-8367,2.91,568,2.23,583,2,14074,11_28_33_01_05_2025,-1.08,9.57,-0.26,0.00,-0.00,0.00
-8346,2.90,707,2.22,583,2,14114,11_28_33_01_05_2025,-1.06,9.57,-0.26,0.00,-0.00,0.00
-8337,2.90,313,2.25,583,2,14158,11_28_33_01_05_2025,-1.07,9.57,-0.24,0.00,-0.00,0.00
-8469,2.91,463,2.24,583,2,14198,11_28_33_01_05_2025,-1.06,9.57,-0.25,0.00,-0.00,-0.00
-8330,2.90,589,2.23,583,2,14238,11_28_33_01_05_2025,-1.07,9.58,-0.25,0.00,-0.00,-0.00
-8375,2.91,572,2.23,583,2,14279,11_28_33_01_05_2025,-1.06,9.57,-0.25,0.00,-0.00,-0.00
-8375,2.91,694,2.22,583,2,14319,11_28_34_01_05_2025,-1.07,9.57,-0.25,0.00,-0.00,0.00
-8315,2.90,753,2.22,582,2,14360,11_28_34_01_05_2025,-1.07,9.57,-0.25,0.00,-0.00,-0.00
-8349,2.91,791,2.21,583,2,14403,11_28_34_01_05_2025,-1.08,9.57,-0.25,0.00,-0.00,0.00
-8357,2.91,723,2.22,583,2,14443,11_28_34_01_05_2025,-1.06,9.57,-0.25,0.00,-0.00,-0.00
-8270,2.90,802,2.21,583,2,14483,11_28_34_01_05_2025,-1.07,9.57,-0.25,0.00,-0.00,-0.00
-8314,2.90,673,2.22,583,2,14524,11_28_34_01_05_2025,-1.07,9.57,-0.25,0.00,-0.00,-0.00
-8337,2.90,700,2.22,583,2,14566,11_28_34_01_05_2025,-1.07,9.57,-0.25,0.00,-0.00,-0.00
-8347,2.91,483,2.24,583,2,14610,11_28_34_01_05_2025,-1.07,9.58,-0.24,0.00,-0.00,0.00
-8351,2.91,626,2.23,583,2,14653,11_28_34_01_05_2025,-1.07,9.58,-0.25,0.00,-0.00,-0.00
-8188,2.89,648,2.22,583,2,14693,11_28_34_01_05_2025,-1.07,9.57,-0.25,0.00,-0.00,-0.00
-8220,2.90,652,2.22,583,2,14734,11_28_34_01_05_2025,-1.07,9.57,-0.25,0.00,-0.00,-0.00
-8372,2.91,619,2.23,583,2,14774,11_28_34_01_05_2025,-1.06,9.58,-0.25,0.00,-0.00,-0.00
-8314,2.90,493,2.24,583,2,14814,11_28_34_01_05_2025,-1.06,9.58,-0.25,0.00,-0.00,0.00
-8185,2.89,586,2.23,583,2,14855,11_28_34_01_05_2025,-1.07,9.58,-0.26,0.00,-0.00,0.00
-8262,2.90,693,2.22,583,2,14898,11_28_34_01_05_2025,-1.07,9.57,-0.25,0.00,-0.00,-0.00
-8461,2.91,689,2.22,583,2,14939,11_28_34_01_05_2025,-1.07,9.57,-0.26,0.01,-0.00,0.00
-8323,2.90,623,2.23,582,2,14979,11_28_34_01_05_2025,-1.07,9.57,-0.25,0.00,-0.00,-0.00
-8375,2.91,714,2.22,583,2,15019,11_28_34_01_05_2025,-1.06,9.58,-0.25,0.00,-0.00,-0.00
-8295,2.90,793,2.21,582,2,15060,11_28_34_01_05_2025,-1.06,9.56,-0.25,0.00,-0.00,-0.00
-8251,2.90,518,2.23,583,2,15100,11_28_34_01_05_2025,-1.06,9.57,-0.24,0.00,-0.01,-0.00
-8304,2.90,602,2.23,583,2,15144,11_28_34_01_05_2025,-1.06,9.57,-0.25,0.00,-0.00,0.00
-8409,2.91,733,2.22,583,2,15184,11_28_34_01_05_2025,-1.07,9.58,-0.25,0.00,-0.00,0.00
-8438,2.91,627,2.23,583,2,15224,11_28_34_01_05_2025,-1.07,9.57,-0.24,0.00,-0.00,0.00
-8428,2.91,545,2.23,582,2,15264,11_28_34_01_05_2025,-1.07,9.58,-0.25,0.00,-0.00,-0.00
-8303,2.90,606,2.23,583,2,15305,11_28_35_01_05_2025,-1.07,9.57,-0.26,0.00,-0.00,0.00
-8343,2.90,605,2.23,582,2,15348,11_28_35_01_05_2025,-1.07,9.59,-0.24,0.00,-0.00,0.00
-8509,2.92,775,2.21,584,2,15389,11_28_35_01_05_2025,-1.06,9.57,-0.25,0.00,-0.00,0.00
-8346,2.90,633,2.22,583,2,15429,11_28_35_01_05_2025,-1.07,9.57,-0.24,0.00,-0.00,-0.00
-8385,2.91,865,2.21,583,2,15469,11_28_35_01_05_2025,-1.07,9.58,-0.25,0.00,-0.00,0.00
-8417,2.91,675,2.22,583,2,15510,11_28_35_01_05_2025,-1.07,9.58,-0.25,0.00,-0.00,0.00
-8388,2.91,602,2.23,583,2,15550,11_28_35_01_05_2025,-1.07,9.58,-0.25,0.00,-0.00,0.00
-8299,2.90,628,2.23,583,2,15593,11_28_35_01_05_2025,-1.07,9.57,-0.25,0.00,-0.00,0.00
-8266,2.90,668,2.22,582,2,15633,11_28_35_01_05_2025,-1.07,9.58,-0.25,0.00,-0.00,-0.00
-8407,2.91,716,2.22,583,2,15673,11_28_35_01_05_2025,-1.06,9.57,-0.25,0.00,-0.00,0.00
-8080,2.88,585,2.23,583,2,15713,11_28_35_01_05_2025,-1.06,9.57,-0.24,0.00,-0.00,0.00
-8357,2.91,918,2.20,583,2,15755,11_28_35_01_05_2025,-1.07,9.58,-0.26,0.00,-0.00,0.00
-8307,2.90,708,2.22,582,2,15798,11_28_35_01_05_2025,-1.05,9.59,-0.26,0.00,-0.00,-0.00
-8154,2.89,643,2.22,583,2,15844,11_28_35_01_05_2025,-1.12,9.56,-0.27,-0.02,-0.04,-0.02
-8423,2.91,623,2.23,583,2,15885,11_28_35_01_05_2025,-1.64,10.73,2.08,0.87,0.42,0.06
-8372,2.91,522,2.23,583,2,15926,11_28_35_01_05_2025,-3.43,8.59,2.32,0.36,0.69,-0.11
-8525,2.92,489,2.24,583,2,15966,11_28_35_01_05_2025,-1.81,9.97,0.12,0.37,1.84,-0.33
-8630,2.93,427,2.24,583,2,16006,11_28_35_01_05_2025,-2.31,9.32,-0.23,0.96,2.15,-0.58
-8711,2.93,462,2.24,582,2,16047,11_28_35_01_05_2025,-2.39,9.20,-1.13,0.49,1.88,-0.57
-8643,2.93,468,2.24,583,2,16090,11_28_35_01_05_2025,-3.22,8.95,-2.70,0.29,1.17,-0.29
-8835,2.94,1102,2.19,583,2,16131,11_28_35_01_05_2025,-2.37,9.40,-0.19,0.44,1.04,-0.42
-9212,2.97,1285,2.18,582,2,16172,11_28_35_01_05_2025,0.53,9.30,-2.95,-0.18,1.24,-0.14
-9242,2.97,968,2.20,583,2,16212,11_28_35_01_05_2025,-0.20,8.15,-2.42,-2.33,1.18,0.16
-9064,2.96,774,2.21,583,2,16252,11_28_35_01_05_2025,1.42,9.57,-1.18,-1.05,0.41,0.16
-9416,2.99,860,2.21,583,2,16293,11_28_35_01_05_2025,1.14,9.66,-0.59,-1.19,-0.33,0.19
-8867,2.94,401,2.24,582,2,16337,11_28_36_01_05_2025,0.23,10.52,-1.03,-0.24,-1.07,0.08
-9190,2.97,434,2.24,583,2,16378,11_28_36_01_05_2025,-0.56,9.83,-0.59,0.16,-1.17,0.10
-9230,2.97,237,2.25,583,2,16418,11_28_36_01_05_2025,-0.91,9.52,-1.54,0.12,-1.13,0.03
-9015,2.96,281,2.25,583,2,16459,11_28_36_01_05_2025,-1.04,9.51,-1.41,0.16,-0.52,-0.11
-9046,2.96,302,2.25,583,2,16499,11_28_36_01_05_2025,-0.46,9.64,-0.98,0.05,-0.11,-0.07
-9242,2.97,270,2.25,583,2,16540,11_28_36_01_05_2025,0.19,9.88,-0.22,0.14,0.04,0.08
-9210,2.97,518,2.23,583,2,16583,11_28_36_01_05_2025,-1.76,9.43,-0.28,0.50,-0.36,-0.48
-9347,2.98,389,2.24,583,2,16624,11_28_36_01_05_2025,-1.05,9.57,-0.72,0.54,-0.09,0.09
-9154,2.97,371,2.24,583,2,16664,11_28_36_01_05_2025,-1.29,9.30,-0.98,0.11,-0.10,-0.05
-9023,2.96,234,2.26,583,2,16704,11_28_36_01_05_2025,-1.12,9.58,-0.72,0.00,-0.00,-0.00
-9185,2.97,341,2.25,583,2,16745,11_28_36_01_05_2025,-1.17,9.54,-0.74,0.00,-0.00,0.00
-9391,2.98,408,2.24,582,2,16785,11_28_36_01_05_2025,-1.17,9.53,-0.74,0.00,-0.00,0.00
-9148,2.97,280,2.25,583,2,16829,11_28_36_01_05_2025,-1.16,9.53,-0.76,0.01,-0.00,0.00
-9100,2.96,436,2.24,583,2,16870,11_28_36_01_05_2025,-1.17,9.53,-0.75,0.01,-0.01,-0.00
-9429,2.99,444,2.24,583,2,16911,11_28_36_01_05_2025,-1.17,9.53,-0.75,0.01,-0.00,-0.00
-9087,2.96,513,2.23,583,2,16953,11_28_36_01_05_2025,-1.17,9.53,-0.75,0.01,-0.00,-0.00
-9214,2.97,488,2.24,583,2,16995,11_28_36_01_05_2025,-1.17,9.52,-0.74,0.01,-0.00,-0.00
-8991,2.95,525,2.23,583,2,17036,11_28_36_01_05_2025,-1.17,9.53,-0.75,0.01,-0.00,0.00
-9056,2.96,417,2.24,582,2,17080,11_28_36_01_05_2025,-1.17,9.53,-0.75,0.00,-0.00,-0.00
-9010,2.96,622,2.23,583,2,17120,11_28_36_01_05_2025,-1.16,9.54,-0.73,0.01,-0.00,-0.00
-8980,2.95,662,2.22,583,2,17161,11_28_36_01_05_2025,-1.17,9.53,-0.74,0.00,-0.00,0.00
-8377,2.91,742,2.22,583,2,17201,11_28_36_01_05_2025,-1.15,9.58,-0.68,-0.01,-0.00,-0.00
-8906,2.95,744,2.22,583,2,17241,11_28_36_01_05_2025,-1.15,9.60,-0.70,0.16,0.05,-0.03
-9065,2.96,738,2.22,583,2,17282,11_28_36_01_05_2025,-1.22,9.60,-0.73,0.30,0.09,-0.07
-9190,2.97,-464,2.31,583,2,17325,11_28_37_01_05_2025,-1.13,9.43,-1.20,0.40,0.18,-0.06
-9223,2.97,-1931,2.42,583,2,17366,11_28_37_01_05_2025,-1.33,9.39,-1.17,-0.06,0.08,-0.01
-8539,2.92,-2507,2.46,582,2,17407,11_28_37_01_05_2025,-1.41,9.65,-0.78,-0.12,0.36,-0.03
-8449,2.91,-3262,2.52,582,2,17447,11_28_37_01_05_2025,-1.36,9.52,-1.04,0.13,0.35,-0.10
-8813,2.94,-3373,2.53,583,2,17488,11_28_37_01_05_2025,-1.20,9.54,-1.13,0.32,0.36,-0.12
-8186,2.89,-3733,2.56,583,2,17528,11_28_37_01_05_2025,-1.26,9.39,-1.51,0.26,0.22,-0.09
-8608,2.92,-2741,2.48,583,2,17571,11_28_37_01_05_2025,-1.26,9.41,-1.47,0.16,0.08,-0.05
-8722,2.93,-2550,2.47,583,2,17612,11_28_37_01_05_2025,-1.28,9.36,-1.57,0.11,0.07,-0.03
-8373,2.91,-2796,2.48,583,2,17652,11_28_37_01_05_2025,-1.32,9.41,-1.54,0.05,0.01,-0.02
-8378,2.91,-2719,2.48,583,2,17692,11_28_37_01_05_2025,-1.29,9.36,-1.65,0.03,-0.00,-0.00
-8351,2.91,-2244,2.44,583,2,17733,11_28_37_01_05_2025,-1.30,9.44,-1.54,-0.00,-0.00,0.00
-8373,2.91,-238,2.29,584,2,17773,11_28_37_01_05_2025,-1.35,9.41,-1.57,0.08,0.06,-0.03
-8672,2.93,552,2.23,582,2,17816,11_28_37_01_05_2025,-1.30,9.35,-1.67,0.07,0.09,-0.04
-8294,2.90,548,2.23,583,2,17858,11_28_37_01_05_2025,-1.31,9.39,-1.67,0.03,0.03,-0.01
-8462,2.91,947,2.20,583,2,17898,11_28_37_01_05_2025,-1.32,9.37,-1.68,0.03,0.00,-0.00
-8345,2.90,2160,2.11,582,2,17938,11_28_37_01_05_2025,-1.34,9.40,-1.64,0.06,0.04,-0.02
-8217,2.90,2680,2.07,583,2,17979,11_28_37_01_05_2025,-1.29,9.33,-1.76,0.03,0.02,-0.01
-8246,2.90,3410,2.01,583,2,18022,11_28_37_01_05_2025,-1.32,9.41,-1.66,-0.00,-0.00,-0.00
-8310,2.90,3309,2.02,583,2,18063,11_28_37_01_05_2025,-1.32,9.37,-1.70,0.01,-0.00,-0.00
-8237,2.90,3482,2.01,583,2,18105,11_28_37_01_05_2025,-1.34,9.41,-1.67,0.00,-0.00,-0.00
-8523,2.92,3049,2.04,583,2,18147,11_28_37_01_05_2025,-1.34,9.38,-1.70,-0.01,-0.00,0.00
-8208,2.89,2340,2.10,583,2,18190,11_28_37_01_05_2025,-1.33,9.41,-1.66,-0.03,-0.01,0.00
-8210,2.89,2929,2.05,583,2,18230,11_28_37_01_05_2025,-1.33,9.32,-1.75,0.03,-0.01,-0.00
-8576,2.92,3458,2.01,582,2,18274,11_28_37_01_05_2025,-1.33,9.43,-1.64,-0.03,-0.01,0.01
-8621,2.93,3124,2.04,583,2,18314,11_28_38_01_05_2025,-1.35,9.38,-1.68,0.00,-0.00,0.00
-8671,2.93,1855,2.13,583,2,18360,11_28_38_01_05_2025,-1.33,9.39,-1.67,0.01,-0.01,-0.00
-8385,2.91,818,2.21,583,2,18401,11_28_38_01_05_2025,-1.33,9.44,-1.59,0.00,-0.00,-0.00
-8434,2.91,557,2.23,583,2,18441,11_28_38_01_05_2025,-1.32,9.30,-1.77,0.06,-0.01,-0.01
-9148,2.97,1034,2.19,582,2,18481,11_28_38_01_05_2025,-1.34,9.40,-1.65,-0.04,-0.01,0.01
-9625,3.00,-877,2.34,583,2,18524,11_28_38_01_05_2025,-1.35,9.37,-1.67,0.04,-0.00,-0.00
-9146,2.97,-5034,2.65,583,2,18564,11_28_38_01_05_2025,-1.35,9.42,-1.63,-0.02,-0.01,0.00
-8673,2.93,-10692,3.08,582,2,18606,11_28_38_01_05_2025,-1.32,9.33,-1.73,-0.01,-0.00,0.01
-8993,2.95,-8591,2.92,583,2,18646,11_28_38_01_05_2025,-1.32,9.46,-1.56,-0.00,0.01,-0.00
-8290,2.90,-8438,2.91,583,2,18705,11_28_38_01_05_2025,-1.32,9.43,-1.62,0.11,0.02,-0.02
-8020,2.88,-9005,2.95,583,2,18796,11_28_38_01_05_2025,-1.34,9.32,-1.78,0.06,0.03,-0.02
-9050,2.96,-42032,5.46,583,2,18841,11_28_38_01_05_2025,-1.34,9.41,-1.67,0.01,0.00,0.00
-8568,2.92,-72289,7.75,583,2,18903,11_28_38_01_05_2025,-1.34,9.37,-1.75,-0.02,-0.01,0.00
-9764,3.01,-151262,13.73,583,2,18993,11_28_38_01_05_2025,-1.38,9.37,-1.76,0.07,0.11,-0.03
-8116,2.89,-112543,10.80,583,2,19034,11_28_38_01_05_2025,-1.35,9.39,-1.73,0.01,-0.00,-0.00
-8556,2.92,-56226,6.53,583,2,19101,11_28_38_01_05_2025,-1.33,9.34,-1.79,-0.00,0.01,0.00
-7930,2.87,-11365,3.13,583,2,19191,11_28_38_01_05_2025,-1.35,9.38,-1.72,-0.08,-0.00,0.01
-7756,2.86,-27,2.27,583,2,19235,11_28_38_01_05_2025,-1.26,9.33,-1.81,0.04,0.17,-0.05
-7921,2.87,352,2.25,583,2,19297,11_28_38_01_05_2025,-1.32,9.33,-1.81,0.00,0.06,-0.02
-7712,2.86,352,2.25,583,2,19387,11_28_39_01_05_2025,-1.37,9.37,-1.73,-0.06,-0.03,0.01
-7781,2.86,283,2.25,582,2,19427,11_28_39_01_05_2025,-1.33,9.27,-1.92,0.03,0.05,-0.01
-7853,2.87,358,2.25,583,2,19494,11_28_39_01_05_2025,-1.37,9.41,-1.72,-0.08,0.00,0.00
-8192,2.89,-932,2.34,583,2,19587,11_28_39_01_05_2025,-1.36,9.38,-1.78,-0.00,-0.00,0.00
-8409,2.91,-23423,4.05,583,2,19630,11_28_39_01_05_2025,-1.37,9.34,-1.75,-0.27,-0.04,0.05
-8444,2.91,-44620,5.65,583,2,19689,11_28_39_01_05_2025,-1.35,9.59,-1.35,-0.03,0.05,-0.01
-8556,2.92,-103038,10.08,584,2,19782,11_28_39_01_05_2025,-1.38,9.35,-1.76,0.21,0.09,-0.05
-8291,2.90,-138644,12.78,583,2,19825,11_28_39_01_05_2025,-1.32,9.46,-1.65,0.03,0.02,-0.00
-8006,2.88,-119836,11.35,583,2,19889,11_28_39_01_05_2025,-1.37,9.32,-1.79,-0.05,-0.01,0.00
-8748,2.94,-64555,7.16,583,2,19979,11_28_39_01_05_2025,-1.34,9.30,-1.84,-0.00,-0.00,-0.00
-8485,2.92,-17663,3.61,583,2,20020,11_28_39_01_05_2025,-1.34,9.33,-1.77,0.02,-0.01,-0.00
-8441,2.91,-5759,2.71,583,2,20086,11_28_39_01_05_2025,-1.34,9.37,-1.72,0.01,-0.00,-0.00
-8139,2.89,-923,2.34,584,2,20177,11_28_39_01_05_2025,-1.36,9.37,-1.75,0.02,0.02,-0.01
-8137,2.89,114,2.26,583,2,20217,11_28_39_01_05_2025,-1.33,9.41,-1.70,0.02,0.02,-0.01
-8372,2.91,-666,2.32,582,2,20282,11_28_39_01_05_2025,-1.35,9.35,-1.79,0.03,0.05,-0.01
-8329,2.90,-4313,2.60,582,2,20325,11_28_40_01_05_2025,-1.34,9.38,-1.75,-0.03,0.07,-0.01
-8980,2.95,-12048,3.19,583,2,20387,11_28_40_01_05_2025,-1.32,9.37,-1.78,-0.01,0.05,-0.01
-9680,3.01,-34860,4.91,583,2,20478,11_28_40_01_05_2025,-1.35,9.39,-1.70,-0.08,0.02,0.01
-8346,2.90,-120860,11.43,582,2,20519,11_28_40_01_05_2025,-1.34,9.47,-1.55,-0.09,0.22,-0.04
-8303,2.90,-149481,13.60,583,2,20586,11_28_40_01_05_2025,-1.34,9.41,-1.68,0.09,0.19,-0.05
-8214,2.89,-137837,12.71,583,2,20676,11_28_40_01_05_2025,-1.35,9.37,-1.72,-0.10,-0.03,0.01
-8441,2.91,-66021,7.27,582,2,20769,11_28_40_01_05_2025,-1.35,9.37,-1.72,0.01,0.03,-0.01
-8384,2.91,-19733,3.77,583,2,20809,11_28_40_01_05_2025,-1.31,9.44,-1.69,0.04,0.03,-0.01
-8323,2.90,-9874,3.02,582,2,20874,11_28_40_01_05_2025,-1.32,9.32,-1.77,-0.03,0.02,0.00
-8201,2.89,-3110,2.51,583,2,20915,11_28_40_01_05_2025,-1.31,9.38,-1.71,0.04,0.00,-0.01
-8430,2.91,-872,2.34,583,2,20981,11_28_40_01_05_2025,-1.33,9.38,-1.70,-0.01,-0.01,0.00
-8496,2.92,-632,2.32,582,2,21070,11_28_40_01_05_2025,-1.33,9.38,-1.71,0.00,-0.00,-0.00
-8307,2.90,-983,2.35,583,2,21110,11_28_40_01_05_2025,-1.33,9.36,-1.72,-0.00,0.00,-0.00
-8362,2.91,-2829,2.49,583,2,21176,11_28_40_01_05_2025,-1.34,9.39,-1.68,-0.01,-0.00,0.00
-8941,2.95,-13534,3.30,583,2,21267,11_28_40_01_05_2025,-1.32,9.32,-1.77,-0.05,-0.02,0.01
-9047,2.96,-92028,9.24,582,2,21308,11_28_41_01_05_2025,-1.33,9.48,-1.49,-0.08,0.04,0.00
-8621,2.93,-139845,12.87,582,2,21372,11_28_41_01_05_2025,-1.36,9.39,-1.58,-0.01,-0.02,-0.00
-8471,2.91,-158316,14.27,583,2,21464,11_28_41_01_05_2025,-1.31,9.37,-1.63,-0.03,-0.01,0.00
-8630,2.93,-100688,9.90,583,2,21505,11_28_41_01_05_2025,-1.35,9.50,-1.45,0.02,0.01,-0.01
-8868,2.94,-48949,5.98,583,2,21571,11_28_41_01_05_2025,-1.37,9.33,-1.68,0.17,0.04,-0.04
-9292,2.98,-5714,2.71,582,2,21661,11_28_41_01_05_2025,-1.20,9.29,-1.84,-0.07,0.01,0.02
-9157,2.97,-541,2.31,583,2,21703,11_28_41_01_05_2025,-1.34,9.38,-1.60,0.04,0.32,-0.08
-9278,2.98,-212,2.29,583,2,21767,11_28_41_01_05_2025,-1.35,9.37,-1.68,-0.05,0.12,-0.01
-9528,2.99,142,2.26,583,2,21857,11_28_41_01_05_2025,-1.39,9.43,-1.62,0.18,0.15,-0.06
-8822,2.94,-915,2.34,584,2,21898,11_28_41_01_05_2025,-1.49,9.35,-1.75,-0.16,0.73,-0.14
-8868,2.94,-968,2.35,582,2,21964,11_28_41_01_05_2025,-1.39,9.42,-1.85,-0.15,1.12,-0.23
-9817,3.02,-390,2.30,583,2,22054,11_28_41_01_05_2025,-1.45,9.31,-2.07,0.12,1.10,-0.22
-9667,3.01,380,2.24,582,2,22094,11_28_41_01_05_2025,-1.17,9.36,-1.98,-0.11,0.43,-0.10
-9287,2.98,-246,2.29,581,2,22160,11_28_41_01_05_2025,-1.37,9.27,-2.04,0.06,-0.06,0.00
-9281,2.98,-99,2.28,583,2,22249,11_28_41_01_05_2025,-1.40,9.29,-2.03,-0.00,-0.01,-0.00
-9386,2.98,159,2.26,583,2,22290,11_28_41_01_05_2025,-1.38,9.33,-1.99,-0.01,-0.01,0.00
-8999,2.95,-472,2.31,583,2,22355,11_28_42_01_05_2025,-1.39,9.31,-2.00,0.01,-0.00,-0.00
-9549,3.00,-197,2.29,583,2,22447,11_28_42_01_05_2025,-1.38,9.32,-2.01,0.01,-0.01,0.00
-8683,2.93,-197,2.29,583,2,22486,11_28_42_01_05_2025,-1.39,9.31,-1.99,0.00,-0.01,-0.00
-8780,2.94,108,2.26,583,2,22552,11_28_42_01_05_2025,-1.38,9.29,-2.02,0.00,-0.00,0.00
-9438,2.99,-138,2.28,582,2,22595,11_28_42_01_05_2025,-1.37,9.32,-1.99,-0.00,-0.00,0.00
-9138,2.96,75,2.27,583,2,22659,11_28_42_01_05_2025,-1.38,9.29,-2.01,0.00,-0.00,0.00
-9127,2.96,-243,2.29,583,2,22748,11_28_42_01_05_2025,-1.39,9.30,-2.01,0.00,-0.00,0.00
-9031,2.96,-234,2.29,583,2,22788,11_28_42_01_05_2025,-1.38,9.30,-2.00,0.00,-0.00,0.00
-9086,2.96,25,2.27,582,2,22854,11_28_42_01_05_2025,-1.37,9.30,-2.01,0.00,-0.00,0.00
-9164,2.97,-127,2.28,583,2,22945,11_28_42_01_05_2025,-1.39,9.32,-2.01,0.01,-0.00,0.00
-4928,2.65,410,2.24,583,2,22988,11_28_42_01_05_2025,-1.40,9.24,-2.10,0.04,-0.00,-0.00
-3949,2.57,351,2.25,582,2,23050,11_28_42_01_05_2025,-1.40,9.31,-2.01,-0.03,-0.01,0.00
-3857,2.56,484,2.24,582,2,23140,11_28_42_01_05_2025,-1.37,9.28,-2.06,-0.01,0.00,-0.00
-11741,3.16,401,2.24,582,2,23180,11_28_42_01_05_2025,-1.40,9.31,-2.01,-0.03,0.01,0.01
-11134,3.12,761,2.22,583,2,23247,11_28_42_01_05_2025,-1.37,9.32,-1.99,0.01,-0.00,-0.00
-12932,3.25,601,2.23,583,2,23337,11_28_42_01_05_2025,-1.38,9.30,-2.02,0.00,-0.00,0.00
-11739,3.16,610,2.23,583,2,23378,11_28_43_01_05_2025,-1.39,9.28,-2.04,0.03,0.01,-0.00
-10505,3.07,-235,2.29,583,2,23443,11_28_43_01_05_2025,-1.37,9.32,-1.99,-0.01,-0.00,-0.00
-10433,3.06,-500,2.31,583,2,23533,11_28_43_01_05_2025,-1.39,9.30,-2.03,0.01,-0.00,-0.00
-10486,3.07,-60,2.28,582,2,23576,11_28_43_01_05_2025,-1.37,9.30,-2.02,0.01,-0.00,0.00
-10518,3.07,-805,2.33,583,2,23640,11_28_43_01_05_2025,-1.38,9.32,-2.02,0.00,-0.00,0.00
-10019,3.03,-776,2.33,582,2,23730,11_28_43_01_05_2025,-1.38,9.31,-2.02,0.00,-0.00,-0.00
-10832,3.09,-700,2.33,582,2,23771,11_28_43_01_05_2025,-1.38,9.32,-2.01,0.01,-0.00,-0.00
-10410,3.06,-864,2.34,583,2,23836,11_28_43_01_05_2025,-1.38,9.31,-2.01,0.00,-0.00,-0.00
-11935,3.18,162,2.26,582,2,23877,11_28_43_01_05_2025,-1.38,9.32,-2.00,-0.01,-0.00,0.00
-11195,3.12,129,2.26,583,2,23942,11_28_43_01_05_2025,-1.38,9.33,-1.98,0.03,0.00,-0.00
-10584,3.07,-415,2.30,583,2,24032,11_28_43_01_05_2025,-1.39,9.32,-2.00,-0.01,-0.00,-0.00
-10038,3.03,-1020,2.35,583,2,24074,11_28_43_01_05_2025,-1.38,9.29,-2.03,0.03,0.00,-0.00
-9664,3.00,-971,2.35,583,2,24137,11_28_43_01_05_2025,-1.38,9.29,-2.05,0.01,0.00,-0.00
-10799,3.09,-779,2.33,583,2,24227,11_28_43_01_05_2025,-1.37,9.30,-2.04,0.01,-0.00,-0.00
-10551,3.07,-586,2.32,583,2,24268,11_28_43_01_05_2025,-1.38,9.30,-2.04,-0.01,-0.01,-0.00
-11086,3.11,-616,2.32,583,2,24335,11_28_44_01_05_2025,-1.39,9.30,-2.04,0.01,-0.01,0.00
-11893,3.17,180,2.26,582,2,24423,11_28_44_01_05_2025,-1.36,9.33,-2.05,0.00,-0.01,0.01
-11721,3.16,-546,2.31,583,2,24466,11_28_44_01_05_2025,-1.38,9.28,-2.03,0.01,-0.01,0.00
-11753,3.16,-592,2.32,583,2,24530,11_28_44_01_05_2025,-1.37,9.30,-2.04,0.00,-0.00,0.00
-10380,3.06,-550,2.31,583,2,24620,11_28_44_01_05_2025,-1.39,9.30,-2.02,0.01,0.00,0.00
-12321,3.21,-140,2.28,582,2,24661,11_28_44_01_05_2025,-1.37,9.32,-2.01,0.00,-0.00,0.00
-12190,3.20,-618,2.32,583,2,24726,11_28_44_01_05_2025,-1.39,9.31,-2.02,-0.01,-0.01,0.00
-11682,3.16,-795,2.33,583,2,24816,11_28_44_01_05_2025,-1.39,9.33,-1.98,-0.01,-0.00,-0.00
-12294,3.20,-417,2.30,582,2,24859,11_28_44_01_05_2025,-1.37,9.35,-1.95,0.00,-0.00,0.00
-11959,3.18,156,2.26,583,2,24922,11_28_44_01_05_2025,-1.39,9.31,-2.00,-0.00,-0.01,0.00
-11759,3.16,322,2.25,582,2,25013,11_28_44_01_05_2025,-1.38,9.30,-2.01,-0.01,-0.01,0.00
-10760,3.09,-461,2.31,583,2,25054,11_28_44_01_05_2025,-1.39,9.30,-2.00,0.00,-0.01,0.00
-10667,3.08,70,2.27,582,2,25118,11_28_44_01_05_2025,-1.38,9.31,-1.99,0.01,-0.00,-0.00
-8834,2.94,-1014,2.35,583,2,25161,11_28_44_01_05_2025,-1.38,9.33,-1.98,-0.02,-0.01,0.00
-9365,2.98,-651,2.32,583,2,25224,11_28_44_01_05_2025,-1.37,9.26,-2.06,0.00,-0.02,0.01
-11091,3.11,282,2.25,583,2,25314,11_28_44_01_05_2025,-1.37,9.33,-1.96,0.01,-0.01,0.00
-10278,3.05,-386,2.30,583,2,25358,11_28_45_01_05_2025,-1.37,9.33,-1.96,0.00,-0.02,0.00
-9973,3.03,-751,2.33,583,2,25420,11_28_45_01_05_2025,-1.37,9.31,-2.00,0.02,-0.01,-0.00
-11250,3.12,-514,2.31,583,2,25511,11_28_45_01_05_2025,-1.39,9.32,-1.99,0.00,-0.01,-0.00
-9868,3.02,-438,2.31,583,2,25553,11_28_45_01_05_2025,-1.36,9.30,-2.02,0.02,-0.00,-0.00
-10469,3.07,143,2.26,583,2,25617,11_28_45_01_05_2025,-1.38,9.31,-1.98,0.01,-0.00,-0.00
-10228,3.05,351,2.25,582,2,25708,11_28_45_01_05_2025,-1.37,9.31,-1.99,0.00,-0.00,0.00
-10624,3.08,240,2.25,583,2,25749,11_28_45_01_05_2025,-1.38,9.31,-1.99,0.00,-0.01,0.00
-11921,3.18,-12,2.27,583,2,25813,11_28_45_01_05_2025,-1.38,9.32,-1.99,0.01,-0.00,-0.00
-11736,3.16,-52,2.28,583,2,25903,11_28_45_01_05_2025,-1.38,9.32,-1.99,0.00,-0.00,0.00
-10325,3.05,-1037,2.35,583,2,25947,11_28_45_01_05_2025,-1.38,9.33,-2.00,0.01,-0.00,-0.00
-10793,3.09,-875,2.34,583,2,26010,11_28_45_01_05_2025,-1.37,9.28,-2.04,-0.01,-0.01,0.00
-12210,3.20,-321,2.30,582,2,26099,11_28_45_01_05_2025,-1.38,9.30,-2.01,0.01,-0.01,0.00
-10023,3.03,-157,2.28,583,2,26140,11_28_45_01_05_2025,-1.38,9.30,-2.01,0.00,-0.00,0.00
-10684,3.08,-120,2.28,582,2,26205,11_28_45_01_05_2025,-1.36,9.31,-1.99,0.01,-0.01,0.00
-10812,3.09,-776,2.33,583,2,26296,11_28_45_01_05_2025,-1.39,9.29,-2.01,0.02,-0.00,0.00
-11372,3.13,14,2.27,582,2,26340,11_28_46_01_05_2025,-1.39,9.30,-2.01,-0.01,-0.01,0.00
-12012,3.18,395,2.24,582,2,26402,11_28_46_01_05_2025,-1.37,9.31,-2.00,0.02,0.00,-0.00
-11515,3.15,44,2.27,582,2,26442,11_28_46_01_05_2025,-1.38,9.31,-2.01,0.01,-0.00,-0.01
-11770,3.16,307,2.25,580,2,26507,11_28_46_01_05_2025,-1.38,9.32,-2.00,0.00,-0.00,-0.00
-11204,3.12,113,2.26,582,2,26598,11_28_46_01_05_2025,-1.38,9.29,-2.02,0.01,-0.00,-0.00
-11516,3.15,735,2.22,583,2,26639,11_28_46_01_05_2025,-1.39,9.31,-1.99,-0.03,-0.01,0.01
-9766,3.01,-223,2.29,582,2,26704,11_28_46_01_05_2025,-1.38,9.31,-2.00,0.01,-0.01,-0.00
-10231,3.05,-148,2.28,582,2,26794,11_28_46_01_05_2025,-1.38,9.35,-1.95,-0.01,-0.02,0.01
-10876,3.10,52,2.27,583,2,26834,11_28_46_01_05_2025,-1.40,9.31,-1.99,0.02,-0.02,-0.00
-10679,3.08,321,2.25,583,2,26900,11_28_46_01_05_2025,-1.39,9.30,-2.01,0.01,-0.01,0.00
-10752,3.09,-463,2.31,583,2,26990,11_28_46_01_05_2025,-1.38,9.31,-1.99,0.00,-0.01,0.00
-9992,3.03,-686,2.32,583,2,27031,11_28_46_01_05_2025,-1.39,9.32,-1.99,0.01,-0.01,-0.00
-10329,3.06,-155,2.28,583,2,27097,11_28_46_01_05_2025,-1.38,9.31,-1.99,0.01,-0.01,-0.00
-10120,3.04,-474,2.31,583,2,27186,11_28_46_01_05_2025,-1.38,9.32,-1.97,0.01,-0.02,0.00
-10793,3.09,-199,2.29,582,2,27228,11_28_46_01_05_2025,-1.38,9.32,-2.01,0.00,-0.01,0.00
-11025,3.11,-407,2.30,583,2,27292,11_28_46_01_05_2025,-1.37,9.32,-1.99,0.00,-0.02,0.01
-10079,3.04,-938,2.34,583,2,27382,11_28_47_01_05_2025,-1.39,9.29,-2.01,0.01,-0.01,0.00
-9595,3.00,-154,2.28,582,2,27426,11_28_47_01_05_2025,-1.37,9.32,-2.00,0.00,-0.00,-0.00
-9592,3.00,98,2.27,582,2,27489,11_28_47_01_05_2025,-1.39,9.32,-1.99,-0.00,-0.00,0.00
-9299,2.98,476,2.24,583,2,27580,11_28_47_01_05_2025,-1.40,9.31,-2.00,0.01,-0.00,-0.00
-9576,3.00,557,2.23,583,2,27620,11_28_47_01_05_2025,-1.38,9.31,-2.02,0.00,-0.01,0.00
-9284,2.98,739,2.22,582,2,27684,11_28_47_01_05_2025,-1.38,9.33,-1.98,0.03,0.00,-0.00
-8726,2.93,-69,2.28,583,2,27725,11_28_47_01_05_2025,-1.38,9.28,-2.04,0.03,0.01,-0.01
-8627,2.93,-9,2.27,583,2,27791,11_28_47_01_05_2025,-1.39,9.32,-2.02,-0.00,-0.00,0.00
-8437,2.91,-149,2.28,582,2,27881,11_28_47_01_05_2025,-1.39,9.31,-2.03,0.00,-0.00,-0.00
-9566,3.00,66,2.27,583,2,27921,11_28_47_01_05_2025,-1.39,9.32,-2.00,-0.00,-0.01,0.00
-10265,3.05,43,2.27,582,2,27988,11_28_47_01_05_2025,-1.38,9.30,-2.01,0.01,-0.00,-0.00
-10743,3.09,580,2.23,583,2,28078,11_28_47_01_05_2025,-1.40,9.31,-2.01,0.00,-0.01,-0.00
-12552,3.22,796,2.21,582,2,28119,11_28_47_01_05_2025,-1.39,9.32,-2.01,0.00,-0.00,-0.00
-13077,3.26,-48,2.28,583,2,28183,11_28_47_01_05_2025,-1.38,9.30,-2.04,0.01,-0.00,-0.00
-13302,3.28,-320,2.30,582,2,28273,11_28_47_01_05_2025,-1.38,9.30,-2.03,0.00,-0.00,-0.00
-11116,3.11,-808,2.33,582,2,28313,11_28_48_01_05_2025,-1.38,9.29,-2.05,-0.02,-0.01,0.00
-10197,3.05,-798,2.33,583,2,28380,11_28_48_01_05_2025,-1.40,9.35,-1.94,-0.02,-0.01,0.01
-10582,3.07,548,2.23,583,2,28470,11_28_48_01_05_2025,-1.38,9.30,-2.02,0.00,-0.01,0.00
-10791,3.09,183,2.26,583,2,28510,11_28_48_01_05_2025,-1.38,9.36,-1.94,0.05,0.02,-0.01
-10374,3.06,-47,2.28,582,2,28576,11_28_48_01_05_2025,-1.35,9.29,-2.05,0.02,0.01,-0.00
-13623,3.30,-223,2.29,583,2,28666,11_28_48_01_05_2025,-1.39,9.29,-2.02,0.01,-0.00,-0.00
-17062,3.57,501,2.23,583,2,28706,11_28_48_01_05_2025,-1.38,9.32,-2.01,-0.00,-0.00,-0.00
-16679,3.54,516,2.23,583,2,28772,11_28_48_01_05_2025,-1.38,9.32,-2.02,0.01,-0.00,-0.00
-19829,3.77,-85,2.28,582,2,28862,11_28_48_01_05_2025,-1.41,9.34,-1.97,-0.02,0.00,-0.00
-15750,3.47,428,2.24,582,2,28902,11_28_48_01_05_2025,-1.39,9.33,-1.99,0.02,0.01,-0.01
-12210,3.20,-305,2.30,583,2,28968,11_28_48_01_05_2025,-1.40,9.30,-2.03,0.01,0.00,-0.00
-9154,2.97,99,2.27,582,2,29014,11_28_48_01_05_2025,-1.38,9.29,-2.03,0.02,0.01,-0.01
-9235,2.97,-322,2.30,581,2,29075,11_28_48_01_05_2025,-1.39,9.28,-2.07,0.05,0.03,-0.01
-10184,3.04,-479,2.31,583,2,29164,11_28_48_01_05_2025,-1.38,9.31,-2.06,0.00,0.04,-0.01
-97116,9.63,-616,2.32,583,2,29206,11_28_48_01_05_2025,-1.34,9.39,-1.92,-0.09,-0.05,0.01
-129316,12.07,-61,2.28,583,2,29271,11_28_48_01_05_2025,-1.45,9.29,-2.01,0.03,-0.05,-0.00
-165763,14.83,-455,2.31,582,2,29363,11_28_49_01_05_2025,-1.37,9.18,-2.20,0.01,0.02,-0.00
-145554,13.30,-717,2.33,583,2,29456,11_28_49_01_05_2025,-1.37,9.37,-1.93,0.09,-0.03,-0.01
-59916,6.81,-922,2.34,583,2,29499,11_28_49_01_05_2025,-1.35,9.30,-2.06,-0.04,0.03,-0.00
-23038,4.02,-362,2.30,582,2,29561,11_28_49_01_05_2025,-1.37,9.32,-2.03,-0.04,-0.03,0.01
-8592,2.92,366,2.24,583,2,29603,11_28_49_01_05_2025,-1.40,9.32,-2.01,0.06,-0.06,0.01
-8281,2.90,-264,2.29,582,2,29666,11_28_49_01_05_2025,-1.40,9.28,-2.08,0.01,0.01,0.00
-8647,2.93,-837,2.34,583,2,29757,11_28_49_01_05_2025,-1.38,9.33,-2.01,0.02,0.00,-0.00
-8877,2.95,-418,2.30,582,2,29800,11_28_49_01_05_2025,-1.39,9.30,-2.06,-0.00,-0.00,-0.00
-9263,2.97,-482,2.31,583,2,29863,11_28_49_01_05_2025,-1.39,9.28,-2.07,0.00,-0.01,0.00
-12325,3.21,-1007,2.35,582,2,29953,11_28_49_01_05_2025,-1.39,9.30,-2.05,-0.01,-0.01,0.00
-66341,7.30,-1185,2.36,582,2,29995,11_28_49_01_05_2025,-1.40,9.35,-1.99,0.01,-0.03,0.01
-135383,12.53,-881,2.34,583,2,30061,11_28_49_01_05_2025,-1.38,9.30,-2.03,0.03,-0.06,0.01
-193070,16.90,-1649,2.40,582,2,30151,11_28_49_01_05_2025,-1.40,9.34,-1.98,0.01,-0.15,0.03
-152891,13.86,-550,2.31,583,2,30194,11_28_49_01_05_2025,-1.48,9.29,-2.04,0.07,-0.04,-0.00
-92851,9.31,-228,2.29,583,2,30259,11_28_49_01_05_2025,-1.42,9.31,-2.03,-0.00,0.01,-0.01
-28794,4.45,767,2.21,582,2,30349,11_28_49_01_05_2025,-1.33,9.29,-2.09,0.00,0.00,0.00
-11275,3.13,337,2.25,583,2,30392,11_28_50_01_05_2025,-1.39,9.29,-2.07,0.02,0.01,-0.00
-8435,2.91,-243,2.29,583,2,30455,11_28_50_01_05_2025,-1.41,9.28,-2.08,0.00,-0.01,-0.00
-9233,2.97,-911,2.34,582,2,30545,11_28_50_01_05_2025,-1.40,9.28,-2.09,0.04,0.01,-0.01
-10558,3.07,-599,2.32,582,2,30587,11_28_50_01_05_2025,-1.39,9.26,-2.11,-0.02,-0.01,0.01
-20612,3.83,-708,2.33,583,2,30651,11_28_50_01_05_2025,-1.36,9.28,-2.08,-0.06,-0.03,0.01
-99890,9.84,-274,2.29,583,2,30741,11_28_50_01_05_2025,-1.42,9.26,-2.09,0.02,-0.02,-0.00
-181608,16.03,-1468,2.38,582,2,30787,11_28_50_01_05_2025,-1.41,9.29,-2.04,0.00,-0.02,0.00
-179077,15.84,-258,2.29,583,2,30850,11_28_50_01_05_2025,-1.41,9.29,-2.05,-0.00,-0.02,0.00
-142589,13.07,67,2.27,583,2,30941,11_28_50_01_05_2025,-1.40,9.30,-2.03,0.02,-0.00,-0.00
-48883,5.98,150,2.26,582,2,30983,11_28_50_01_05_2025,-1.37,9.28,-2.08,0.01,0.00,0.00
-19986,3.79,-177,2.29,582,2,31047,11_28_50_01_05_2025,-1.39,9.31,-2.03,-0.01,-0.01,0.00
-8905,2.95,-696,2.33,582,2,31137,11_28_50_01_05_2025,-1.40,9.29,-2.06,0.01,-0.00,-0.00
-10021,3.03,-929,2.34,582,2,31182,11_28_50_01_05_2025,-1.38,9.30,-2.05,0.01,-0.00,0.00
-9912,3.02,-909,2.34,583,2,31243,11_28_50_01_05_2025,-1.39,9.30,-2.05,0.00,-0.00,-0.00
-10415,3.06,-839,2.34,582,2,31333,11_28_50_01_05_2025,-1.40,9.29,-2.05,0.00,-0.01,-0.00
-18920,3.71,-1536,2.39,583,2,31375,11_28_51_01_05_2025,-1.38,9.29,-2.04,-0.01,-0.01,0.00
-36371,5.03,-663,2.32,583,2,31440,11_28_51_01_05_2025,-1.40,9.28,-2.05,0.00,-0.01,-0.00
-114018,10.91,1459,2.16,583,2,31531,11_28_51_01_05_2025,-1.37,9.32,-2.00,0.01,-0.00,-0.00
-193353,16.92,-112,2.28,583,2,31576,11_28_51_01_05_2025,-1.38,9.29,-2.06,0.02,-0.01,-0.00
-173966,15.45,494,2.24,583,2,31639,11_28_51_01_05_2025,-1.40,9.32,-2.00,0.00,-0.01,0.00
-105170,10.24,551,2.23,582,2,31730,11_28_51_01_05_2025,-1.34,9.32,-2.02,0.03,0.01,-0.01
-24622,4.14,-747,2.33,582,2,31773,11_28_51_01_05_2025,-1.38,9.31,-2.05,0.00,-0.00,0.00
-14407,3.36,177,2.26,583,2,31839,11_28_51_01_05_2025,-1.37,9.34,-2.02,0.08,0.03,-0.02
-12346,3.21,329,2.25,583,2,31926,11_28_51_01_05_2025,-1.40,9.27,-2.13,0.04,0.06,-0.03
-12817,3.24,794,2.21,582,2,31971,11_28_51_01_05_2025,-1.40,9.33,-2.07,-0.03,0.00,0.01
-13834,3.32,805,2.21,583,2,32033,11_28_51_01_05_2025,-1.40,9.30,-2.10,0.05,0.01,-0.01
-12299,3.20,662,2.22,582,2,32123,11_28_51_01_05_2025,-1.38,9.24,-2.16,-0.01,0.03,-0.01
-13030,3.26,1191,2.18,583,2,32166,11_28_51_01_05_2025,-1.39,9.27,-2.13,0.00,-0.00,0.00
-10822,3.09,1054,2.19,583,2,32229,11_28_51_01_05_2025,-1.40,9.28,-2.11,0.00,-0.00,-0.00
-9691,3.01,1126,2.19,583,2,32320,11_28_51_01_05_2025,-1.38,9.26,-2.15,-0.01,-0.01,-0.00
-8900,2.95,291,2.25,583,2,32364,11_28_52_01_05_2025,-1.39,9.28,-2.09,-0.01,-0.03,0.01
-8738,2.93,-145,2.28,583,2,32425,11_28_52_01_05_2025,-1.39,9.31,-2.05,0.00,0.00,0.00
-8117,2.89,-688,2.32,583,2,32515,11_28_52_01_05_2025,-1.39,9.29,-2.08,-0.00,-0.00,0.00
-9325,2.98,6,2.27,583,2,32558,11_28_52_01_05_2025,-1.38,9.31,-2.05,0.01,-0.00,0.00
-9263,2.97,136,2.26,582,2,32621,11_28_52_01_05_2025,-1.40,9.28,-2.10,0.00,-0.01,-0.00
-9220,2.97,85,2.27,582,2,32712,11_28_52_01_05_2025,-1.39,9.31,-2.07,0.01,-0.00,-0.00
-9722,3.01,110,2.26,582,2,32758,11_28_52_01_05_2025,-1.39,9.27,-2.12,0.00,-0.00,-0.00
-9855,3.02,983,2.20,583,2,32818,11_28_52_01_05_2025,-1.40,9.28,-2.09,0.01,-0.00,-0.00
-10083,3.04,1521,2.16,582,2,32861,11_28_52_01_05_2025,-1.38,9.27,-2.10,-0.04,-0.02,0.01
-10127,3.04,1290,2.17,583,2,32923,11_28_52_01_05_2025,-1.38,9.35,-2.00,-0.04,-0.02,0.01
-10127,3.04,1079,2.19,583,2,33014,11_28_52_01_05_2025,-1.40,9.31,-2.04,0.00,-0.01,-0.00
-9969,3.03,1242,2.18,582,2,33056,11_28_52_01_05_2025,-1.41,9.33,-2.02,0.07,0.01,-0.02
-10326,3.06,1506,2.16,583,2,33120,11_28_52_01_05_2025,-1.41,9.27,-2.12,0.11,0.05,-0.03
-10090,3.04,1781,2.14,583,2,33210,11_28_52_01_05_2025,-1.45,9.22,-2.22,-0.02,0.20,-0.05
-10331,3.06,2046,2.12,583,2,33252,11_28_52_01_05_2025,-1.46,9.29,-2.13,0.02,0.31,-0.08
-10527,3.07,2365,2.09,582,2,33316,11_28_52_01_05_2025,-1.45,9.26,-2.19,-0.02,0.49,-0.13
-9949,3.03,1576,2.15,582,2,33406,11_28_53_01_05_2025,-1.40,9.26,-2.20,-0.00,0.58,-0.15
-9041,2.96,-157,2.28,583,2,33452,11_28_53_01_05_2025,-1.38,9.24,-2.33,0.17,0.39,-0.16
-8787,2.94,-465,2.31,582,2,33513,11_28_53_01_05_2025,-1.34,9.14,-2.50,0.04,0.18,-0.03
-9029,2.96,-799,2.33,583,2,33602,11_28_53_01_05_2025,-1.42,9.19,-2.43,-0.01,-0.04,-0.02
-9158,2.97,-555,2.31,583,2,33644,11_28_53_01_05_2025,-1.44,9.19,-2.44,0.03,-0.01,0.00
-9201,2.97,-303,2.30,582,2,33708,11_28_53_01_05_2025,-1.41,9.20,-2.44,-0.00,-0.01,-0.00
-9109,2.96,-526,2.31,582,2,33798,11_28_53_01_05_2025,-1.43,9.22,-2.41,0.00,-0.00,0.00
-9239,2.97,-505,2.31,583,2,33844,11_28_53_01_05_2025,-1.42,9.20,-2.42,-0.00,-0.00,-0.00
-9205,2.97,-249,2.29,583,2,33905,11_28_53_01_05_2025,-1.43,9.21,-2.43,0.01,-0.00,0.00
-9210,2.97,-423,2.30,582,2,33995,11_28_53_01_05_2025,-1.43,9.20,-2.43,0.00,-0.00,-0.00
-9283,2.98,-242,2.29,582,2,34037,11_28_53_01_05_2025,-1.43,9.20,-2.43,0.00,-0.00,-0.00
-9328,2.98,-151,2.28,583,2,34100,11_28_53_01_05_2025,-1.42,9.20,-2.43,0.00,-0.00,-0.00
-9148,2.97,-437,2.31,582,2,34152,11_28_53_01_05_2025,-1.42,9.21,-2.42,0.00,-0.00,-0.00
-9288,2.98,-210,2.29,582,2,34207,11_28_53_01_05_2025,-1.43,9.20,-2.43,0.00,-0.00,0.00
-9221,2.97,-264,2.29,583,2,34297,11_28_53_01_05_2025,-1.43,9.20,-2.43,0.00,-0.00,-0.00
-9354,2.98,-207,2.29,583,2,34339,11_28_54_01_05_2025,-1.41,9.20,-2.44,0.00,-0.00,-0.00
-9196,2.97,-455,2.31,583,2,34403,11_28_54_01_05_2025,-1.47,9.19,-2.42,0.03,-0.01,-0.00
-9241,2.97,-211,2.29,582,2,34493,11_28_54_01_05_2025,-1.40,9.22,-2.45,0.05,-0.02,0.02
-9361,2.98,-235,2.29,583,2,34537,11_28_54_01_05_2025,-1.40,9.13,-2.58,0.00,0.01,0.00
-9088,2.96,-81,2.28,582,2,34600,11_28_54_01_05_2025,-1.45,9.21,-2.47,-0.03,-0.01,-0.01
-9350,2.98,-337,2.30,582,2,34690,11_28_54_01_05_2025,-1.41,9.17,-2.54,0.01,-0.00,0.00
-9080,2.96,-359,2.30,582,2,34732,11_28_54_01_05_2025,-1.42,9.18,-2.51,0.00,-0.00,-0.00
-9362,2.98,-225,2.29,583,2,34795,11_28_54_01_05_2025,-1.42,9.18,-2.51,0.01,-0.00,0.00
-9253,2.97,-261,2.29,583,2,34886,11_28_54_01_05_2025,-1.42,9.18,-2.49,0.00,-0.00,0.00
-10087,3.04,1375,2.17,582,2,34929,11_28_54_01_05_2025,-1.42,9.19,-2.50,0.01,0.00,-0.01
-9848,3.02,1015,2.20,582,2,34991,11_28_54_01_05_2025,-1.43,9.19,-2.50,0.01,-0.00,-0.00
-9579,3.00,738,2.22,584,2,35081,11_28_54_01_05_2025,-1.42,9.19,-2.50,0.00,-0.03,0.01
-9675,3.01,571,2.23,582,2,35123,11_28_54_01_05_2025,-1.42,9.14,-2.54,-0.05,-0.09,0.00
-9421,2.99,343,2.25,581,2,35188,11_28_54_01_05_2025,-1.47,9.25,-2.38,-0.04,-0.08,-0.01
-9203,2.97,-133,2.28,583,2,35279,11_28_54_01_05_2025,-1.48,9.16,-2.49,0.05,-0.03,0.00
-9156,2.97,215,2.26,583,2,35322,11_28_55_01_05_2025,-1.44,9.20,-2.45,0.00,-0.00,0.00
-9175,2.97,149,2.26,583,2,35384,11_28_55_01_05_2025,-1.45,9.19,-2.46,0.00,-0.00,-0.00
-9175,2.97,190,2.26,582,2,35426,11_28_55_01_05_2025,-1.45,9.18,-2.46,0.00,-0.00,-0.00
-9073,2.96,177,2.26,583,2,35490,11_28_55_01_05_2025,-1.44,9.20,-2.46,0.00,-0.00,0.00
-9075,2.96,104,2.26,582,2,35581,11_28_55_01_05_2025,-1.45,9.21,-2.45,0.00,-0.00,0.00
-9220,2.97,-108,2.28,582,2,35623,11_28_55_01_05_2025,-1.45,9.18,-2.45,0.00,-0.00,-0.00
-9142,2.97,447,2.24,583,2,35686,11_28_55_01_05_2025,-1.45,9.18,-2.46,0.01,-0.00,-0.00
-9388,2.98,238,2.25,582,2,35777,11_28_55_01_05_2025,-1.44,9.18,-2.46,0.01,-0.00,-0.00
-9403,2.99,246,2.25,583,2,35820,11_28_55_01_05_2025,-1.45,9.19,-2.45,0.01,-0.00,-0.00
-9231,2.97,348,2.25,583,2,35882,11_28_55_01_05_2025,-1.44,9.18,-2.46,0.00,-0.00,-0.00
-9349,2.98,38,2.27,582,2,35972,11_28_55_01_05_2025,-1.44,9.19,-2.46,0.00,-0.00,-0.00
-9202,2.97,216,2.26,583,2,36014,11_28_55_01_05_2025,-1.45,9.19,-2.46,0.01,-0.00,0.00
-9420,2.99,122,2.26,582,2,36079,11_28_55_01_05_2025,-1.45,9.19,-2.45,0.00,-0.00,-0.00
-9307,2.98,-21,2.27,583,2,36169,11_28_55_01_05_2025,-1.44,9.18,-2.46,0.00,-0.00,-0.00
-9352,2.98,103,2.26,583,2,36212,11_28_55_01_05_2025,-1.44,9.18,-2.46,0.00,-0.00,0.00
-9138,2.96,24,2.27,582,2,36275,11_28_55_01_05_2025,-1.45,9.19,-2.46,0.00,-0.00,-0.00
-9107,2.96,93,2.27,583,2,36365,11_28_56_01_05_2025,-1.44,9.19,-2.46,0.00,-0.00,-0.00
-9046,2.96,-14,2.27,582,2,36408,11_28_56_01_05_2025,-1.45,9.18,-2.45,0.00,-0.00,-0.00
-9220,2.97,55,2.27,582,2,36470,11_28_56_01_05_2025,-1.44,9.19,-2.46,0.00,-0.00,0.00
-9090,2.96,-55,2.28,582,2,36562,11_28_56_01_05_2025,-1.45,9.19,-2.47,0.00,-0.00,0.00
-9021,2.96,-132,2.28,583,2,36605,11_28_56_01_05_2025,-1.44,9.19,-2.45,0.00,-0.00,-0.00
-9009,2.96,153,2.26,582,2,36667,11_28_56_01_05_2025,-1.44,9.19,-2.46,0.01,-0.00,-0.00
-8966,2.95,119,2.26,582,2,36709,11_28_56_01_05_2025,-1.45,9.19,-2.46,0.00,-0.00,-0.00
-8958,2.95,102,2.27,583,2,36773,11_28_56_01_05_2025,-1.44,9.19,-2.45,0.00,-0.00,-0.00
-8851,2.94,82,2.27,582,2,36863,11_28_56_01_05_2025,-1.44,9.19,-2.45,0.00,-0.00,-0.00
-9059,2.96,136,2.26,582,2,36906,11_28_56_01_05_2025,-1.44,9.18,-2.46,0.00,-0.00,-0.00
-9027,2.96,54,2.27,583,2,36970,11_28_56_01_05_2025,-1.44,9.19,-2.46,0.00,-0.00,-0.00
-8863,2.94,254,2.25,583,2,37060,11_28_56_01_05_2025,-1.44,9.18,-2.45,0.00,-0.00,0.00
-9007,2.96,136,2.26,582,2,37102,11_28_56_01_05_2025,-1.44,9.19,-2.46,0.00,-0.00,-0.00
-8964,2.95,146,2.26,581,2,37165,11_28_56_01_05_2025,-1.44,9.19,-2.46,0.00,-0.00,-0.00
-8901,2.95,75,2.27,582,2,37256,11_28_56_01_05_2025,-1.45,9.19,-2.46,0.00,-0.00,-0.00
-8969,2.95,183,2.26,583,2,37299,11_28_56_01_05_2025,-1.44,9.19,-2.46,0.00,-0.00,-0.00
-8943,2.95,233,2.26,582,2,37362,11_28_57_01_05_2025,-1.45,9.18,-2.45,0.00,-0.00,-0.00
-8959,2.95,216,2.26,583,2,37452,11_28_57_01_05_2025,-1.45,9.18,-2.46,0.00,-0.00,-0.00
-9061,2.96,396,2.24,582,2,37494,11_28_57_01_05_2025,-1.45,9.19,-2.46,0.00,-0.00,0.00
-8961,2.95,120,2.26,583,2,37559,11_28_57_01_05_2025,-1.45,9.18,-2.46,0.00,-0.00,-0.00
-8988,2.95,37,2.27,582,2,37648,11_28_57_01_05_2025,-1.44,9.18,-2.45,0.00,-0.00,-0.00
-9196,2.97,214,2.26,583,2,37691,11_28_57_01_05_2025,-1.44,9.19,-2.46,0.00,-0.00,0.00
-8880,2.95,-16,2.27,582,2,37754,11_28_57_01_05_2025,-1.44,9.19,-2.46,0.00,-0.00,0.00
-8762,2.94,178,2.26,582,2,37845,11_28_57_01_05_2025,-1.44,9.18,-2.46,0.00,-0.00,0.00
-8901,2.95,77,2.27,582,2,37888,11_28_57_01_05_2025,-1.45,9.19,-2.46,0.00,-0.00,-0.00
-9135,2.96,145,2.26,582,2,37951,11_28_57_01_05_2025,-1.45,9.19,-2.46,0.00,-0.00,-0.00
-8871,2.94,1,2.27,583,2,37996,11_28_57_01_05_2025,-1.44,9.19,-2.47,0.00,-0.00,0.00
-8893,2.95,-109,2.28,582,2,38056,11_28_57_01_05_2025,-1.44,9.19,-2.47,0.00,-0.00,-0.00
-8995,2.95,24,2.27,582,2,38146,11_28_57_01_05_2025,-1.45,9.19,-2.47,0.00,-0.00,-0.00
-8950,2.95,180,2.26,582,2,38190,11_28_57_01_05_2025,-1.45,9.19,-2.45,0.00,-0.00,-0.00
-9099,2.96,222,2.26,582,2,38254,11_28_57_01_05_2025,-1.44,9.19,-2.46,0.00,-0.00,-0.00
-9177,2.97,-27,2.27,583,2,38342,11_28_57_01_05_2025,-1.44,9.19,-2.46,0.00,-0.00,0.00
-9005,2.95,20,2.27,582,2,38388,11_28_58_01_05_2025,-1.44,9.19,-2.46,0.00,-0.00,-0.00
-9045,2.96,253,2.25,583,2,40460,11_28_58_01_05_2025,-1.45,9.19,-2.46,0.00,-0.00,-0.00
