-9135,2.96,0,2.27,655,3,1122,08_27_31_19_05_2025,-7.94,5.52,0.86,-0.04,-1.37,0.69
-9013,2.96,290,2.25,665,3,1212,08_27_31_19_05_2025,-7.94,5.53,0.84,0.00,-0.00,0.00
-9000,2.95,457,2.24,665,3,1235,08_27_32_19_05_2025,-7.95,5.52,0.83,0.00,-0.00,-0.00
-9121,2.96,348,2.25,664,3,1260,08_27_32_19_05_2025,-7.95,5.52,0.83,0.00,-0.00,-0.00
-9075,2.96,272,2.25,665,3,1286,08_27_32_19_05_2025,-7.95,5.53,0.85,0.00,-0.00,-0.00
-8897,2.95,378,2.24,665,3,1312,08_27_32_19_05_2025,-7.95,5.52,0.85,0.00,-0.00,-0.00
-9084,2.96,405,2.24,665,3,1337,08_27_32_19_05_2025,-7.94,5.53,0.86,0.00,-0.00,-0.00
-9105,2.96,353,2.25,665,3,1366,08_27_32_19_05_2025,-7.95,5.53,0.85,0.00,-0.00,0.00
-9068,2.96,164,2.26,665,3,1389,08_27_32_19_05_2025,-7.96,5.53,0.84,0.01,-0.00,-0.00
-8927,2.95,246,2.25,664,3,1412,08_27_32_19_05_2025,-7.94,5.53,0.84,0.00,-0.00,-0.00
-8932,2.95,404,2.24,665,3,1435,08_27_32_19_05_2025,-7.95,5.52,0.85,0.00,-0.00,0.00
-9146,2.97,305,2.25,665,3,1457,08_27_32_19_05_2025,-7.95,5.53,0.85,0.01,-0.00,0.00
-8944,2.95,212,2.26,664,3,1483,08_27_32_19_05_2025,-7.95,5.52,0.84,0.00,-0.00,-0.00
-9003,2.95,239,2.25,664,3,1512,08_27_32_19_05_2025,-7.94,5.52,0.85,0.00,-0.00,-0.00
-9025,2.96,321,2.25,665,3,1535,08_27_32_19_05_2025,-7.94,5.52,0.84,0.00,-0.00,-0.00
-8886,2.95,273,2.25,665,3,1558,08_27_32_19_05_2025,-7.94,5.53,0.84,0.00,-0.00,-0.00
-8981,2.95,338,2.25,665,3,1581,08_27_32_19_05_2025,-7.97,5.53,0.85,0.00,-0.00,-0.00
-9099,2.96,626,2.23,665,3,1603,08_27_32_19_05_2025,-7.96,5.53,0.86,0.00,-0.00,0.00
-8908,2.95,230,2.26,665,3,1629,08_27_32_19_05_2025,-7.94,5.52,0.84,0.01,-0.00,-0.00
-8981,2.95,444,2.24,665,3,1658,08_27_32_19_05_2025,-7.94,5.53,0.85,0.00,-0.00,0.00
-8792,2.94,289,2.25,664,3,1680,08_27_32_19_05_2025,-7.95,5.52,0.85,0.00,-0.00,0.00
-9147,2.97,293,2.25,665,3,1705,08_27_32_19_05_2025,-7.96,5.52,0.86,0.00,-0.00,0.00
-9056,2.96,485,2.24,665,3,1730,08_27_32_19_05_2025,-7.95,5.53,0.84,0.00,-0.00,0.00
-8730,2.93,586,2.23,664,3,1756,08_27_32_19_05_2025,-7.95,5.53,0.85,0.00,-0.00,0.00
-9088,2.96,543,2.23,665,3,1782,08_27_32_19_05_2025,-7.95,5.53,0.85,0.00,-0.00,0.00
-9202,2.97,332,2.25,665,3,1810,08_27_32_19_05_2025,-7.94,5.54,0.85,0.00,-0.00,-0.00
-8890,2.95,537,2.23,665,3,1833,08_27_32_19_05_2025,-7.94,5.52,0.85,0.00,-0.00,-0.00
-9034,2.96,143,2.26,665,3,1856,08_27_32_19_05_2025,-7.95,5.53,0.85,0.00,-0.00,-0.00
-9030,2.96,269,2.25,664,3,1879,08_27_32_19_05_2025,-7.94,5.54,0.85,0.00,-0.00,-0.00
-8965,2.95,338,2.25,665,3,1902,08_27_32_19_05_2025,-7.95,5.53,0.86,0.00,-0.00,0.00
-8837,2.94,134,2.26,664,3,1928,08_27_32_19_05_2025,-7.94,5.53,0.85,0.00,-0.00,-0.00
-8851,2.94,409,2.24,664,3,1956,08_27_32_19_05_2025,-7.95,5.53,0.84,0.00,-0.00,0.00
-8859,2.94,342,2.25,665,3,1979,08_27_32_19_05_2025,-7.94,5.53,0.85,0.00,-0.00,0.00
-9010,2.96,336,2.25,664,3,2002,08_27_32_19_05_2025,-7.95,5.52,0.86,0.00,-0.00,-0.00
-8991,2.95,288,2.25,665,3,2025,08_27_32_19_05_2025,-7.95,5.53,0.87,0.01,-0.00,-0.00
-8982,2.95,262,2.25,665,3,2048,08_27_32_19_05_2025,-7.96,5.52,0.84,0.00,-0.00,-0.00
-8971,2.95,525,2.23,665,3,2074,08_27_32_19_05_2025,-7.95,5.52,0.85,0.00,-0.00,0.00
-9232,2.97,645,2.22,665,3,2102,08_27_32_19_05_2025,-7.96,5.53,0.86,0.00,-0.00,0.00
-9017,2.96,279,2.25,665,3,2125,08_27_32_19_05_2025,-7.95,5.53,0.86,0.00,-0.00,-0.00
-8724,2.93,322,2.25,665,3,2148,08_27_32_19_05_2025,-7.93,5.52,0.86,0.00,-0.00,-0.00
-8863,2.94,504,2.23,665,3,2171,08_27_32_19_05_2025,-7.94,5.52,0.85,0.01,-0.00,0.00
-8996,2.95,363,2.25,664,3,2194,08_27_32_19_05_2025,-7.95,5.53,0.85,0.00,-0.00,-0.00
-8916,2.95,523,2.23,665,3,2220,08_27_32_19_05_2025,-7.94,5.53,0.85,0.00,-0.00,-0.00
-8967,2.95,285,2.25,665,3,2248,08_27_33_19_05_2025,-7.95,5.52,0.84,0.00,-0.00,0.00
-9048,2.96,385,2.24,665,3,2271,08_27_33_19_05_2025,-7.95,5.52,0.85,0.00,-0.00,-0.00
-8784,2.94,216,2.26,665,3,2294,08_27_33_19_05_2025,-7.94,5.54,0.86,0.00,-0.00,-0.00
-8981,2.95,386,2.24,664,3,2316,08_27_33_19_05_2025,-7.96,5.53,0.86,0.00,-0.01,0.00
-9037,2.96,218,2.26,664,3,2339,08_27_33_19_05_2025,-7.95,5.53,0.86,0.00,-0.01,-0.00
-9042,2.96,380,2.24,665,3,2362,08_27_33_19_05_2025,-7.95,5.52,0.85,0.00,-0.00,-0.00
-8894,2.95,413,2.24,665,3,2388,08_27_33_19_05_2025,-7.94,5.52,0.85,0.00,-0.00,-0.00
-9142,2.97,215,2.26,665,3,2413,08_27_33_19_05_2025,-7.95,5.53,0.86,0.00,-0.00,-0.00
-9049,2.96,213,2.26,664,3,2438,08_27_33_19_05_2025,-7.95,5.52,0.86,0.00,-0.00,-0.00
-9088,2.96,167,2.26,664,3,2461,08_27_33_19_05_2025,-7.94,5.53,0.86,0.00,-0.00,-0.00
-9046,2.96,492,2.24,665,3,2484,08_27_33_19_05_2025,-7.95,5.53,0.86,0.00,-0.00,-0.00
-8936,2.95,453,2.24,665,3,2506,08_27_33_19_05_2025,-7.97,5.52,0.87,0.00,-0.00,-0.00
-9006,2.95,301,2.25,665,3,2532,08_27_33_19_05_2025,-7.95,5.53,0.86,0.00,-0.00,0.00
-8970,2.95,382,2.24,665,3,2555,08_27_33_19_05_2025,-7.95,5.53,0.87,0.00,-0.00,-0.00
-8914,2.95,347,2.25,664,3,2581,08_27_33_19_05_2025,-7.96,5.52,0.85,0.00,-0.00,-0.00
-9094,2.96,616,2.23,664,3,2606,08_27_33_19_05_2025,-7.95,5.53,0.87,0.00,-0.00,-0.00
-8953,2.95,418,2.24,666,3,2632,08_27_33_19_05_2025,-7.95,5.53,0.87,0.00,-0.00,-0.00
-9227,2.97,509,2.23,665,3,2658,08_27_33_19_05_2025,-7.94,5.52,0.85,0.00,-0.00,-0.00
-8945,2.95,146,2.26,665,3,2687,08_27_33_19_05_2025,-7.94,5.53,0.85,0.00,-0.00,-0.00
-9004,2.95,497,2.24,665,3,2710,08_27_33_19_05_2025,-7.95,5.53,0.86,0.00,-0.00,-0.00
-9021,2.96,238,2.25,664,3,2732,08_27_33_19_05_2025,-7.95,5.53,0.86,0.01,-0.00,-0.00
-9018,2.96,341,2.25,664,3,2755,08_27_33_19_05_2025,-7.95,5.53,0.86,0.00,-0.00,-0.00
-8871,2.94,400,2.24,664,3,2778,08_27_33_19_05_2025,-7.94,5.53,0.85,0.01,-0.00,-0.00
-8986,2.95,371,2.24,665,3,2804,08_27_33_19_05_2025,-7.94,5.53,0.86,0.00,-0.00,-0.00
-9110,2.96,558,2.23,665,3,2833,08_27_33_19_05_2025,-7.95,5.53,0.87,0.00,-0.00,-0.00
-9099,2.96,465,2.24,665,3,2856,08_27_33_19_05_2025,-7.94,5.53,0.86,0.01,-0.00,0.00
-9003,2.95,304,2.25,664,3,2878,08_27_33_19_05_2025,-7.95,5.52,0.86,0.00,-0.00,-0.00
-9101,2.96,362,2.25,665,3,2901,08_27_33_19_05_2025,-7.95,5.53,0.86,0.00,-0.00,-0.00
-9076,2.96,425,2.24,665,3,2924,08_27_33_19_05_2025,-7.95,5.53,0.87,0.00,-0.00,-0.00
-8898,2.95,374,2.24,664,3,2950,08_27_33_19_05_2025,-7.96,5.52,0.86,0.00,-0.00,-0.00
-9182,2.97,381,2.24,665,3,2978,08_27_33_19_05_2025,-7.95,5.52,0.85,0.01,-0.00,0.00
-8882,2.95,366,2.24,665,3,3001,08_27_33_19_05_2025,-7.95,5.53,0.86,0.01,-0.00,-0.00
-9038,2.96,368,2.24,665,3,3024,08_27_33_19_05_2025,-7.96,5.53,0.86,0.00,-0.00,-0.00
-9021,2.96,342,2.25,665,3,3047,08_27_33_19_05_2025,-7.95,5.53,0.86,0.00,-0.00,0.00
-8866,2.94,363,2.25,664,3,3070,08_27_33_19_05_2025,-7.95,5.52,0.86,0.00,-0.00,-0.00
-8846,2.94,653,2.22,665,3,3096,08_27_33_19_05_2025,-7.95,5.52,0.85,0.00,-0.00,-0.00
-8780,2.94,469,2.24,665,3,3129,08_27_33_19_05_2025,-7.96,5.53,0.87,0.00,-0.00,-0.00
-9048,2.96,262,2.25,665,3,3152,08_27_33_19_05_2025,-7.95,5.53,0.86,0.01,-0.00,0.00
-8878,2.95,555,2.23,665,3,3175,08_27_33_19_05_2025,-7.95,5.53,0.85,0.00,-0.00,-0.00
-8882,2.95,425,2.24,664,3,3198,08_27_33_19_05_2025,-7.95,5.52,0.85,0.01,-0.00,-0.00
-9119,2.96,434,2.24,665,3,3221,08_27_33_19_05_2025,-7.96,5.53,0.86,0.00,-0.00,-0.00
-8902,2.95,414,2.24,665,3,3250,08_27_34_19_05_2025,-7.95,5.54,0.87,0.01,-0.00,-0.00
-8836,2.94,502,2.23,665,3,3276,08_27_34_19_05_2025,-7.94,5.53,0.85,0.00,-0.00,0.00
-8896,2.95,461,2.24,665,3,3302,08_27_34_19_05_2025,-7.95,5.53,0.85,0.00,-0.00,-0.00
-8914,2.95,417,2.24,665,3,3327,08_27_34_19_05_2025,-7.95,5.53,0.86,0.01,-0.00,0.00
-9168,2.97,467,2.24,665,3,3353,08_27_34_19_05_2025,-7.94,5.53,0.87,0.00,-0.00,-0.00
-8999,2.95,391,2.24,665,3,3379,08_27_34_19_05_2025,-7.95,5.52,0.87,0.00,-0.00,0.00
-8962,2.95,556,2.23,665,3,3405,08_27_34_19_05_2025,-7.94,5.52,0.86,0.00,-0.00,-0.00
-8993,2.95,411,2.24,665,3,3433,08_27_34_19_05_2025,-7.95,5.53,0.86,0.00,-0.00,0.00
-9039,2.96,340,2.25,666,3,3456,08_27_34_19_05_2025,-7.95,5.54,0.87,0.00,-0.00,0.00
-9096,2.96,178,2.26,665,3,3479,08_27_34_19_05_2025,-7.95,5.52,0.85,0.00,-0.00,0.00
-9008,2.96,516,2.23,665,3,3501,08_27_34_19_05_2025,-7.94,5.52,0.85,0.01,-0.00,0.00
-9089,2.96,498,2.23,665,3,3524,08_27_34_19_05_2025,-7.95,5.53,0.87,0.00,-0.00,-0.00
-9048,2.96,435,2.24,664,3,3547,08_27_34_19_05_2025,-7.95,5.52,0.87,0.01,-0.00,0.00
-8946,2.95,463,2.24,665,3,3572,08_27_34_19_05_2025,-7.94,5.53,0.86,0.00,-0.00,0.00
-9036,2.96,339,2.25,665,3,3595,08_27_34_19_05_2025,-7.95,5.53,0.85,0.00,-0.00,0.00
-8923,2.95,270,2.25,665,3,3621,08_27_34_19_05_2025,-7.94,5.53,0.86,0.00,-0.00,0.00
-8908,2.95,262,2.25,664,3,3646,08_27_34_19_05_2025,-7.94,5.53,0.87,0.01,-0.00,-0.00
-8917,2.95,436,2.24,665,3,3672,08_27_34_19_05_2025,-7.95,5.53,0.86,0.00,-0.00,-0.00
-9096,2.96,275,2.25,665,3,3698,08_27_34_19_05_2025,-7.95,5.53,0.85,0.00,-0.00,-0.00
-8816,2.94,220,2.26,665,3,3726,08_27_34_19_05_2025,-7.95,5.53,0.86,0.01,-0.00,-0.00
-8800,2.94,329,2.25,665,3,3749,08_27_34_19_05_2025,-7.95,5.53,0.87,0.00,-0.00,-0.00
-8780,2.94,350,2.25,665,3,3772,08_27_34_19_05_2025,-7.96,5.53,0.87,0.01,-0.00,-0.00
-8821,2.94,460,2.24,665,3,3795,08_27_34_19_05_2025,-7.95,5.53,0.85,0.00,-0.00,-0.00
-8969,2.95,405,2.24,665,3,3818,08_27_34_19_05_2025,-7.94,5.53,0.86,0.00,-0.00,0.00
-8986,2.95,400,2.24,663,3,3845,08_27_34_19_05_2025,-7.95,5.53,0.86,0.00,-0.00,0.00
-8762,2.94,391,2.24,665,3,3871,08_27_34_19_05_2025,-7.95,5.54,0.86,0.00,-0.00,0.00
-9091,2.96,347,2.25,665,3,3893,08_27_34_19_05_2025,-7.95,5.53,0.87,0.00,-0.00,0.00
-9056,2.96,430,2.24,665,3,3919,08_27_34_19_05_2025,-7.95,5.52,0.85,0.00,-0.00,0.00
-8867,2.94,374,2.24,665,3,3945,08_27_34_19_05_2025,-7.95,5.53,0.85,0.00,-0.00,0.00
-8804,2.94,211,2.26,665,3,3970,08_27_34_19_05_2025,-7.95,5.53,0.86,0.00,-0.00,0.00
-8919,2.95,580,2.23,665,3,3996,08_27_34_19_05_2025,-7.94,5.53,0.87,0.00,-0.00,-0.00
-8945,2.95,483,2.24,665,3,4025,08_27_34_19_05_2025,-7.95,5.52,0.85,0.00,-0.00,-0.00
-9076,2.96,445,2.24,665,3,4048,08_27_34_19_05_2025,-7.94,5.54,0.86,0.00,-0.00,-0.00
-9120,2.96,432,2.24,665,3,4071,08_27_34_19_05_2025,-7.95,5.53,0.86,0.00,-0.00,0.00
-9038,2.96,289,2.25,665,3,4093,08_27_34_19_05_2025,-7.95,5.53,0.87,0.00,-0.00,-0.00
-8870,2.94,321,2.25,665,3,4116,08_27_34_19_05_2025,-7.94,5.52,0.86,0.01,-0.00,-0.00
-8978,2.95,377,2.24,664,3,4142,08_27_34_19_05_2025,-7.96,5.54,0.87,0.00,-0.00,0.00
-8864,2.94,377,2.24,665,3,4168,08_27_34_19_05_2025,-7.95,5.53,0.86,0.00,-0.00,-0.00
-9076,2.96,415,2.24,664,3,4196,08_27_34_19_05_2025,-7.94,5.52,0.86,0.00,-0.00,-0.00
-8954,2.95,162,2.26,665,3,4219,08_27_34_19_05_2025,-7.95,5.52,0.86,0.00,-0.00,-0.00
-8988,2.95,317,2.25,665,3,4242,08_27_35_19_05_2025,-7.94,5.53,0.86,0.01,-0.00,0.00
-9116,2.96,313,2.25,665,3,4265,08_27_35_19_05_2025,-7.95,5.53,0.87,0.01,-0.00,-0.00
-8965,2.95,342,2.25,665,3,4288,08_27_35_19_05_2025,-7.96,5.53,0.87,0.00,-0.00,-0.00
-9044,2.96,406,2.24,665,3,4314,08_27_35_19_05_2025,-7.95,5.52,0.86,0.00,-0.00,-0.00
-8836,2.94,406,2.24,664,3,4342,08_27_35_19_05_2025,-7.94,5.53,0.86,0.00,-0.00,-0.00
-8878,2.95,397,2.24,665,3,4365,08_27_35_19_05_2025,-7.96,5.53,0.86,0.00,-0.00,-0.00
-9081,2.96,369,2.24,664,3,4388,08_27_35_19_05_2025,-7.95,5.54,0.87,0.00,-0.00,-0.00
-8897,2.95,348,2.25,665,3,4411,08_27_35_19_05_2025,-7.94,5.52,0.86,0.00,-0.00,-0.00
-8904,2.95,707,2.22,665,3,4434,08_27_35_19_05_2025,-7.95,5.53,0.86,0.01,-0.00,0.00
-8996,2.95,436,2.24,665,3,4465,08_27_35_19_05_2025,-7.96,5.53,0.87,0.00,-0.00,-0.00
-8925,2.95,460,2.24,665,3,4494,08_27_35_19_05_2025,-7.94,5.52,0.86,0.00,-0.00,-0.00
-8927,2.95,446,2.24,665,3,4517,08_27_35_19_05_2025,-7.96,5.52,0.85,0.00,-0.00,-0.00
-8906,2.95,503,2.23,665,3,4540,08_27_35_19_05_2025,-7.95,5.53,0.86,0.01,-0.00,0.00
-9010,2.96,374,2.24,664,3,4564,08_27_35_19_05_2025,-7.96,5.52,0.85,0.00,-0.00,-0.00
-9142,2.97,498,2.23,665,3,4587,08_27_35_19_05_2025,-7.95,5.53,0.86,0.00,-0.00,0.00
-8996,2.95,443,2.24,664,3,4610,08_27_35_19_05_2025,-7.95,5.53,0.86,0.00,-0.00,-0.00
-8923,2.95,246,2.25,665,3,4639,08_27_35_19_05_2025,-7.95,5.52,0.85,0.00,-0.00,0.00
-8765,2.94,500,2.23,665,3,4662,08_27_35_19_05_2025,-7.95,5.53,0.86,0.00,-0.00,-0.00
-8772,2.94,475,2.24,664,3,4685,08_27_35_19_05_2025,-7.95,5.54,0.87,0.00,-0.00,-0.00
-8896,2.95,363,2.25,665,3,4711,08_27_35_19_05_2025,-7.95,5.53,0.87,0.00,-0.00,-0.00
-9034,2.96,489,2.24,665,3,4736,08_27_35_19_05_2025,-7.95,5.51,0.86,0.00,-0.00,-0.00
-9063,2.96,284,2.25,665,3,4762,08_27_35_19_05_2025,-7.96,5.54,0.87,0.00,-0.00,-0.00
-8934,2.95,405,2.24,665,3,4791,08_27_35_19_05_2025,-7.95,5.53,0.87,0.00,-0.00,-0.00
-8923,2.95,295,2.25,665,3,4814,08_27_35_19_05_2025,-7.96,5.52,0.86,0.00,-0.00,0.00
-8945,2.95,249,2.25,665,3,4836,08_27_35_19_05_2025,-7.94,5.53,0.86,0.00,-0.00,-0.00
-9016,2.96,352,2.25,665,3,4859,08_27_35_19_05_2025,-7.95,5.53,0.86,0.00,-0.00,0.00
-9071,2.96,304,2.25,665,3,4882,08_27_35_19_05_2025,-7.95,5.53,0.87,0.01,-0.00,0.00
-9153,2.97,250,2.25,665,3,4904,08_27_35_19_05_2025,-7.95,5.52,0.86,0.00,-0.00,0.00
-8969,2.95,481,2.24,665,3,4930,08_27_35_19_05_2025,-7.95,5.53,0.86,0.01,-0.00,0.00
-8907,2.95,471,2.24,665,3,4953,08_27_35_19_05_2025,-7.95,5.53,0.86,0.00,-0.00,0.00
-8890,2.95,343,2.25,665,3,4978,08_27_35_19_05_2025,-7.96,5.53,0.86,0.00,-0.00,-0.00
-8879,2.95,363,2.25,665,3,5004,08_27_35_19_05_2025,-7.95,5.52,0.87,0.00,-0.00,0.00
-8984,2.95,450,2.24,665,3,5030,08_27_35_19_05_2025,-7.95,5.52,0.85,0.00,-0.00,0.00
-8888,2.95,315,2.25,664,3,5055,08_27_35_19_05_2025,-7.95,5.52,0.86,0.01,-0.00,0.00
-8944,2.95,175,2.26,665,3,5084,08_27_35_19_05_2025,-7.96,5.54,0.87,0.00,-0.00,-0.00
-8961,2.95,557,2.23,665,3,5107,08_27_35_19_05_2025,-7.95,5.52,0.87,0.00,-0.00,-0.00
-8976,2.95,635,2.22,665,3,5130,08_27_35_19_05_2025,-7.94,5.53,0.86,0.00,-0.00,-0.00
-8990,2.95,561,2.23,665,3,5153,08_27_35_19_05_2025,-7.94,5.53,0.85,0.00,-0.00,-0.00
-8906,2.95,420,2.24,665,3,5176,08_27_35_19_05_2025,-7.95,5.53,0.86,0.00,-0.00,-0.00
-8938,2.95,637,2.22,665,3,5202,08_27_35_19_05_2025,-7.95,5.53,0.87,0.01,-0.00,-0.00
-8946,2.95,603,2.23,664,3,5230,08_27_36_19_05_2025,-7.95,5.52,0.86,0.00,-0.00,-0.00
-9024,2.96,517,2.23,664,3,5253,08_27_36_19_05_2025,-7.95,5.52,0.85,0.00,-0.00,-0.00
-8872,2.94,553,2.23,665,3,5278,08_27_36_19_05_2025,-7.95,5.53,0.87,0.00,-0.00,-0.00
-8931,2.95,535,2.23,664,3,5304,08_27_36_19_05_2025,-7.95,5.52,0.87,0.00,-0.00,-0.00
-8978,2.95,324,2.25,665,3,5329,08_27_36_19_05_2025,-7.95,5.52,0.87,0.00,-0.00,-0.00
-8911,2.95,349,2.25,665,3,5355,08_27_36_19_05_2025,-7.96,5.53,0.86,0.00,-0.00,-0.00
-8813,2.94,622,2.23,664,3,5384,08_27_36_19_05_2025,-7.96,5.54,0.86,0.00,-0.00,0.00
-8814,2.94,263,2.25,665,3,5407,08_27_36_19_05_2025,-7.95,5.53,0.87,0.00,-0.00,0.00
-8836,2.94,399,2.24,665,3,5429,08_27_36_19_05_2025,-7.95,5.52,0.87,0.00,-0.00,0.00
-8751,2.94,337,2.25,665,3,5452,08_27_36_19_05_2025,-7.94,5.53,0.85,0.00,-0.00,-0.00
-8914,2.95,263,2.25,664,3,5475,08_27_36_19_05_2025,-7.95,5.54,0.87,0.00,-0.00,-0.00
-9173,2.97,369,2.24,665,3,5501,08_27_36_19_05_2025,-7.95,5.54,0.87,0.00,-0.00,0.00
-9091,2.96,396,2.24,665,3,5529,08_27_36_19_05_2025,-7.96,5.53,0.86,0.00,-0.00,-0.00
-9033,2.96,384,2.24,665,3,5552,08_27_36_19_05_2025,-7.95,5.52,0.86,0.00,-0.00,-0.00
-8983,2.95,275,2.25,665,3,5575,08_27_36_19_05_2025,-7.95,5.53,0.87,0.00,-0.00,-0.00
-8927,2.95,275,2.25,664,3,5598,08_27_36_19_05_2025,-7.95,5.53,0.86,0.00,-0.00,-0.00
-9065,2.96,478,2.24,664,3,5621,08_27_36_19_05_2025,-7.96,5.53,0.87,0.00,-0.00,0.00
-9090,2.96,498,2.23,665,3,5647,08_27_36_19_05_2025,-7.94,5.52,0.86,0.00,-0.00,-0.00
-9002,2.95,507,2.23,665,3,5675,08_27_36_19_05_2025,-7.95,5.52,0.86,0.00,-0.00,-0.00
-9001,2.95,491,2.24,665,3,5698,08_27_36_19_05_2025,-7.94,5.53,0.86,0.00,-0.00,-0.00
-8955,2.95,540,2.23,665,3,5721,08_27_36_19_05_2025,-7.95,5.53,0.87,0.00,-0.00,0.00
-9027,2.96,444,2.24,665,3,5744,08_27_36_19_05_2025,-7.94,5.53,0.86,0.00,-0.00,-0.00
-9099,2.96,393,2.24,665,3,5767,08_27_36_19_05_2025,-7.94,5.52,0.86,0.00,-0.00,0.00
-8993,2.95,479,2.24,665,3,5793,08_27_36_19_05_2025,-7.94,5.53,0.86,0.00,-0.00,0.00
-9006,2.95,485,2.24,665,3,5821,08_27_36_19_05_2025,-7.95,5.53,0.87,0.00,-0.00,0.00
-8883,2.95,664,2.22,665,3,5844,08_27_36_19_05_2025,-7.94,5.53,0.86,0.01,-0.00,-0.00
-8900,2.95,351,2.25,665,3,5867,08_27_36_19_05_2025,-7.94,5.53,0.85,0.00,-0.00,-0.00
-9024,2.96,617,2.23,665,3,5889,08_27_36_19_05_2025,-7.95,5.53,0.85,0.01,-0.00,0.00
-9043,2.96,458,2.24,665,3,5912,08_27_36_19_05_2025,-7.95,5.54,0.87,0.00,-0.00,0.00
-9098,2.96,710,2.22,665,3,5935,08_27_36_19_05_2025,-7.95,5.53,0.88,0.01,-0.00,0.00
-9018,2.96,491,2.24,664,3,5960,08_27_36_19_05_2025,-7.95,5.52,0.86,0.00,-0.00,-0.00
-9068,2.96,481,2.24,665,3,5984,08_27_36_19_05_2025,-7.94,5.52,0.86,0.00,-0.00,0.00
-8878,2.95,174,2.26,664,3,6007,08_27_36_19_05_2025,-7.95,5.53,0.87,0.01,-0.00,-0.00
-8860,2.94,634,2.22,665,3,6036,08_27_36_19_05_2025,-7.95,5.53,0.87,0.00,-0.00,0.00
-8858,2.94,425,2.24,665,3,6059,08_27_36_19_05_2025,-7.94,5.53,0.87,0.01,-0.00,-0.00
-8848,2.94,328,2.25,665,3,6082,08_27_36_19_05_2025,-7.95,5.53,0.86,0.00,-0.00,-0.00
-2,2.27,388,2.24,664,3,6110,08_27_36_19_05_2025,-7.96,5.53,0.87,0.00,-0.00,0.00
-2,2.27,409,2.24,664,3,6133,08_27_36_19_05_2025,-7.96,5.54,0.88,0.00,-0.00,-0.00
-8926,2.95,528,2.23,665,3,6156,08_27_36_19_05_2025,-7.95,5.53,0.85,0.00,-0.00,-0.00
-9079,2.96,428,2.24,664,3,6179,08_27_36_19_05_2025,-7.94,5.52,0.86,0.00,-0.01,-0.00
-9002,2.95,459,2.24,665,3,6202,08_27_36_19_05_2025,-7.96,5.54,0.86,0.01,-0.00,-0.00
-9022,2.96,431,2.24,665,3,6228,08_27_37_19_05_2025,-7.95,5.53,0.86,0.01,-0.00,-0.00
-8901,2.95,507,2.23,665,3,6256,08_27_37_19_05_2025,-7.95,5.53,0.86,0.00,-0.00,0.00
-8981,2.95,447,2.24,665,3,6279,08_27_37_19_05_2025,-7.95,5.53,0.87,0.01,-0.00,-0.00
-8948,2.95,380,2.24,664,3,6302,08_27_37_19_05_2025,-7.94,5.53,0.86,0.00,-0.00,0.00
-8954,2.95,398,2.24,664,3,6325,08_27_37_19_05_2025,-7.96,5.54,0.87,0.00,-0.00,0.00
-8865,2.94,485,2.24,665,3,6348,08_27_37_19_05_2025,-7.95,5.53,0.86,0.00,-0.00,0.00
-8911,2.95,498,2.23,665,3,6373,08_27_37_19_05_2025,-7.94,5.53,0.85,0.00,-0.00,-0.00
-8981,2.95,313,2.25,665,3,6402,08_27_37_19_05_2025,-7.94,5.52,0.85,0.00,-0.00,0.00
-8992,2.95,411,2.24,665,3,6425,08_27_37_19_05_2025,-7.96,5.54,0.87,0.00,-0.00,0.00
-8911,2.95,423,2.24,665,3,6447,08_27_37_19_05_2025,-7.95,5.53,0.87,0.01,-0.00,0.00
-8899,2.95,401,2.24,665,3,6470,08_27_37_19_05_2025,-7.95,5.53,0.86,0.00,-0.00,-0.00
-8872,2.94,410,2.24,664,3,6493,08_27_37_19_05_2025,-7.95,5.53,0.86,0.00,-0.00,-0.00
-9002,2.95,396,2.24,665,3,6519,08_27_37_19_05_2025,-7.95,5.53,0.87,0.00,-0.00,0.00
-8902,2.95,504,2.23,665,3,6548,08_27_37_19_05_2025,-7.96,5.53,0.85,0.00,-0.00,-0.00
-8862,2.94,386,2.24,665,3,6570,08_27_37_19_05_2025,-7.95,5.52,0.86,0.00,-0.00,0.00
-8955,2.95,440,2.24,665,3,6593,08_27_37_19_05_2025,-7.94,5.53,0.86,0.01,-0.00,-0.00
-8918,2.95,329,2.25,665,3,6616,08_27_37_19_05_2025,-7.95,5.53,0.86,0.00,-0.00,0.00
-9032,2.96,625,2.23,665,3,6639,08_27_37_19_05_2025,-7.95,5.52,0.86,0.01,-0.00,0.00
-9050,2.96,482,2.24,665,3,6665,08_27_37_19_05_2025,-7.95,5.53,0.87,0.00,-0.00,0.00
-9066,2.96,357,2.25,665,3,6695,08_27_37_19_05_2025,-7.95,5.52,0.86,0.00,-0.00,0.00
-9025,2.96,552,2.23,665,3,6720,08_27_37_19_05_2025,-7.95,5.53,0.86,0.00,-0.00,-0.00
-8776,2.94,402,2.24,664,3,6746,08_27_37_19_05_2025,-7.96,5.53,0.86,0.00,-0.00,-0.00
-8877,2.95,404,2.24,665,3,6772,08_27_37_19_05_2025,-7.94,5.53,0.87,0.00,-0.00,0.00
-8948,2.95,414,2.24,665,3,6798,08_27_37_19_05_2025,-7.95,5.53,0.86,0.00,-0.00,-0.00
-9063,2.96,399,2.24,665,3,6824,08_27_37_19_05_2025,-7.95,5.53,0.86,0.00,-0.00,-0.00
-8825,2.94,298,2.25,665,3,6850,08_27_37_19_05_2025,-7.96,5.53,0.87,0.01,-0.00,-0.00
-8997,2.95,604,2.23,665,3,6878,08_27_37_19_05_2025,-7.95,5.53,0.86,0.01,-0.00,-0.00
-8843,2.94,268,2.25,665,3,6901,08_27_37_19_05_2025,-7.95,5.52,0.87,0.00,-0.00,-0.00
-8907,2.95,421,2.24,665,3,6924,08_27_37_19_05_2025,-7.95,5.53,0.87,0.00,-0.00,0.00
-9011,2.96,355,2.25,665,3,6947,08_27_37_19_05_2025,-7.96,5.53,0.87,0.01,-0.00,-0.00
-8977,2.95,356,2.25,665,3,6970,08_27_37_19_05_2025,-7.95,5.52,0.85,0.00,-0.00,-0.00
-8898,2.95,410,2.24,665,3,6996,08_27_37_19_05_2025,-7.95,5.53,0.86,0.00,-0.00,-0.00
-9013,2.96,332,2.25,664,3,7024,08_27_37_19_05_2025,-7.94,5.53,0.87,0.00,-0.00,0.00
-8843,2.94,601,2.23,665,3,7047,08_27_37_19_05_2025,-7.95,5.54,0.87,0.00,-0.00,0.00
-9167,2.97,559,2.23,665,3,7069,08_27_37_19_05_2025,-7.94,5.53,0.87,0.00,-0.00,0.00
-9068,2.96,449,2.24,665,3,7092,08_27_37_19_05_2025,-7.95,5.53,0.85,0.01,-0.00,-0.00
-8970,2.95,574,2.23,665,3,7115,08_27_37_19_05_2025,-7.95,5.53,0.86,0.00,-0.00,-0.00
-8951,2.95,540,2.23,664,3,7138,08_27_37_19_05_2025,-7.95,5.53,0.86,0.00,-0.00,-0.00
-8963,2.95,307,2.25,665,3,7163,08_27_37_19_05_2025,-7.95,5.52,0.86,0.00,-0.00,-0.00
-8862,2.94,329,2.25,665,3,7186,08_27_37_19_05_2025,-7.95,5.53,0.86,0.00,-0.00,-0.00
-8860,2.94,370,2.24,664,3,7212,08_27_37_19_05_2025,-7.94,5.53,0.85,0.01,-0.00,-0.00
-8984,2.95,443,2.24,664,3,7238,08_27_38_19_05_2025,-7.95,5.53,0.87,0.00,-0.00,0.00
-8816,2.94,593,2.23,665,3,7263,08_27_38_19_05_2025,-7.96,5.53,0.86,0.00,-0.00,0.00
-9105,2.96,650,2.22,665,3,7289,08_27_38_19_05_2025,-7.94,5.53,0.85,0.00,-0.00,-0.00
-8810,2.94,558,2.23,665,3,7317,08_27_38_19_05_2025,-7.95,5.53,0.87,0.01,-0.00,-0.00
-8905,2.95,472,2.24,665,3,7340,08_27_38_19_05_2025,-7.95,5.53,0.87,0.00,-0.00,0.00
-8904,2.95,595,2.23,664,3,7363,08_27_38_19_05_2025,-7.95,5.52,0.87,0.00,-0.00,0.00
-8901,2.95,424,2.24,665,3,7386,08_27_38_19_05_2025,-7.95,5.53,0.86,0.00,-0.00,-0.00
-8970,2.95,631,2.22,664,3,7410,08_27_38_19_05_2025,-7.95,5.53,0.86,0.00,-0.00,0.00
-9192,2.97,321,2.25,665,3,7433,08_27_38_19_05_2025,-7.95,5.52,0.86,0.00,-0.00,-0.00
-8948,2.95,585,2.23,665,3,7459,08_27_38_19_05_2025,-7.95,5.53,0.86,0.01,-0.00,-0.00
-9019,2.96,371,2.24,665,3,7488,08_27_38_19_05_2025,-7.95,5.51,0.86,0.00,-0.00,-0.00
-8890,2.95,314,2.25,665,3,7511,08_27_38_19_05_2025,-7.95,5.53,0.85,0.00,-0.00,-0.00
-9010,2.96,387,2.24,664,3,7534,08_27_38_19_05_2025,-7.96,5.54,0.87,0.00,-0.00,-0.00
-8892,2.95,316,2.25,665,3,7559,08_27_38_19_05_2025,-7.95,5.53,0.88,0.00,-0.00,0.00
-9014,2.96,380,2.24,665,3,7585,08_27_38_19_05_2025,-7.95,5.53,0.88,0.00,-0.00,-0.00
-9001,2.95,581,2.23,665,3,7614,08_27_38_19_05_2025,-7.95,5.53,0.86,0.00,-0.00,0.00
-8912,2.95,480,2.24,665,3,7637,08_27_38_19_05_2025,-7.96,5.53,0.87,0.00,-0.00,-0.00
-8856,2.94,551,2.23,665,3,7660,08_27_38_19_05_2025,-7.95,5.53,0.87,0.01,-0.00,0.00
-9002,2.95,509,2.23,665,3,7683,08_27_38_19_05_2025,-7.95,5.53,0.87,0.00,-0.00,-0.00
-9087,2.96,387,2.24,664,3,7705,08_27_38_19_05_2025,-7.95,5.52,0.86,0.00,-0.00,-0.00
-8919,2.95,303,2.25,665,3,7731,08_27_38_19_05_2025,-7.94,5.53,0.85,0.00,-0.00,-0.00
-8942,2.95,402,2.24,665,3,7760,08_27_38_19_05_2025,-7.95,5.52,0.87,0.00,-0.00,0.00
-8933,2.95,440,2.24,664,3,7783,08_27_38_19_05_2025,-7.95,5.53,0.87,0.01,-0.00,-0.00
-8827,2.94,541,2.23,664,3,7806,08_27_38_19_05_2025,-7.95,5.53,0.86,0.00,-0.00,-0.00
-8975,2.95,537,2.23,665,3,7828,08_27_38_19_05_2025,-7.95,5.53,0.86,0.00,-0.00,-0.00
-8764,2.94,474,2.24,665,3,7851,08_27_38_19_05_2025,-7.96,5.53,0.87,0.00,-0.00,0.00
-8907,2.95,479,2.24,665,3,7877,08_27_38_19_05_2025,-7.94,5.52,0.87,0.00,-0.00,0.00
-9002,2.95,407,2.24,665,3,7906,08_27_38_19_05_2025,-7.95,5.53,0.87,0.01,-0.00,0.00
-9002,2.95,538,2.23,665,3,7928,08_27_38_19_05_2025,-7.95,5.52,0.86,0.00,-0.00,-0.00
-8926,2.95,497,2.24,664,3,7951,08_27_38_19_05_2025,-7.95,5.53,0.87,0.00,-0.00,-0.00
-8960,2.95,404,2.24,665,3,7974,08_27_38_19_05_2025,-7.96,5.53,0.87,0.00,-0.00,-0.00
-9108,2.96,475,2.24,665,3,7997,08_27_38_19_05_2025,-7.95,5.53,0.87,0.01,-0.00,0.00
-9134,2.96,570,2.23,665,3,8023,08_27_38_19_05_2025,-7.94,5.52,0.85,0.00,-0.00,-0.00
-8835,2.94,475,2.24,664,3,8052,08_27_38_19_05_2025,-7.95,5.52,0.87,0.00,-0.00,0.00
-8834,2.94,428,2.24,665,3,8074,08_27_38_19_05_2025,-7.95,5.53,0.87,0.00,-0.00,0.00
-8947,2.95,399,2.24,665,3,8099,08_27_38_19_05_2025,-7.95,5.53,0.87,0.01,-0.00,-0.00
-8983,2.95,533,2.23,665,3,8124,08_27_38_19_05_2025,-7.94,5.52,0.86,0.00,-0.00,0.00
-9062,2.96,533,2.23,665,3,8150,08_27_38_19_05_2025,-7.95,5.53,0.86,0.00,-0.00,0.00
-8961,2.95,660,2.22,665,3,8176,08_27_38_19_05_2025,-7.95,5.53,0.87,0.00,-0.00,0.00
-8907,2.95,455,2.24,664,3,8204,08_27_38_19_05_2025,-7.95,5.53,0.87,0.00,-0.00,-0.00
-8893,2.95,411,2.24,665,3,8227,08_27_39_19_05_2025,-7.95,5.52,0.86,0.00,-0.00,0.00
-9016,2.96,522,2.23,664,3,8250,08_27_39_19_05_2025,-7.95,5.53,0.87,0.00,-0.00,-0.00
-9026,2.96,554,2.23,664,3,8272,08_27_39_19_05_2025,-7.95,5.53,0.86,0.00,-0.00,-0.00
-8877,2.95,461,2.24,665,3,8295,08_27_39_19_05_2025,-7.95,5.53,0.86,0.00,-0.00,-0.00
-8871,2.94,474,2.24,665,3,8318,08_27_39_19_05_2025,-7.94,5.52,0.86,0.00,-0.00,-0.00
-8881,2.95,548,2.23,665,3,8344,08_27_39_19_05_2025,-7.95,5.53,0.85,0.00,-0.00,-0.00
-8871,2.94,502,2.23,664,3,8367,08_27_39_19_05_2025,-7.95,5.53,0.86,0.01,-0.00,0.00
-9024,2.96,636,2.22,664,3,8389,08_27_39_19_05_2025,-7.96,5.53,0.86,0.00,-0.00,-0.00
-9050,2.96,636,2.22,665,3,8412,08_27_39_19_05_2025,-7.94,5.53,0.85,0.00,-0.00,-0.00
-8921,2.95,376,2.24,666,3,8435,08_27_39_19_05_2025,-7.95,5.53,0.85,0.00,-0.00,-0.00
-8803,2.94,513,2.23,665,3,8458,08_27_39_19_05_2025,-7.95,5.53,0.87,0.00,-0.00,-0.00
-9082,2.96,241,2.25,664,3,8483,08_27_39_19_05_2025,-7.95,5.52,0.86,0.00,-0.00,-0.00
-8798,2.94,543,2.23,665,3,8506,08_27_39_19_05_2025,-7.94,5.53,0.86,0.00,-0.00,0.00
-9091,2.96,609,2.23,665,3,8529,08_27_39_19_05_2025,-7.95,5.52,0.86,0.00,-0.00,0.00
-9010,2.96,392,2.24,664,3,8552,08_27_39_19_05_2025,-7.95,5.51,0.86,0.00,-0.00,0.00
-8939,2.95,466,2.24,665,3,8575,08_27_39_19_05_2025,-7.96,5.53,0.87,0.00,-0.00,0.00
-8858,2.94,546,2.23,665,3,8600,08_27_39_19_05_2025,-7.96,5.53,0.87,0.00,-0.00,-0.00
-8884,2.95,511,2.23,665,3,8629,08_27_39_19_05_2025,-7.95,5.52,0.85,0.00,-0.00,0.00
-9127,2.96,626,2.23,665,3,8652,08_27_39_19_05_2025,-7.95,5.52,0.86,0.01,-0.00,-0.00
-8762,2.94,515,2.23,665,3,8675,08_27_39_19_05_2025,-7.96,5.52,0.87,0.00,-0.00,0.00
-8956,2.95,540,2.23,666,3,8698,08_27_39_19_05_2025,-7.96,5.53,0.86,0.01,-0.00,-0.00
-8886,2.95,535,2.23,665,3,8721,08_27_39_19_05_2025,-7.95,5.52,0.86,0.00,-0.00,-0.00
-8927,2.95,551,2.23,665,3,8746,08_27_39_19_05_2025,-7.95,5.52,0.85,0.00,-0.00,0.00
-9067,2.96,281,2.25,665,3,8775,08_27_39_19_05_2025,-7.94,5.53,0.86,0.00,-0.00,-0.00
-8892,2.95,446,2.24,665,3,8799,08_27_39_19_05_2025,-7.94,5.53,0.87,0.00,-0.00,0.00
-8984,2.95,719,2.22,665,3,8822,08_27_39_19_05_2025,-7.95,5.52,0.86,0.00,-0.00,-0.00
-8971,2.95,521,2.23,665,3,8851,08_27_39_19_05_2025,-7.95,5.53,0.86,0.00,-0.00,-0.00
-8867,2.94,340,2.25,665,3,8874,08_27_39_19_05_2025,-7.94,5.54,0.86,0.00,-0.00,0.00
-8850,2.94,204,2.26,664,3,8897,08_27_39_19_05_2025,-7.95,5.53,0.86,0.00,-0.00,-0.00
-8915,2.95,542,2.23,665,3,8928,08_27_39_19_05_2025,-7.95,5.53,0.86,0.00,-0.00,-0.00
-8973,2.95,380,2.24,665,3,8951,08_27_39_19_05_2025,-7.93,5.53,0.86,0.00,-0.00,-0.00
-8955,2.95,478,2.24,665,3,8974,08_27_39_19_05_2025,-7.94,5.53,0.87,0.00,-0.01,-0.00
-8822,2.94,353,2.25,665,3,8996,08_27_39_19_05_2025,-7.94,5.51,0.86,0.00,-0.01,0.00
-8981,2.95,401,2.24,664,3,9022,08_27_39_19_05_2025,-7.93,5.52,0.87,0.00,-0.01,-0.00
-8722,2.93,493,2.24,665,3,9048,08_27_39_19_05_2025,-7.99,5.55,0.87,0.00,-0.01,-0.00
-9011,2.96,529,2.23,665,3,9077,08_27_39_19_05_2025,-7.92,5.52,0.92,0.01,-0.00,0.01
-8836,2.94,459,2.24,665,3,9100,08_27_39_19_05_2025,-7.90,5.50,0.91,0.01,-0.00,0.00
-9015,2.96,459,2.24,665,3,9122,08_27_39_19_05_2025,-7.97,5.55,0.86,0.01,-0.00,-0.00
-8836,2.94,606,2.23,665,3,9145,08_27_39_19_05_2025,-7.95,5.52,0.80,0.01,-0.01,-0.00
-9064,2.96,609,2.23,664,3,9168,08_27_39_19_05_2025,-7.94,5.46,0.84,0.01,-0.01,-0.00
-9083,2.96,251,2.25,665,3,9194,08_27_39_19_05_2025,-7.95,5.55,0.87,0.00,-0.01,-0.00
-8549,2.92,569,2.23,665,3,9222,08_27_39_19_05_2025,-7.95,5.53,0.93,0.00,-0.01,-0.00
-8912,2.95,578,2.23,664,3,9245,08_27_40_19_05_2025,-7.95,5.54,0.93,0.00,-0.01,-0.00
-8891,2.95,443,2.24,665,3,9268,08_27_40_19_05_2025,-7.94,5.50,0.87,0.00,-0.00,-0.00
-8876,2.95,378,2.24,664,3,9291,08_27_40_19_05_2025,-7.95,5.53,0.84,0.00,-0.00,0.00
-8911,2.95,457,2.24,665,3,9314,08_27_40_19_05_2025,-7.96,5.52,0.84,0.00,-0.01,-0.00
-8872,2.94,550,2.23,665,3,9340,08_27_40_19_05_2025,-7.94,5.53,0.85,0.00,-0.00,0.00
-8704,2.93,368,2.24,665,3,9368,08_27_40_19_05_2025,-7.95,5.54,0.88,0.01,-0.00,0.00
-8697,2.93,527,2.23,665,3,9391,08_27_40_19_05_2025,-7.95,5.53,0.90,0.00,-0.00,0.00
-8761,2.94,594,2.23,664,3,9414,08_27_40_19_05_2025,-7.97,5.53,0.89,0.00,-0.01,-0.00
-8740,2.93,594,2.23,665,3,9436,08_27_40_19_05_2025,-7.96,5.53,0.86,0.00,-0.00,-0.00
-8884,2.95,393,2.24,664,3,9459,08_27_40_19_05_2025,-7.95,5.54,0.84,0.00,-0.00,-0.00
-8610,2.92,355,2.25,664,3,9482,08_27_40_19_05_2025,-7.95,5.53,0.87,0.00,-0.00,-0.00
-8854,2.94,457,2.24,665,3,9510,08_27_40_19_05_2025,-7.95,5.52,0.88,0.00,-0.00,0.00
-8929,2.95,467,2.24,664,3,9536,08_27_40_19_05_2025,-7.95,5.52,0.87,0.00,-0.00,-0.00
-8889,2.95,561,2.23,665,3,9564,08_27_40_19_05_2025,-7.94,5.51,0.86,0.01,-0.00,-0.00
-8983,2.95,536,2.23,664,3,9587,08_27_40_19_05_2025,-7.95,5.53,0.86,0.00,-0.00,-0.00
-8999,2.95,408,2.24,665,3,9612,08_27_40_19_05_2025,-7.96,5.53,0.88,0.00,-0.00,-0.00
-8808,2.94,167,2.26,664,3,9638,08_27_40_19_05_2025,-7.94,5.53,0.92,0.01,-0.00,-0.00
-8848,2.94,422,2.24,665,3,9667,08_27_40_19_05_2025,-7.94,5.54,0.87,0.00,-0.00,-0.00
-8891,2.95,665,2.22,665,3,9690,08_27_40_19_05_2025,-7.95,5.54,0.88,0.00,-0.00,0.00
-9036,2.96,390,2.24,665,3,9712,08_27_40_19_05_2025,-7.95,5.51,0.85,0.00,-0.00,-0.00
-8945,2.95,490,2.24,664,3,9735,08_27_40_19_05_2025,-7.95,5.53,0.85,0.01,-0.00,0.00
-8971,2.95,688,2.22,665,3,9758,08_27_40_19_05_2025,-7.95,5.53,0.85,0.00,-0.00,0.00
-8805,2.94,540,2.23,665,3,9784,08_27_40_19_05_2025,-7.95,5.53,0.89,0.01,-0.00,0.00
-8715,2.93,422,2.24,666,3,9810,08_27_40_19_05_2025,-7.94,5.52,0.86,0.00,-0.00,-0.00
-8968,2.95,574,2.23,664,3,9838,08_27_40_19_05_2025,-7.97,5.54,0.85,0.00,-0.00,-0.00
-8795,2.94,543,2.23,663,3,9861,08_27_40_19_05_2025,-7.95,5.52,0.86,0.00,-0.00,-0.00
-8918,2.95,403,2.24,664,3,9884,08_27_40_19_05_2025,-7.94,5.52,0.87,0.00,-0.00,-0.00
-8914,2.95,401,2.24,665,3,9907,08_27_40_19_05_2025,-7.96,5.53,0.90,0.00,-0.00,0.00
-8990,2.95,520,2.23,664,3,9930,08_27_40_19_05_2025,-7.94,5.53,0.91,0.00,-0.01,-0.00
-9300,2.98,634,2.22,665,3,9956,08_27_40_19_05_2025,-7.95,5.52,0.88,0.00,-0.00,0.00
-8973,2.95,414,2.24,665,3,9984,08_27_40_19_05_2025,-7.94,5.53,0.84,0.00,-0.00,0.00
-8807,2.94,635,2.22,665,3,10007,08_27_40_19_05_2025,-7.95,5.53,0.85,0.00,-0.00,-0.00
-8831,2.94,371,2.24,665,3,10030,08_27_40_19_05_2025,-7.95,5.53,0.89,0.00,-0.00,-0.00
-8872,2.94,615,2.23,665,3,10053,08_27_40_19_05_2025,-7.94,5.52,0.89,0.00,-0.00,-0.00
-8812,2.94,817,2.21,665,3,10076,08_27_40_19_05_2025,-7.94,5.53,0.88,0.00,-0.00,0.00
-9013,2.96,511,2.23,665,3,10101,08_27_40_19_05_2025,-7.94,5.52,0.87,0.00,-0.00,-0.00
-8863,2.94,645,2.22,665,3,10130,08_27_40_19_05_2025,-7.95,5.52,0.86,0.00,-0.00,0.00
-8864,2.94,523,2.23,665,3,10153,08_27_40_19_05_2025,-7.94,5.52,0.85,0.00,-0.00,-0.00
-8813,2.94,385,2.24,664,3,10176,08_27_40_19_05_2025,-7.94,5.52,0.89,0.00,-0.00,-0.00
-8984,2.95,394,2.24,664,3,10199,08_27_40_19_05_2025,-7.95,5.54,0.89,0.00,-0.00,-0.00
-8958,2.95,586,2.23,665,3,10224,08_27_40_19_05_2025,-7.96,5.56,0.90,0.00,-0.00,-0.00
-8941,2.95,364,2.25,665,3,10253,08_27_41_19_05_2025,-7.94,5.52,0.85,0.00,-0.00,0.00
-8941,2.95,478,2.24,664,3,10278,08_27_41_19_05_2025,-7.96,5.53,0.85,0.01,-0.00,0.00
-8733,2.93,412,2.24,665,3,10301,08_27_41_19_05_2025,-7.95,5.52,0.86,0.00,-0.00,0.00
-8949,2.95,409,2.24,664,3,10326,08_27_41_19_05_2025,-7.96,5.54,0.88,0.01,-0.00,-0.00
-8924,2.95,437,2.24,665,3,10352,08_27_41_19_05_2025,-7.95,5.53,0.89,0.00,-0.00,-0.00
-8828,2.94,536,2.23,664,3,10378,08_27_41_19_05_2025,-7.95,5.53,0.88,0.00,-0.00,0.00
-9004,2.95,397,2.24,665,3,10404,08_27_41_19_05_2025,-7.94,5.52,0.86,0.00,-0.00,0.00
-8818,2.94,666,2.22,665,3,10432,08_27_41_19_05_2025,-7.95,5.53,0.86,0.00,-0.00,-0.00
-8848,2.94,63,2.27,665,3,10455,08_27_41_19_05_2025,-7.94,5.53,0.86,0.00,-0.00,0.00
-9045,2.96,191,2.26,665,3,10478,08_27_41_19_05_2025,-7.94,5.52,0.87,0.00,-0.00,-0.00
-8764,2.94,530,2.23,664,3,10501,08_27_41_19_05_2025,-7.95,5.53,0.87,0.00,-0.00,-0.00
-8843,2.94,466,2.24,664,3,10524,08_27_41_19_05_2025,-7.95,5.53,0.89,0.00,-0.00,-0.00
-8817,2.94,490,2.24,657,3,10550,08_27_41_19_05_2025,-7.93,5.52,0.86,0.00,-0.00,-0.00
-8936,2.95,456,2.24,665,3,10578,08_27_41_19_05_2025,-7.95,5.53,0.86,0.00,-0.00,-0.00
-8927,2.95,504,2.23,665,3,10601,08_27_41_19_05_2025,-7.95,5.52,0.88,0.00,-0.00,-0.00
-9026,2.96,541,2.23,665,3,10624,08_27_41_19_05_2025,-7.95,5.53,0.88,0.01,-0.00,-0.00
-8803,2.94,665,2.22,665,3,10647,08_27_41_19_05_2025,-7.94,5.53,0.88,0.00,-0.00,0.00
-8926,2.95,770,2.21,664,3,10669,08_27_41_19_05_2025,-7.96,5.53,0.88,0.00,-0.00,-0.00
-8980,2.95,381,2.24,665,3,10703,08_27_41_19_05_2025,-7.95,5.51,0.86,0.00,-0.00,-0.00
-8916,2.95,381,2.24,665,3,10727,08_27_41_19_05_2025,-7.97,5.55,0.87,0.00,-0.00,0.00
-8784,2.94,391,2.24,665,3,10752,08_27_41_19_05_2025,-7.94,5.52,0.88,0.00,-0.00,0.00
-9015,2.96,589,2.23,665,3,10777,08_27_41_19_05_2025,-7.94,5.52,0.88,0.00,-0.00,-0.00
-9006,2.95,601,2.23,664,3,10802,08_27_41_19_05_2025,-7.95,5.53,0.87,0.00,-0.00,-0.00
-8841,2.94,507,2.23,665,3,10827,08_27_41_19_05_2025,-7.94,5.51,0.87,0.00,-0.00,-0.00
-8994,2.95,580,2.23,664,3,10854,08_27_41_19_05_2025,-7.95,5.53,0.86,0.00,-0.00,-0.00
-8985,2.95,532,2.23,665,3,10882,08_27_41_19_05_2025,-7.95,5.52,0.88,0.00,-0.00,0.00
-8881,2.95,376,2.24,665,3,10908,08_27_41_19_05_2025,-7.94,5.52,0.87,0.00,-0.00,-0.00
-8958,2.95,721,2.22,664,3,10934,08_27_41_19_05_2025,-7.95,5.53,0.87,0.00,-0.00,0.00
-8958,2.95,511,2.23,665,3,10958,08_27_41_19_05_2025,-7.95,5.52,0.86,0.00,-0.01,-0.00
-8786,2.94,450,2.24,665,3,10983,08_27_41_19_05_2025,-7.95,5.53,0.86,0.00,-0.00,-0.00
-8868,2.94,382,2.24,665,3,11011,08_27_41_19_05_2025,-7.95,5.53,0.86,0.00,-0.00,-0.00
-9037,2.96,420,2.24,665,3,11036,08_27_41_19_05_2025,-7.94,5.53,0.89,0.00,-0.00,0.00
-8955,2.95,287,2.25,665,3,11061,08_27_41_19_05_2025,-7.95,5.53,0.89,0.00,-0.00,0.00
-8893,2.95,486,2.24,664,3,11086,08_27_41_19_05_2025,-7.96,5.53,0.87,0.00,-0.00,-0.00
-8794,2.94,472,2.24,664,3,11111,08_27_41_19_05_2025,-7.95,5.52,0.86,0.00,-0.00,0.00
-8861,2.94,427,2.24,665,3,11136,08_27_41_19_05_2025,-7.96,5.52,0.87,0.00,-0.00,0.00
-8811,2.94,404,2.24,665,3,11163,08_27_41_19_05_2025,-7.96,5.54,0.88,0.00,-0.00,-0.00
-8951,2.95,524,2.23,665,3,11191,08_27_41_19_05_2025,-7.95,5.52,0.89,0.00,-0.00,0.00
-8879,2.95,524,2.23,664,3,11216,08_27_41_19_05_2025,-7.95,5.51,0.87,0.00,-0.00,-0.00
-8937,2.95,454,2.24,665,3,11241,08_27_42_19_05_2025,-7.96,5.53,0.87,0.00,-0.00,0.00
-8932,2.95,552,2.23,664,3,11266,08_27_42_19_05_2025,-7.95,5.53,0.87,0.00,-0.00,0.00
-8722,2.93,501,2.23,665,3,11291,08_27_42_19_05_2025,-7.94,5.53,0.86,0.00,-0.00,-0.00
-8951,2.95,476,2.24,665,3,11319,08_27_42_19_05_2025,-7.95,5.52,0.88,0.00,-0.00,-0.00
-8923,2.95,444,2.24,665,3,11346,08_27_42_19_05_2025,-7.94,5.52,0.90,0.00,-0.00,-0.00
-8990,2.95,413,2.24,665,3,11371,08_27_42_19_05_2025,-7.95,5.54,0.87,0.00,-0.00,-0.00
-9015,2.96,321,2.25,665,3,11396,08_27_42_19_05_2025,-7.94,5.52,0.86,0.00,-0.00,-0.00
-9038,2.96,493,2.24,665,3,11421,08_27_42_19_05_2025,-7.95,5.53,0.86,0.00,-0.00,-0.00
-8929,2.95,341,2.25,665,3,11446,08_27_42_19_05_2025,-7.96,5.53,0.86,0.00,-0.00,-0.00
-9146,2.97,606,2.23,664,3,11474,08_27_42_19_05_2025,-7.94,5.53,0.89,0.00,-0.00,0.00
-9137,2.96,455,2.24,664,3,11502,08_27_42_19_05_2025,-7.95,5.53,0.88,0.00,-0.00,0.00
-8813,2.94,415,2.24,665,3,11527,08_27_42_19_05_2025,-7.96,5.53,0.87,0.00,-0.00,0.00
-8881,2.95,491,2.24,665,3,11552,08_27_42_19_05_2025,-7.95,5.52,0.87,0.01,-0.00,-0.00
-8885,2.95,510,2.23,665,3,11577,08_27_42_19_05_2025,-7.94,5.52,0.88,0.00,-0.00,-0.00
-8885,2.95,431,2.24,665,3,11602,08_27_42_19_05_2025,-7.96,5.53,0.87,0.01,-0.00,-0.00
-8980,2.95,501,2.23,665,3,11629,08_27_42_19_05_2025,-7.94,5.53,0.87,0.00,-0.00,0.00
-8870,2.94,390,2.24,665,3,11659,08_27_42_19_05_2025,-7.95,5.53,0.88,0.00,-0.00,0.00
-9015,2.96,261,2.25,664,3,11684,08_27_42_19_05_2025,-7.94,5.53,0.88,0.01,-0.00,0.00
-8765,2.94,447,2.24,665,3,11712,08_27_42_19_05_2025,-7.95,5.53,0.87,0.00,-0.00,-0.00
-9057,2.96,332,2.25,665,3,11737,08_27_42_19_05_2025,-7.95,5.52,0.87,0.00,-0.00,0.00
-9029,2.96,364,2.25,664,3,11762,08_27_42_19_05_2025,-7.95,5.53,0.88,0.00,-0.00,-0.00
-8905,2.95,415,2.24,664,3,11790,08_27_42_19_05_2025,-7.95,5.52,0.87,0.00,-0.00,-0.00
-8874,2.94,308,2.25,665,3,11817,08_27_42_19_05_2025,-7.94,5.53,0.87,0.00,-0.00,0.00
-9124,2.96,357,2.25,665,3,11842,08_27_42_19_05_2025,-7.95,5.52,0.86,0.00,-0.00,0.00
-8943,2.95,497,2.24,664,3,11867,08_27_42_19_05_2025,-7.96,5.53,0.87,0.00,-0.00,0.00
-9030,2.96,674,2.22,665,3,11891,08_27_42_19_05_2025,-7.95,5.52,0.87,0.00,-0.00,-0.00
-8960,2.95,577,2.23,665,3,11916,08_27_42_19_05_2025,-7.95,5.53,0.87,0.00,-0.00,0.00
-9073,2.96,473,2.24,665,3,11944,08_27_42_19_05_2025,-7.96,5.53,0.86,0.00,-0.00,-0.00
-8912,2.95,465,2.24,665,3,11969,08_27_42_19_05_2025,-7.94,5.54,0.88,0.00,-0.00,-0.00
-8900,2.95,567,2.23,665,3,11994,08_27_42_19_05_2025,-7.95,5.52,0.87,0.01,-0.00,0.00
-8866,2.94,639,2.22,665,3,12019,08_27_42_19_05_2025,-7.94,5.53,0.87,0.01,-0.00,0.00
-8820,2.94,373,2.24,665,3,12043,08_27_42_19_05_2025,-7.95,5.52,0.86,0.00,-0.00,-0.00
-8922,2.95,400,2.24,665,3,12068,08_27_42_19_05_2025,-7.95,5.53,0.87,0.00,-0.00,-0.00
-8904,2.95,357,2.25,665,3,12096,08_27_42_19_05_2025,-7.95,5.53,0.88,0.00,-0.00,0.00
-8869,2.94,522,2.23,665,3,12121,08_27_42_19_05_2025,-7.95,5.53,0.87,0.00,-0.00,-0.00
-9007,2.96,499,2.23,665,3,12146,08_27_42_19_05_2025,-7.96,5.53,0.87,0.00,-0.00,-0.00
-8960,2.95,557,2.23,664,3,12171,08_27_42_19_05_2025,-7.95,5.54,0.87,0.00,-0.00,-0.00
-8779,2.94,446,2.24,664,3,12196,08_27_42_19_05_2025,-7.95,5.54,0.88,0.00,-0.00,0.00
-8854,2.94,196,2.26,664,3,12221,08_27_42_19_05_2025,-7.94,5.53,0.87,0.00,-0.00,-0.00
-8931,2.95,403,2.24,665,3,12249,08_27_43_19_05_2025,-7.95,5.53,0.88,0.01,-0.00,-0.00
-8977,2.95,624,2.23,665,3,12276,08_27_43_19_05_2025,-7.95,5.53,0.88,0.01,-0.00,-0.00
-8816,2.94,432,2.24,665,3,12301,08_27_43_19_05_2025,-7.95,5.53,0.85,0.00,-0.00,0.00
-8976,2.95,456,2.24,665,3,12326,08_27_43_19_05_2025,-7.94,5.52,0.87,0.00,-0.00,-0.00
-8803,2.94,702,2.22,665,3,12351,08_27_43_19_05_2025,-7.95,5.52,0.87,0.00,-0.00,-0.00
-8726,2.93,477,2.24,665,3,12376,08_27_43_19_05_2025,-7.94,5.52,0.87,0.00,-0.00,-0.00
-8799,2.94,625,2.23,665,3,12406,08_27_43_19_05_2025,-7.95,5.53,0.87,0.00,-0.00,-0.00
-8831,2.94,305,2.25,665,3,12432,08_27_43_19_05_2025,-7.94,5.52,0.87,0.00,-0.00,-0.00
-8911,2.95,510,2.23,665,3,12457,08_27_43_19_05_2025,-7.94,5.53,0.87,0.00,-0.00,-0.00
-8982,2.95,569,2.23,665,3,12482,08_27_43_19_05_2025,-7.96,5.52,0.88,0.00,-0.00,0.00
-8895,2.95,554,2.23,665,3,12507,08_27_43_19_05_2025,-7.95,5.53,0.87,0.01,-0.00,0.00
-8960,2.95,287,2.25,665,3,12531,08_27_43_19_05_2025,-7.93,5.53,0.86,0.00,-0.00,0.00
-8893,2.95,423,2.24,665,3,12559,08_27_43_19_05_2025,-7.95,5.52,0.85,0.00,-0.00,0.00
-8875,2.95,361,2.25,665,3,12584,08_27_43_19_05_2025,-7.95,5.51,0.87,0.00,-0.00,0.00
-8856,2.94,754,2.22,664,3,12609,08_27_43_19_05_2025,-7.95,5.51,0.86,0.01,-0.00,0.00
-8936,2.95,334,2.25,665,3,12634,08_27_43_19_05_2025,-7.95,5.54,0.86,0.00,-0.00,-0.00
-8847,2.94,448,2.24,665,3,12659,08_27_43_19_05_2025,-7.95,5.53,0.85,0.01,-0.00,0.00
-8741,2.93,430,2.24,664,3,12684,08_27_43_19_05_2025,-7.95,5.51,0.87,0.00,-0.00,0.00
-8924,2.95,394,2.24,664,3,12712,08_27_43_19_05_2025,-7.95,5.54,0.88,0.00,-0.00,0.00
-9024,2.96,497,2.24,664,3,12737,08_27_43_19_05_2025,-7.94,5.52,0.87,0.00,-0.00,0.00
-8852,2.94,342,2.25,664,3,12762,08_27_43_19_05_2025,-7.94,5.53,0.87,0.00,-0.00,-0.00
-9057,2.96,364,2.25,665,3,12787,08_27_43_19_05_2025,-7.92,5.51,0.85,0.01,-0.00,0.00
-8966,2.95,363,2.25,665,3,12811,08_27_43_19_05_2025,-7.97,5.53,0.85,0.00,-0.00,-0.00
-8810,2.94,283,2.25,664,3,12836,08_27_43_19_05_2025,-7.94,5.54,0.89,0.00,-0.00,0.00
-8768,2.94,752,2.22,665,3,12864,08_27_43_19_05_2025,-7.92,5.53,0.86,0.00,-0.00,-0.00
-9019,2.96,647,2.22,665,3,12889,08_27_43_19_05_2025,-7.96,5.53,0.88,0.00,-0.00,-0.00
-8980,2.95,647,2.22,665,3,12914,08_27_43_19_05_2025,-7.97,5.50,0.89,0.00,-0.00,-0.00
-8667,2.93,508,2.23,665,3,12939,08_27_43_19_05_2025,-7.94,5.54,0.87,0.01,-0.00,0.00
-8840,2.94,397,2.24,665,3,12964,08_27_43_19_05_2025,-7.93,5.52,0.88,0.00,-0.00,-0.00
-8690,2.93,814,2.21,665,3,12989,08_27_43_19_05_2025,-7.96,5.54,0.88,0.00,-0.00,-0.00
-8980,2.95,562,2.23,665,3,13017,08_27_43_19_05_2025,-7.97,5.51,0.89,0.00,-0.00,-0.00
-8866,2.94,449,2.24,666,3,13047,08_27_43_19_05_2025,-7.94,5.53,0.87,0.00,-0.00,-0.00
-8879,2.95,442,2.24,664,3,13075,08_27_43_19_05_2025,-7.93,5.55,0.87,0.00,-0.00,-0.00
-8868,2.94,524,2.23,665,3,13100,08_27_43_19_05_2025,-7.94,5.53,0.87,0.00,-0.00,-0.00
-8940,2.95,546,2.23,665,3,13125,08_27_43_19_05_2025,-7.96,5.52,0.87,0.00,-0.01,-0.00
-9026,2.96,482,2.24,665,3,13152,08_27_43_19_05_2025,-7.95,5.53,0.87,0.00,-0.00,-0.00
-8940,2.95,383,2.24,664,3,13183,08_27_43_19_05_2025,-7.92,5.52,0.87,0.00,-0.00,-0.00
-8800,2.94,468,2.24,665,3,13213,08_27_43_19_05_2025,-7.97,5.52,0.87,0.00,-0.00,-0.00
-8922,2.95,478,2.24,665,3,13241,08_27_44_19_05_2025,-7.95,5.51,0.84,0.00,-0.00,-0.00
-8990,2.95,362,2.25,665,3,13266,08_27_44_19_05_2025,-7.93,5.55,0.86,0.00,-0.00,-0.00
-8901,2.95,355,2.25,665,3,13291,08_27_44_19_05_2025,-7.93,5.54,0.87,0.00,-0.00,-0.00
-8989,2.95,505,2.23,665,3,13316,08_27_44_19_05_2025,-7.95,5.51,0.89,0.00,-0.00,-0.00
-8943,2.95,743,2.22,664,3,13343,08_27_44_19_05_2025,-7.96,5.51,0.87,0.00,-0.00,-0.00
-9060,2.96,368,2.24,665,3,13371,08_27_44_19_05_2025,-7.94,5.53,0.85,0.00,-0.00,0.00
-9048,2.96,433,2.24,665,3,13396,08_27_44_19_05_2025,-7.95,5.52,0.87,0.00,-0.00,-0.00
-8998,2.95,398,2.24,665,3,13421,08_27_44_19_05_2025,-7.97,5.55,0.89,0.01,-0.00,0.00
-9010,2.96,351,2.25,665,3,13446,08_27_44_19_05_2025,-7.93,5.50,0.88,0.01,-0.00,0.00
-9056,2.96,514,2.23,665,3,13471,08_27_44_19_05_2025,-7.96,5.51,0.89,0.00,-0.00,-0.00
-8913,2.95,518,2.23,664,3,13499,08_27_44_19_05_2025,-7.95,5.53,0.84,0.00,-0.00,0.00
-8944,2.95,310,2.25,665,3,13527,08_27_44_19_05_2025,-7.94,5.54,0.84,0.00,-0.00,0.00
-9015,2.96,249,2.25,665,3,13552,08_27_44_19_05_2025,-7.94,5.53,0.88,0.00,-0.00,-0.00
-8875,2.95,353,2.25,665,3,13577,08_27_44_19_05_2025,-7.96,5.53,0.89,0.00,-0.00,0.00
-8766,2.94,604,2.23,664,3,13602,08_27_44_19_05_2025,-7.94,5.54,0.88,0.01,-0.00,0.00
-8818,2.94,501,2.23,665,3,13627,08_27_44_19_05_2025,-7.95,5.54,0.87,0.00,-0.00,-0.00
-8860,2.94,533,2.23,666,3,13654,08_27_44_19_05_2025,-7.95,5.52,0.87,0.00,-0.00,-0.00
-8883,2.95,511,2.23,665,3,13682,08_27_44_19_05_2025,-7.96,5.54,0.88,0.00,-0.00,-0.00
-8943,2.95,655,2.22,664,3,13707,08_27_44_19_05_2025,-7.96,5.55,0.84,0.01,-0.00,0.00
-8871,2.94,450,2.24,665,3,13732,08_27_44_19_05_2025,-7.92,5.52,0.88,0.00,-0.00,0.00
-8787,2.94,411,2.24,665,3,13757,08_27_44_19_05_2025,-7.95,5.52,0.88,0.00,-0.00,-0.00
-8750,2.94,562,2.23,665,3,13782,08_27_44_19_05_2025,-7.98,5.54,0.86,0.01,-0.00,0.00
-9078,2.96,361,2.25,665,3,13810,08_27_44_19_05_2025,-7.92,5.52,0.86,0.00,-0.00,0.00
-8938,2.95,616,2.23,664,3,13838,08_27_44_19_05_2025,-7.96,5.54,0.88,0.00,-0.00,-0.00
-8959,2.95,435,2.24,665,3,13863,08_27_44_19_05_2025,-7.96,5.54,0.89,0.00,-0.00,-0.00
-8881,2.95,674,2.22,665,3,13888,08_27_44_19_05_2025,-7.95,5.52,0.88,0.00,-0.00,-0.00
-8780,2.94,608,2.23,665,3,13915,08_27_44_19_05_2025,-7.96,5.55,0.87,0.00,-0.00,0.00
-8804,2.94,669,2.22,664,3,13943,08_27_44_19_05_2025,-7.95,5.52,0.88,0.00,-0.00,0.00
-8837,2.94,489,2.24,665,3,13971,08_27_44_19_05_2025,-7.95,5.53,0.87,0.00,-0.00,-0.00
-8847,2.94,403,2.24,665,3,14001,08_27_44_19_05_2025,-7.95,5.53,0.88,0.01,-0.00,0.00
-8946,2.95,623,2.23,665,3,14029,08_27_44_19_05_2025,-7.96,5.52,0.88,0.00,-0.00,0.00
-9001,2.95,524,2.23,664,3,14054,08_27_44_19_05_2025,-7.94,5.54,0.86,0.00,-0.00,0.00
-8639,2.93,577,2.23,665,3,14079,08_27_44_19_05_2025,-7.93,5.52,0.85,0.00,-0.00,0.00
-8990,2.95,473,2.24,664,3,14104,08_27_44_19_05_2025,-7.94,5.52,0.87,0.00,-0.00,-0.00
-9041,2.96,362,2.25,664,3,14131,08_27_44_19_05_2025,-7.98,5.53,0.90,0.01,-0.00,-0.00
-9098,2.96,337,2.25,664,3,14159,08_27_44_19_05_2025,-7.95,5.53,0.89,0.01,-0.00,0.00
-8874,2.94,697,2.22,665,3,14184,08_27_44_19_05_2025,-7.95,5.54,0.87,0.01,-0.00,0.00
-8745,2.94,573,2.23,664,3,14209,08_27_44_19_05_2025,-7.95,5.54,0.85,0.01,0.00,0.00
-8839,2.94,360,2.25,665,3,14234,08_27_45_19_05_2025,-7.96,5.54,0.86,0.01,0.00,0.00
-8743,2.94,493,2.24,665,3,14259,08_27_45_19_05_2025,-7.93,5.55,0.87,0.01,0.00,-0.00
-8976,2.95,379,2.24,664,3,14287,08_27_45_19_05_2025,-7.97,5.50,0.85,0.00,-0.00,-0.00
-8937,2.95,668,2.22,665,3,14314,08_27_45_19_05_2025,-7.93,5.52,0.86,0.01,-0.00,0.00
-8869,2.94,618,2.23,665,3,14339,08_27_45_19_05_2025,-7.96,5.55,0.84,0.01,-0.00,0.00
-8843,2.94,413,2.24,664,3,14364,08_27_45_19_05_2025,-7.93,5.54,0.87,0.00,-0.00,0.00
-8894,2.95,400,2.24,664,3,14389,08_27_45_19_05_2025,-7.95,5.53,0.87,0.00,-0.00,0.00
-8760,2.94,512,2.23,665,3,14414,08_27_45_19_05_2025,-7.96,5.51,0.86,0.01,-0.00,0.00
-9111,2.96,404,2.24,665,3,14441,08_27_45_19_05_2025,-7.93,5.54,0.87,0.00,-0.00,0.00
-9050,2.96,399,2.24,665,3,14466,08_27_45_19_05_2025,-7.95,5.53,0.84,0.00,-0.00,-0.00
-8872,2.94,364,2.25,664,3,14494,08_27_45_19_05_2025,-7.95,5.53,0.84,0.01,-0.00,-0.00
-8909,2.95,570,2.23,664,3,14519,08_27_45_19_05_2025,-7.94,5.52,0.88,0.00,-0.00,-0.00
-8861,2.94,400,2.24,665,3,14544,08_27_45_19_05_2025,-7.97,5.52,0.88,0.01,-0.00,-0.00
-9006,2.95,517,2.23,664,3,14569,08_27_45_19_05_2025,-7.95,5.53,0.88,0.00,-0.00,0.00
-8957,2.95,656,2.22,665,3,14596,08_27_45_19_05_2025,-7.94,5.55,0.86,0.00,-0.00,0.00
-8938,2.95,656,2.22,665,3,14624,08_27_45_19_05_2025,-7.96,5.52,0.87,0.00,-0.00,-0.00
-8932,2.95,479,2.24,665,3,14649,08_27_45_19_05_2025,-7.94,5.53,0.87,0.00,-0.00,-0.00
-8878,2.95,465,2.24,665,3,14676,08_27_45_19_05_2025,-7.96,5.53,0.87,0.00,-0.00,-0.00
-8937,2.95,668,2.22,665,3,14705,08_27_45_19_05_2025,-7.93,5.53,0.87,0.00,-0.00,0.00
-9067,2.96,568,2.23,666,3,14729,08_27_45_19_05_2025,-7.95,5.53,0.86,0.00,-0.00,-0.00
-8826,2.94,536,2.23,665,3,14757,08_27_45_19_05_2025,-7.97,5.53,0.87,0.01,-0.00,-0.00
-9009,2.96,608,2.23,665,3,14787,08_27_45_19_05_2025,-7.89,5.45,0.83,0.02,0.01,0.04
-8861,2.94,405,2.24,664,3,14815,08_27_45_19_05_2025,-7.95,5.51,0.86,-0.00,-0.01,-0.00
-9018,2.96,415,2.24,664,3,14840,08_27_45_19_05_2025,-7.93,5.52,0.87,0.00,-0.01,-0.01
-8944,2.95,617,2.23,665,3,14865,08_27_45_19_05_2025,-7.95,5.51,0.88,-0.00,-0.01,-0.02
-9004,2.95,544,2.23,665,3,14891,08_27_45_19_05_2025,-7.94,5.47,0.89,0.01,-0.00,0.00
-8914,2.95,567,2.23,665,3,14918,08_27_45_19_05_2025,-7.95,5.63,0.84,0.02,-0.00,-0.00
-9043,2.96,578,2.23,664,3,14943,08_27_45_19_05_2025,-7.92,5.34,0.87,0.00,-0.03,-0.04
-8866,2.94,472,2.24,665,3,14968,08_27_45_19_05_2025,-8.14,5.88,0.59,0.04,-0.10,-0.11
-9072,2.96,420,2.24,665,3,14993,08_27_45_19_05_2025,-8.14,5.77,1.05,0.07,-0.06,-0.06
-9042,2.96,578,2.23,665,3,15018,08_27_45_19_05_2025,-7.83,5.45,0.92,0.03,0.03,0.04
-8980,2.95,568,2.23,665,3,15043,08_27_45_19_05_2025,-8.14,5.30,1.97,-0.31,0.19,0.02
-8603,2.92,552,2.23,665,3,15071,08_27_45_19_05_2025,-8.12,5.58,-0.06,-0.24,0.11,0.01
