-10017,3.03,-529,2.31,560,1.81,4509,21_59_09_18_05_2025,-5.33,7.68,2.54,-0.02,-3.82,2.15
-9816,3.02,-142,2.28,560,1.81,4607,21_59_09_18_05_2025,-5.33,7.70,2.53,0.00,-0.00,0.00
-9886,3.02,-16,2.27,560,1.81,4646,21_59_09_18_05_2025,-5.34,7.69,2.53,0.01,-0.00,0.00
-9921,3.02,-297,2.30,560,1.81,4683,21_59_09_18_05_2025,-5.34,7.70,2.53,0.01,-0.00,-0.00
-9921,3.02,-262,2.29,560,1.81,4720,21_59_09_18_05_2025,-5.34,7.70,2.53,0.01,-0.00,0.00
-9935,3.03,-205,2.29,560,1.81,4759,21_59_09_18_05_2025,-5.34,7.70,2.53,0.01,-0.00,-0.00
-9931,3.03,-305,2.30,560,1.81,4799,21_59_09_18_05_2025,-5.33,7.70,2.53,0.01,-0.00,0.00
-9792,3.01,-403,2.30,560,1.81,4836,21_59_09_18_05_2025,-5.33,7.70,2.51,0.01,-0.00,0.00
-9663,3.00,-93,2.28,560,1.81,4873,21_59_09_18_05_2025,-5.34,7.70,2.53,0.00,-0.00,0.00
-9803,3.02,-248,2.29,560,1.81,4912,21_59_09_18_05_2025,-5.33,7.70,2.54,0.01,-0.00,0.00
-9709,3.01,-114,2.28,560,1.81,4951,21_59_09_18_05_2025,-5.34,7.70,2.52,0.00,-0.00,-0.00
-9833,3.02,-172,2.29,561,1.81,4988,21_59_09_18_05_2025,-5.33,7.70,2.53,0.00,-0.00,-0.00
-9873,3.02,-18,2.27,560,1.81,5030,21_59_09_18_05_2025,-5.34,7.70,2.53,0.00,-0.00,-0.00
-9613,3.00,-193,2.29,560,1.81,5068,21_59_09_18_05_2025,-5.33,7.69,2.53,0.01,-0.00,-0.00
-9808,3.02,-139,2.28,560,1.81,5106,21_59_09_18_05_2025,-5.33,7.70,2.53,0.01,-0.00,-0.00
-9823,3.02,-157,2.28,561,1.81,5145,21_59_09_18_05_2025,-5.34,7.70,2.52,0.01,-0.00,-0.00
-9472,2.99,-146,2.28,559,1.80,5183,21_59_09_18_05_2025,-5.34,7.69,2.53,0.00,-0.00,-0.00
-9669,3.01,-233,2.29,560,1.81,5221,21_59_10_18_05_2025,-5.33,7.69,2.53,0.01,-0.00,-0.00
-9916,3.02,-209,2.29,558,1.80,5261,21_59_10_18_05_2025,-5.34,7.70,2.53,0.01,-0.00,-0.00
-9715,3.01,-292,2.29,560,1.81,5299,21_59_10_18_05_2025,-5.34,7.70,2.52,0.01,-0.00,-0.00
-9782,3.01,-113,2.28,560,1.81,5338,21_59_10_18_05_2025,-5.32,7.70,2.53,0.01,-0.00,0.00
-9810,3.02,-270,2.29,559,1.80,5375,21_59_10_18_05_2025,-5.34,7.70,2.53,0.01,-0.00,-0.00
-9694,3.01,-257,2.29,560,1.81,5413,21_59_10_18_05_2025,-5.32,7.71,2.53,0.01,-0.00,-0.00
-9953,3.03,1,2.27,560,1.81,5452,21_59_10_18_05_2025,-5.34,7.69,2.53,0.00,-0.00,-0.00
-9734,3.01,-39,2.28,560,1.81,5492,21_59_10_18_05_2025,-5.33,7.71,2.53,0.00,-0.00,0.00
-9685,3.01,-186,2.29,560,1.81,5529,21_59_10_18_05_2025,-5.33,7.70,2.52,0.01,-0.00,-0.00
-9884,3.02,-128,2.28,560,1.81,5567,21_59_10_18_05_2025,-5.34,7.70,2.52,0.00,-0.00,-0.00
-9745,3.01,-66,2.28,560,1.81,5605,21_59_10_18_05_2025,-5.33,7.70,2.54,0.01,-0.00,0.00
-9840,3.02,-11,2.27,561,1.81,5643,21_59_10_18_05_2025,-5.35,7.69,2.53,0.01,-0.00,-0.00
-9772,3.01,-1,2.27,560,1.81,5683,21_59_10_18_05_2025,-5.34,7.70,2.53,0.00,-0.00,-0.00
-9853,3.02,-244,2.29,558,1.80,5721,21_59_10_18_05_2025,-5.34,7.70,2.53,0.01,-0.00,-0.00
-9745,3.01,-2,2.27,558,1.80,5758,21_59_10_18_05_2025,-5.33,7.69,2.51,0.01,-0.00,-0.00
-9886,3.02,-105,2.28,560,1.81,5796,21_59_10_18_05_2025,-5.33,7.69,2.52,0.01,-0.00,-0.00
-9784,3.01,-306,2.30,560,1.81,5834,21_59_10_18_05_2025,-5.33,7.70,2.54,0.01,-0.00,0.00
-9824,3.02,-261,2.29,558,1.80,5872,21_59_10_18_05_2025,-5.33,7.70,2.53,0.01,-0.00,0.00
-9810,3.02,-250,2.29,560,1.81,5913,21_59_10_18_05_2025,-5.34,7.70,2.53,0.01,-0.00,-0.00
-9565,3.00,-166,2.29,561,1.81,5950,21_59_10_18_05_2025,-5.33,7.70,2.52,0.01,-0.00,-0.00
-9701,3.01,-132,2.28,560,1.81,5988,21_59_10_18_05_2025,-5.35,7.70,2.50,0.02,0.00,-0.00
-9995,3.03,-47,2.28,560,1.81,6026,21_59_10_18_05_2025,-5.35,7.72,2.53,0.02,0.00,0.00
-9970,3.03,-108,2.28,560,1.81,6063,21_59_10_18_05_2025,-5.33,7.71,2.50,0.01,-0.00,0.00
-9805,3.02,-11,2.27,560,1.81,6101,21_59_10_18_05_2025,-5.34,7.71,2.49,0.01,-0.00,-0.00
-9732,3.01,-115,2.28,560,1.81,6142,21_59_10_18_05_2025,-5.32,7.70,2.50,0.01,-0.00,0.00
-9822,3.02,-9,2.27,558,1.80,6181,21_59_10_18_05_2025,-5.34,7.71,2.50,0.00,-0.00,-0.00
-9696,3.01,-203,2.29,560,1.81,6220,21_59_11_18_05_2025,-5.33,7.70,2.50,0.01,-0.00,-0.00
-9726,3.01,-90,2.28,560,1.81,6258,21_59_11_18_05_2025,-5.34,7.71,2.49,0.00,-0.00,0.00
-9871,3.02,35,2.27,561,1.81,6296,21_59_11_18_05_2025,-5.33,7.71,2.51,0.01,-0.00,0.00
-9762,3.01,-117,2.28,559,1.80,6334,21_59_11_18_05_2025,-5.34,7.70,2.51,0.01,-0.00,-0.00
-9862,3.02,-333,2.30,560,1.81,6373,21_59_11_18_05_2025,-5.34,7.70,2.49,0.00,-0.00,-0.00
-9635,3.00,37,2.27,561,1.81,6412,21_59_11_18_05_2025,-5.33,7.71,2.50,0.00,-0.00,0.00
-9770,3.01,-167,2.29,559,1.80,6449,21_59_11_18_05_2025,-5.34,7.71,2.50,0.01,-0.00,-0.00
-9735,3.01,-26,2.27,560,1.81,6486,21_59_11_18_05_2025,-5.33,7.70,2.50,0.00,-0.00,-0.00
-9687,3.01,-230,2.29,560,1.81,6524,21_59_11_18_05_2025,-5.34,7.71,2.50,0.01,-0.00,0.00
-9774,3.01,-172,2.29,560,1.81,6562,21_59_11_18_05_2025,-5.33,7.71,2.50,0.01,-0.00,0.00
-9799,3.02,-62,2.28,560,1.81,6602,21_59_11_18_05_2025,-5.34,7.70,2.51,0.00,-0.00,0.00
-9838,3.02,-206,2.29,557,1.80,6640,21_59_11_18_05_2025,-5.33,7.71,2.50,0.01,-0.00,-0.00
-9828,3.02,-243,2.29,558,1.80,6679,21_59_11_18_05_2025,-5.60,8.14,2.95,-0.03,-0.01,-0.03
-9970,3.03,-195,2.29,560,1.81,6717,21_59_11_18_05_2025,-5.31,7.66,2.59,0.01,-0.00,0.01
-9739,3.01,-32,2.28,560,1.81,6755,21_59_11_18_05_2025,-5.44,7.73,2.47,-0.00,-0.00,-0.02
-9756,3.01,-82,2.28,559,1.80,6792,21_59_11_18_05_2025,-5.25,7.66,2.74,0.01,-0.00,0.00
-9671,3.01,-135,2.28,560,1.81,6833,21_59_11_18_05_2025,-5.41,7.74,2.36,0.01,-0.00,0.00
-9857,3.02,-39,2.28,560,1.81,6871,21_59_11_18_05_2025,-5.24,7.70,2.50,0.00,-0.00,-0.00
-9894,3.02,-81,2.28,560,1.81,6908,21_59_11_18_05_2025,-5.40,7.63,2.47,0.00,-0.00,-0.00
-9779,3.01,-112,2.28,560,1.81,6946,21_59_11_18_05_2025,-5.33,7.75,2.51,0.00,-0.00,-0.00
-9748,3.01,-283,2.29,560,1.81,6985,21_59_11_18_05_2025,-5.30,7.70,2.55,0.01,-0.00,0.00
-9687,3.01,-18,2.27,560,1.81,7025,21_59_11_18_05_2025,-5.43,7.70,2.47,0.00,-0.01,-0.00
-9809,3.02,-132,2.28,560,1.81,7063,21_59_11_18_05_2025,-5.27,7.70,2.55,0.01,-0.00,0.00
-9720,3.01,-198,2.29,560,1.81,7101,21_59_11_18_05_2025,-5.35,7.70,2.46,0.01,-0.00,0.00
-9713,3.01,-157,2.28,560,1.81,7139,21_59_11_18_05_2025,-5.37,7.71,2.51,0.00,-0.00,0.00
-9758,3.01,-98,2.28,560,1.81,7177,21_59_11_18_05_2025,-5.30,7.71,2.52,0.01,-0.00,-0.00
-9701,3.01,-158,2.28,560,1.81,7214,21_59_12_18_05_2025,-5.37,7.71,2.47,0.01,-0.00,0.00
-9709,3.01,-153,2.28,560,1.81,7255,21_59_12_18_05_2025,-5.33,7.70,2.53,0.01,-0.00,-0.00
-9699,3.01,-27,2.27,560,1.81,7292,21_59_12_18_05_2025,-5.34,7.70,2.52,0.00,-0.00,-0.00
-9835,3.02,-64,2.28,560,1.81,7342,21_59_12_18_05_2025,-5.35,7.70,2.50,0.00,-0.00,-0.00
-9819,3.02,-412,2.30,560,1.81,7521,21_59_12_18_05_2025,-5.34,7.70,2.50,0.01,-0.00,0.00
-9765,3.01,-165,2.29,560,1.81,7559,21_59_12_18_05_2025,-5.32,7.71,2.49,0.01,-0.00,0.00
-9837,3.02,-292,2.29,559,1.80,7596,21_59_12_18_05_2025,-5.34,7.69,2.52,0.00,-0.00,-0.00
-9765,3.01,-64,2.28,560,1.81,7636,21_59_12_18_05_2025,-5.33,7.70,2.50,0.01,-0.00,-0.00
-9801,3.02,-221,2.29,561,1.81,7674,21_59_12_18_05_2025,-5.33,7.73,2.49,0.01,-0.00,-0.00
-9784,3.01,-237,2.29,560,1.81,7712,21_59_12_18_05_2025,-5.35,7.69,2.51,0.01,-0.00,0.00
-9620,3.00,-42,2.28,560,1.81,7750,21_59_12_18_05_2025,-5.35,7.71,2.51,0.00,-0.00,-0.00
-9910,3.02,-91,2.28,560,1.81,7788,21_59_12_18_05_2025,-5.33,7.71,2.51,0.01,-0.00,0.00
-9634,3.00,82,2.27,559,1.80,7826,21_59_12_18_05_2025,-5.35,7.71,2.50,0.01,-0.00,-0.00
-9788,3.01,-44,2.28,561,1.81,7867,21_59_12_18_05_2025,-5.34,7.70,2.50,0.00,-0.00,-0.00
-9853,3.02,-94,2.28,560,1.81,7904,21_59_12_18_05_2025,-5.33,7.71,2.52,0.01,-0.00,0.00
-9879,3.02,-249,2.29,559,1.80,7942,21_59_12_18_05_2025,-5.35,7.69,2.50,0.01,-0.00,0.00
-9723,3.01,-75,2.28,559,1.80,7980,21_59_12_18_05_2025,-5.32,7.71,2.51,0.01,-0.00,-0.00
-9645,3.00,33,2.27,560,1.81,8017,21_59_12_18_05_2025,-5.34,7.70,2.49,0.01,-0.00,-0.00
-9787,3.01,-102,2.28,560,1.81,8054,21_59_12_18_05_2025,-5.34,7.71,2.51,0.01,-0.00,0.00
-9644,3.00,-241,2.29,560,1.81,8096,21_59_12_18_05_2025,-5.34,7.71,2.52,0.01,-0.00,-0.00
-9768,3.01,-17,2.27,560,1.81,8133,21_59_12_18_05_2025,-5.34,7.70,2.50,0.01,-0.00,0.00
-9858,3.02,-87,2.28,560,1.81,8171,21_59_12_18_05_2025,-5.34,7.71,2.51,0.01,-0.00,-0.00
-9715,3.01,-193,2.29,560,1.81,8210,21_59_13_18_05_2025,-5.33,7.71,2.51,0.00,-0.00,-0.00
-9652,3.00,-9,2.27,560,1.81,8248,21_59_13_18_05_2025,-5.34,7.71,2.50,0.01,-0.00,0.00
-9790,3.01,-149,2.28,559,1.80,8289,21_59_13_18_05_2025,-5.34,7.70,2.50,0.00,-0.00,-0.00
-9763,3.01,-37,2.28,560,1.81,8326,21_59_13_18_05_2025,-5.34,7.70,2.51,0.01,-0.00,-0.00
-9726,3.01,-127,2.28,560,1.81,8364,21_59_13_18_05_2025,-5.35,7.70,2.49,0.01,-0.00,-0.00
-9952,3.03,-141,2.28,560,1.81,8402,21_59_13_18_05_2025,-5.33,7.70,2.49,0.01,-0.00,0.00
-9945,3.03,-145,2.28,560,1.81,8439,21_59_13_18_05_2025,-5.34,7.72,2.51,0.00,-0.00,-0.00
-9835,3.02,16,2.27,561,1.81,8477,21_59_13_18_05_2025,-5.34,7.70,2.49,0.01,-0.00,-0.00
-9769,3.01,-211,2.29,560,1.81,8518,21_59_13_18_05_2025,-5.34,7.71,2.51,0.00,-0.00,0.00
-9851,3.02,55,2.27,560,1.81,8556,21_59_13_18_05_2025,-5.35,7.70,2.49,0.00,-0.00,-0.00
-9774,3.01,-89,2.28,560,1.81,8593,21_59_13_18_05_2025,-5.33,7.71,2.51,0.01,-0.00,0.00
-9839,3.02,-13,2.27,560,1.81,8634,21_59_13_18_05_2025,-5.33,7.70,2.51,0.00,-0.00,-0.00
-9770,3.01,60,2.27,560,1.81,8672,21_59_13_18_05_2025,-5.34,7.71,2.51,0.01,-0.00,0.00
-9722,3.01,-263,2.29,561,1.81,8710,21_59_13_18_05_2025,-5.34,7.71,2.49,0.00,-0.00,0.00
-9662,3.00,-188,2.29,561,1.81,8751,21_59_13_18_05_2025,-5.34,7.70,2.49,0.00,-0.00,-0.00
-9612,3.00,-123,2.28,560,1.81,8788,21_59_13_18_05_2025,-5.33,7.69,2.51,0.00,-0.00,-0.00
-9962,3.03,-45,2.28,560,1.81,8826,21_59_13_18_05_2025,-5.34,7.72,2.51,0.01,-0.00,-0.00
-9787,3.01,-241,2.29,560,1.81,8863,21_59_13_18_05_2025,-5.34,7.70,2.49,0.01,-0.00,-0.00
-9842,3.02,-229,2.29,560,1.81,8902,21_59_13_18_05_2025,-5.34,7.70,2.49,0.01,-0.00,0.00
-9738,3.01,-91,2.28,560,1.81,8940,21_59_13_18_05_2025,-5.34,7.71,2.50,0.01,-0.00,-0.00
-9724,3.01,-114,2.28,560,1.81,8980,21_59_13_18_05_2025,-5.35,7.70,2.50,0.00,-0.00,-0.00
-9797,3.01,29,2.27,560,1.81,9018,21_59_13_18_05_2025,-5.34,7.71,2.50,0.00,-0.00,-0.00
-9656,3.00,-116,2.28,560,1.81,9057,21_59_13_18_05_2025,-5.34,7.71,2.50,0.01,-0.00,-0.00
-9867,3.02,-313,2.30,560,1.81,9095,21_59_13_18_05_2025,-5.33,7.70,2.51,0.00,-0.00,0.00
-9790,3.01,-218,2.29,560,1.81,9132,21_59_13_18_05_2025,-5.35,7.70,2.49,0.01,-0.00,0.00
-9841,3.02,-240,2.29,560,1.81,9170,21_59_13_18_05_2025,-5.34,7.70,2.50,0.01,-0.00,-0.00
-9838,3.02,-268,2.29,560,1.81,9210,21_59_14_18_05_2025,-5.34,7.71,2.52,0.00,-0.00,-0.00
-9928,3.02,-176,2.29,560,1.81,9247,21_59_14_18_05_2025,-5.34,7.70,2.51,0.01,-0.00,0.00
-9744,3.01,-23,2.27,560,1.81,9285,21_59_14_18_05_2025,-5.34,7.71,2.51,0.01,-0.00,0.00
-10099,3.04,-253,2.29,560,1.81,9324,21_59_14_18_05_2025,-5.34,7.71,2.49,0.01,0.00,0.00
-9746,3.01,-154,2.28,560,1.81,9362,21_59_14_18_05_2025,-5.35,7.70,2.48,0.01,0.00,0.01
-9809,3.02,-108,2.28,560,1.81,9400,21_59_14_18_05_2025,-5.30,7.67,2.49,0.01,-0.00,-0.00
-9754,3.01,-151,2.28,560,1.81,9441,21_59_14_18_05_2025,-5.34,7.72,2.51,0.01,-0.00,0.00
-9792,3.01,-70,2.28,560,1.81,9479,21_59_14_18_05_2025,-5.39,7.73,2.47,0.00,-0.00,-0.00
-9669,3.01,-192,2.29,560,1.81,9517,21_59_14_18_05_2025,-5.28,7.69,2.56,0.01,-0.00,0.00
-9814,3.02,-94,2.28,561,1.81,9554,21_59_14_18_05_2025,-5.37,7.71,2.45,0.00,-0.00,-0.00
-9710,3.01,-94,2.28,559,1.80,9592,21_59_14_18_05_2025,-5.31,7.70,2.50,0.01,-0.00,0.00
-9816,3.02,-225,2.29,560,1.81,9633,21_59_14_18_05_2025,-5.31,7.70,2.52,0.01,-0.00,0.00
-9848,3.02,26,2.27,560,1.81,9670,21_59_14_18_05_2025,-5.36,7.72,2.48,0.00,-0.00,-0.00
-9645,3.00,-221,2.29,560,1.81,9709,21_59_14_18_05_2025,-5.30,7.70,2.52,0.01,-0.00,-0.00
-9640,3.00,-48,2.28,560,1.81,9748,21_59_14_18_05_2025,-5.35,7.71,2.47,0.00,-0.00,-0.00
-9807,3.02,-269,2.29,560,1.81,9785,21_59_14_18_05_2025,-5.30,7.71,2.48,0.01,-0.00,0.00
-9897,3.02,-94,2.28,560,1.81,9823,21_59_14_18_05_2025,-5.33,7.71,2.50,0.01,-0.00,-0.00
-9653,3.00,24,2.27,560,1.81,9864,21_59_14_18_05_2025,-5.35,7.72,2.49,0.00,-0.00,-0.00
-9910,3.02,-64,2.28,559,1.80,9903,21_59_14_18_05_2025,-5.31,7.71,2.51,0.00,-0.00,-0.00
-9801,3.02,207,2.26,560,1.81,9941,21_59_14_18_05_2025,-5.35,7.70,2.50,0.01,-0.00,-0.00
-9643,3.00,-263,2.29,561,1.81,9979,21_59_14_18_05_2025,-5.34,7.71,2.48,0.01,-0.00,0.00
-9814,3.02,-254,2.29,560,1.81,10017,21_59_14_18_05_2025,-5.34,7.71,2.48,0.00,-0.00,-0.00
-9649,3.00,-101,2.28,561,1.81,10054,21_59_14_18_05_2025,-5.33,7.72,2.50,0.01,-0.00,0.00
-9776,3.01,-74,2.28,560,1.81,10094,21_59_14_18_05_2025,-5.34,7.71,2.50,0.01,-0.00,-0.00
-9832,3.02,-141,2.28,560,1.81,10132,21_59_14_18_05_2025,-5.33,7.72,2.49,0.01,-0.00,-0.00
-9721,3.01,68,2.27,560,1.81,10170,21_59_14_18_05_2025,-5.35,7.71,2.50,0.01,-0.00,-0.00
-9832,3.02,-114,2.28,560,1.81,10207,21_59_15_18_05_2025,-5.33,7.71,2.50,0.00,-0.00,-0.00
-9590,3.00,-186,2.29,560,1.81,10245,21_59_15_18_05_2025,-5.33,7.70,2.48,0.01,-0.00,0.00
-9633,3.00,-56,2.28,560,1.81,10283,21_59_15_18_05_2025,-5.34,7.71,2.48,0.01,-0.00,-0.00
-9849,3.02,-99,2.28,560,1.81,10324,21_59_15_18_05_2025,-5.34,7.71,2.50,0.00,-0.00,-0.00
-9762,3.01,-103,2.28,559,1.80,10361,21_59_15_18_05_2025,-5.33,7.70,2.51,0.01,-0.00,-0.00
-9885,3.02,-76,2.28,560,1.81,10399,21_59_15_18_05_2025,-5.35,7.71,2.48,0.01,-0.00,-0.00
-9801,3.02,-148,2.28,559,1.80,10437,21_59_15_18_05_2025,-5.34,7.70,2.48,0.01,-0.00,-0.00
-9675,3.01,-145,2.28,560,1.81,10475,21_59_15_18_05_2025,-5.32,7.71,2.50,0.01,-0.00,-0.00
-9766,3.01,-182,2.29,561,1.81,10515,21_59_15_18_05_2025,-5.33,7.70,2.51,0.01,-0.00,-0.00
-9705,3.01,-171,2.29,559,1.80,10554,21_59_15_18_05_2025,-5.33,7.71,2.48,0.01,-0.00,-0.00
-9771,3.01,-69,2.28,560,1.81,10591,21_59_15_18_05_2025,-5.34,7.71,2.48,0.00,-0.00,-0.00
-9684,3.01,-184,2.29,560,1.81,10629,21_59_15_18_05_2025,-5.33,7.72,2.50,0.00,-0.00,-0.00
-9804,3.02,-119,2.28,561,1.81,10667,21_59_15_18_05_2025,-5.33,7.70,2.49,0.01,-0.00,-0.00
-9795,3.01,-148,2.28,560,1.81,10705,21_59_15_18_05_2025,-5.35,7.72,2.49,0.00,-0.00,-0.00
-9838,3.02,7,2.27,560,1.81,10745,21_59_15_18_05_2025,-5.33,7.71,2.48,0.00,-0.00,-0.00
-9790,3.01,-72,2.28,559,1.80,10782,21_59_15_18_05_2025,-5.34,7.70,2.50,0.01,-0.00,-0.00
-9790,3.01,-190,2.29,560,1.81,10821,21_59_15_18_05_2025,-5.33,7.71,2.50,0.00,-0.00,-0.00
-9745,3.01,-107,2.28,560,1.81,10859,21_59_15_18_05_2025,-5.33,7.70,2.48,0.01,-0.00,0.00
-9699,3.01,-137,2.28,560,1.81,10897,21_59_15_18_05_2025,-5.34,7.70,2.49,0.00,-0.00,0.00
-9866,3.02,-320,2.30,560,1.81,10934,21_59_15_18_05_2025,-5.33,7.70,2.50,0.01,-0.00,-0.00
-9801,3.02,-80,2.28,560,1.81,10976,21_59_15_18_05_2025,-5.34,7.70,2.50,0.01,-0.00,0.00
-9859,3.02,15,2.27,560,1.81,11013,21_59_15_18_05_2025,-5.34,7.72,2.49,0.01,-0.00,-0.00
-9747,3.01,-172,2.29,560,1.81,11051,21_59_15_18_05_2025,-5.33,7.71,2.49,0.01,-0.00,-0.00
-9908,3.02,-79,2.28,560,1.81,11090,21_59_15_18_05_2025,-5.32,7.70,2.49,0.00,-0.00,-0.00
-9745,3.01,45,2.27,559,1.80,11128,21_59_15_18_05_2025,-5.34,7.71,2.47,0.01,-0.00,-0.00
-10006,3.03,-156,2.28,560,1.81,11165,21_59_15_18_05_2025,-5.33,7.71,2.49,0.00,-0.00,-0.00
-9695,3.01,-239,2.29,560,1.81,11205,21_59_16_18_05_2025,-5.33,7.71,2.51,0.01,-0.00,-0.00
-9813,3.02,-116,2.28,560,1.81,11243,21_59_16_18_05_2025,-5.34,7.71,2.50,0.00,-0.00,-0.00
-9841,3.02,-129,2.28,560,1.81,11282,21_59_16_18_05_2025,-5.33,7.71,2.49,0.01,-0.00,0.00
-9718,3.01,-103,2.28,560,1.81,11319,21_59_16_18_05_2025,-5.35,7.71,2.48,0.01,-0.00,-0.00
-9746,3.01,-183,2.29,560,1.81,11357,21_59_16_18_05_2025,-5.33,7.71,2.50,0.01,-0.00,-0.00
-9780,3.01,-187,2.29,560,1.81,11398,21_59_16_18_05_2025,-5.34,7.70,2.49,0.00,-0.00,-0.00
-9936,3.03,68,2.27,559,1.80,11436,21_59_16_18_05_2025,-5.33,7.71,2.50,0.00,-0.00,-0.00
-9850,3.02,-125,2.28,560,1.81,11474,21_59_16_18_05_2025,-5.31,7.71,2.50,0.01,-0.00,0.00
-9932,3.03,-157,2.28,560,1.81,11512,21_59_16_18_05_2025,-5.34,7.71,2.49,0.01,-0.00,-0.00
-9902,3.02,53,2.27,560,1.81,11550,21_59_16_18_05_2025,-5.34,7.71,2.50,0.01,-0.00,-0.00
-9769,3.01,1,2.27,560,1.81,11587,21_59_16_18_05_2025,-5.33,7.71,2.49,0.00,-0.00,-0.00
-9731,3.01,-100,2.28,560,1.81,11667,21_59_16_18_05_2025,-5.33,7.70,2.49,0.01,-0.00,0.00
-9784,3.01,-250,2.29,560,1.81,11704,21_59_16_18_05_2025,-5.33,7.72,2.49,0.01,-0.00,-0.00
-9908,3.02,-153,2.28,560,1.81,11742,21_59_16_18_05_2025,-5.35,7.71,2.49,0.01,-0.00,0.00
-9852,3.02,-222,2.29,560,1.81,11780,21_59_16_18_05_2025,-5.33,7.71,2.50,0.00,-0.00,-0.00
-9833,3.02,-95,2.28,559,1.80,11817,21_59_16_18_05_2025,-5.33,7.71,2.49,0.01,-0.00,0.00
-10001,3.03,-123,2.28,560,1.81,11855,21_59_16_18_05_2025,-5.33,7.71,2.48,0.01,-0.00,-0.00
-9924,3.02,-132,2.28,561,1.81,11895,21_59_16_18_05_2025,-5.33,7.71,2.50,0.00,-0.00,0.00
-9695,3.01,86,2.27,560,1.81,11933,21_59_16_18_05_2025,-5.34,7.71,2.49,0.01,-0.00,0.00
-9895,3.02,-116,2.28,560,1.81,11972,21_59_16_18_05_2025,-5.32,7.71,2.50,0.01,-0.00,-0.00
-9881,3.02,-117,2.28,559,1.80,12009,21_59_16_18_05_2025,-5.32,7.70,2.48,0.01,-0.00,0.00
-9866,3.02,102,2.27,560,1.81,12046,21_59_16_18_05_2025,-5.35,7.71,2.49,0.00,-0.00,0.00
-9747,3.01,110,2.26,559,1.80,12084,21_59_16_18_05_2025,-5.33,7.70,2.51,0.00,-0.00,0.00
-9344,2.98,-109,2.28,560,1.81,12124,21_59_16_18_05_2025,-5.34,7.71,2.50,0.01,-0.00,-0.00
-9779,3.01,-68,2.28,560,1.81,12161,21_59_16_18_05_2025,-5.33,7.71,2.48,0.01,-0.00,-0.00
-9891,3.02,187,2.26,560,1.81,12200,21_59_16_18_05_2025,-5.34,7.71,2.50,0.01,-0.00,-0.00
-9841,3.02,-106,2.28,561,1.81,12238,21_59_17_18_05_2025,-5.33,7.70,2.49,0.00,-0.00,-0.00
-9909,3.02,-253,2.29,559,1.80,12276,21_59_17_18_05_2025,-5.33,7.71,2.50,0.01,-0.00,-0.00
-9826,3.02,-81,2.28,561,1.81,12315,21_59_17_18_05_2025,-5.33,7.71,2.49,0.00,-0.00,-0.00
-9886,3.02,-161,2.28,560,1.81,12353,21_59_17_18_05_2025,-5.33,7.71,2.51,0.00,-0.00,0.00
-10049,3.03,-185,2.29,560,1.81,12390,21_59_17_18_05_2025,-5.33,7.71,2.48,0.00,-0.00,-0.00
-9816,3.02,-217,2.29,560,1.81,12428,21_59_17_18_05_2025,-5.33,7.70,2.49,0.01,-0.00,-0.00
-9699,3.01,-36,2.28,560,1.81,12465,21_59_17_18_05_2025,-5.34,7.71,2.49,0.01,-0.00,-0.00
-9775,3.01,-118,2.28,559,1.80,12504,21_59_17_18_05_2025,-5.32,7.71,2.50,0.00,-0.00,0.00
-9786,3.01,-75,2.28,560,1.81,12544,21_59_17_18_05_2025,-5.33,7.71,2.49,0.00,-0.00,-0.00
-9794,3.01,-69,2.28,560,1.81,12582,21_59_17_18_05_2025,-5.32,7.71,2.49,0.01,-0.00,-0.00
-9874,3.02,-118,2.28,560,1.81,12620,21_59_17_18_05_2025,-5.34,7.71,2.50,0.01,-0.00,-0.00
-9783,3.01,-148,2.28,560,1.81,12658,21_59_17_18_05_2025,-5.33,7.71,2.50,0.00,-0.00,-0.00
-9613,3.00,-55,2.28,560,1.81,12695,21_59_17_18_05_2025,-5.33,7.70,2.49,0.00,-0.00,0.00
-9863,3.02,64,2.27,560,1.81,12732,21_59_17_18_05_2025,-5.35,7.71,2.49,0.00,-0.00,-0.00
-9800,3.02,-164,2.29,559,1.80,12773,21_59_17_18_05_2025,-5.33,7.71,2.49,0.01,-0.00,-0.00
-9768,3.01,-96,2.28,559,1.80,12811,21_59_17_18_05_2025,-5.34,7.71,2.48,0.01,-0.00,-0.00
-9940,3.03,-54,2.28,560,1.81,12848,21_59_17_18_05_2025,-5.34,7.71,2.50,0.01,-0.00,0.00
-9682,3.01,-32,2.28,560,1.81,12886,21_59_17_18_05_2025,-5.34,7.71,2.49,0.00,-0.00,-0.00
-9891,3.02,-96,2.28,560,1.81,12924,21_59_17_18_05_2025,-5.34,7.71,2.49,0.01,-0.00,-0.00
-9891,3.02,-157,2.28,560,1.81,12963,21_59_17_18_05_2025,-5.33,7.71,2.49,0.00,-0.00,0.00
-9904,3.02,39,2.27,560,1.81,13003,21_59_17_18_05_2025,-5.33,7.71,2.49,0.00,-0.00,-0.00
-9785,3.01,103,2.26,560,1.81,13041,21_59_17_18_05_2025,-5.33,7.71,2.51,0.00,-0.00,-0.00
-9629,3.00,-126,2.28,560,1.81,13080,21_59_17_18_05_2025,-5.34,7.71,2.49,0.00,-0.00,-0.00
-9883,3.02,-58,2.28,560,1.81,13117,21_59_17_18_05_2025,-5.33,7.72,2.49,0.01,-0.00,-0.00
-9741,3.01,52,2.27,560,1.81,13154,21_59_17_18_05_2025,-5.34,7.71,2.48,0.00,-0.00,0.00
-9816,3.02,-235,2.29,560,1.81,13194,21_59_17_18_05_2025,-5.33,7.72,2.48,0.00,-0.00,0.00
-9856,3.02,13,2.27,560,1.81,13237,21_59_18_18_05_2025,-5.33,7.70,2.49,0.01,-0.00,-0.00
-9883,3.02,233,2.26,560,1.81,13274,21_59_18_18_05_2025,-5.34,7.70,2.49,0.01,-0.00,-0.00
-9798,3.02,14,2.27,560,1.81,13312,21_59_18_18_05_2025,-5.32,7.71,2.50,0.01,-0.00,0.00
-9742,3.01,64,2.27,560,1.81,13350,21_59_18_18_05_2025,-5.34,7.71,2.49,0.01,-0.00,0.00
-9797,3.01,108,2.26,558,1.80,13387,21_59_18_18_05_2025,-5.34,7.70,2.50,0.01,-0.00,-0.00
-9817,3.02,78,2.27,560,1.81,13428,21_59_18_18_05_2025,-5.33,7.71,2.49,0.01,-0.00,-0.00
-9759,3.01,-76,2.28,560,1.81,13466,21_59_18_18_05_2025,-5.34,7.71,2.49,0.01,-0.00,-0.00
-9737,3.01,-103,2.28,559,1.80,13503,21_59_18_18_05_2025,-5.33,7.71,2.50,0.00,-0.00,0.00
-9921,3.02,-79,2.28,560,1.81,13540,21_59_18_18_05_2025,-5.33,7.70,2.48,0.01,-0.00,-0.00
-9922,3.02,6,2.27,560,1.81,13577,21_59_18_18_05_2025,-5.33,7.70,2.50,0.00,-0.00,-0.00
-9733,3.01,-1,2.27,560,1.81,13616,21_59_18_18_05_2025,-5.34,7.71,2.49,0.01,-0.00,-0.00
-9858,3.02,-230,2.29,561,1.81,13656,21_59_18_18_05_2025,-5.34,7.71,2.49,0.01,-0.00,0.00
-9671,3.01,-157,2.28,560,1.81,13693,21_59_18_18_05_2025,-5.34,7.70,2.49,0.01,-0.00,-0.00
-9758,3.01,-172,2.29,560,1.81,13732,21_59_18_18_05_2025,-5.32,7.72,2.50,0.01,-0.00,-0.00
-9690,3.01,-48,2.28,560,1.81,13770,21_59_18_18_05_2025,-5.34,7.71,2.50,0.00,-0.00,0.00
-9955,3.03,20,2.27,560,1.81,13807,21_59_18_18_05_2025,-5.34,7.71,2.50,0.00,-0.00,-0.00
-9784,3.01,45,2.27,560,1.81,13844,21_59_18_18_05_2025,-5.32,7.71,2.49,0.01,-0.00,-0.00
-9594,3.00,-160,2.28,560,1.81,13884,21_59_18_18_05_2025,-5.34,7.71,2.49,0.01,-0.00,0.00
-9786,3.01,93,2.27,559,1.80,13921,21_59_18_18_05_2025,-5.32,7.70,2.50,0.01,-0.00,0.00
-9672,3.01,62,2.27,560,1.81,13958,21_59_18_18_05_2025,-5.34,7.70,2.48,0.01,-0.00,-0.00
-9839,3.02,4,2.27,560,1.81,13996,21_59_18_18_05_2025,-5.34,7.71,2.49,0.00,-0.00,-0.00
-9895,3.02,-195,2.29,560,1.81,14034,21_59_18_18_05_2025,-5.32,7.72,2.50,0.00,-0.00,-0.00
-9806,3.02,-76,2.28,560,1.81,14072,21_59_18_18_05_2025,-5.34,7.71,2.49,0.01,-0.00,-0.00
-9801,3.02,-85,2.28,560,1.81,14113,21_59_18_18_05_2025,-5.33,7.71,2.49,0.01,-0.00,-0.00
-9708,3.01,17,2.27,560,1.81,14151,21_59_18_18_05_2025,-5.33,7.72,2.49,0.00,-0.00,-0.00
-9843,3.02,-11,2.27,560,1.81,14190,21_59_18_18_05_2025,-5.33,7.71,2.49,0.00,-0.00,-0.00
-9675,3.01,-224,2.29,560,1.81,14227,21_59_19_18_05_2025,-5.33,7.72,2.50,0.01,-0.00,0.00
-9667,3.01,-272,2.29,560,1.81,14264,21_59_19_18_05_2025,-5.33,7.71,2.49,0.00,-0.00,-0.00
-9668,3.01,191,2.26,561,1.81,14305,21_59_19_18_05_2025,-5.34,7.71,2.49,0.00,-0.00,0.00
-9782,3.01,12,2.27,560,1.81,14343,21_59_19_18_05_2025,-5.33,7.71,2.50,0.00,-0.00,-0.00
-9932,3.03,-298,2.30,560,1.81,14380,21_59_19_18_05_2025,-5.33,7.71,2.51,0.01,-0.00,-0.00
-9846,3.02,-196,2.29,561,1.81,14418,21_59_19_18_05_2025,-5.34,7.71,2.49,0.01,-0.00,-0.00
-9710,3.01,-173,2.29,559,1.80,14456,21_59_19_18_05_2025,-5.33,7.71,2.48,0.01,-0.00,0.00
-9959,3.03,-61,2.28,560,1.81,14493,21_59_19_18_05_2025,-5.34,7.71,2.49,0.01,-0.00,0.00
-9652,3.00,7,2.27,559,1.80,14533,21_59_19_18_05_2025,-5.33,7.71,2.50,0.00,-0.00,-0.00
-9762,3.01,1,2.27,560,1.81,14571,21_59_19_18_05_2025,-5.34,7.71,2.49,0.01,-0.00,0.00
-9763,3.01,-21,2.27,560,1.81,14609,21_59_19_18_05_2025,-5.34,7.70,2.49,0.00,-0.00,-0.00
-9656,3.00,35,2.27,561,1.81,14646,21_59_19_18_05_2025,-5.34,7.71,2.49,0.00,-0.00,-0.00
-9847,3.02,-47,2.28,560,1.81,14683,21_59_19_18_05_2025,-5.34,7.70,2.49,0.00,-0.00,-0.00
-9871,3.02,64,2.27,561,1.81,14722,21_59_19_18_05_2025,-5.33,7.72,2.49,0.00,-0.00,-0.00
-9837,3.02,-160,2.28,560,1.81,14763,21_59_19_18_05_2025,-5.34,7.70,2.49,0.01,-0.00,-0.00
-9874,3.02,-147,2.28,559,1.80,14801,21_59_19_18_05_2025,-5.34,7.71,2.49,0.00,-0.00,-0.00
-9820,3.02,-10,2.27,560,1.81,14839,21_59_19_18_05_2025,-5.33,7.71,2.48,0.00,-0.00,-0.00
-9601,3.00,150,2.26,560,1.81,14877,21_59_19_18_05_2025,-5.32,7.70,2.50,0.01,-0.00,-0.00
-9794,3.01,-149,2.28,560,1.81,14914,21_59_19_18_05_2025,-5.35,7.71,2.48,0.01,-0.00,0.00
-9715,3.01,44,2.27,560,1.81,14951,21_59_19_18_05_2025,-5.33,7.71,2.50,0.01,-0.00,-0.00
-10033,3.03,44,2.27,560,1.81,14992,21_59_19_18_05_2025,-5.33,7.70,2.48,0.00,-0.00,-0.00
-9785,3.01,129,2.26,560,1.81,15029,21_59_19_18_05_2025,-5.34,7.71,2.50,0.00,-0.00,-0.00
-9868,3.02,-212,2.29,560,1.81,15067,21_59_19_18_05_2025,-5.33,7.72,2.50,0.01,-0.00,-0.00
-10040,3.03,60,2.27,560,1.81,15104,21_59_19_18_05_2025,-5.34,7.71,2.49,0.00,-0.00,-0.00
-9747,3.01,-180,2.29,560,1.81,15143,21_59_19_18_05_2025,-5.33,7.71,2.50,0.00,-0.00,-0.00
-9565,3.00,-143,2.28,560,1.81,15183,21_59_19_18_05_2025,-5.33,7.71,2.49,0.00,-0.00,-0.00
-9768,3.01,133,2.26,560,1.81,15220,21_59_20_18_05_2025,-5.33,7.70,2.48,0.00,-0.00,-0.00
-9905,3.02,-195,2.29,560,1.81,15260,21_59_20_18_05_2025,-5.34,7.70,2.49,0.00,-0.00,-0.00
-9788,3.01,-68,2.28,560,1.81,15298,21_59_20_18_05_2025,-5.34,7.70,2.49,0.01,-0.00,0.00
-9480,2.99,22,2.27,560,1.81,15335,21_59_20_18_05_2025,-5.34,7.70,2.49,0.01,-0.00,0.00
-9671,3.01,-103,2.28,560,1.81,15372,21_59_20_18_05_2025,-5.34,7.71,2.49,0.00,-0.00,-0.00
-9690,3.01,-183,2.29,561,1.81,15412,21_59_20_18_05_2025,-5.34,7.71,2.49,0.00,-0.00,-0.00
-9656,3.00,-221,2.29,560,1.81,15450,21_59_20_18_05_2025,-5.34,7.71,2.50,0.01,-0.00,-0.00
-9817,3.02,-16,2.27,560,1.81,15487,21_59_20_18_05_2025,-5.34,7.71,2.49,0.00,-0.00,-0.00
-9778,3.01,76,2.27,560,1.81,15525,21_59_20_18_05_2025,-5.34,7.71,2.49,0.01,-0.00,0.00
-9700,3.01,-91,2.28,558,1.80,15563,21_59_20_18_05_2025,-5.33,7.72,2.48,0.00,-0.00,-0.00
-9484,2.99,137,2.26,560,1.81,15601,21_59_20_18_05_2025,-5.33,7.70,2.50,0.00,-0.00,0.00
-9709,3.01,-206,2.29,560,1.81,15640,21_59_20_18_05_2025,-5.34,7.70,2.50,0.00,-0.00,-0.00
-9819,3.02,-206,2.29,559,1.80,15677,21_59_20_18_05_2025,-5.34,7.72,2.50,0.01,-0.00,-0.00
-9821,3.02,-11,2.27,559,1.80,15716,21_59_20_18_05_2025,-5.33,7.70,2.48,0.01,-0.00,0.00
-9957,3.03,-78,2.28,560,1.81,15752,21_59_20_18_05_2025,-5.33,7.71,2.49,0.00,-0.00,-0.00
-9814,3.02,-34,2.28,561,1.81,15790,21_59_20_18_05_2025,-5.34,7.70,2.49,0.01,-0.00,-0.00
-9882,3.02,89,2.27,560,1.81,15828,21_59_20_18_05_2025,-5.34,7.71,2.49,0.01,-0.00,0.00
-9685,3.01,-227,2.29,559,1.80,15868,21_59_20_18_05_2025,-5.34,7.71,2.50,0.01,-0.00,-0.00
-9862,3.02,-35,2.28,560,1.81,15906,21_59_20_18_05_2025,-5.34,7.71,2.50,0.01,-0.00,-0.00
-9670,3.01,-107,2.28,560,1.81,15943,21_59_20_18_05_2025,-5.33,7.71,2.49,0.01,-0.00,-0.00
-9791,3.01,-31,2.28,560,1.81,15981,21_59_20_18_05_2025,-5.33,7.72,2.49,0.01,-0.00,-0.00
-9797,3.01,-134,2.28,560,1.81,16020,21_59_20_18_05_2025,-5.33,7.72,2.48,0.00,-0.00,-0.00
-9778,3.01,86,2.27,560,1.81,16060,21_59_20_18_05_2025,-5.33,7.71,2.49,0.01,-0.00,0.00
-9765,3.01,-218,2.29,560,1.81,16097,21_59_20_18_05_2025,-5.33,7.71,2.49,0.01,-0.00,-0.00
-9864,3.02,-105,2.28,560,1.81,16135,21_59_20_18_05_2025,-5.34,7.71,2.48,0.00,-0.00,0.00
-9766,3.01,-103,2.28,560,1.81,16173,21_59_20_18_05_2025,-5.33,7.71,2.50,0.00,-0.00,-0.00
-10007,3.03,-154,2.28,560,1.81,16211,21_59_21_18_05_2025,-5.34,7.71,2.48,0.00,-0.00,-0.00
-9667,3.01,-159,2.28,560,1.81,16249,21_59_21_18_05_2025,-5.33,7.71,2.50,0.01,-0.00,-0.00
-10059,3.03,-79,2.28,560,1.81,16290,21_59_21_18_05_2025,-5.33,7.72,2.48,0.01,-0.00,0.00
-9661,3.00,-126,2.28,560,1.81,16327,21_59_21_18_05_2025,-5.34,7.71,2.49,0.01,-0.00,0.00
-9896,3.02,-95,2.28,560,1.81,16365,21_59_21_18_05_2025,-5.33,7.70,2.49,0.01,-0.00,-0.00
-9876,3.02,-158,2.28,559,1.80,16403,21_59_21_18_05_2025,-5.34,7.71,2.49,0.01,-0.00,-0.00
-9794,3.01,43,2.27,560,1.81,16440,21_59_21_18_05_2025,-5.34,7.71,2.48,0.01,-0.00,-0.00
-9916,3.02,-149,2.28,558,1.80,16477,21_59_21_18_05_2025,-5.34,7.70,2.48,0.00,-0.00,-0.00
-9896,3.02,-77,2.28,560,1.81,16517,21_59_21_18_05_2025,-5.34,7.70,2.49,0.01,-0.00,-0.00
-9768,3.01,-196,2.29,560,1.81,16556,21_59_21_18_05_2025,-5.33,7.72,2.49,0.00,-0.00,0.00
-9679,3.01,54,2.27,560,1.81,16593,21_59_21_18_05_2025,-5.33,7.71,2.49,0.00,-0.00,-0.00
-9699,3.01,66,2.27,561,1.81,16630,21_59_21_18_05_2025,-5.33,7.71,2.50,0.01,-0.00,-0.00
-9708,3.01,-95,2.28,559,1.80,16668,21_59_21_18_05_2025,-5.33,7.71,2.49,0.01,-0.00,-0.00
-9904,3.02,148,2.26,560,1.81,16706,21_59_21_18_05_2025,-5.33,7.71,2.50,0.00,-0.00,-0.00
-9844,3.02,-84,2.28,560,1.81,16746,21_59_21_18_05_2025,-5.34,7.71,2.50,0.01,-0.00,-0.00
-9747,3.01,-177,2.29,560,1.81,16783,21_59_21_18_05_2025,-5.33,7.72,2.49,0.01,-0.00,-0.00
-9560,3.00,-298,2.30,560,1.81,16821,21_59_21_18_05_2025,-5.33,7.70,2.50,0.00,-0.00,-0.00
-9757,3.01,34,2.27,560,1.81,16859,21_59_21_18_05_2025,-5.34,7.72,2.49,0.01,-0.00,-0.00
-9952,3.03,-363,2.30,561,1.81,16897,21_59_21_18_05_2025,-5.33,7.71,2.49,0.01,-0.00,0.00
-9937,3.03,-15,2.27,560,1.81,16937,21_59_21_18_05_2025,-5.33,7.71,2.50,0.01,-0.00,-0.00
-9663,3.00,104,2.26,560,1.81,16975,21_59_21_18_05_2025,-5.35,7.72,2.49,0.00,-0.00,-0.00
-9773,3.01,-199,2.29,560,1.81,17014,21_59_21_18_05_2025,-5.33,7.71,2.50,0.01,-0.00,-0.00
-9925,3.02,-162,2.29,560,1.81,17050,21_59_21_18_05_2025,-5.35,7.71,2.49,0.00,-0.00,0.00
-9761,3.01,-255,2.29,561,1.81,17088,21_59_21_18_05_2025,-5.32,7.71,2.48,0.01,-0.00,0.00
-9786,3.01,161,2.26,560,1.81,17125,21_59_21_18_05_2025,-5.33,7.71,2.50,0.00,-0.00,-0.00
-10052,3.03,-16,2.27,560,1.81,17165,21_59_21_18_05_2025,-5.33,7.71,2.48,0.01,-0.00,-0.00
-9783,3.01,-130,2.28,560,1.81,17202,21_59_22_18_05_2025,-5.33,7.71,2.50,0.00,-0.00,-0.00
-9841,3.02,-28,2.27,561,1.81,17240,21_59_22_18_05_2025,-5.33,7.71,2.48,0.01,-0.00,-0.00
-9756,3.01,-192,2.29,560,1.81,17279,21_59_22_18_05_2025,-5.34,7.71,2.50,0.01,-0.00,-0.00
-9683,3.01,-97,2.28,560,1.81,17316,21_59_22_18_05_2025,-5.33,7.72,2.48,0.01,-0.00,0.00
-9773,3.01,-150,2.28,559,1.80,17353,21_59_22_18_05_2025,-5.34,7.71,2.49,0.00,-0.00,0.00
-9866,3.02,-57,2.28,560,1.81,17394,21_59_22_18_05_2025,-5.33,7.71,2.48,0.01,-0.00,-0.00
-9770,3.01,87,2.27,558,1.80,17431,21_59_22_18_05_2025,-5.33,7.71,2.48,0.01,-0.00,-0.00
-9715,3.01,-53,2.28,560,1.81,17469,21_59_22_18_05_2025,-5.34,7.71,2.48,0.01,-0.00,-0.00
-9894,3.02,-99,2.28,560,1.81,17506,21_59_22_18_05_2025,-5.33,7.71,2.49,0.00,-0.00,-0.00
-9721,3.01,-240,2.29,559,1.80,17545,21_59_22_18_05_2025,-5.33,7.71,2.50,0.00,-0.00,-0.00
-9665,3.00,-173,2.29,560,1.81,17582,21_59_22_18_05_2025,-5.34,7.71,2.49,0.00,-0.00,-0.00
-9786,3.01,-41,2.28,558,1.80,17622,21_59_22_18_05_2025,-5.33,7.71,2.49,0.01,-0.00,0.00
-9736,3.01,-2,2.27,560,1.81,17661,21_59_22_18_05_2025,-5.33,7.70,2.48,0.01,-0.00,-0.00
-9915,3.02,-63,2.28,560,1.81,17699,21_59_22_18_05_2025,-5.34,7.71,2.49,0.01,-0.00,-0.00
-9643,3.00,47,2.27,560,1.81,17736,21_59_22_18_05_2025,-5.32,7.71,2.49,0.01,-0.00,-0.00
-9856,3.02,-110,2.28,560,1.81,17773,21_59_22_18_05_2025,-5.33,7.70,2.49,0.01,-0.00,-0.00
-9787,3.01,-132,2.28,560,1.81,17814,21_59_22_18_05_2025,-5.33,7.71,2.48,0.01,-0.00,-0.00
-9717,3.01,-61,2.28,560,1.81,17851,21_59_22_18_05_2025,-5.33,7.70,2.50,0.00,-0.00,0.00
-9961,3.03,-153,2.28,560,1.81,17888,21_59_22_18_05_2025,-5.33,7.71,2.49,0.00,-0.00,-0.00
-9849,3.02,-259,2.29,560,1.81,17926,21_59_22_18_05_2025,-5.33,7.72,2.49,0.00,-0.00,-0.00
-9759,3.01,-246,2.29,561,1.81,17964,21_59_22_18_05_2025,-5.33,7.71,2.49,0.00,-0.00,-0.00
-9716,3.01,20,2.27,560,1.81,18003,21_59_22_18_05_2025,-5.33,7.71,2.49,0.00,-0.00,0.00
-9946,3.03,-142,2.28,560,1.81,18043,21_59_22_18_05_2025,-5.33,7.71,2.50,0.01,-0.00,-0.00
-9913,3.02,11,2.27,560,1.81,18081,21_59_22_18_05_2025,-5.34,7.71,2.50,0.01,-0.00,-0.00
-9691,3.01,-228,2.29,560,1.81,18120,21_59_22_18_05_2025,-5.33,7.71,2.48,0.01,-0.00,-0.00
-9847,3.02,60,2.27,558,1.80,18157,21_59_22_18_05_2025,-5.33,7.71,2.50,0.01,-0.00,-0.00
-9864,3.02,-65,2.28,560,1.81,18194,21_59_22_18_05_2025,-5.34,7.71,2.49,0.00,-0.00,-0.00
-9828,3.02,-270,2.29,559,1.80,18232,21_59_23_18_05_2025,-5.32,7.71,2.48,0.01,-0.00,0.00
-9892,3.02,57,2.27,560,1.81,18272,21_59_23_18_05_2025,-5.33,7.70,2.50,0.01,-0.00,-0.00
-9854,3.02,30,2.27,560,1.81,18310,21_59_23_18_05_2025,-5.33,7.71,2.50,0.01,-0.00,-0.00
-9836,3.02,-199,2.29,560,1.81,18347,21_59_23_18_05_2025,-5.33,7.72,2.50,0.01,-0.00,-0.00
-9818,3.02,-61,2.28,560,1.81,18385,21_59_23_18_05_2025,-5.34,7.71,2.47,0.01,-0.00,-0.00
-9730,3.01,-45,2.28,560,1.81,18424,21_59_23_18_05_2025,-5.33,7.72,2.50,0.00,-0.00,0.00
-9695,3.01,156,2.26,560,1.81,18461,21_59_23_18_05_2025,-5.33,7.71,2.48,0.00,-0.00,0.00
-9707,3.01,-173,2.29,560,1.81,18502,21_59_23_18_05_2025,-5.34,7.70,2.50,0.00,-0.00,0.00
-9852,3.02,-228,2.29,561,1.81,18540,21_59_23_18_05_2025,-5.33,7.72,2.48,0.01,-0.00,-0.00
-9688,3.01,9,2.27,560,1.81,18578,21_59_23_18_05_2025,-5.33,7.71,2.48,0.01,-0.00,-0.00
-9810,3.02,-234,2.29,560,1.81,18615,21_59_23_18_05_2025,-5.34,7.71,2.49,0.01,-0.00,-0.00
-9708,3.01,95,2.27,560,1.81,18653,21_59_23_18_05_2025,-5.33,7.70,2.49,0.01,-0.00,-0.00
-9893,3.02,6,2.27,560,1.81,18693,21_59_23_18_05_2025,-5.34,7.71,2.49,0.01,-0.00,0.00
-9816,3.02,-305,2.30,559,1.80,18730,21_59_23_18_05_2025,-5.33,7.72,2.49,0.00,-0.00,-0.00
-9935,3.03,66,2.27,560,1.81,18768,21_59_23_18_05_2025,-5.33,7.70,2.49,0.01,-0.00,-0.00
-9832,3.02,-267,2.29,560,1.81,18806,21_59_23_18_05_2025,-5.34,7.71,2.49,0.00,-0.00,-0.00
-9897,3.02,-64,2.28,560,1.81,18844,21_59_23_18_05_2025,-5.33,7.71,2.49,0.01,-0.00,-0.00
-9623,3.00,-185,2.29,560,1.81,18881,21_59_23_18_05_2025,-5.21,7.68,2.40,0.19,0.04,0.19
-9770,3.01,42,2.27,560,1.81,18930,21_59_23_18_05_2025,-3.98,5.95,0.28,2.21,-0.26,-0.06
-9600,3.00,-150,2.28,560,1.81,18970,21_59_23_18_05_2025,-5.96,8.62,2.99,1.21,0.04,-0.38
-9771,3.01,-355,2.30,560,1.81,19009,21_59_23_18_05_2025,-5.41,7.97,1.51,-0.18,-0.06,0.04
-9804,3.02,-34,2.28,560,1.81,19050,21_59_23_18_05_2025,-5.35,8.47,1.51,-0.59,-0.19,0.14
-9791,3.01,-127,2.28,560,1.81,19089,21_59_23_18_05_2025,-5.53,8.99,1.94,0.52,0.14,-0.16
-9745,3.01,-76,2.28,560,1.81,19129,21_59_23_18_05_2025,-5.48,7.83,2.54,0.15,0.38,0.09
-9712,3.01,-60,2.28,560,1.81,19172,21_59_23_18_05_2025,-4.86,6.71,0.56,-0.25,0.63,-0.06
-9894,3.02,-157,2.28,561,1.81,19212,21_59_24_18_05_2025,-5.00,8.35,0.74,-0.09,0.18,0.08
-9846,3.02,-116,2.28,560,1.81,19253,21_59_24_18_05_2025,-5.33,7.93,1.25,0.09,-0.14,-0.08
-9773,3.01,-63,2.28,561,1.81,19293,21_59_24_18_05_2025,-5.54,8.79,2.25,-0.99,-0.08,-0.21
-9796,3.01,-120,2.28,560,1.81,19333,21_59_24_18_05_2025,-5.24,7.46,2.44,-0.98,-0.17,-0.06
-9829,3.02,-164,2.29,558,1.80,19373,21_59_24_18_05_2025,-5.14,7.41,1.98,0.39,0.03,0.03
-9674,3.01,-97,2.28,561,1.81,19415,21_59_24_18_05_2025,-5.61,8.49,1.56,0.15,0.04,0.04
-9829,3.02,-18,2.27,561,1.81,19455,21_59_24_18_05_2025,-5.28,8.21,1.59,-0.31,-0.10,-0.06
-9708,3.01,80,2.27,560,1.81,19496,21_59_24_18_05_2025,-5.44,8.33,2.24,-0.27,-0.28,-0.03
-9598,3.00,130,2.26,560,1.81,19535,21_59_24_18_05_2025,-5.26,7.63,1.93,0.17,0.05,-0.02
-9846,3.02,-208,2.29,561,1.81,19575,21_59_24_18_05_2025,-5.92,8.58,1.22,0.76,0.13,-0.05
-9769,3.01,-88,2.28,560,1.81,19618,21_59_24_18_05_2025,-5.41,8.29,1.85,-0.19,-0.03,-0.03
-10053,3.03,22,2.27,560,1.81,19658,21_59_24_18_05_2025,-5.25,7.86,1.67,0.05,-0.20,-0.04
-9533,2.99,-111,2.28,560,1.81,19698,21_59_24_18_05_2025,-5.18,7.60,2.23,0.20,0.08,0.01
-9913,3.02,-240,2.29,560,1.81,19739,21_59_24_18_05_2025,-5.45,8.36,2.04,-0.77,-0.20,-0.02
-9760,3.01,-116,2.28,559,1.80,19778,21_59_24_18_05_2025,-5.77,7.88,1.85,-0.67,-0.18,0.06
-9851,3.02,16,2.27,560,1.81,19818,21_59_24_18_05_2025,-5.33,7.63,2.43,-0.10,-0.22,0.14
-9889,3.02,-43,2.28,561,1.81,19861,21_59_24_18_05_2025,-5.40,7.31,2.41,-0.16,-0.26,-0.11
-9706,3.01,31,2.27,560,1.81,19900,21_59_24_18_05_2025,-5.20,7.98,2.59,-0.11,-0.04,-0.11
-9895,3.02,-173,2.29,560,1.81,19941,21_59_24_18_05_2025,-4.90,7.50,2.12,-0.22,-0.59,-0.24
-9797,3.01,-127,2.28,560,1.81,19981,21_59_24_18_05_2025,-5.24,7.70,3.27,-0.14,-0.23,-0.09
-9874,3.02,-150,2.28,561,1.81,20020,21_59_24_18_05_2025,-5.54,7.58,2.53,-0.28,0.07,-0.00
-9764,3.01,24,2.27,560,1.81,20061,21_59_24_18_05_2025,-5.26,8.03,3.31,-0.74,-0.04,-0.05
-9773,3.01,66,2.27,561,1.81,20103,21_59_24_18_05_2025,-5.34,7.07,3.26,-1.34,-0.21,-0.08
-9834,3.02,-4,2.27,560,1.81,20142,21_59_24_18_05_2025,-5.22,7.35,4.25,-1.44,-0.48,-0.20
-9707,3.01,81,2.27,561,1.81,20183,21_59_24_18_05_2025,-5.92,6.39,4.62,-1.25,-0.42,0.32
-9606,3.00,-136,2.28,560,1.81,20223,21_59_25_18_05_2025,-4.70,6.19,4.87,-2.85,-0.43,-0.33
-9780,3.01,-100,2.28,560,1.81,20263,21_59_25_18_05_2025,-5.47,4.86,4.86,-5.56,-1.18,0.57
-9800,3.02,-100,2.28,560,1.81,20308,21_59_25_18_05_2025,-4.67,5.76,8.72,-1.18,-0.00,0.17
-9724,3.01,-153,2.28,560,1.81,20350,21_59_25_18_05_2025,-4.51,3.96,6.95,-1.23,-0.07,0.21
-9938,3.03,151,2.26,561,1.81,20390,21_59_25_18_05_2025,-5.13,4.88,6.86,-0.30,0.06,0.23
-9760,3.01,67,2.27,560,1.81,20430,21_59_25_18_05_2025,-5.01,4.45,8.22,-0.83,0.26,0.05
-9714,3.01,-10,2.27,560,1.81,20469,21_59_25_18_05_2025,-4.66,4.14,7.03,-1.23,0.53,0.48
-9940,3.03,-150,2.28,559,1.80,20508,21_59_25_18_05_2025,-4.30,4.31,8.01,-0.75,0.37,0.48
-9562,3.00,27,2.27,558,1.80,20550,21_59_25_18_05_2025,-5.13,3.83,7.47,-0.71,0.76,0.26
-9794,3.01,16,2.27,561,1.81,20589,21_59_25_18_05_2025,-5.00,3.66,7.38,-0.36,0.71,0.20
-9819,3.02,-147,2.28,560,1.81,20629,21_59_25_18_05_2025,-5.02,3.49,8.24,0.00,0.89,-0.26
-9912,3.02,-9,2.27,560,1.81,20668,21_59_25_18_05_2025,-5.71,2.46,6.53,-0.15,0.72,-0.11
-9794,3.01,127,2.26,560,1.81,20708,21_59_25_18_05_2025,-5.93,3.96,7.05,2.30,0.05,-1.23
-9723,3.01,83,2.27,560,1.81,20747,21_59_25_18_05_2025,-5.99,4.58,9.20,2.42,0.51,-1.72
-9927,3.02,-189,2.29,560,1.81,20790,21_59_25_18_05_2025,-6.59,3.11,5.28,0.09,0.01,-1.27
-9867,3.02,-137,2.28,560,1.81,20830,21_59_25_18_05_2025,-6.02,3.21,7.03,0.41,0.26,-0.53
-10098,3.04,-10,2.27,561,1.81,20870,21_59_25_18_05_2025,-6.23,4.60,6.01,3.52,0.86,-1.99
-9769,3.01,4,2.27,560,1.81,20910,21_59_25_18_05_2025,-7.95,4.50,4.88,2.40,-0.42,-1.77
-9843,3.02,-15,2.27,559,1.80,20949,21_59_25_18_05_2025,-7.89,3.58,4.66,1.57,-0.29,-1.14
-9842,3.02,-35,2.28,560,1.81,20988,21_59_25_18_05_2025,-7.64,3.59,5.44,1.56,-0.32,-0.79
-9821,3.02,-267,2.29,560,1.81,21031,21_59_25_18_05_2025,-7.44,3.65,4.54,1.62,-0.55,-0.47
-9669,3.01,-143,2.28,560,1.81,21070,21_59_25_18_05_2025,-6.97,2.97,4.77,2.06,0.24,-0.07
-9781,3.01,-259,2.29,558,1.80,21110,21_59_25_18_05_2025,-8.35,5.01,4.41,-1.12,-0.88,1.36
-9791,3.01,-303,2.30,560,1.81,21150,21_59_25_18_05_2025,-7.34,4.58,4.91,-0.45,-0.55,-0.10
-9828,3.02,53,2.27,560,1.81,21190,21_59_25_18_05_2025,-6.92,3.82,5.33,0.45,-0.27,-0.03
-9723,3.01,-71,2.28,560,1.81,21231,21_59_26_18_05_2025,-7.26,4.25,4.45,0.70,-0.31,0.08
-9647,3.00,-81,2.28,561,1.81,21274,21_59_26_18_05_2025,-6.86,4.91,4.99,0.16,0.09,0.00
-9686,3.01,22,2.27,559,1.80,21313,21_59_26_18_05_2025,-6.59,4.66,5.15,-0.25,-0.34,-0.18
-9680,3.01,-82,2.28,560,1.81,21353,21_59_26_18_05_2025,-6.95,4.39,4.57,0.07,0.25,-0.27
-9614,3.00,-78,2.28,561,1.81,21393,21_59_26_18_05_2025,-7.98,5.68,4.19,-0.31,0.18,-0.27
-9688,3.01,-12,2.27,560,1.81,21432,21_59_26_18_05_2025,-7.26,4.23,5.27,0.20,-0.09,-0.15
-9660,3.00,-70,2.28,560,1.81,21475,21_59_26_18_05_2025,-7.44,4.64,4.61,0.03,0.01,-0.05
-9965,3.03,-177,2.29,560,1.81,21514,21_59_26_18_05_2025,-7.25,4.21,4.87,-0.42,0.01,-0.00
-9856,3.02,-177,2.29,560,1.81,21553,21_59_26_18_05_2025,-7.35,3.79,4.98,0.19,0.21,0.05
-9674,3.01,-4,2.27,560,1.81,21594,21_59_26_18_05_2025,-7.30,4.69,4.86,0.15,0.19,-0.04
-9768,3.01,-59,2.28,561,1.81,21633,21_59_26_18_05_2025,-7.42,4.16,4.87,0.05,0.12,-0.02
-9690,3.01,26,2.27,560,1.81,21673,21_59_26_18_05_2025,-7.38,4.43,4.65,0.28,0.27,0.14
-9685,3.01,207,2.26,560,1.81,21716,21_59_26_18_05_2025,-7.11,4.19,5.77,-0.47,0.26,0.11
-9679,3.01,-92,2.28,560,1.81,21756,21_59_26_18_05_2025,-7.61,4.38,4.33,0.51,0.23,0.05
-9851,3.02,-5,2.27,560,1.81,21795,21_59_26_18_05_2025,-7.38,4.87,4.59,0.19,-0.01,0.06
-9804,3.02,136,2.26,559,1.80,21835,21_59_26_18_05_2025,-7.44,4.26,5.13,-0.58,0.04,0.23
-9881,3.02,-113,2.28,560,1.81,21875,21_59_26_18_05_2025,-8.56,5.59,4.72,-0.78,0.29,0.06
-9907,3.02,-114,2.28,560,1.81,21915,21_59_26_18_05_2025,-7.31,3.49,3.36,0.24,-0.24,-0.32
-9599,3.00,-121,2.28,560,1.81,21958,21_59_26_18_05_2025,-7.69,4.32,4.84,0.33,-0.27,-0.13
-9901,3.02,-1,2.27,560,1.81,21998,21_59_26_18_05_2025,-7.24,4.29,4.09,0.56,-0.43,-0.23
-9858,3.02,37,2.27,560,1.81,22037,21_59_26_18_05_2025,-7.21,4.29,5.01,0.33,-0.03,-0.12
-9695,3.01,-124,2.28,559,1.80,22078,21_59_26_18_05_2025,-7.32,4.53,4.86,0.05,0.01,0.03
-9781,3.01,111,2.26,558,1.80,22117,21_59_26_18_05_2025,-7.49,4.38,4.28,0.00,0.15,-0.07
-9643,3.00,-151,2.28,560,1.81,22157,21_59_26_18_05_2025,-7.67,4.34,4.53,0.02,0.15,-0.02
-9574,3.00,99,2.27,560,1.81,22200,21_59_27_18_05_2025,-7.44,4.53,4.80,0.08,0.10,0.02
-9772,3.01,-54,2.28,559,1.80,22240,21_59_27_18_05_2025,-7.39,4.40,4.49,-0.02,0.19,-0.08
-9804,3.02,94,2.27,560,1.81,22280,21_59_27_18_05_2025,-7.53,3.88,4.38,-0.18,-0.07,0.09
-9888,3.02,-236,2.29,560,1.81,22320,21_59_27_18_05_2025,-7.58,4.31,4.58,-0.05,0.02,0.01
-9792,3.01,-101,2.28,560,1.81,22360,21_59_27_18_05_2025,-7.41,4.40,4.65,-0.13,-0.16,0.01
-9724,3.01,83,2.27,558,1.80,22405,21_59_27_18_05_2025,-7.43,3.86,5.11,-0.05,-0.03,0.04
-9761,3.01,-207,2.29,560,1.81,22586,21_59_27_18_05_2025,-7.53,4.23,4.69,-0.21,-0.11,0.03
-9776,3.01,-151,2.28,560,1.81,22625,21_59_27_18_05_2025,-7.28,4.01,5.04,-0.10,-0.16,-0.03
-9735,3.01,-53,2.28,560,1.81,22664,21_59_27_18_05_2025,-7.61,4.21,4.78,-0.17,0.01,0.00
-9789,3.01,13,2.27,561,1.81,22705,21_59_27_18_05_2025,-7.45,4.45,5.63,-0.32,-0.08,-0.07
-9835,3.02,-35,2.28,560,1.81,22744,21_59_27_18_05_2025,-7.20,3.55,5.21,-0.51,-0.24,-0.10
-9655,3.00,55,2.27,560,1.81,22786,21_59_27_18_05_2025,-6.91,3.62,4.97,-0.16,-0.08,-0.01
-9692,3.01,-56,2.28,559,1.80,22826,21_59_27_18_05_2025,-7.37,3.76,5.01,0.20,0.12,0.02
-9775,3.01,105,2.26,560,1.81,22865,21_59_27_18_05_2025,-7.12,3.89,5.16,0.15,0.11,0.08
-9743,3.01,-25,2.27,560,1.81,22905,21_59_27_18_05_2025,-7.45,4.15,5.12,0.22,0.12,0.08
-9786,3.01,-30,2.28,560,1.81,22945,21_59_27_18_05_2025,-7.30,4.17,5.24,0.10,0.17,0.11
-9786,3.01,8,2.27,560,1.81,22984,21_59_27_18_05_2025,-7.23,4.19,5.32,0.20,0.19,0.09
-9740,3.01,79,2.27,560,1.81,23027,21_59_27_18_05_2025,-7.39,4.17,4.85,0.05,0.09,0.05
-9895,3.02,51,2.27,559,1.80,23067,21_59_27_18_05_2025,-7.27,4.26,5.08,0.06,0.07,-0.01
