-10054,3.03,-596,2.32,554,2.71,3330,22_07_35_12_05_2025,-5.40,7.90,1.46,-0.01,-4.65,2.30
-10058,3.03,-360,2.30,554,2.71,3426,22_07_35_12_05_2025,-5.40,7.91,1.44,0.01,-0.00,-0.00
-10099,3.04,-483,2.31,554,2.71,3465,22_07_35_12_05_2025,-5.39,7.90,1.45,0.01,-0.00,0.00
-10136,3.04,-308,2.30,554,2.71,3502,22_07_35_12_05_2025,-5.40,7.90,1.46,0.01,-0.00,0.00
-9967,3.03,-278,2.29,554,2.71,3540,22_07_35_12_05_2025,-5.39,7.92,1.47,0.01,-0.00,0.00
-10038,3.03,-465,2.31,554,2.71,3578,22_07_35_12_05_2025,-5.40,7.91,1.44,0.01,-0.00,-0.00
-9995,3.03,-221,2.29,555,2.71,3619,22_07_35_12_05_2025,-5.41,7.91,1.44,0.01,-0.00,-0.00
-9948,3.03,-301,2.30,553,2.70,3656,22_07_35_12_05_2025,-5.41,7.91,1.46,0.01,-0.00,0.00
-10128,3.04,-147,2.28,554,2.71,3693,22_07_36_12_05_2025,-5.40,7.91,1.45,0.01,-0.00,-0.00
-9994,3.03,-474,2.31,554,2.71,3731,22_07_36_12_05_2025,-5.40,7.90,1.45,0.01,-0.00,-0.00
-9974,3.03,-284,2.29,554,2.71,3769,22_07_36_12_05_2025,-5.40,7.90,1.45,0.01,-0.00,0.00
-10155,3.04,-420,2.30,554,2.71,3807,22_07_36_12_05_2025,-5.41,7.90,1.45,0.01,-0.00,0.00
-9964,3.03,-388,2.30,555,2.71,3848,22_07_36_12_05_2025,-5.40,7.91,1.45,0.01,-0.00,-0.00
-10211,3.05,-427,2.31,554,2.71,3887,22_07_36_12_05_2025,-5.40,7.91,1.44,0.01,-0.00,-0.00
-10148,3.04,-420,2.30,554,2.71,3924,22_07_36_12_05_2025,-5.41,7.90,1.45,0.00,-0.00,0.00
-9989,3.03,-261,2.29,554,2.71,3962,22_07_36_12_05_2025,-5.40,7.92,1.45,0.01,-0.00,0.00
-9990,3.03,-358,2.30,554,2.71,4000,22_07_36_12_05_2025,-5.42,7.90,1.46,0.01,-0.00,-0.00
-9971,3.03,-468,2.31,554,2.71,4038,22_07_36_12_05_2025,-5.40,7.90,1.45,0.00,-0.00,-0.00
-9995,3.03,-342,2.30,554,2.71,4081,22_07_36_12_05_2025,-5.41,7.91,1.44,0.01,-0.00,0.00
-9874,3.02,-357,2.30,554,2.71,4119,22_07_36_12_05_2025,-5.41,7.91,1.44,0.00,-0.00,0.00
-10079,3.04,-454,2.31,554,2.71,4157,22_07_36_12_05_2025,-5.40,7.91,1.46,0.01,-0.00,-0.00
-10041,3.03,-168,2.29,555,2.71,4194,22_07_36_12_05_2025,-5.41,7.90,1.45,0.01,-0.00,0.00
-10065,3.04,-473,2.31,554,2.71,4231,22_07_36_12_05_2025,-5.40,7.91,1.44,0.01,-0.00,-0.00
-10065,3.04,-338,2.30,554,2.71,4270,22_07_36_12_05_2025,-5.40,7.91,1.45,0.01,-0.00,0.00
-10067,3.04,-381,2.30,554,2.71,4306,22_07_36_12_05_2025,-5.41,7.92,1.45,0.01,-0.00,-0.00
-10114,3.04,-303,2.30,554,2.71,4344,22_07_36_12_05_2025,-5.40,7.90,1.44,0.01,-0.00,0.00
-9944,3.03,-225,2.29,555,2.71,4381,22_07_36_12_05_2025,-5.40,7.91,1.44,0.01,-0.00,-0.00
-10049,3.03,-194,2.29,554,2.71,4419,22_07_36_12_05_2025,-5.41,7.92,1.43,0.01,-0.00,0.00
-10098,3.04,-314,2.30,554,2.71,4457,22_07_36_12_05_2025,-5.40,7.90,1.45,0.01,-0.00,-0.00
-10156,3.04,-420,2.30,554,2.71,4497,22_07_36_12_05_2025,-5.41,7.91,1.45,0.01,-0.00,0.00
-9920,3.02,-363,2.30,554,2.71,4535,22_07_36_12_05_2025,-5.40,7.91,1.42,0.01,-0.00,-0.00
-9994,3.03,-442,2.31,554,2.71,4573,22_07_36_12_05_2025,-5.41,7.90,1.45,0.01,-0.00,0.00
-10154,3.04,-142,2.28,555,2.71,4611,22_07_36_12_05_2025,-5.40,7.92,1.44,0.01,-0.00,-0.00
-10212,3.05,-427,2.31,554,2.71,4649,22_07_36_12_05_2025,-5.40,7.90,1.44,0.01,-0.00,0.00
-9789,3.01,-405,2.30,554,2.71,4686,22_07_36_12_05_2025,-5.39,7.91,1.44,0.01,-0.00,0.00
-10065,3.04,-420,2.30,554,2.71,4727,22_07_37_12_05_2025,-5.40,7.91,1.43,0.01,-0.00,0.00
-10007,3.03,-229,2.29,554,2.71,4765,22_07_37_12_05_2025,-5.41,7.90,1.44,0.01,-0.00,-0.00
-10160,3.04,-542,2.31,554,2.71,4802,22_07_37_12_05_2025,-5.40,7.91,1.44,0.01,-0.00,0.00
-9951,3.03,-249,2.29,554,2.71,4840,22_07_37_12_05_2025,-5.39,7.91,1.42,0.01,-0.00,-0.00
-10235,3.05,-292,2.29,555,2.71,4878,22_07_37_12_05_2025,-5.40,7.91,1.43,0.01,-0.00,0.00
-9870,3.02,-253,2.29,554,2.71,4915,22_07_37_12_05_2025,-5.41,7.93,1.42,0.01,-0.00,-0.00
-10162,3.04,-332,2.30,555,2.71,4955,22_07_37_12_05_2025,-5.39,7.90,1.42,0.01,-0.00,0.00
-9969,3.03,-302,2.30,554,2.71,4994,22_07_37_12_05_2025,-5.40,7.92,1.43,0.01,0.00,-0.00
-9991,3.03,-189,2.29,554,2.71,5032,22_07_37_12_05_2025,-5.40,7.89,1.41,0.01,-0.00,0.00
-10021,3.03,-226,2.29,554,2.71,5069,22_07_37_12_05_2025,-5.40,7.92,1.43,0.01,-0.00,0.00
-10075,3.04,-293,2.29,554,2.71,5106,22_07_37_12_05_2025,-5.40,7.92,1.42,0.02,0.00,-0.00
-10217,3.05,-267,2.29,554,2.71,5143,22_07_37_12_05_2025,-5.39,7.90,1.41,0.01,0.00,0.00
-9942,3.03,-407,2.30,554,2.71,5224,22_07_37_12_05_2025,-5.40,7.91,1.40,0.01,-0.00,0.00
-10021,3.03,-53,2.28,555,2.71,5263,22_07_37_12_05_2025,-5.39,7.92,1.41,0.01,-0.00,0.00
-9840,3.02,-141,2.28,554,2.71,5300,22_07_37_12_05_2025,-5.39,7.92,1.41,0.01,-0.00,0.00
-10024,3.03,-307,2.30,554,2.71,5337,22_07_37_12_05_2025,-5.40,7.91,1.40,0.01,-0.00,0.00
-10045,3.03,-383,2.30,554,2.71,5375,22_07_37_12_05_2025,-5.40,7.91,1.41,0.01,-0.00,-0.00
-10099,3.04,-329,2.30,554,2.71,5416,22_07_37_12_05_2025,-5.40,7.91,1.40,0.01,-0.00,-0.00
-10161,3.04,-176,2.29,554,2.71,5453,22_07_37_12_05_2025,-5.41,7.92,1.41,0.01,-0.00,0.00
-9978,3.03,-282,2.29,555,2.71,5490,22_07_37_12_05_2025,-5.39,7.93,1.40,0.00,-0.00,-0.00
-9912,3.02,-197,2.29,554,2.71,5528,22_07_37_12_05_2025,-5.40,7.91,1.41,0.00,-0.00,0.00
-9984,3.03,-309,2.30,554,2.71,5565,22_07_37_12_05_2025,-5.39,7.92,1.41,0.01,-0.00,-0.00
-10050,3.03,-359,2.30,555,2.71,5602,22_07_37_12_05_2025,-5.40,7.92,1.41,0.01,-0.00,0.00
-10082,3.04,-316,2.30,554,2.71,5642,22_07_37_12_05_2025,-5.40,7.92,1.40,0.01,-0.00,-0.00
-10105,3.04,-542,2.31,554,2.71,5680,22_07_37_12_05_2025,-5.41,7.92,1.40,0.00,-0.00,0.00
-10078,3.04,-273,2.29,554,2.71,5718,22_07_38_12_05_2025,-5.40,7.92,1.41,0.01,-0.00,-0.00
-9968,3.03,-158,2.28,555,2.71,5756,22_07_38_12_05_2025,-5.41,7.91,1.40,0.01,-0.00,0.00
-10054,3.03,-254,2.29,555,2.71,5792,22_07_38_12_05_2025,-5.40,7.92,1.40,0.01,-0.00,0.00
-10044,3.03,-299,2.30,555,2.71,5830,22_07_38_12_05_2025,-5.39,7.91,1.41,0.01,-0.00,0.00
-9975,3.03,-345,2.30,554,2.71,5870,22_07_38_12_05_2025,-5.39,7.91,1.41,0.01,-0.00,-0.00
-10047,3.03,-208,2.29,554,2.71,5907,22_07_38_12_05_2025,-5.38,7.91,1.40,0.01,-0.00,0.00
-10057,3.03,-297,2.30,555,2.71,5944,22_07_38_12_05_2025,-5.40,7.91,1.41,0.01,-0.00,-0.00
-10027,3.03,-436,2.31,554,2.71,5982,22_07_38_12_05_2025,-5.41,7.92,1.40,0.01,-0.00,0.00
-9983,3.03,-281,2.29,554,2.71,6019,22_07_38_12_05_2025,-5.40,7.91,1.41,0.01,-0.00,0.00
-10117,3.04,-43,2.28,554,2.71,6057,22_07_38_12_05_2025,-5.40,7.91,1.39,0.01,-0.00,-0.00
-10156,3.04,-402,2.30,554,2.71,6098,22_07_38_12_05_2025,-5.39,7.92,1.40,0.00,-0.00,0.00
-10075,3.04,-370,2.30,554,2.71,6136,22_07_38_12_05_2025,-5.39,7.93,1.41,0.01,-0.00,0.00
-9717,3.01,-201,2.29,555,2.71,6173,22_07_38_12_05_2025,-5.40,7.92,1.40,0.01,-0.00,0.00
-9988,3.03,-430,2.31,554,2.71,6210,22_07_38_12_05_2025,-5.40,7.91,1.40,0.00,-0.01,0.00
-9876,3.02,-98,2.28,554,2.71,6247,22_07_38_12_05_2025,-5.39,7.91,1.40,0.01,-0.00,-0.00
-10143,3.04,-196,2.29,555,2.71,6290,22_07_38_12_05_2025,-5.41,7.92,1.40,0.01,-0.00,-0.00
-10266,3.05,-239,2.29,555,2.71,6328,22_07_38_12_05_2025,-5.39,7.92,1.40,0.00,-0.00,-0.00
-9976,3.03,-131,2.28,554,2.71,6366,22_07_38_12_05_2025,-5.39,7.90,1.40,0.00,-0.00,-0.00
-10086,3.04,-226,2.29,554,2.71,6404,22_07_38_12_05_2025,-5.40,7.93,1.39,0.00,-0.00,-0.00
-9955,3.03,-279,2.29,554,2.71,6441,22_07_38_12_05_2025,-5.39,7.91,1.40,0.01,-0.00,0.00
-10142,3.04,-127,2.28,554,2.71,6479,22_07_38_12_05_2025,-5.40,7.91,1.39,0.00,-0.00,-0.00
-9938,3.03,-377,2.30,554,2.71,6520,22_07_38_12_05_2025,-5.40,7.93,1.41,0.01,-0.00,-0.00
-10196,3.05,-176,2.29,554,2.71,6558,22_07_38_12_05_2025,-5.39,7.92,1.41,0.00,-0.00,-0.00
-9911,3.02,-407,2.30,555,2.71,6595,22_07_38_12_05_2025,-5.41,7.92,1.41,0.01,-0.00,-0.00
-9848,3.02,-396,2.30,554,2.71,6632,22_07_38_12_05_2025,-5.40,7.91,1.39,0.00,-0.00,-0.00
-9974,3.03,-302,2.30,554,2.71,6670,22_07_38_12_05_2025,-5.39,7.91,1.39,0.00,-0.00,-0.00
-10069,3.04,-340,2.30,554,2.71,6708,22_07_39_12_05_2025,-5.39,7.93,1.40,0.00,-0.00,0.00
-9919,3.02,-368,2.30,554,2.71,6748,22_07_39_12_05_2025,-5.39,7.91,1.40,0.00,-0.00,-0.00
-10126,3.04,-379,2.30,554,2.71,6785,22_07_39_12_05_2025,-5.40,7.92,1.41,0.01,-0.00,0.00
-9947,3.03,-436,2.31,554,2.71,6823,22_07_39_12_05_2025,-5.39,7.93,1.40,0.01,-0.00,0.00
-10199,3.05,-239,2.29,555,2.71,6862,22_07_39_12_05_2025,-5.40,7.90,1.39,0.00,-0.00,-0.00
-10166,3.04,-246,2.29,555,2.71,6899,22_07_39_12_05_2025,-5.41,7.92,1.41,0.01,-0.00,-0.00
-10062,3.04,-270,2.29,555,2.71,6936,22_07_39_12_05_2025,-5.40,7.92,1.39,0.01,-0.00,-0.00
-10102,3.04,-210,2.29,554,2.71,6976,22_07_39_12_05_2025,-5.40,7.92,1.39,0.01,-0.00,0.00
-10183,3.04,-225,2.29,554,2.71,7013,22_07_39_12_05_2025,-5.40,7.92,1.39,0.01,-0.00,0.00
-9940,3.03,-179,2.29,554,2.71,7050,22_07_39_12_05_2025,-5.39,7.91,1.40,0.01,-0.00,0.00
-10055,3.03,-287,2.29,554,2.71,7088,22_07_39_12_05_2025,-5.41,7.91,1.40,0.01,-0.00,0.00
-10126,3.04,-179,2.29,554,2.71,7126,22_07_39_12_05_2025,-5.39,7.92,1.39,0.01,-0.00,-0.00
-10149,3.04,-286,2.29,555,2.71,7166,22_07_39_12_05_2025,-5.38,7.91,1.40,0.00,-0.00,-0.00
-10216,3.05,-326,2.30,555,2.71,7204,22_07_39_12_05_2025,-5.41,7.92,1.39,0.00,-0.00,-0.00
-10081,3.04,-412,2.30,555,2.71,7241,22_07_39_12_05_2025,-5.40,7.92,1.41,0.01,-0.00,0.00
-10117,3.04,-301,2.30,554,2.71,7279,22_07_39_12_05_2025,-5.40,7.92,1.40,0.01,-0.00,-0.00
-10053,3.03,-222,2.29,554,2.71,7316,22_07_39_12_05_2025,-5.40,7.93,1.38,0.01,-0.00,0.00
-10160,3.04,-258,2.29,554,2.71,7353,22_07_39_12_05_2025,-5.39,7.92,1.41,0.00,-0.00,-0.00
-10145,3.04,-40,2.28,554,2.71,7395,22_07_39_12_05_2025,-5.40,7.91,1.39,0.00,-0.00,-0.00
-9984,3.03,-225,2.29,555,2.71,7435,22_07_39_12_05_2025,-5.40,7.92,1.40,0.01,-0.00,-0.00
-10182,3.04,-281,2.29,554,2.71,7472,22_07_39_12_05_2025,-5.39,7.92,1.39,0.00,-0.00,-0.00
-9793,3.01,-152,2.28,554,2.71,7510,22_07_39_12_05_2025,-5.40,7.93,1.41,0.00,-0.00,-0.00
-10036,3.03,-320,2.30,553,2.70,7548,22_07_39_12_05_2025,-5.40,7.92,1.40,0.00,-0.00,-0.00
-10052,3.03,-237,2.29,554,2.71,7585,22_07_39_12_05_2025,-5.40,7.91,1.39,0.01,-0.00,-0.00
-10101,3.04,-298,2.30,554,2.71,7625,22_07_39_12_05_2025,-5.39,7.93,1.40,0.01,-0.00,0.00
-10050,3.03,-236,2.29,554,2.71,7662,22_07_39_12_05_2025,-5.39,7.91,1.40,0.01,-0.00,0.00
-10023,3.03,-440,2.31,555,2.71,7700,22_07_40_12_05_2025,-5.39,7.92,1.40,0.01,-0.00,-0.00
-10159,3.04,-318,2.30,555,2.71,7737,22_07_40_12_05_2025,-5.41,7.92,1.40,0.00,-0.00,-0.00
-10027,3.03,-527,2.31,554,2.71,7775,22_07_40_12_05_2025,-5.39,7.91,1.39,0.00,-0.00,-0.00
-9904,3.02,-93,2.28,554,2.71,7820,22_07_40_12_05_2025,-5.40,7.91,1.39,0.00,-0.00,-0.00
-10003,3.03,-281,2.29,554,2.71,7857,22_07_40_12_05_2025,-5.40,7.92,1.39,0.00,-0.00,0.00
-10241,3.05,-220,2.29,555,2.71,7895,22_07_40_12_05_2025,-5.40,7.92,1.39,0.01,-0.00,-0.00
-10059,3.03,-468,2.31,554,2.71,7933,22_07_40_12_05_2025,-5.41,7.93,1.39,0.01,-0.00,0.00
-10115,3.04,-101,2.28,554,2.71,7972,22_07_40_12_05_2025,-5.39,7.92,1.39,0.01,-0.00,-0.00
-9994,3.03,-89,2.28,554,2.71,8009,22_07_40_12_05_2025,-5.39,7.92,1.38,0.01,-0.00,-0.00
-10033,3.03,-201,2.29,554,2.71,8050,22_07_40_12_05_2025,-5.40,7.93,1.40,0.00,-0.00,-0.00
-10126,3.04,-308,2.30,554,2.71,8088,22_07_40_12_05_2025,-5.40,7.91,1.40,0.00,-0.00,-0.00
-10096,3.04,-353,2.30,555,2.71,8125,22_07_40_12_05_2025,-5.40,7.91,1.40,0.00,-0.00,0.00
-10106,3.04,-172,2.29,555,2.71,8162,22_07_40_12_05_2025,-5.39,7.93,1.40,0.00,-0.00,-0.00
-10119,3.04,-425,2.30,554,2.71,8200,22_07_40_12_05_2025,-5.39,7.91,1.39,0.00,-0.00,-0.00
-9934,3.03,-2,2.27,554,2.71,8238,22_07_40_12_05_2025,-5.40,7.93,1.37,0.01,-0.00,-0.00
-10108,3.04,-334,2.30,554,2.71,8278,22_07_40_12_05_2025,-5.39,7.92,1.40,0.00,-0.00,0.00
-9882,3.02,-423,2.30,554,2.71,8316,22_07_40_12_05_2025,-5.40,7.92,1.38,0.00,-0.00,0.00
-10035,3.03,-93,2.28,554,2.71,8354,22_07_40_12_05_2025,-5.40,7.93,1.40,0.01,-0.00,0.00
-9864,3.02,-210,2.29,554,2.71,8391,22_07_40_12_05_2025,-5.41,7.91,1.39,0.01,-0.00,0.00
-10079,3.04,-272,2.29,555,2.71,8428,22_07_40_12_05_2025,-5.40,7.93,1.39,0.00,-0.00,-0.00
-10070,3.04,-137,2.28,554,2.71,8465,22_07_40_12_05_2025,-5.40,7.92,1.39,0.01,-0.00,0.00
-10133,3.04,-290,2.29,554,2.71,8507,22_07_40_12_05_2025,-5.40,7.91,1.39,0.00,-0.00,-0.00
-10072,3.04,-458,2.31,554,2.71,8544,22_07_40_12_05_2025,-5.40,7.93,1.39,0.00,-0.00,-0.00
-10258,3.05,-288,2.29,554,2.71,8583,22_07_40_12_05_2025,-5.40,7.92,1.39,0.00,-0.00,-0.00
-10144,3.04,-223,2.29,554,2.71,8621,22_07_40_12_05_2025,-5.39,7.92,1.40,0.01,-0.00,-0.00
-9954,3.03,-254,2.29,554,2.71,8659,22_07_40_12_05_2025,-5.41,7.93,1.40,0.01,-0.00,0.00
-10172,3.04,-312,2.30,554,2.71,8698,22_07_41_12_05_2025,-5.39,7.91,1.39,0.00,-0.00,0.00
-10020,3.03,-237,2.29,554,2.71,8736,22_07_41_12_05_2025,-5.40,7.92,1.39,0.00,-0.00,-0.00
-10019,3.03,-342,2.30,555,2.71,8774,22_07_41_12_05_2025,-5.40,7.92,1.39,0.01,-0.00,-0.00
-10043,3.03,-215,2.29,555,2.71,8811,22_07_41_12_05_2025,-5.40,7.91,1.39,0.00,-0.00,-0.00
-10089,3.04,-165,2.29,555,2.71,8848,22_07_41_12_05_2025,-5.40,7.92,1.39,0.00,-0.00,-0.00
-9946,3.03,-274,2.29,554,2.71,8885,22_07_41_12_05_2025,-5.40,7.93,1.39,0.01,-0.00,-0.00
-9978,3.03,-269,2.29,554,2.71,8925,22_07_41_12_05_2025,-5.40,7.91,1.39,0.01,-0.00,-0.00
-9909,3.02,-148,2.28,554,2.71,8963,22_07_41_12_05_2025,-5.39,7.92,1.40,0.00,-0.00,-0.00
-10074,3.04,-213,2.29,554,2.71,9000,22_07_41_12_05_2025,-5.38,7.91,1.40,0.01,-0.00,-0.00
-9917,3.02,-128,2.28,555,2.71,9039,22_07_41_12_05_2025,-5.40,7.91,1.39,0.00,-0.00,0.00
-10086,3.04,-91,2.28,554,2.71,9077,22_07_41_12_05_2025,-5.41,7.93,1.39,0.01,-0.00,-0.00
-10060,3.03,-205,2.29,554,2.71,9114,22_07_41_12_05_2025,-5.40,7.91,1.41,0.00,-0.00,-0.00
-9968,3.03,-167,2.29,554,2.71,9154,22_07_41_12_05_2025,-5.41,7.92,1.39,0.01,-0.00,-0.00
-9897,3.02,-218,2.29,554,2.71,9191,22_07_41_12_05_2025,-5.39,7.92,1.39,0.01,-0.00,0.00
-9970,3.03,-289,2.29,555,2.71,9229,22_07_41_12_05_2025,-5.39,7.91,1.40,0.01,-0.00,0.00
-9945,3.03,-342,2.30,554,2.71,9267,22_07_41_12_05_2025,-5.41,7.92,1.39,0.00,-0.00,-0.00
-10059,3.03,-133,2.28,555,2.71,9304,22_07_41_12_05_2025,-5.39,7.92,1.39,0.01,-0.00,0.00
-10095,3.04,-304,2.30,555,2.71,9342,22_07_41_12_05_2025,-5.40,7.91,1.38,0.01,-0.00,0.00
-10059,3.03,-293,2.29,554,2.71,9382,22_07_41_12_05_2025,-5.40,7.93,1.40,0.01,-0.00,-0.00
-9863,3.02,-275,2.29,554,2.71,9420,22_07_41_12_05_2025,-5.40,7.91,1.39,0.01,-0.00,0.00
-9960,3.03,-41,2.28,554,2.71,9457,22_07_41_12_05_2025,-5.40,7.92,1.38,0.01,-0.00,-0.00
-10030,3.03,-346,2.30,554,2.71,9495,22_07_41_12_05_2025,-5.39,7.92,1.39,0.00,-0.00,-0.00
-9923,3.02,-122,2.28,554,2.71,9532,22_07_41_12_05_2025,-5.40,7.92,1.40,0.00,-0.00,0.00
-10173,3.04,-211,2.29,554,2.71,9572,22_07_41_12_05_2025,-5.39,7.93,1.39,0.00,-0.00,-0.00
-10042,3.03,-34,2.28,554,2.71,9612,22_07_41_12_05_2025,-5.39,7.92,1.40,0.01,-0.00,0.00
-9991,3.03,-425,2.30,554,2.71,9650,22_07_41_12_05_2025,-5.40,7.92,1.39,0.01,-0.00,-0.00
-9935,3.03,-425,2.30,555,2.71,9689,22_07_42_12_05_2025,-5.40,7.92,1.39,0.01,-0.00,-0.00
-9954,3.03,-481,2.31,554,2.71,9727,22_07_42_12_05_2025,-5.40,7.91,1.39,0.00,-0.00,0.00
-10048,3.03,-285,2.29,554,2.71,9765,22_07_42_12_05_2025,-5.40,7.92,1.39,0.01,-0.00,-0.00
-9865,3.02,-305,2.30,555,2.71,9805,22_07_42_12_05_2025,-5.39,7.92,1.38,0.01,-0.00,-0.00
-9929,3.02,-227,2.29,554,2.71,9843,22_07_42_12_05_2025,-5.39,7.91,1.39,0.01,-0.00,0.00
-9955,3.03,-145,2.28,554,2.71,9881,22_07_42_12_05_2025,-5.39,7.93,1.38,0.01,-0.00,0.00
-10000,3.03,-181,2.29,554,2.71,9919,22_07_42_12_05_2025,-5.39,7.92,1.38,0.01,-0.00,0.00
-9989,3.03,-161,2.28,554,2.71,9956,22_07_42_12_05_2025,-5.40,7.91,1.38,0.00,-0.00,-0.00
-10072,3.04,-396,2.30,554,2.71,9993,22_07_42_12_05_2025,-5.39,7.92,1.39,0.00,-0.00,0.00
-10115,3.04,-99,2.28,555,2.71,10034,22_07_42_12_05_2025,-5.40,7.91,1.39,0.00,-0.00,-0.00
-10045,3.03,-318,2.30,554,2.71,10071,22_07_42_12_05_2025,-5.41,7.92,1.38,0.00,-0.00,-0.00
-10045,3.03,-218,2.29,554,2.71,10108,22_07_42_12_05_2025,-5.40,7.94,1.38,0.01,-0.00,-0.00
-9964,3.03,-242,2.29,554,2.71,10146,22_07_42_12_05_2025,-5.40,7.92,1.39,0.01,-0.00,0.00
-10050,3.03,-38,2.28,555,2.71,10184,22_07_42_12_05_2025,-5.40,7.92,1.39,0.01,-0.00,-0.00
-9999,3.03,-56,2.28,554,2.71,10221,22_07_42_12_05_2025,-5.40,7.93,1.39,0.00,-0.00,0.00
-10042,3.03,-440,2.31,554,2.71,10261,22_07_42_12_05_2025,-5.40,7.91,1.39,0.01,-0.00,-0.00
-10048,3.03,-237,2.29,554,2.71,10299,22_07_42_12_05_2025,-5.40,7.92,1.38,0.01,-0.00,-0.00
-9974,3.03,-383,2.30,555,2.71,10336,22_07_42_12_05_2025,-5.39,7.92,1.39,0.01,-0.00,-0.00
-10046,3.03,-181,2.29,555,2.71,10373,22_07_42_12_05_2025,-5.41,7.92,1.39,0.01,-0.00,-0.00
-9913,3.02,-295,2.30,554,2.71,10411,22_07_42_12_05_2025,-5.40,7.93,1.38,0.00,-0.00,-0.00
-10043,3.03,-179,2.29,555,2.71,10452,22_07_42_12_05_2025,-5.40,7.91,1.38,0.01,-0.00,-0.00
-9833,3.02,-322,2.30,554,2.71,10490,22_07_42_12_05_2025,-5.40,7.92,1.38,0.01,-0.00,0.00
-10012,3.03,-457,2.31,554,2.71,10527,22_07_42_12_05_2025,-5.39,7.93,1.39,0.01,-0.00,0.00
-9954,3.03,-290,2.29,554,2.71,10564,22_07_42_12_05_2025,-5.39,7.91,1.39,0.01,-0.00,-0.00
-10017,3.03,-285,2.29,554,2.71,10602,22_07_42_12_05_2025,-5.40,7.93,1.39,0.00,-0.00,-0.00
-9948,3.03,-265,2.29,554,2.71,10640,22_07_42_12_05_2025,-5.40,7.92,1.38,0.00,-0.00,0.00
-9981,3.03,-396,2.30,554,2.71,10679,22_07_42_12_05_2025,-5.41,7.91,1.38,0.00,-0.00,0.00
-10125,3.04,-361,2.30,554,2.71,10719,22_07_43_12_05_2025,-5.40,7.93,1.39,0.00,-0.00,-0.00
-9959,3.03,-426,2.31,554,2.71,10758,22_07_43_12_05_2025,-5.39,7.92,1.38,0.01,-0.00,-0.00
-10066,3.04,-394,2.30,554,2.71,10797,22_07_43_12_05_2025,-5.40,7.92,1.39,0.00,-0.00,-0.00
-10010,3.03,-269,2.29,555,2.71,10834,22_07_43_12_05_2025,-5.39,7.92,1.39,0.01,-0.00,0.00
-9995,3.03,-279,2.29,554,2.71,10873,22_07_43_12_05_2025,-5.40,7.91,1.39,0.00,-0.00,-0.00
-10135,3.04,-457,2.31,553,2.70,10913,22_07_43_12_05_2025,-5.40,7.92,1.39,0.00,-0.00,-0.00
-9957,3.03,-231,2.29,554,2.71,10950,22_07_43_12_05_2025,-5.40,7.92,1.40,0.01,-0.00,-0.00
-9944,3.03,-266,2.29,555,2.71,10988,22_07_43_12_05_2025,-5.40,7.91,1.39,0.00,-0.00,-0.00
-10126,3.04,-313,2.30,554,2.71,11026,22_07_43_12_05_2025,-5.41,7.93,1.38,0.01,-0.00,0.00
-10099,3.04,-185,2.29,554,2.71,11063,22_07_43_12_05_2025,-5.39,7.92,1.39,0.00,-0.00,0.00
-10058,3.03,-223,2.29,554,2.71,11103,22_07_43_12_05_2025,-5.41,7.93,1.39,0.01,-0.00,0.00
-9934,3.03,-81,2.28,555,2.71,11141,22_07_43_12_05_2025,-5.39,7.92,1.39,0.00,-0.00,0.00
-10066,3.04,-274,2.29,554,2.71,11179,22_07_43_12_05_2025,-5.39,7.92,1.38,0.01,-0.00,-0.00
-10000,3.03,-184,2.29,555,2.71,11216,22_07_43_12_05_2025,-5.40,7.92,1.39,0.01,-0.00,-0.00
-10224,3.05,-246,2.29,555,2.71,11254,22_07_43_12_05_2025,-5.40,7.92,1.40,0.01,-0.00,-0.00
-10148,3.04,-134,2.28,554,2.71,11292,22_07_43_12_05_2025,-5.40,7.92,1.37,0.01,-0.00,-0.00
-10068,3.04,-191,2.29,554,2.71,11332,22_07_43_12_05_2025,-5.40,7.93,1.38,0.01,-0.00,0.00
-9978,3.03,-304,2.30,554,2.71,11369,22_07_43_12_05_2025,-5.37,7.93,1.40,0.01,-0.00,0.00
-10152,3.04,-392,2.30,554,2.71,11407,22_07_43_12_05_2025,-5.39,7.91,1.41,0.00,-0.00,0.00
-10222,3.05,-326,2.30,554,2.71,11445,22_07_43_12_05_2025,-5.40,7.92,1.38,0.01,-0.00,0.00
-10025,3.03,-115,2.28,555,2.71,11482,22_07_43_12_05_2025,-5.39,7.90,1.39,0.01,-0.00,0.00
-10063,3.04,-400,2.30,554,2.71,11519,22_07_43_12_05_2025,-5.41,7.92,1.39,0.00,-0.00,-0.00
-9991,3.03,-468,2.31,555,2.71,11560,22_07_43_12_05_2025,-5.40,7.93,1.38,0.01,-0.00,0.00
-10055,3.03,-215,2.29,554,2.71,11598,22_07_43_12_05_2025,-5.41,7.92,1.38,0.01,-0.00,-0.00
-10129,3.04,-327,2.30,555,2.71,11635,22_07_43_12_05_2025,-5.40,7.93,1.39,0.00,-0.00,0.00
-9944,3.03,-168,2.29,554,2.71,11672,22_07_43_12_05_2025,-5.39,7.91,1.39,0.01,-0.00,0.00
-10175,3.04,-35,2.28,554,2.71,11710,22_07_44_12_05_2025,-5.40,7.92,1.38,0.01,-0.00,-0.00
-9943,3.03,-264,2.29,554,2.71,11750,22_07_44_12_05_2025,-5.40,7.93,1.40,0.00,-0.00,-0.00
-10104,3.04,-190,2.29,555,2.71,11789,22_07_44_12_05_2025,-5.40,7.92,1.39,0.00,-0.00,0.00
-9878,3.02,-248,2.29,554,2.71,11828,22_07_44_12_05_2025,-5.41,7.93,1.38,0.01,-0.00,-0.00
-10005,3.03,-224,2.29,554,2.71,11867,22_07_44_12_05_2025,-5.39,7.93,1.38,0.01,-0.00,-0.00
-10021,3.03,-107,2.28,554,2.71,11904,22_07_44_12_05_2025,-5.39,7.91,1.39,0.01,-0.00,-0.00
-10272,3.05,-159,2.28,554,2.71,11942,22_07_44_12_05_2025,-5.40,7.94,1.38,0.00,-0.00,0.00
-10138,3.04,-318,2.30,554,2.71,11983,22_07_44_12_05_2025,-5.39,7.91,1.39,0.00,-0.00,-0.00
-10065,3.04,-329,2.30,554,2.71,12021,22_07_44_12_05_2025,-5.40,7.92,1.38,0.01,-0.00,-0.00
-9986,3.03,-88,2.28,555,2.71,12058,22_07_44_12_05_2025,-5.40,7.93,1.38,0.00,-0.00,-0.00
-10136,3.04,-264,2.29,554,2.71,12095,22_07_44_12_05_2025,-5.40,7.91,1.38,0.00,-0.00,-0.00
-10120,3.04,-304,2.30,554,2.71,12133,22_07_44_12_05_2025,-5.41,7.93,1.38,0.00,-0.00,-0.00
-10124,3.04,-407,2.30,554,2.71,12170,22_07_44_12_05_2025,-5.39,7.91,1.39,0.00,-0.00,0.00
-10170,3.04,-534,2.31,554,2.71,12209,22_07_44_12_05_2025,-5.40,7.91,1.39,0.00,-0.00,-0.00
-10033,3.03,-182,2.29,554,2.71,12248,22_07_44_12_05_2025,-5.40,7.92,1.39,0.00,-0.00,-0.00
-10030,3.03,-146,2.28,555,2.71,12286,22_07_44_12_05_2025,-5.39,7.93,1.39,0.01,-0.00,0.00
-10008,3.03,-381,2.30,555,2.71,12323,22_07_44_12_05_2025,-5.40,7.91,1.38,0.00,-0.00,-0.00
-10087,3.04,-473,2.31,555,2.71,12360,22_07_44_12_05_2025,-5.40,7.93,1.39,0.00,-0.00,-0.00
-9982,3.03,-170,2.29,554,2.71,12401,22_07_44_12_05_2025,-5.39,7.92,1.37,0.01,-0.00,0.00
-10105,3.04,-442,2.31,554,2.71,12439,22_07_44_12_05_2025,-5.39,7.92,1.38,0.01,-0.00,0.00
-10013,3.03,-157,2.28,554,2.71,12476,22_07_44_12_05_2025,-5.39,7.92,1.40,0.00,-0.00,-0.00
-9993,3.03,-268,2.29,555,2.71,12513,22_07_44_12_05_2025,-5.40,7.92,1.38,0.00,-0.00,0.00
-9904,3.02,-189,2.29,554,2.71,12551,22_07_44_12_05_2025,-5.41,7.93,1.38,0.01,-0.00,-0.00
-10133,3.04,-89,2.28,555,2.71,12590,22_07_44_12_05_2025,-5.39,7.92,1.39,0.00,-0.00,-0.00
-9900,3.02,-377,2.30,554,2.71,12630,22_07_44_12_05_2025,-5.41,7.92,1.38,0.01,-0.00,-0.00
-10176,3.04,-246,2.29,554,2.71,12668,22_07_44_12_05_2025,-5.39,7.92,1.37,0.00,-0.00,0.00
-9982,3.03,-296,2.30,554,2.71,12706,22_07_45_12_05_2025,-5.39,7.92,1.37,0.01,-0.00,0.00
-9843,3.02,-475,2.31,554,2.71,12744,22_07_45_12_05_2025,-5.39,7.93,1.39,0.00,-0.00,0.00
-10082,3.04,-174,2.29,554,2.71,12781,22_07_45_12_05_2025,-5.39,7.93,1.40,0.00,-0.00,-0.00
-10182,3.04,-287,2.29,554,2.71,12819,22_07_45_12_05_2025,-5.39,7.92,1.38,0.01,-0.00,-0.00
-10239,3.05,-85,2.28,554,2.71,12858,22_07_45_12_05_2025,-5.40,7.93,1.39,0.01,-0.00,-0.00
-9971,3.03,-147,2.28,555,2.71,12897,22_07_45_12_05_2025,-5.40,7.92,1.39,0.00,-0.00,0.00
-10323,3.05,-300,2.30,555,2.71,12936,22_07_45_12_05_2025,-5.40,7.92,1.38,0.00,-0.00,-0.00
-10068,3.04,-206,2.29,555,2.71,12975,22_07_45_12_05_2025,-5.40,7.93,1.38,0.00,-0.00,0.00
-9920,3.02,-96,2.28,555,2.71,13012,22_07_45_12_05_2025,-5.40,7.92,1.38,0.01,-0.00,-0.00
-10136,3.04,-411,2.30,555,2.71,13052,22_07_45_12_05_2025,-5.41,7.92,1.37,0.01,-0.00,-0.00
-9903,3.02,-201,2.29,554,2.71,13091,22_07_45_12_05_2025,-5.39,7.93,1.39,0.01,-0.00,-0.00
-9948,3.03,-307,2.30,554,2.71,13129,22_07_45_12_05_2025,-5.40,7.92,1.37,0.01,-0.00,-0.00
-9955,3.03,-366,2.30,555,2.71,13167,22_07_45_12_05_2025,-5.40,7.93,1.38,0.01,-0.00,-0.00
-9952,3.03,-121,2.28,554,2.71,13203,22_07_45_12_05_2025,-5.40,7.92,1.37,0.00,-0.00,-0.00
-10159,3.04,-324,2.30,555,2.71,13241,22_07_45_12_05_2025,-5.39,7.92,1.38,0.00,-0.00,-0.00
-10082,3.04,-94,2.28,554,2.71,13281,22_07_45_12_05_2025,-5.39,7.92,1.39,0.00,-0.00,0.00
-10020,3.03,-375,2.30,555,2.71,13318,22_07_45_12_05_2025,-5.41,7.93,1.37,0.00,-0.00,-0.00
-9952,3.03,-408,2.30,554,2.71,13356,22_07_45_12_05_2025,-5.40,7.92,1.37,0.00,-0.00,-0.00
-10103,3.04,-135,2.28,554,2.71,13394,22_07_45_12_05_2025,-5.40,7.92,1.38,0.00,-0.00,0.00
-10068,3.04,-313,2.30,554,2.71,13431,22_07_45_12_05_2025,-5.39,7.92,1.37,0.00,-0.00,-0.00
-10103,3.04,-292,2.29,554,2.71,13469,22_07_45_12_05_2025,-5.40,7.92,1.38,0.01,-0.00,0.00
-10117,3.04,-423,2.30,555,2.71,13509,22_07_45_12_05_2025,-5.39,7.93,1.37,0.01,-0.00,-0.00
-10119,3.04,-93,2.28,554,2.71,13547,22_07_45_12_05_2025,-5.40,7.92,1.38,0.00,-0.00,-0.00
-10167,3.04,-288,2.29,555,2.71,13584,22_07_45_12_05_2025,-5.41,7.94,1.38,0.00,-0.00,-0.00
-9964,3.03,-111,2.28,554,2.71,13621,22_07_45_12_05_2025,-5.40,7.90,1.38,0.00,-0.00,-0.00
-9972,3.03,-313,2.30,553,2.70,13659,22_07_45_12_05_2025,-5.40,7.93,1.37,0.00,-0.00,-0.00
-10189,3.04,-229,2.29,554,2.71,13700,22_07_46_12_05_2025,-5.39,7.92,1.37,0.01,-0.00,0.00
-10078,3.04,-224,2.29,555,2.71,13737,22_07_46_12_05_2025,-5.39,7.92,1.39,0.00,-0.00,-0.00
-10107,3.04,-292,2.29,554,2.71,13774,22_07_46_12_05_2025,-5.40,7.93,1.37,0.00,-0.00,-0.00
-10069,3.04,-185,2.29,555,2.71,13812,22_07_46_12_05_2025,-5.40,7.91,1.37,0.01,-0.00,-0.00
-10253,3.05,-264,2.29,554,2.71,13851,22_07_46_12_05_2025,-5.39,7.91,1.38,0.00,-0.00,-0.00
-10081,3.04,-453,2.31,554,2.71,13888,22_07_46_12_05_2025,-5.40,7.93,1.37,0.01,-0.00,-0.00
-10037,3.03,-324,2.30,555,2.71,13928,22_07_46_12_05_2025,-5.40,7.91,1.37,0.01,-0.00,-0.00
-10047,3.03,-188,2.29,554,2.71,13965,22_07_46_12_05_2025,-5.40,7.92,1.38,0.01,-0.00,0.00
-9974,3.03,65,2.27,555,2.71,14004,22_07_46_12_05_2025,-5.39,7.93,1.40,0.01,-0.00,0.00
-9829,3.02,-275,2.29,555,2.71,14042,22_07_46_12_05_2025,-5.39,7.92,1.39,0.01,-0.00,-0.00
-9862,3.02,-82,2.28,555,2.71,14082,22_07_46_12_05_2025,-5.40,7.92,1.37,0.01,-0.00,-0.00
-10012,3.03,-303,2.30,554,2.71,14120,22_07_46_12_05_2025,-5.40,7.91,1.38,0.00,-0.00,-0.00
-10080,3.04,-271,2.29,555,2.71,14160,22_07_46_12_05_2025,-5.40,7.92,1.39,0.00,-0.00,-0.00
-10075,3.04,-286,2.29,555,2.71,14198,22_07_46_12_05_2025,-5.40,7.93,1.37,0.01,-0.00,0.00
-10128,3.04,-299,2.30,554,2.71,14237,22_07_46_12_05_2025,-5.40,7.90,1.37,0.00,-0.00,-0.00
-9851,3.02,-260,2.29,555,2.71,14274,22_07_46_12_05_2025,-5.38,7.92,1.41,0.01,-0.00,0.00
-9967,3.03,-66,2.28,554,2.71,14311,22_07_46_12_05_2025,-5.40,7.93,1.37,0.01,-0.00,-0.00
-9988,3.03,-148,2.28,555,2.71,14352,22_07_46_12_05_2025,-5.40,7.91,1.35,0.01,-0.00,0.00
-10078,3.04,-266,2.29,554,2.71,14389,22_07_46_12_05_2025,-5.40,7.92,1.37,0.00,-0.00,-0.00
-9957,3.03,-391,2.30,554,2.71,14426,22_07_46_12_05_2025,-5.40,7.92,1.39,0.01,-0.00,0.00
-10103,3.04,-201,2.29,554,2.71,14463,22_07_46_12_05_2025,-5.39,7.91,1.37,0.01,-0.00,0.00
-9938,3.03,-117,2.28,554,2.71,14501,22_07_46_12_05_2025,-5.39,7.93,1.37,0.01,-0.00,-0.00
-10139,3.04,-312,2.30,554,2.71,14540,22_07_46_12_05_2025,-5.41,7.91,1.38,0.00,-0.00,0.00
-10077,3.04,-436,2.31,554,2.71,14580,22_07_46_12_05_2025,-5.40,7.92,1.40,0.00,-0.00,-0.00
-9990,3.03,-134,2.28,555,2.71,14618,22_07_46_12_05_2025,-5.40,7.93,1.37,0.00,-0.00,-0.00
-10095,3.04,-210,2.29,555,2.71,14656,22_07_46_12_05_2025,-5.40,7.92,1.37,0.00,-0.00,-0.00
-10076,3.04,-207,2.29,554,2.71,14693,22_07_47_12_05_2025,-5.39,7.93,1.39,0.00,-0.00,0.00
-9879,3.02,19,2.27,554,2.71,14730,22_07_47_12_05_2025,-5.39,7.93,1.40,0.01,-0.00,-0.00
-10001,3.03,-288,2.29,554,2.71,14768,22_07_47_12_05_2025,-5.39,7.92,1.38,0.00,-0.00,0.00
-9981,3.03,-170,2.29,555,2.71,14808,22_07_47_12_05_2025,-5.40,7.93,1.38,0.00,-0.00,-0.00
-10047,3.03,-272,2.29,555,2.71,14845,22_07_47_12_05_2025,-5.39,7.91,1.38,0.01,-0.00,0.00
-10171,3.04,-253,2.29,554,2.71,14883,22_07_47_12_05_2025,-5.40,7.91,1.37,0.00,-0.00,-0.00
-10166,3.04,-369,2.30,554,2.71,14921,22_07_47_12_05_2025,-5.40,7.93,1.38,0.00,-0.00,0.00
-10068,3.04,-269,2.29,554,2.71,14959,22_07_47_12_05_2025,-5.40,7.92,1.39,0.01,-0.00,0.00
-10136,3.04,-181,2.29,555,2.71,14995,22_07_47_12_05_2025,-5.40,7.93,1.37,0.00,-0.00,0.00
-10121,3.04,-63,2.28,555,2.71,15036,22_07_47_12_05_2025,-5.40,7.92,1.37,0.01,-0.00,-0.00
-10076,3.04,-69,2.28,554,2.71,15073,22_07_47_12_05_2025,-5.40,7.91,1.38,0.00,-0.00,-0.00
-10165,3.04,-330,2.30,554,2.71,15113,22_07_47_12_05_2025,-5.40,7.93,1.38,0.01,-0.00,0.00
-9985,3.03,-268,2.29,555,2.71,15150,22_07_47_12_05_2025,-5.39,7.92,1.37,0.01,-0.00,0.00
-9927,3.02,-20,2.27,555,2.71,15190,22_07_47_12_05_2025,-5.40,7.92,1.37,0.00,-0.00,-0.00
-10033,3.03,-237,2.29,554,2.71,15230,22_07_47_12_05_2025,-5.40,7.92,1.39,0.01,-0.00,0.00
-9837,3.02,-114,2.28,555,2.71,15267,22_07_47_12_05_2025,-5.40,7.92,1.39,0.01,-0.00,-0.00
-9857,3.02,-237,2.29,554,2.71,15304,22_07_47_12_05_2025,-5.40,7.91,1.35,0.01,-0.00,0.00
-10074,3.04,-276,2.29,554,2.71,15343,22_07_47_12_05_2025,-5.39,7.93,1.38,0.00,-0.00,0.00
-9864,3.02,-80,2.28,554,2.71,15381,22_07_47_12_05_2025,-5.39,7.91,1.39,0.01,-0.00,0.00
-10025,3.03,-262,2.29,554,2.71,15418,22_07_47_12_05_2025,-5.39,7.93,1.38,0.01,-0.00,0.00
-9987,3.03,-177,2.29,555,2.71,15458,22_07_47_12_05_2025,-5.39,7.93,1.37,0.01,-0.00,0.00
-9926,3.02,-107,2.28,555,2.71,15496,22_07_47_12_05_2025,-5.41,7.91,1.36,0.00,-0.00,-0.00
-9948,3.03,-409,2.30,554,2.71,15533,22_07_47_12_05_2025,-5.41,7.94,1.39,0.00,-0.00,-0.00
-10028,3.03,-296,2.30,554,2.71,15570,22_07_47_12_05_2025,-5.39,7.92,1.37,0.01,-0.00,-0.00
-10074,3.04,-524,2.31,554,2.71,15608,22_07_47_12_05_2025,-5.40,7.91,1.37,0.00,-0.00,-0.00
-10028,3.03,-324,2.30,554,2.71,15646,22_07_47_12_05_2025,-5.41,7.93,1.38,0.01,-0.00,0.00
-10117,3.04,-311,2.30,554,2.71,15686,22_07_47_12_05_2025,-5.39,7.91,1.39,0.00,-0.00,0.00
-10239,3.05,-221,2.29,554,2.71,15723,22_07_48_12_05_2025,-5.40,7.93,1.37,0.00,-0.00,-0.00
-9890,3.02,-330,2.30,555,2.71,15761,22_07_48_12_05_2025,-5.40,7.91,1.37,0.01,-0.00,0.00
-10037,3.03,-359,2.30,554,2.71,15799,22_07_48_12_05_2025,-5.40,7.92,1.37,0.00,-0.00,0.00
-10047,3.03,-162,2.29,555,2.71,15836,22_07_48_12_05_2025,-5.40,7.93,1.39,0.01,-0.00,-0.00
-9888,3.02,-389,2.30,554,2.71,15877,22_07_48_12_05_2025,-5.40,7.92,1.38,0.00,-0.00,-0.00
-10125,3.04,-351,2.30,554,2.71,15915,22_07_48_12_05_2025,-5.41,7.93,1.37,0.00,-0.00,-0.00
-9814,3.02,-418,2.30,555,2.71,15953,22_07_48_12_05_2025,-5.40,7.92,1.38,0.00,-0.00,-0.00
-10154,3.04,-298,2.30,554,2.71,15990,22_07_48_12_05_2025,-5.39,7.91,1.38,0.01,-0.00,0.00
-10061,3.03,-294,2.30,554,2.71,16029,22_07_48_12_05_2025,-5.40,7.92,1.37,0.01,-0.00,0.00
-10058,3.03,-527,2.31,554,2.71,16067,22_07_48_12_05_2025,-5.39,7.92,1.39,0.00,-0.00,-0.00
-9877,3.02,-111,2.28,554,2.71,16108,22_07_48_12_05_2025,-5.39,7.93,1.38,0.00,-0.00,0.00
-10013,3.03,-146,2.28,555,2.71,16145,22_07_48_12_05_2025,-5.41,7.93,1.36,0.01,-0.00,-0.00
-10057,3.03,-291,2.29,555,2.71,16183,22_07_48_12_05_2025,-5.39,7.92,1.38,0.01,-0.00,-0.00
-10046,3.03,-298,2.30,554,2.71,16223,22_07_48_12_05_2025,-5.40,7.92,1.37,0.00,-0.00,-0.00
-10171,3.04,-378,2.30,554,2.71,16263,22_07_48_12_05_2025,-5.39,7.93,1.38,0.00,-0.00,0.00
-9821,3.02,-152,2.28,555,2.71,16300,22_07_48_12_05_2025,-5.40,7.92,1.36,0.00,-0.00,-0.00
-10087,3.04,-207,2.29,554,2.71,16340,22_07_48_12_05_2025,-5.40,7.92,1.38,0.00,-0.00,0.00
-10118,3.04,-346,2.30,554,2.71,16377,22_07_48_12_05_2025,-5.39,7.94,1.39,0.01,-0.00,0.00
-10222,3.05,-327,2.30,554,2.71,16415,22_07_48_12_05_2025,-5.39,7.92,1.36,0.01,-0.00,-0.00
-10088,3.04,-225,2.29,555,2.71,16454,22_07_48_12_05_2025,-5.40,7.93,1.36,0.00,-0.00,-0.00
-10088,3.04,-270,2.29,555,2.71,16491,22_07_48_12_05_2025,-5.39,7.93,1.39,0.01,-0.00,-0.00
-9966,3.03,-327,2.30,554,2.71,16531,22_07_48_12_05_2025,-5.40,7.92,1.38,0.00,-0.00,-0.00
-10211,3.05,-89,2.28,555,2.71,16570,22_07_48_12_05_2025,-5.40,7.93,1.37,0.01,-0.00,-0.00
-10085,3.04,-258,2.29,554,2.71,16608,22_07_48_12_05_2025,-5.39,7.91,1.38,0.00,-0.00,-0.00
-10033,3.03,-350,2.30,554,2.71,16645,22_07_48_12_05_2025,-5.40,7.93,1.38,0.00,-0.00,0.00
-9910,3.02,-166,2.29,554,2.71,16682,22_07_48_12_05_2025,-5.38,7.93,1.38,0.01,-0.00,-0.00
-10047,3.03,-212,2.29,555,2.71,16720,22_07_49_12_05_2025,-5.40,7.92,1.39,0.01,-0.00,0.00
-10129,3.04,-358,2.30,554,2.71,16760,22_07_49_12_05_2025,-5.40,7.93,1.38,0.00,-0.00,-0.00
-9925,3.02,-286,2.29,555,2.71,16803,22_07_49_12_05_2025,-5.39,7.91,1.38,0.00,-0.00,0.00
-9992,3.03,-187,2.29,554,2.71,16841,22_07_49_12_05_2025,-5.40,7.92,1.37,0.00,-0.00,-0.00
-9903,3.02,-67,2.28,553,2.70,16880,22_07_49_12_05_2025,-5.40,7.92,1.38,0.01,-0.00,-0.00
-10144,3.04,-343,2.30,554,2.71,16917,22_07_49_12_05_2025,-5.38,7.92,1.37,0.01,-0.00,0.00
-9951,3.03,-327,2.30,554,2.71,16955,22_07_49_12_05_2025,-5.40,7.94,1.37,0.00,-0.00,-0.00
-10151,3.04,-287,2.29,555,2.71,16997,22_07_49_12_05_2025,-5.39,7.92,1.39,0.00,-0.00,-0.00
-10057,3.03,-180,2.29,554,2.71,17034,22_07_49_12_05_2025,-5.40,7.92,1.37,0.00,-0.00,-0.00
-9943,3.03,-325,2.30,554,2.71,17072,22_07_49_12_05_2025,-5.40,7.92,1.37,0.00,-0.00,0.00
-9939,3.03,-2,2.27,554,2.71,17110,22_07_49_12_05_2025,-5.39,7.91,1.37,0.00,-0.00,-0.00
-10001,3.03,-225,2.29,554,2.71,17147,22_07_49_12_05_2025,-5.40,7.91,1.35,0.00,-0.00,-0.00
-10020,3.03,-278,2.29,554,2.71,17187,22_07_49_12_05_2025,-5.39,7.93,1.39,0.01,-0.00,0.00
-10175,3.04,-271,2.29,555,2.71,17224,22_07_49_12_05_2025,-5.40,7.93,1.38,0.00,-0.00,-0.00
-9954,3.03,-368,2.30,554,2.71,17263,22_07_49_12_05_2025,-5.40,7.92,1.37,0.01,-0.00,0.00
-9976,3.03,-291,2.29,554,2.71,17302,22_07_49_12_05_2025,-5.39,7.92,1.36,0.00,-0.00,0.00
-10011,3.03,-520,2.31,554,2.71,17340,22_07_49_12_05_2025,-5.40,7.91,1.38,0.00,-0.00,-0.00
-9861,3.02,-140,2.28,554,2.71,17380,22_07_49_12_05_2025,-5.38,7.93,1.40,0.00,-0.00,0.00
-10103,3.04,-376,2.30,555,2.71,17428,22_07_49_12_05_2025,-5.39,7.91,1.36,0.00,-0.00,-0.00
-9989,3.03,-213,2.29,554,2.71,17468,22_07_49_12_05_2025,-5.39,7.95,1.38,0.01,-0.00,-0.00
-10142,3.04,-340,2.30,554,2.71,17507,22_07_49_12_05_2025,-5.39,7.92,1.38,0.01,-0.00,-0.00
-10125,3.04,-280,2.29,554,2.71,17546,22_07_49_12_05_2025,-5.40,7.91,1.37,0.00,-0.00,-0.00
-10146,3.04,-218,2.29,554,2.71,17586,22_07_49_12_05_2025,-5.40,7.93,1.38,0.01,-0.00,0.00
-10173,3.04,-149,2.28,554,2.71,17626,22_07_49_12_05_2025,-5.38,7.92,1.37,0.01,-0.00,0.00
-10001,3.03,-200,2.29,554,2.71,17668,22_07_49_12_05_2025,-5.41,7.93,1.36,0.00,-0.00,-0.00
-9943,3.03,-174,2.29,554,2.71,17708,22_07_50_12_05_2025,-5.40,7.92,1.38,0.01,-0.00,-0.00
-10056,3.03,-404,2.30,554,2.71,17748,22_07_50_12_05_2025,-5.39,7.91,1.38,0.01,-0.00,0.00
-9944,3.03,-294,2.30,554,2.71,17788,22_07_50_12_05_2025,-5.39,7.93,1.36,0.00,-0.00,-0.00
-10020,3.03,-243,2.29,555,2.71,17832,22_07_50_12_05_2025,-5.39,7.90,1.36,0.01,-0.00,0.00
-9953,3.03,-185,2.29,555,2.71,17874,22_07_50_12_05_2025,-5.41,7.93,1.37,0.01,-0.00,-0.00
-9980,3.03,-408,2.30,554,2.71,17913,22_07_50_12_05_2025,-5.40,7.92,1.37,0.01,-0.00,0.00
-10034,3.03,-406,2.30,555,2.71,17953,22_07_50_12_05_2025,-5.40,7.92,1.37,0.00,-0.00,-0.00
-10147,3.04,-254,2.29,554,2.71,17992,22_07_50_12_05_2025,-5.39,7.93,1.36,0.00,-0.00,0.00
-10088,3.04,-236,2.29,554,2.71,18032,22_07_50_12_05_2025,-5.40,7.93,1.38,0.01,-0.00,-0.00
-9991,3.03,-309,2.30,554,2.71,18072,22_07_50_12_05_2025,-5.39,7.92,1.38,0.00,-0.00,-0.00
-10087,3.04,-285,2.29,554,2.71,18114,22_07_50_12_05_2025,-5.40,7.93,1.39,0.01,-0.00,0.00
-10081,3.04,-224,2.29,555,2.71,18153,22_07_50_12_05_2025,-5.40,7.92,1.36,0.00,-0.00,-0.00
-10064,3.04,-493,2.31,554,2.71,18193,22_07_50_12_05_2025,-5.40,7.93,1.37,0.00,-0.00,0.00
-10002,3.03,-173,2.29,554,2.71,18232,22_07_50_12_05_2025,-5.39,7.91,1.39,0.00,-0.00,0.00
-10071,3.04,-140,2.28,555,2.71,18271,22_07_50_12_05_2025,-5.40,7.93,1.36,0.00,-0.00,-0.00
-10243,3.05,-363,2.30,554,2.71,18312,22_07_50_12_05_2025,-5.40,7.92,1.37,0.01,-0.00,0.00
-9931,3.03,-273,2.29,554,2.71,18354,22_07_50_12_05_2025,-5.40,7.91,1.40,0.01,-0.00,-0.00
-9930,3.03,-192,2.29,555,2.71,18393,22_07_50_12_05_2025,-5.41,7.93,1.38,0.00,-0.00,0.00
-10110,3.04,-252,2.29,554,2.71,18435,22_07_50_12_05_2025,-5.39,7.91,1.36,0.00,-0.00,0.00
-9947,3.03,-84,2.28,554,2.71,18474,22_07_50_12_05_2025,-5.41,7.92,1.34,0.00,-0.00,-0.00
-9957,3.03,-551,2.31,554,2.71,18513,22_07_50_12_05_2025,-5.41,7.93,1.38,0.01,-0.00,-0.00
-10230,3.05,-53,2.28,554,2.71,18556,22_07_50_12_05_2025,-5.39,7.90,1.37,0.00,-0.00,0.00
-10106,3.04,-312,2.30,554,2.71,18595,22_07_50_12_05_2025,-5.40,7.93,1.35,0.01,-0.00,-0.00
-9820,3.02,-306,2.30,555,2.71,18635,22_07_50_12_05_2025,-5.39,7.91,1.37,0.00,-0.00,-0.00
-10036,3.03,-221,2.29,554,2.71,18675,22_07_50_12_05_2025,-5.40,7.93,1.39,0.00,-0.00,-0.00
-9979,3.03,-68,2.28,554,2.71,18714,22_07_51_12_05_2025,-5.40,7.93,1.36,0.00,-0.00,-0.00
-9931,3.03,-214,2.29,554,2.71,18754,22_07_51_12_05_2025,-5.39,7.91,1.35,0.00,-0.00,-0.00
-10042,3.03,-301,2.30,555,2.71,18797,22_07_51_12_05_2025,-5.39,7.93,1.39,0.00,-0.00,0.00
-10190,3.04,-286,2.29,555,2.71,18836,22_07_51_12_05_2025,-5.40,7.92,1.39,0.01,-0.00,0.00
-10078,3.04,-199,2.29,554,2.71,18875,22_07_51_12_05_2025,-5.40,7.92,1.35,0.01,-0.00,-0.00
-10074,3.04,-269,2.29,555,2.71,18916,22_07_51_12_05_2025,-5.40,7.94,1.37,0.01,-0.00,-0.00
-9983,3.03,-158,2.28,555,2.71,18955,22_07_51_12_05_2025,-5.40,7.91,1.39,0.00,-0.00,0.00
-10059,3.03,-183,2.29,555,2.71,18995,22_07_51_12_05_2025,-5.40,7.92,1.36,0.01,-0.00,0.00
-10073,3.04,-183,2.29,554,2.71,19037,22_07_51_12_05_2025,-5.40,7.93,1.36,0.01,-0.00,0.00
-9890,3.02,-149,2.28,555,2.71,19076,22_07_51_12_05_2025,-5.40,7.92,1.38,0.00,-0.00,0.00
-10018,3.03,-80,2.28,554,2.71,19116,22_07_51_12_05_2025,-5.40,7.93,1.37,0.00,-0.00,0.00
-10057,3.03,-138,2.28,555,2.71,19156,22_07_51_12_05_2025,-5.38,7.91,1.37,0.00,-0.00,0.00
-10079,3.04,-378,2.30,554,2.71,19195,22_07_51_12_05_2025,-5.39,7.92,1.36,0.01,-0.00,-0.00
-9964,3.03,-238,2.29,555,2.71,19235,22_07_51_12_05_2025,-5.39,7.92,1.39,0.00,-0.00,0.00
-9964,3.03,-178,2.29,555,2.71,19277,22_07_51_12_05_2025,-5.39,7.91,1.36,0.01,-0.00,-0.00
-10109,3.04,-79,2.28,555,2.71,19317,22_07_51_12_05_2025,-5.39,7.93,1.37,0.00,-0.00,0.00
-9925,3.02,-161,2.28,554,2.71,19357,22_07_51_12_05_2025,-5.39,7.92,1.39,0.01,-0.00,0.00
-10037,3.03,-168,2.29,555,2.71,19397,22_07_51_12_05_2025,-5.39,7.91,1.38,0.01,-0.00,0.00
-10108,3.04,-366,2.30,554,2.71,19437,22_07_51_12_05_2025,-5.39,7.94,1.37,0.01,-0.00,0.00
-9962,3.03,-385,2.30,554,2.71,19480,22_07_51_12_05_2025,-5.39,7.91,1.39,0.01,-0.00,-0.00
-10066,3.04,-246,2.29,554,2.71,19519,22_07_51_12_05_2025,-5.40,7.95,1.37,0.00,-0.00,0.00
-10106,3.04,-246,2.29,554,2.71,19559,22_07_51_12_05_2025,-5.39,7.92,1.36,0.00,-0.00,-0.00
-9983,3.03,-406,2.30,554,2.71,19601,22_07_51_12_05_2025,-5.40,7.92,1.38,0.01,-0.00,0.00
-9963,3.03,-167,2.29,555,2.71,19640,22_07_51_12_05_2025,-5.40,7.93,1.38,0.01,-0.00,0.00
-10125,3.04,-395,2.30,554,2.71,19680,22_07_51_12_05_2025,-5.38,7.92,1.37,0.00,-0.00,-0.00
-9975,3.03,-248,2.29,554,2.71,19722,22_07_52_12_05_2025,-5.40,7.93,1.38,0.01,-0.00,-0.00
-9902,3.02,-370,2.30,554,2.71,19762,22_07_52_12_05_2025,-5.39,7.92,1.39,0.00,-0.00,-0.00
-10088,3.04,-110,2.28,555,2.71,19801,22_07_52_12_05_2025,-5.41,7.92,1.36,0.01,-0.00,0.00
-9940,3.03,-287,2.29,554,2.71,19842,22_07_52_12_05_2025,-5.40,7.94,1.35,0.00,-0.00,0.00
-10070,3.04,-352,2.30,554,2.71,19881,22_07_52_12_05_2025,-5.38,7.91,1.38,0.01,-0.00,-0.00
-9857,3.02,-270,2.29,554,2.71,19921,22_07_52_12_05_2025,-5.41,7.93,1.40,0.00,-0.00,-0.00
-10056,3.03,-308,2.30,554,2.71,19964,22_07_52_12_05_2025,-5.39,7.91,1.39,0.00,-0.00,0.00
-10003,3.03,-326,2.30,554,2.71,20003,22_07_52_12_05_2025,-5.39,7.92,1.36,0.01,-0.00,-0.00
-9908,3.02,-320,2.30,554,2.71,20043,22_07_52_12_05_2025,-5.41,7.93,1.36,0.01,-0.00,-0.00
-9855,3.02,-202,2.29,555,2.71,20083,22_07_52_12_05_2025,-5.39,7.92,1.37,0.01,-0.00,-0.00
-10031,3.03,-174,2.29,554,2.71,20123,22_07_52_12_05_2025,-5.39,7.93,1.37,0.00,-0.00,-0.00
-9969,3.03,-169,2.29,555,2.71,20166,22_07_52_12_05_2025,-5.39,7.92,1.36,0.01,-0.00,-0.00
-10088,3.04,-533,2.31,555,2.71,20206,22_07_52_12_05_2025,-5.39,7.91,1.37,0.00,-0.00,0.00
-9999,3.03,-192,2.29,554,2.71,20245,22_07_52_12_05_2025,-5.40,7.93,1.36,0.00,-0.00,-0.00
-10058,3.03,-111,2.28,554,2.71,20285,22_07_52_12_05_2025,-5.40,7.92,1.38,0.00,-0.00,-0.00
-9912,3.02,-255,2.29,554,2.71,20325,22_07_52_12_05_2025,-5.40,7.92,1.37,0.00,-0.00,-0.00
-10094,3.04,-342,2.30,555,2.71,20365,22_07_52_12_05_2025,-5.39,7.92,1.37,0.00,-0.00,-0.00
-10302,3.05,-192,2.29,554,2.71,20407,22_07_52_12_05_2025,-5.39,7.92,1.37,0.01,-0.00,0.00
-10047,3.03,-140,2.28,555,2.71,20448,22_07_52_12_05_2025,-5.40,7.94,1.37,0.01,-0.00,-0.00
-9814,3.02,-177,2.29,554,2.71,20528,22_07_52_12_05_2025,-5.38,7.93,1.37,0.00,-0.00,-0.00
-10155,3.04,-207,2.29,554,2.71,20568,22_07_52_12_05_2025,-5.39,7.94,1.37,0.01,-0.00,-0.00
-9961,3.03,-315,2.30,554,2.71,20607,22_07_52_12_05_2025,-5.41,7.91,1.36,0.00,-0.00,-0.00
-9853,3.02,-246,2.29,554,2.71,20647,22_07_52_12_05_2025,-5.41,7.94,1.36,0.00,-0.00,-0.00
-10130,3.04,-348,2.30,555,2.71,20689,22_07_53_12_05_2025,-5.38,7.92,1.36,0.00,-0.00,-0.00
-10191,3.04,-154,2.28,555,2.71,20728,22_07_53_12_05_2025,-5.41,7.92,1.37,0.01,-0.00,-0.00
-9840,3.02,-343,2.30,554,2.71,20770,22_07_53_12_05_2025,-5.39,7.93,1.37,0.00,-0.00,-0.00
-9883,3.02,-241,2.29,555,2.71,20810,22_07_53_12_05_2025,-5.40,7.91,1.37,0.00,-0.00,-0.00
-9989,3.03,-42,2.28,554,2.71,20852,22_07_53_12_05_2025,-5.40,7.92,1.38,0.00,-0.00,0.00
-9989,3.03,-88,2.28,554,2.71,20895,22_07_53_12_05_2025,-5.40,7.91,1.37,0.01,-0.00,-0.00
-10009,3.03,-326,2.30,554,2.71,20934,22_07_53_12_05_2025,-5.41,7.92,1.35,0.01,-0.00,-0.00
-10178,3.04,-313,2.30,555,2.71,20973,22_07_53_12_05_2025,-5.40,7.93,1.37,0.00,-0.00,-0.00
-10096,3.04,-137,2.28,554,2.71,21012,22_07_53_12_05_2025,-5.40,7.91,1.34,0.01,-0.00,0.00
-9798,3.02,-295,2.30,554,2.71,21051,22_07_53_12_05_2025,-5.40,7.92,1.37,0.00,-0.00,-0.00
-9946,3.03,-183,2.29,553,2.70,21090,22_07_53_12_05_2025,-5.39,7.91,1.37,0.00,-0.00,0.00
-10119,3.04,-135,2.28,555,2.71,21132,22_07_53_12_05_2025,-5.41,7.91,1.37,0.00,-0.00,-0.00
-9979,3.03,-149,2.28,554,2.71,21171,22_07_53_12_05_2025,-5.40,7.94,1.34,0.01,-0.00,-0.00
-10026,3.03,-338,2.30,555,2.71,21211,22_07_53_12_05_2025,-5.39,7.92,1.36,0.01,-0.00,-0.00
-9876,3.02,-273,2.29,554,2.71,21251,22_07_53_12_05_2025,-5.39,7.92,1.38,0.00,-0.00,-0.00
-9968,3.03,-349,2.30,554,2.71,21291,22_07_53_12_05_2025,-5.39,7.93,1.38,0.00,-0.00,-0.00
-10078,3.04,-286,2.29,554,2.71,21330,22_07_53_12_05_2025,-5.39,7.92,1.36,0.01,-0.00,0.00
-9985,3.03,-178,2.29,555,2.71,21373,22_07_53_12_05_2025,-5.41,7.93,1.39,0.00,-0.00,-0.00
-9965,3.03,-273,2.29,554,2.71,21412,22_07_53_12_05_2025,-5.39,7.93,1.39,0.01,-0.00,-0.00
-10002,3.03,-192,2.29,554,2.71,21451,22_07_53_12_05_2025,-5.41,7.92,1.34,0.01,-0.00,-0.00
-9960,3.03,-210,2.29,554,2.71,21492,22_07_53_12_05_2025,-5.39,7.95,1.37,0.00,-0.00,-0.00
-10126,3.04,-347,2.30,555,2.71,21531,22_07_53_12_05_2025,-5.40,7.91,1.40,0.01,-0.00,0.00
-10199,3.05,-369,2.30,555,2.71,21573,22_07_53_12_05_2025,-5.39,7.93,1.35,0.01,-0.00,0.00
-9945,3.03,-369,2.30,554,2.71,21613,22_07_53_12_05_2025,-5.39,7.94,1.33,0.01,-0.00,0.00
-9956,3.03,-137,2.28,555,2.71,21653,22_07_53_12_05_2025,-5.41,7.92,1.39,0.00,-0.00,-0.00
-10111,3.04,-387,2.30,555,2.71,21692,22_07_54_12_05_2025,-5.40,7.93,1.37,0.01,-0.00,-0.00
-9908,3.02,-117,2.28,555,2.71,21733,22_07_54_12_05_2025,-5.40,7.93,1.35,0.00,-0.00,-0.00
-10267,3.05,-421,2.30,554,2.71,21772,22_07_54_12_05_2025,-5.40,7.92,1.38,0.00,-0.00,-0.00
-10144,3.04,-239,2.29,554,2.71,21815,22_07_54_12_05_2025,-5.40,7.92,1.37,0.00,-0.00,-0.00
-10218,3.05,-109,2.28,554,2.71,21855,22_07_54_12_05_2025,-5.40,7.92,1.34,0.01,-0.00,-0.00
-9922,3.02,-562,2.32,554,2.71,21894,22_07_54_12_05_2025,-5.40,7.92,1.38,0.00,-0.00,0.00
-10074,3.04,-283,2.29,554,2.71,21935,22_07_54_12_05_2025,-5.41,7.91,1.38,0.00,-0.00,-0.00
-10062,3.04,-384,2.30,554,2.71,21978,22_07_54_12_05_2025,-5.40,7.94,1.34,0.01,-0.00,-0.00
-10053,3.03,-356,2.30,554,2.71,22018,22_07_54_12_05_2025,-5.37,7.92,1.32,0.00,-0.00,-0.00
-9996,3.03,-372,2.30,555,2.71,22061,22_07_54_12_05_2025,-5.41,7.91,1.41,0.00,-0.00,0.00
-9978,3.03,-198,2.29,554,2.71,22099,22_07_54_12_05_2025,-5.40,7.96,1.40,0.01,-0.00,-0.00
-10044,3.03,-242,2.29,555,2.71,22138,22_07_54_12_05_2025,-5.40,7.92,1.34,0.01,-0.00,0.00
-10102,3.04,-75,2.28,554,2.71,22178,22_07_54_12_05_2025,-5.43,7.91,1.32,0.01,-0.00,-0.00
-9994,3.03,-56,2.28,554,2.71,22218,22_07_54_12_05_2025,-5.40,7.91,1.43,0.01,0.00,0.01
-9903,3.02,-163,2.29,555,2.71,22260,22_07_54_12_05_2025,-5.41,7.89,1.31,0.00,-0.00,-0.00
-10016,3.03,-332,2.30,555,2.71,22300,22_07_54_12_05_2025,-5.36,7.93,1.33,0.01,-0.00,0.00
-10017,3.03,-244,2.29,554,2.71,22339,22_07_54_12_05_2025,-5.40,7.93,1.40,0.00,-0.00,-0.00
-9924,3.02,-148,2.28,554,2.71,22379,22_07_54_12_05_2025,-5.41,7.91,1.40,0.01,-0.00,0.00
-9842,3.02,-335,2.30,555,2.71,22419,22_07_54_12_05_2025,-5.39,7.92,1.36,0.01,-0.00,0.00
-9903,3.02,-207,2.29,555,2.71,22459,22_07_54_12_05_2025,-5.41,7.92,1.31,0.00,-0.00,-0.00
-10084,3.04,-256,2.29,555,2.71,22501,22_07_54_12_05_2025,-5.40,7.93,1.40,0.00,-0.00,-0.00
-9964,3.03,-162,2.29,554,2.71,22541,22_07_54_12_05_2025,-5.38,7.92,1.38,0.01,-0.00,0.00
-9999,3.03,-344,2.30,554,2.71,22580,22_07_54_12_05_2025,-5.40,7.93,1.34,0.01,-0.00,0.00
-10076,3.04,-106,2.28,554,2.71,22619,22_07_54_12_05_2025,-5.41,7.94,1.36,0.00,-0.00,-0.00
-9920,3.02,-203,2.29,555,2.71,22660,22_07_54_12_05_2025,-5.39,7.92,1.38,0.00,-0.00,0.00
-10109,3.04,-101,2.28,555,2.71,22699,22_07_55_12_05_2025,-5.40,7.94,1.37,0.01,-0.00,-0.00
-9947,3.03,-279,2.29,554,2.71,22741,22_07_55_12_05_2025,-5.38,7.92,1.36,0.01,-0.00,-0.00
-10123,3.04,-297,2.30,554,2.71,22782,22_07_55_12_05_2025,-5.39,7.92,1.36,0.01,-0.00,0.00
-9923,3.02,-67,2.28,555,2.71,22821,22_07_55_12_05_2025,-5.40,7.93,1.36,0.01,-0.00,-0.00
-10036,3.03,-19,2.27,554,2.71,22860,22_07_55_12_05_2025,-5.40,7.91,1.37,0.01,-0.00,0.00
-10179,3.04,-184,2.29,555,2.71,22900,22_07_55_12_05_2025,-5.40,7.92,1.36,0.00,-0.00,-0.00
-10129,3.04,-349,2.30,555,2.71,22939,22_07_55_12_05_2025,-5.39,7.93,1.38,0.01,-0.00,-0.00
-10152,3.04,-241,2.29,554,2.71,22981,22_07_55_12_05_2025,-5.40,7.91,1.33,0.00,-0.00,-0.00
-9948,3.03,-157,2.28,555,2.71,23022,22_07_55_12_05_2025,-5.40,7.94,1.37,0.01,-0.00,-0.00
-10006,3.03,-229,2.29,555,2.71,23061,22_07_55_12_05_2025,-5.39,7.92,1.39,0.01,-0.00,-0.00
-9985,3.03,-164,2.29,554,2.71,23102,22_07_55_12_05_2025,-5.40,7.93,1.36,0.01,-0.00,0.00
-9985,3.03,-155,2.28,555,2.71,23145,22_07_55_12_05_2025,-5.39,7.94,1.33,0.01,-0.00,-0.00
-10029,3.03,-155,2.28,555,2.71,23187,22_07_55_12_05_2025,-5.39,7.92,1.40,0.00,-0.00,-0.00
-10246,3.05,-263,2.29,554,2.71,23227,22_07_55_12_05_2025,-5.40,7.94,1.37,0.00,-0.00,-0.00
-9941,3.03,-403,2.30,554,2.71,23267,22_07_55_12_05_2025,-5.39,7.93,1.34,0.01,-0.00,0.00
-10440,3.06,-306,2.30,554,2.71,23306,22_07_55_12_05_2025,-5.40,7.92,1.35,0.00,-0.00,-0.00
-9954,3.03,-305,2.30,554,2.71,23345,22_07_55_12_05_2025,-5.39,7.94,1.39,0.01,-0.00,0.00
-10102,3.04,-196,2.29,554,2.71,23385,22_07_55_12_05_2025,-5.33,7.80,1.28,0.01,-0.00,-0.00
-10069,3.04,-1,2.27,555,2.71,23427,22_07_55_12_05_2025,-5.74,8.33,0.86,0.27,0.54,-0.10
-9937,3.03,-111,2.28,555,2.71,23468,22_07_55_12_05_2025,-5.55,7.92,1.43,0.07,0.21,0.08
-10136,3.04,-229,2.29,555,2.71,23508,22_07_55_12_05_2025,-6.07,7.53,1.32,0.14,0.12,0.03
-9946,3.03,-315,2.30,554,2.71,23547,22_07_55_12_05_2025,-5.45,8.00,0.92,0.01,-0.08,-0.07
-10197,3.05,-89,2.28,554,2.71,23587,22_07_55_12_05_2025,-5.44,8.02,1.04,0.05,-0.01,0.01
-9842,3.02,-203,2.29,555,2.71,23628,22_07_55_12_05_2025,-5.59,8.00,1.30,0.05,-0.02,0.02
-9891,3.02,-221,2.29,554,2.71,23670,22_07_55_12_05_2025,-5.41,7.92,0.68,-0.09,0.06,0.01
-9861,3.02,-290,2.29,554,2.71,23709,22_07_56_12_05_2025,-5.46,8.20,0.97,-0.09,-0.05,-0.09
-10188,3.04,-426,2.31,554,2.71,23749,22_07_56_12_05_2025,-5.44,7.87,1.17,-0.08,-0.01,-0.06
-10161,3.04,-194,2.29,555,2.71,23789,22_07_56_12_05_2025,-5.86,7.30,0.87,0.21,0.14,0.15
-9867,3.02,-90,2.28,554,2.71,23829,22_07_56_12_05_2025,-5.47,8.25,1.25,0.03,0.09,0.08
-10031,3.03,-196,2.29,554,2.71,23871,22_07_56_12_05_2025,-5.38,7.95,0.89,-0.07,0.17,0.06
-9873,3.02,-191,2.29,554,2.71,23910,22_07_56_12_05_2025,-5.37,8.10,0.96,0.03,-0.05,-0.06
-10084,3.04,-185,2.29,554,2.71,23951,22_07_56_12_05_2025,-5.39,7.86,1.48,-0.02,-0.07,-0.07
-9978,3.03,-302,2.30,555,2.71,23990,22_07_56_12_05_2025,-5.28,8.20,0.73,-0.16,-0.06,0.04
-10176,3.04,-493,2.31,555,2.71,24030,22_07_56_12_05_2025,-5.55,8.08,2.46,-1.11,-0.20,0.08
-10091,3.04,-121,2.28,554,2.71,24070,22_07_56_12_05_2025,-5.41,7.59,1.79,-0.99,-0.25,-0.23
-10192,3.04,-327,2.30,554,2.71,24112,22_07_56_12_05_2025,-5.37,7.60,2.48,-1.49,0.15,-0.16
-10070,3.04,-414,2.30,555,2.71,24151,22_07_56_12_05_2025,-5.61,7.58,2.77,-1.24,0.24,-0.17
-9889,3.02,-129,2.28,555,2.71,24192,22_07_56_12_05_2025,-5.76,7.46,2.65,-1.67,0.20,-0.17
-10043,3.03,-407,2.30,554,2.71,24231,22_07_56_12_05_2025,-5.43,7.24,3.36,-0.46,-0.04,-0.39
-9767,3.01,-250,2.29,554,2.71,24276,22_07_56_12_05_2025,-6.23,6.76,3.32,0.28,0.23,-0.13
-10084,3.04,-134,2.28,555,2.71,24316,22_07_56_12_05_2025,-6.61,6.94,3.33,0.24,-0.13,0.00
-9842,3.02,-186,2.29,554,2.71,24358,22_07_56_12_05_2025,-5.64,7.03,3.53,0.75,-0.28,-0.26
-10062,3.04,-240,2.29,554,2.71,24398,22_07_56_12_05_2025,-6.10,7.49,3.83,0.84,0.24,0.32
-9982,3.03,-43,2.28,555,2.71,24438,22_07_56_12_05_2025,-4.38,9.28,4.45,0.07,-0.02,-0.08
-10055,3.03,-380,2.30,555,2.71,24477,22_07_56_12_05_2025,-6.26,7.14,2.70,-0.87,-0.08,0.18
-10052,3.03,-139,2.28,555,2.71,24518,22_07_56_12_05_2025,-6.18,7.99,3.62,-1.02,-0.01,0.14
-10091,3.04,-106,2.28,554,2.71,24559,22_07_56_12_05_2025,-7.00,7.45,3.32,-2.77,0.01,0.17
-10147,3.04,-320,2.30,555,2.71,24598,22_07_56_12_05_2025,-5.90,6.02,3.43,-0.86,0.35,0.27
-10111,3.04,-286,2.29,554,2.71,24638,22_07_56_12_05_2025,-5.62,6.82,4.23,0.02,0.34,0.17
-10023,3.03,-250,2.29,554,2.71,24677,22_07_56_12_05_2025,-5.66,6.90,4.22,-0.48,0.16,0.12
-9908,3.02,-334,2.30,554,2.71,24716,22_07_57_12_05_2025,-5.62,6.43,4.21,-0.52,0.21,0.11
-9970,3.03,-244,2.29,554,2.71,24757,22_07_57_12_05_2025,-6.12,6.84,4.82,-0.67,-0.09,-0.17
-9965,3.03,-34,2.28,555,2.71,24799,22_07_57_12_05_2025,-5.70,5.94,4.92,-0.28,-0.10,-0.06
-10065,3.04,-137,2.28,554,2.71,24838,22_07_57_12_05_2025,-5.96,6.22,5.06,-0.47,-0.25,0.05
-10023,3.03,-212,2.29,554,2.71,24878,22_07_57_12_05_2025,-5.47,6.02,5.22,-0.44,-0.36,0.11
-9909,3.02,-345,2.30,554,2.71,24918,22_07_57_12_05_2025,-5.37,5.78,5.36,-0.93,-0.33,0.36
-9861,3.02,-399,2.30,554,2.71,24957,22_07_57_12_05_2025,-5.60,5.94,5.22,0.06,-0.58,0.19
-10022,3.03,-141,2.28,554,2.71,24998,22_07_57_12_05_2025,-4.88,5.77,5.77,-0.66,-0.23,0.20
-10165,3.04,-168,2.29,555,2.71,25040,22_07_57_12_05_2025,-6.18,5.34,6.73,-1.35,0.68,0.90
-10087,3.04,-295,2.30,554,2.71,25079,22_07_57_12_05_2025,-4.78,5.74,6.83,-0.85,0.05,0.27
-10011,3.03,33,2.27,555,2.71,25119,22_07_57_12_05_2025,-4.53,5.82,7.27,-0.36,0.12,-0.22
-10124,3.04,-333,2.30,554,2.71,25159,22_07_57_12_05_2025,-5.51,5.52,5.88,-0.45,0.13,-0.37
-9889,3.02,-223,2.29,554,2.71,25199,22_07_57_12_05_2025,-5.22,5.29,7.07,-0.32,-0.11,-0.59
-10094,3.04,-222,2.29,554,2.71,25241,22_07_57_12_05_2025,-5.42,5.11,6.14,-1.19,0.40,-0.59
-10069,3.04,-424,2.30,554,2.71,25280,22_07_57_12_05_2025,-5.16,4.34,5.99,-0.43,0.47,-1.57
-9961,3.03,-77,2.28,554,2.71,25319,22_07_57_12_05_2025,-6.32,3.64,5.49,-0.97,-0.11,-0.52
-10026,3.03,-271,2.29,554,2.71,25360,22_07_57_12_05_2025,-5.49,4.01,6.76,-0.02,0.17,0.01
-10008,3.03,-331,2.30,555,2.71,25400,22_07_57_12_05_2025,-6.30,4.29,5.99,0.63,-0.17,-0.68
-10164,3.04,-84,2.28,554,2.71,25443,22_07_57_12_05_2025,-6.32,4.07,6.55,0.52,-0.27,-0.80
-9995,3.03,-337,2.30,554,2.71,25486,22_07_57_12_05_2025,-6.15,3.72,6.43,0.98,0.08,-0.78
-9998,3.03,-368,2.30,554,2.71,25526,22_07_57_12_05_2025,-6.46,4.04,5.05,1.45,0.11,-0.48
-9939,3.03,-167,2.29,555,2.71,25566,22_07_57_12_05_2025,-5.79,4.43,5.72,1.09,-0.54,-0.42
-9864,3.02,-137,2.28,555,2.71,25606,22_07_57_12_05_2025,-5.40,4.22,7.38,-0.22,-0.20,0.20
-9938,3.03,-311,2.30,554,2.71,25645,22_07_57_12_05_2025,-6.63,4.83,5.09,0.37,-0.11,0.01
-10024,3.03,-204,2.29,554,2.71,25684,22_07_57_12_05_2025,-6.22,4.72,7.35,-0.39,-0.08,-0.12
-9887,3.02,-354,2.30,554,2.71,25726,22_07_58_12_05_2025,-6.91,4.28,5.39,1.32,0.34,-0.48
-10157,3.04,-167,2.29,554,2.71,25765,22_07_58_12_05_2025,-5.77,4.38,5.79,0.96,-0.07,-0.28
-10139,3.04,-175,2.29,554,2.71,25805,22_07_58_12_05_2025,-5.38,5.10,7.27,0.01,-0.56,0.17
-10104,3.04,-300,2.30,553,2.70,25844,22_07_58_12_05_2025,-6.63,5.10,6.37,-0.29,-0.27,0.25
-10134,3.04,-128,2.28,554,2.71,25883,22_07_58_12_05_2025,-6.97,4.38,5.18,0.07,-1.00,-0.45
-9835,3.02,-315,2.30,554,2.71,25926,22_07_58_12_05_2025,-5.16,4.44,7.27,0.78,-0.57,-0.52
-10087,3.04,-35,2.28,554,2.71,25966,22_07_58_12_05_2025,-5.78,4.82,6.52,0.53,-0.39,-0.35
-10079,3.04,-77,2.28,554,2.71,26005,22_07_58_12_05_2025,-5.54,5.10,7.01,-0.23,-0.12,0.05
-10001,3.03,-249,2.29,553,2.70,26045,22_07_58_12_05_2025,-5.97,4.44,5.40,0.05,-0.03,0.26
-10081,3.04,-34,2.28,554,2.71,26085,22_07_58_12_05_2025,-7.44,4.22,5.89,0.12,0.42,0.28
-10035,3.03,-277,2.29,554,2.71,26125,22_07_58_12_05_2025,-6.23,4.94,6.56,-0.05,-0.17,-0.11
-10004,3.03,-321,2.30,554,2.71,26167,22_07_58_12_05_2025,-5.69,5.60,5.28,0.34,-0.36,-0.71
-9872,3.02,-206,2.29,554,2.71,26208,22_07_58_12_05_2025,-6.07,4.11,7.32,-1.12,-0.16,-0.49
-10024,3.03,-369,2.30,553,2.70,26247,22_07_58_12_05_2025,-5.86,4.62,6.38,-0.38,0.30,-0.09
-10023,3.03,-216,2.29,554,2.71,26292,22_07_58_12_05_2025,-5.89,4.68,6.57,0.17,0.29,-0.11
-10205,3.05,-185,2.29,554,2.71,26331,22_07_58_12_05_2025,-6.54,3.87,6.40,-0.32,0.30,0.22
-9869,3.02,-66,2.28,554,2.71,26370,22_07_58_12_05_2025,-6.67,3.70,6.20,-0.50,0.12,0.33
-9950,3.03,-356,2.30,554,2.71,26413,22_07_58_12_05_2025,-5.74,4.60,6.69,0.21,-0.05,0.32
-9989,3.03,-375,2.30,554,2.71,26452,22_07_58_12_05_2025,-6.43,4.22,5.98,0.24,-0.04,0.20
-10049,3.03,-185,2.29,554,2.71,26491,22_07_58_12_05_2025,-6.17,4.92,6.64,-0.06,-0.02,0.27
-10118,3.04,-318,2.30,554,2.71,26531,22_07_58_12_05_2025,-5.68,4.23,6.11,-0.52,0.15,0.32
-9974,3.03,-262,2.29,554,2.71,26571,22_07_58_12_05_2025,-5.89,4.15,6.43,0.41,-0.12,-0.22
-10074,3.04,-156,2.28,554,2.71,26617,22_07_58_12_05_2025,-5.98,4.79,6.05,0.08,-0.21,-0.18
-9863,3.02,-131,2.28,554,2.71,26657,22_07_58_12_05_2025,-6.29,4.18,5.99,0.65,-0.30,-0.22
-10178,3.04,-141,2.28,554,2.71,26696,22_07_59_12_05_2025,-5.56,4.45,6.92,0.38,-0.19,-0.23
-10063,3.04,-94,2.28,554,2.71,26736,22_07_59_12_05_2025,-6.19,4.64,6.47,-0.23,-0.16,-0.15
-10121,3.04,-369,2.30,554,2.71,26776,22_07_59_12_05_2025,-5.04,4.51,6.09,0.08,-0.10,-0.22
-9959,3.03,-314,2.30,554,2.71,26815,22_07_59_12_05_2025,-5.97,4.76,6.82,-0.37,-0.01,-0.00
-10052,3.03,-158,2.28,554,2.71,26857,22_07_59_12_05_2025,-6.41,3.94,5.96,-0.18,-0.01,-0.11
-10069,3.04,-324,2.30,553,2.70,26898,22_07_59_12_05_2025,-5.65,4.04,6.38,0.22,-0.27,-0.16
-10030,3.03,-212,2.29,555,2.71,26937,22_07_59_12_05_2025,-5.57,4.09,6.15,0.20,0.08,0.23
-9866,3.02,-1,2.27,555,2.71,26977,22_07_59_12_05_2025,-5.84,4.94,6.18,0.50,0.31,0.63
-10157,3.04,-130,2.28,554,2.71,27016,22_07_59_12_05_2025,-5.93,4.00,6.39,0.54,0.01,0.09
-10016,3.03,-257,2.29,554,2.71,27055,22_07_59_12_05_2025,-5.78,5.31,6.79,0.44,-0.07,0.13
-10109,3.04,-376,2.30,554,2.71,27098,22_07_59_12_05_2025,-5.99,4.87,5.68,-0.45,0.39,-0.42
-10151,3.04,-178,2.29,554,2.71,27138,22_07_59_12_05_2025,-6.45,4.70,6.37,0.06,0.20,-0.20
-10014,3.03,-242,2.29,554,2.71,27177,22_07_59_12_05_2025,-6.00,4.49,5.75,0.09,-0.10,-0.31
-10142,3.04,-222,2.29,554,2.71,27217,22_07_59_12_05_2025,-5.98,4.20,6.51,0.28,0.03,-0.02
-10219,3.05,-280,2.29,554,2.71,27256,22_07_59_12_05_2025,-5.97,4.52,6.31,-0.40,0.04,0.06
-9953,3.03,-318,2.30,555,2.71,27298,22_07_59_12_05_2025,-6.31,4.65,5.91,0.05,-0.14,-0.01
-10149,3.04,-199,2.29,554,2.71,27338,22_07_59_12_05_2025,-5.89,4.50,6.48,-0.16,-0.01,0.06
-10121,3.04,-300,2.30,554,2.71,27377,22_07_59_12_05_2025,-5.97,4.57,6.29,-0.13,-0.04,-0.06
-9859,3.02,-223,2.29,554,2.71,27417,22_07_59_12_05_2025,-6.59,5.90,7.35,-0.08,0.17,0.06
-10051,3.03,-68,2.28,554,2.71,27456,22_07_59_12_05_2025,-6.18,4.23,6.06,-0.11,-0.10,-0.09
-9994,3.03,-117,2.28,555,2.71,27496,22_07_59_12_05_2025,-6.15,4.26,6.34,-0.08,-0.11,-0.05
-9923,3.02,-53,2.28,554,2.71,27538,22_07_59_12_05_2025,-5.94,4.34,6.19,-0.09,0.09,0.11
-10103,3.04,-206,2.29,555,2.71,27578,22_07_59_12_05_2025,-6.38,4.76,5.94,0.21,0.01,-0.11
-9961,3.03,-63,2.28,554,2.71,27618,22_07_59_12_05_2025,-5.93,4.06,6.54,0.08,0.17,-0.10
-10079,3.04,-240,2.29,555,2.71,27657,22_07_59_12_05_2025,-6.07,4.50,6.36,0.06,0.10,-0.09
-9786,3.01,-243,2.29,554,2.71,27697,22_08_00_12_05_2025,-6.11,4.20,6.40,-0.11,0.07,-0.07
-10046,3.03,-237,2.29,554,2.71,27739,22_08_00_12_05_2025,-6.35,4.37,5.95,-0.03,0.07,-0.20
