-9342,2.98,0,2.27,652,3,1120,08_27_31_19_05_2025,-7.93,5.55,0.88,-0.04,-1.38,0.70
-9284,2.98,87,2.27,664,3,1209,08_27_31_19_05_2025,-7.93,5.56,0.85,0.00,-0.00,-0.00
-9223,2.97,118,2.26,665,3,1235,08_27_31_19_05_2025,-7.92,5.56,0.84,0.00,-0.00,-0.00
-9129,2.96,348,2.25,665,3,1261,08_27_31_19_05_2025,-7.94,5.55,0.84,0.00,-0.00,-0.00
-9237,2.97,234,2.26,665,3,1287,08_27_31_19_05_2025,-7.93,5.55,0.84,0.00,-0.00,0.00
-9186,2.97,265,2.25,665,3,1312,08_27_31_19_05_2025,-7.92,5.54,0.85,0.00,-0.00,-0.00
-9342,2.98,269,2.25,665,3,1338,08_27_31_19_05_2025,-7.93,5.56,0.86,0.00,-0.00,-0.00
-9189,2.97,539,2.23,664,3,1366,08_27_31_19_05_2025,-7.93,5.56,0.86,0.00,-0.00,0.00
-8980,2.95,323,2.25,665,3,1389,08_27_31_19_05_2025,-7.93,5.55,0.85,0.00,-0.00,0.00
-9239,2.97,203,2.26,665,3,1412,08_27_31_19_05_2025,-7.93,5.56,0.86,0.00,-0.00,-0.00
-9465,2.99,219,2.26,664,3,1435,08_27_31_19_05_2025,-7.93,5.55,0.86,0.00,-0.00,-0.00
-9157,2.97,459,2.24,664,3,1458,08_27_31_19_05_2025,-7.93,5.55,0.86,0.00,-0.00,0.00
-9362,2.98,211,2.26,665,3,1483,08_27_31_19_05_2025,-7.93,5.56,0.86,0.00,-0.00,-0.00
-9117,2.96,254,2.25,665,3,1512,08_27_31_19_05_2025,-7.93,5.55,0.86,0.00,-0.00,0.00
-9213,2.97,219,2.26,665,3,1535,08_27_31_19_05_2025,-7.94,5.55,0.86,0.00,-0.00,-0.00
-9180,2.97,382,2.24,665,3,1558,08_27_31_19_05_2025,-7.92,5.54,0.85,0.00,-0.00,0.00
-9299,2.98,193,2.26,665,3,1581,08_27_31_19_05_2025,-7.91,5.55,0.86,0.00,-0.00,-0.00
-9173,2.97,125,2.26,665,3,1603,08_27_31_19_05_2025,-7.94,5.56,0.87,0.00,-0.00,-0.00
-9303,2.98,258,2.25,664,3,1631,08_27_31_19_05_2025,-7.93,5.55,0.86,0.00,-0.00,0.00
-9230,2.97,327,2.25,665,3,1657,08_27_31_19_05_2025,-7.91,5.56,0.84,0.00,-0.00,-0.00
-9208,2.97,296,2.25,665,3,1679,08_27_31_19_05_2025,-7.94,5.55,0.83,0.00,-0.01,-0.00
-9108,2.96,180,2.26,665,3,1705,08_27_31_19_05_2025,-7.88,5.54,0.85,0.00,-0.01,0.00
-9134,2.96,139,2.26,665,3,1731,08_27_31_19_05_2025,-7.98,5.58,0.85,0.01,-0.00,-0.00
-9209,2.97,251,2.25,665,3,1757,08_27_31_19_05_2025,-7.88,5.53,0.89,0.00,-0.00,0.00
-9243,2.97,227,2.26,665,3,1782,08_27_31_19_05_2025,-7.94,5.53,0.85,0.00,-0.01,-0.00
-9349,2.98,446,2.24,665,3,1811,08_27_32_19_05_2025,-7.95,5.58,0.84,0.00,-0.00,0.00
-9280,2.98,447,2.24,664,3,1834,08_27_32_19_05_2025,-7.90,5.55,0.87,0.00,-0.00,0.00
-9219,2.97,138,2.26,665,3,1857,08_27_32_19_05_2025,-7.94,5.56,0.87,0.00,-0.00,-0.00
-9070,2.96,144,2.26,664,3,1880,08_27_32_19_05_2025,-7.94,5.58,0.91,0.00,-0.01,0.00
-9032,2.96,207,2.26,665,3,1902,08_27_32_19_05_2025,-7.92,5.54,0.90,0.00,-0.00,0.00
-9039,2.96,408,2.24,665,3,1928,08_27_32_19_05_2025,-7.91,5.57,0.86,0.00,-0.00,0.00
-9105,2.96,187,2.26,665,3,1957,08_27_32_19_05_2025,-7.91,5.56,0.83,0.00,-0.00,0.00
-9034,2.96,176,2.26,665,3,1979,08_27_32_19_05_2025,-7.94,5.55,0.84,0.00,-0.00,-0.00
-9119,2.96,408,2.24,665,3,2002,08_27_32_19_05_2025,-7.94,5.54,0.87,0.00,-0.00,0.00
-9310,2.98,359,2.25,665,3,2025,08_27_32_19_05_2025,-7.93,5.55,0.90,0.00,-0.01,0.00
-9141,2.97,281,2.25,665,3,2048,08_27_32_19_05_2025,-7.93,5.58,0.90,0.00,-0.01,-0.00
-9146,2.97,118,2.26,665,3,2074,08_27_32_19_05_2025,-7.92,5.56,0.87,0.00,-0.00,-0.00
-8972,2.95,633,2.22,665,3,2102,08_27_32_19_05_2025,-7.97,5.53,0.89,0.00,-0.00,-0.00
-9086,2.96,380,2.24,665,3,2125,08_27_32_19_05_2025,-7.94,5.57,0.90,0.00,-0.01,-0.00
-9453,2.99,348,2.25,664,3,2148,08_27_32_19_05_2025,-7.92,5.55,0.86,0.00,-0.00,0.00
-9141,2.97,349,2.25,664,3,2171,08_27_32_19_05_2025,-7.93,5.57,0.88,0.00,-0.00,-0.00
-9095,2.96,220,2.26,665,3,2194,08_27_32_19_05_2025,-7.93,5.56,0.89,0.00,-0.00,-0.00
-9223,2.97,386,2.24,665,3,2220,08_27_32_19_05_2025,-7.93,5.55,0.88,0.00,-0.00,0.00
-8974,2.95,337,2.25,665,3,2248,08_27_32_19_05_2025,-7.93,5.55,0.86,0.00,-0.00,0.00
-9269,2.97,298,2.25,665,3,2271,08_27_32_19_05_2025,-7.93,5.58,0.87,0.00,-0.00,-0.00
-9132,2.96,397,2.24,665,3,2296,08_27_32_19_05_2025,-7.93,5.57,0.88,0.00,-0.00,-0.00
-8969,2.95,401,2.24,663,3,2324,08_27_32_19_05_2025,-7.92,5.54,0.88,0.00,-0.00,0.00
-9170,2.97,297,2.25,665,3,2349,08_27_32_19_05_2025,-7.93,5.55,0.87,0.00,-0.00,-0.00
-9119,2.96,248,2.25,664,3,2372,08_27_32_19_05_2025,-7.92,5.55,0.88,0.00,-0.00,-0.00
-9048,2.96,377,2.24,664,3,2401,08_27_32_19_05_2025,-7.92,5.56,0.87,0.00,-0.00,-0.00
-9152,2.97,292,2.25,665,3,2424,08_27_32_19_05_2025,-7.93,5.55,0.88,0.00,-0.01,-0.00
-9092,2.96,305,2.25,664,3,2447,08_27_32_19_05_2025,-7.96,5.55,0.88,0.00,-0.00,-0.00
-8949,2.95,390,2.24,665,3,2470,08_27_32_19_05_2025,-7.92,5.56,0.87,0.00,-0.00,-0.00
-9074,2.96,393,2.24,664,3,2492,08_27_32_19_05_2025,-7.91,5.54,0.85,0.00,-0.00,0.00
-9169,2.97,123,2.26,665,3,2518,08_27_32_19_05_2025,-7.92,5.56,0.87,0.00,-0.00,-0.00
-9020,2.96,397,2.24,665,3,2546,08_27_32_19_05_2025,-7.94,5.54,0.88,0.00,-0.00,0.00
-9164,2.97,234,2.26,665,3,2569,08_27_32_19_05_2025,-7.93,5.56,0.89,0.00,-0.00,-0.00
-9294,2.98,231,2.26,665,3,2592,08_27_32_19_05_2025,-7.95,5.55,0.89,0.00,-0.00,-0.00
-9056,2.96,151,2.26,665,3,2615,08_27_32_19_05_2025,-7.93,5.57,0.87,0.00,-0.00,0.00
-8900,2.95,48,2.27,665,3,2638,08_27_32_19_05_2025,-7.92,5.54,0.83,0.00,-0.00,0.00
-9138,2.96,143,2.26,664,3,2664,08_27_32_19_05_2025,-7.95,5.55,0.85,0.00,-0.00,-0.00
-9223,2.97,418,2.24,664,3,2692,08_27_32_19_05_2025,-7.93,5.55,0.89,0.00,-0.00,-0.00
-9178,2.97,391,2.24,665,3,2715,08_27_32_19_05_2025,-7.90,5.56,0.89,0.00,-0.00,0.00
-9121,2.96,382,2.24,665,3,2738,08_27_32_19_05_2025,-7.93,5.56,0.88,0.00,-0.00,-0.00
-9190,2.97,310,2.25,665,3,2761,08_27_32_19_05_2025,-7.94,5.56,0.88,0.00,-0.00,-0.00
-9148,2.97,370,2.24,664,3,2784,08_27_32_19_05_2025,-7.93,5.54,0.85,0.00,-0.00,-0.00
-9073,2.96,601,2.23,665,3,2810,08_27_33_19_05_2025,-7.93,5.55,0.85,0.00,-0.00,0.00
-8978,2.95,464,2.24,665,3,2838,08_27_33_19_05_2025,-7.92,5.57,0.89,0.00,-0.00,-0.00
-9206,2.97,346,2.25,664,3,2861,08_27_33_19_05_2025,-7.93,5.56,0.91,0.00,-0.00,-0.00
-9145,2.97,189,2.26,664,3,2884,08_27_33_19_05_2025,-7.92,5.56,0.90,0.00,-0.00,-0.00
-9071,2.96,543,2.23,665,3,2907,08_27_33_19_05_2025,-7.93,5.55,0.87,0.00,-0.00,-0.00
-9155,2.97,280,2.25,665,3,2930,08_27_33_19_05_2025,-7.92,5.55,0.85,0.00,-0.00,-0.00
-9119,2.96,267,2.25,665,3,2956,08_27_33_19_05_2025,-7.93,5.56,0.86,0.00,-0.00,-0.00
-9162,2.97,455,2.24,664,3,2984,08_27_33_19_05_2025,-7.93,5.55,0.88,0.00,-0.00,-0.00
-9162,2.97,476,2.24,665,3,3007,08_27_33_19_05_2025,-7.91,5.55,0.89,0.00,-0.00,-0.00
-9063,2.96,161,2.26,664,3,3032,08_27_33_19_05_2025,-7.93,5.57,0.88,0.00,-0.00,-0.00
-9179,2.97,289,2.25,665,3,3058,08_27_33_19_05_2025,-7.93,5.56,0.88,0.00,-0.00,0.00
-9078,2.96,293,2.25,664,3,3080,08_27_33_19_05_2025,-7.93,5.56,0.86,0.00,-0.00,-0.00
-9471,2.99,472,2.24,665,3,3106,08_27_33_19_05_2025,-7.92,5.55,0.87,0.00,-0.00,-0.00
-9269,2.97,325,2.25,664,3,3135,08_27_33_19_05_2025,-7.92,5.56,0.89,0.00,-0.00,-0.00
-8925,2.95,211,2.26,665,3,3158,08_27_33_19_05_2025,-7.91,5.56,0.89,0.00,-0.00,-0.00
-9081,2.96,376,2.24,665,3,3181,08_27_33_19_05_2025,-7.92,5.55,0.89,0.00,-0.00,-0.00
-8927,2.95,466,2.24,665,3,3204,08_27_33_19_05_2025,-7.92,5.55,0.87,0.00,-0.00,-0.00
-9157,2.97,240,2.25,665,3,3227,08_27_33_19_05_2025,-7.93,5.55,0.87,0.00,-0.00,-0.00
-9145,2.97,302,2.25,664,3,3253,08_27_33_19_05_2025,-7.92,5.56,0.88,0.00,-0.00,0.00
-9032,2.96,244,2.25,664,3,3281,08_27_33_19_05_2025,-7.93,5.57,0.88,0.00,-0.00,0.00
-9151,2.97,273,2.25,665,3,3304,08_27_33_19_05_2025,-7.93,5.55,0.87,0.00,-0.00,0.00
-9113,2.96,331,2.25,665,3,3327,08_27_33_19_05_2025,-7.92,5.56,0.88,0.00,-0.00,0.00
-9179,2.97,320,2.25,665,3,3349,08_27_33_19_05_2025,-7.93,5.55,0.88,0.00,-0.00,0.00
-8974,2.95,564,2.23,665,3,3372,08_27_33_19_05_2025,-7.93,5.55,0.88,0.00,-0.00,-0.00
-9228,2.97,169,2.26,664,3,3398,08_27_33_19_05_2025,-7.94,5.56,0.87,0.00,-0.00,-0.00
-9221,2.97,476,2.24,665,3,3427,08_27_33_19_05_2025,-7.92,5.55,0.87,0.00,-0.00,0.00
-9120,2.96,312,2.25,664,3,3449,08_27_33_19_05_2025,-7.92,5.55,0.88,0.00,-0.00,0.00
-9228,2.97,270,2.25,665,3,3475,08_27_33_19_05_2025,-7.93,5.58,0.88,0.00,-0.00,-0.00
-9114,2.96,458,2.24,665,3,3500,08_27_33_19_05_2025,-7.93,5.55,0.88,0.00,-0.00,0.00
-9045,2.96,383,2.24,665,3,3526,08_27_33_19_05_2025,-7.93,5.55,0.87,0.00,-0.00,0.00
-9079,2.96,498,2.23,664,3,3552,08_27_33_19_05_2025,-7.93,5.54,0.87,0.00,-0.00,-0.00
-8903,2.95,301,2.25,665,3,3580,08_27_33_19_05_2025,-7.92,5.57,0.89,0.00,-0.00,0.00
-9192,2.97,391,2.24,664,3,3603,08_27_33_19_05_2025,-7.93,5.57,0.89,0.00,-0.00,-0.00
-9017,2.96,429,2.24,665,3,3626,08_27_33_19_05_2025,-7.93,5.56,0.87,0.00,-0.00,-0.00
-9038,2.96,245,2.25,665,3,3648,08_27_33_19_05_2025,-7.94,5.56,0.87,0.00,-0.00,0.00
-9241,2.97,403,2.24,664,3,3671,08_27_33_19_05_2025,-7.93,5.56,0.88,0.00,-0.00,0.00
-9377,2.98,480,2.24,666,3,3694,08_27_33_19_05_2025,-7.93,5.55,0.88,0.00,-0.00,-0.00
-9125,2.96,441,2.24,664,3,3719,08_27_33_19_05_2025,-7.92,5.56,0.89,0.00,-0.00,0.00
-9266,2.97,358,2.25,665,3,3745,08_27_33_19_05_2025,-7.93,5.55,0.86,0.00,-0.00,-0.00
-9204,2.97,335,2.25,665,3,3770,08_27_33_19_05_2025,-7.93,5.55,0.87,0.01,-0.00,-0.00
-9127,2.96,134,2.26,665,3,3793,08_27_34_19_05_2025,-7.93,5.55,0.88,0.00,-0.00,0.00
-8995,2.95,331,2.25,664,3,3816,08_27_34_19_05_2025,-7.92,5.57,0.88,0.01,-0.00,-0.00
-9072,2.96,371,2.24,664,3,3839,08_27_34_19_05_2025,-7.93,5.56,0.89,0.00,-0.00,-0.00
-9085,2.96,554,2.23,664,3,3865,08_27_34_19_05_2025,-7.93,5.55,0.87,0.01,-0.00,0.00
-9159,2.97,507,2.23,663,3,3887,08_27_34_19_05_2025,-7.94,5.56,0.88,0.00,-0.00,0.00
-9169,2.97,429,2.24,665,3,3910,08_27_34_19_05_2025,-7.92,5.56,0.88,0.00,-0.00,-0.00
-9091,2.96,493,2.24,665,3,3933,08_27_34_19_05_2025,-7.93,5.55,0.87,0.00,-0.00,0.00
-9221,2.97,510,2.23,665,3,3956,08_27_34_19_05_2025,-7.92,5.55,0.88,0.01,-0.00,0.00
-9197,2.97,398,2.24,664,3,3981,08_27_34_19_05_2025,-7.93,5.55,0.88,0.00,-0.00,-0.00
-9070,2.96,370,2.24,664,3,4007,08_27_34_19_05_2025,-7.92,5.56,0.89,0.00,-0.00,0.00
-9223,2.97,431,2.24,665,3,4036,08_27_34_19_05_2025,-7.93,5.55,0.87,0.00,-0.00,0.00
-9064,2.96,327,2.25,665,3,4059,08_27_34_19_05_2025,-7.93,5.56,0.85,0.00,-0.00,-0.00
-9143,2.97,370,2.24,664,3,4081,08_27_34_19_05_2025,-7.94,5.55,0.87,0.00,-0.00,-0.00
-9070,2.96,361,2.25,665,3,4104,08_27_34_19_05_2025,-7.92,5.56,0.89,0.00,-0.00,0.00
-9111,2.96,397,2.24,665,3,4127,08_27_34_19_05_2025,-7.93,5.56,0.90,0.00,-0.00,0.00
-8848,2.94,489,2.24,665,3,4153,08_27_34_19_05_2025,-7.91,5.56,0.89,0.00,-0.00,-0.00
-9060,2.96,432,2.24,665,3,4181,08_27_34_19_05_2025,-7.93,5.54,0.87,0.00,-0.00,-0.00
-9094,2.96,344,2.25,665,3,4204,08_27_34_19_05_2025,-7.94,5.57,0.86,0.00,-0.00,-0.00
-9060,2.96,402,2.24,665,3,4227,08_27_34_19_05_2025,-7.93,5.56,0.86,0.00,-0.00,-0.00
-9059,2.96,363,2.25,664,3,4250,08_27_34_19_05_2025,-7.93,5.56,0.89,0.00,-0.00,0.00
-9056,2.96,472,2.24,665,3,4273,08_27_34_19_05_2025,-7.92,5.55,0.88,0.00,-0.00,-0.00
-9026,2.96,459,2.24,665,3,4299,08_27_34_19_05_2025,-7.95,5.55,0.88,0.00,-0.00,-0.00
-9065,2.96,342,2.25,665,3,4327,08_27_34_19_05_2025,-7.93,5.56,0.87,0.00,-0.00,0.00
-9259,2.97,264,2.25,665,3,4350,08_27_34_19_05_2025,-7.92,5.54,0.87,0.00,-0.00,0.00
-9225,2.97,527,2.23,664,3,4373,08_27_34_19_05_2025,-7.93,5.54,0.88,0.01,-0.00,-0.00
-9138,2.96,423,2.24,665,3,4396,08_27_34_19_05_2025,-7.92,5.56,0.88,0.00,-0.00,-0.00
-9301,2.98,356,2.25,665,3,4419,08_27_34_19_05_2025,-7.94,5.55,0.89,0.00,-0.00,-0.00
-9151,2.97,428,2.24,664,3,4448,08_27_34_19_05_2025,-7.91,5.56,0.87,0.00,-0.00,0.00
-9052,2.96,320,2.25,665,3,4476,08_27_34_19_05_2025,-7.93,5.56,0.87,0.00,-0.00,0.00
-8942,2.95,306,2.25,665,3,4498,08_27_34_19_05_2025,-7.93,5.55,0.88,0.00,-0.00,0.00
-9225,2.97,313,2.25,665,3,4521,08_27_34_19_05_2025,-7.93,5.55,0.87,0.00,-0.01,0.00
-9321,2.98,347,2.25,664,3,4544,08_27_34_19_05_2025,-7.93,5.56,0.88,0.00,-0.00,0.00
-9106,2.96,188,2.26,665,3,4570,08_27_34_19_05_2025,-7.92,5.56,0.88,0.00,-0.00,0.00
-9121,2.96,483,2.24,664,3,4595,08_27_34_19_05_2025,-7.93,5.56,0.87,0.00,-0.00,-0.00
-9050,2.96,456,2.24,665,3,4624,08_27_34_19_05_2025,-7.93,5.56,0.87,0.00,-0.00,0.00
-9057,2.96,285,2.25,665,3,4647,08_27_34_19_05_2025,-7.92,5.55,0.88,0.00,-0.00,0.00
-9042,2.96,463,2.24,664,3,4672,08_27_34_19_05_2025,-7.93,5.56,0.88,0.01,-0.00,-0.00
-8943,2.95,420,2.24,664,3,4698,08_27_34_19_05_2025,-7.92,5.56,0.88,0.00,-0.00,0.00
-9236,2.97,491,2.24,665,3,4723,08_27_34_19_05_2025,-7.93,5.56,0.89,0.00,-0.00,0.00
-9190,2.97,333,2.25,665,3,4749,08_27_34_19_05_2025,-7.93,5.55,0.87,0.00,-0.00,-0.00
-9095,2.96,485,2.24,665,3,4777,08_27_34_19_05_2025,-7.93,5.55,0.88,0.00,-0.00,-0.00
-9298,2.98,634,2.22,664,3,4800,08_27_35_19_05_2025,-7.93,5.56,0.89,0.01,-0.00,-0.00
-9241,2.97,231,2.26,665,3,4823,08_27_35_19_05_2025,-7.92,5.57,0.89,0.00,-0.00,-0.00
-9040,2.96,312,2.25,665,3,4846,08_27_35_19_05_2025,-7.92,5.55,0.87,0.00,-0.00,-0.00
-9232,2.97,266,2.25,664,3,4869,08_27_35_19_05_2025,-7.92,5.55,0.87,0.01,-0.00,-0.00
-8940,2.95,386,2.24,664,3,4894,08_27_35_19_05_2025,-7.94,5.55,0.87,0.01,-0.00,-0.00
-8978,2.95,558,2.23,665,3,4923,08_27_35_19_05_2025,-7.92,5.55,0.89,0.00,-0.00,0.00
-9136,2.96,627,2.23,665,3,4946,08_27_35_19_05_2025,-7.92,5.54,0.88,0.00,-0.00,-0.00
-9042,2.96,374,2.24,665,3,4969,08_27_35_19_05_2025,-7.92,5.55,0.87,0.01,-0.00,-0.00
-9115,2.96,496,2.24,665,3,4992,08_27_35_19_05_2025,-7.93,5.55,0.88,0.00,-0.00,-0.00
-8940,2.95,364,2.25,664,3,5015,08_27_35_19_05_2025,-7.93,5.57,0.88,0.00,-0.00,-0.00
-9283,2.98,473,2.24,665,3,5040,08_27_35_19_05_2025,-7.94,5.54,0.89,0.00,-0.00,0.00
-9068,2.96,411,2.24,665,3,5069,08_27_35_19_05_2025,-7.93,5.57,0.87,0.00,-0.00,-0.00
-9082,2.96,443,2.24,665,3,5092,08_27_35_19_05_2025,-7.93,5.56,0.88,0.00,-0.00,0.00
-9113,2.96,455,2.24,665,3,5115,08_27_35_19_05_2025,-7.93,5.55,0.89,0.00,-0.00,-0.00
-9044,2.96,374,2.24,664,3,5138,08_27_35_19_05_2025,-7.95,5.56,0.88,0.00,-0.00,-0.00
-9119,2.96,414,2.24,665,3,5164,08_27_35_19_05_2025,-7.92,5.54,0.86,0.00,-0.00,-0.00
-8911,2.95,414,2.24,664,3,5188,08_27_35_19_05_2025,-7.93,5.55,0.87,0.00,-0.00,-0.00
-9114,2.96,554,2.23,665,3,5214,08_27_35_19_05_2025,-7.93,5.56,0.88,0.00,-0.00,0.00
-9081,2.96,240,2.25,665,3,5237,08_27_35_19_05_2025,-7.93,5.56,0.88,0.00,-0.00,-0.00
-9360,2.98,449,2.24,665,3,5260,08_27_35_19_05_2025,-7.92,5.55,0.89,0.00,-0.00,-0.00
-9135,2.96,323,2.25,665,3,5282,08_27_35_19_05_2025,-7.93,5.55,0.87,0.00,-0.00,-0.00
-9127,2.96,444,2.24,665,3,5305,08_27_35_19_05_2025,-7.93,5.55,0.87,0.00,-0.00,-0.00
-9218,2.97,328,2.25,664,3,5334,08_27_35_19_05_2025,-7.92,5.56,0.86,0.00,-0.00,-0.00
-9041,2.96,260,2.25,665,3,5360,08_27_35_19_05_2025,-7.93,5.56,0.87,0.00,-0.00,0.00
-9344,2.98,367,2.24,665,3,5382,08_27_35_19_05_2025,-7.92,5.55,0.89,0.00,-0.00,-0.00
-9119,2.96,439,2.24,665,3,5405,08_27_35_19_05_2025,-7.93,5.56,0.88,0.01,-0.00,-0.00
-9108,2.96,428,2.24,666,3,5431,08_27_35_19_05_2025,-7.93,5.56,0.89,0.00,-0.00,-0.00
-9243,2.97,418,2.24,665,3,5457,08_27_35_19_05_2025,-7.93,5.55,0.87,0.00,-0.00,0.00
-9208,2.97,453,2.24,664,3,5483,08_27_35_19_05_2025,-7.94,5.55,0.87,0.00,-0.00,0.00
-9082,2.96,516,2.23,665,3,5517,08_27_35_19_05_2025,-7.93,5.56,0.88,0.00,-0.00,0.00
-9314,2.98,456,2.24,664,3,5539,08_27_35_19_05_2025,-7.93,5.56,0.89,0.01,-0.00,0.00
-9272,2.98,417,2.24,664,3,5562,08_27_35_19_05_2025,-7.93,5.55,0.89,0.00,-0.00,-0.00
-9012,2.96,199,2.26,665,3,5585,08_27_35_19_05_2025,-7.92,5.56,0.87,0.00,-0.00,0.00
-9124,2.96,429,2.24,664,3,5608,08_27_35_19_05_2025,-7.92,5.56,0.87,0.00,-0.00,0.00
-9078,2.96,369,2.24,665,3,5634,08_27_35_19_05_2025,-7.93,5.57,0.88,0.00,-0.00,-0.00
-8989,2.95,370,2.24,665,3,5663,08_27_35_19_05_2025,-7.94,5.57,0.88,0.00,-0.00,0.00
-9180,2.97,543,2.23,665,3,5685,08_27_35_19_05_2025,-7.92,5.56,0.88,0.00,-0.00,-0.00
-9134,2.96,371,2.24,664,3,5708,08_27_35_19_05_2025,-7.93,5.55,0.87,0.00,-0.00,0.00
-9140,2.97,380,2.24,665,3,5731,08_27_35_19_05_2025,-7.92,5.56,0.89,0.00,-0.00,0.00
-8953,2.95,262,2.25,664,3,5754,08_27_35_19_05_2025,-7.92,5.55,0.89,0.00,-0.00,0.00
-8978,2.95,309,2.25,665,3,5780,08_27_35_19_05_2025,-7.93,5.55,0.87,0.00,-0.00,0.00
-9106,2.96,461,2.24,664,3,5808,08_27_36_19_05_2025,-7.93,5.56,0.88,0.00,-0.00,-0.00
-9122,2.96,425,2.24,665,3,5831,08_27_36_19_05_2025,-7.93,5.54,0.89,0.01,-0.00,0.00
-9213,2.97,343,2.25,665,3,5854,08_27_36_19_05_2025,-7.93,5.55,0.88,0.00,-0.00,-0.00
-9034,2.96,455,2.24,665,3,5879,08_27_36_19_05_2025,-7.93,5.55,0.87,0.00,-0.00,-0.00
-9181,2.97,476,2.24,664,3,5902,08_27_36_19_05_2025,-7.92,5.56,0.87,0.00,-0.00,-0.00
-8997,2.95,503,2.23,664,3,5925,08_27_36_19_05_2025,-7.93,5.55,0.88,0.00,-0.00,-0.00
-9315,2.98,521,2.23,666,3,5956,08_27_36_19_05_2025,-7.93,5.56,0.88,0.00,-0.00,-0.00
-9123,2.96,521,2.23,665,3,5982,08_27_36_19_05_2025,-7.93,5.55,0.87,0.00,-0.00,-0.00
-9016,2.96,338,2.25,665,3,6007,08_27_36_19_05_2025,-7.92,5.56,0.87,0.01,-0.00,-0.00
-9202,2.97,393,2.24,665,3,6033,08_27_36_19_05_2025,-7.93,5.56,0.88,0.00,-0.00,-0.00
-9151,2.97,397,2.24,665,3,6059,08_27_36_19_05_2025,-7.93,5.55,0.88,0.00,-0.00,0.00
-9220,2.97,522,2.23,665,3,6084,08_27_36_19_05_2025,-7.93,5.56,0.87,0.00,-0.00,-0.00
-9218,2.97,544,2.23,665,3,6113,08_27_36_19_05_2025,-7.93,5.54,0.87,0.00,-0.00,0.00
-9195,2.97,379,2.24,665,3,6136,08_27_36_19_05_2025,-7.93,5.57,0.87,0.00,-0.00,-0.00
-9168,2.97,329,2.25,665,3,6159,08_27_36_19_05_2025,-7.94,5.57,0.88,0.00,-0.00,-0.00
-9175,2.97,252,2.25,665,3,6182,08_27_36_19_05_2025,-7.93,5.55,0.87,0.00,-0.00,0.00
-9143,2.97,462,2.24,665,3,6204,08_27_36_19_05_2025,-7.93,5.56,0.87,0.00,-0.00,0.00
-9113,2.96,482,2.24,665,3,6230,08_27_36_19_05_2025,-7.93,5.56,0.88,0.01,-0.00,-0.00
-9014,2.96,363,2.25,665,3,6259,08_27_36_19_05_2025,-7.93,5.55,0.89,0.00,-0.00,-0.00
-9145,2.97,572,2.23,664,3,6282,08_27_36_19_05_2025,-7.92,5.55,0.87,0.00,-0.00,-0.00
-9283,2.98,572,2.23,664,3,6304,08_27_36_19_05_2025,-7.93,5.55,0.87,0.00,-0.00,0.00
-9029,2.96,407,2.24,665,3,6327,08_27_36_19_05_2025,-7.93,5.56,0.87,0.00,-0.00,-0.00
-9005,2.95,402,2.24,665,3,6350,08_27_36_19_05_2025,-7.94,5.56,0.88,0.00,-0.01,0.00
-9292,2.98,527,2.23,664,3,6376,08_27_36_19_05_2025,-7.93,5.55,0.88,0.00,-0.00,-0.00
-9085,2.96,262,2.25,666,3,6404,08_27_36_19_05_2025,-7.92,5.55,0.88,0.00,-0.00,-0.00
-9057,2.96,395,2.24,665,3,6427,08_27_36_19_05_2025,-7.93,5.56,0.88,0.00,-0.00,0.00
-9142,2.97,593,2.23,665,3,6450,08_27_36_19_05_2025,-7.93,5.54,0.87,0.01,-0.00,0.00
-9091,2.96,562,2.23,665,3,6473,08_27_36_19_05_2025,-7.93,5.56,0.88,0.00,-0.00,-0.00
-8924,2.95,216,2.26,665,3,6496,08_27_36_19_05_2025,-7.93,5.55,0.86,0.00,-0.00,-0.00
-9118,2.96,470,2.24,664,3,6521,08_27_36_19_05_2025,-7.93,5.55,0.88,0.00,-0.00,-0.00
-9084,2.96,336,2.25,664,3,6550,08_27_36_19_05_2025,-7.94,5.56,0.89,0.00,-0.00,0.00
-9161,2.97,543,2.23,665,3,6573,08_27_36_19_05_2025,-7.93,5.56,0.88,0.01,-0.00,-0.00
-9163,2.97,428,2.24,665,3,6598,08_27_36_19_05_2025,-7.93,5.55,0.88,0.00,-0.00,-0.00
-8993,2.95,411,2.24,665,3,6621,08_27_36_19_05_2025,-7.92,5.56,0.88,0.01,-0.00,-0.00
-9210,2.97,486,2.24,664,3,6647,08_27_36_19_05_2025,-7.93,5.56,0.87,0.00,-0.00,0.00
-9263,2.97,554,2.23,664,3,6672,08_27_36_19_05_2025,-7.92,5.56,0.87,0.00,-0.00,-0.00
-9287,2.98,373,2.24,665,3,6701,08_27_36_19_05_2025,-7.92,5.55,0.88,0.00,-0.00,0.00
-9016,2.96,321,2.25,665,3,6724,08_27_36_19_05_2025,-7.92,5.55,0.88,0.00,-0.00,0.00
-9097,2.96,438,2.24,665,3,6747,08_27_36_19_05_2025,-7.93,5.56,0.88,0.00,-0.00,-0.00
-9135,2.96,490,2.24,665,3,6769,08_27_36_19_05_2025,-7.92,5.56,0.87,0.00,-0.00,0.00
-9074,2.96,498,2.23,665,3,6792,08_27_37_19_05_2025,-7.94,5.55,0.89,0.01,-0.00,-0.00
-9131,2.96,350,2.25,665,3,6818,08_27_37_19_05_2025,-7.92,5.55,0.87,0.00,-0.00,-0.00
-8959,2.95,251,2.25,665,3,6844,08_27_37_19_05_2025,-7.93,5.55,0.88,0.00,-0.00,-0.00
-8952,2.95,419,2.24,664,3,6873,08_27_37_19_05_2025,-7.92,5.55,0.88,0.00,-0.00,-0.00
-9098,2.96,113,2.26,665,3,6896,08_27_37_19_05_2025,-7.92,5.55,0.88,0.00,-0.00,-0.00
-8979,2.95,329,2.25,665,3,6919,08_27_37_19_05_2025,-7.92,5.55,0.87,0.00,-0.00,-0.00
-9050,2.96,376,2.24,665,3,6941,08_27_37_19_05_2025,-7.92,5.56,0.89,0.00,-0.00,-0.00
-9361,2.98,613,2.23,664,3,6964,08_27_37_19_05_2025,-7.93,5.57,0.89,0.00,-0.00,-0.00
-9032,2.96,513,2.23,665,3,6990,08_27_37_19_05_2025,-7.93,5.56,0.89,0.00,-0.00,-0.00
-9027,2.96,577,2.23,665,3,7019,08_27_37_19_05_2025,-7.92,5.55,0.88,0.00,-0.00,-0.00
-9071,2.96,491,2.24,664,3,7042,08_27_37_19_05_2025,-7.93,5.55,0.87,0.00,-0.00,0.00
-9124,2.96,531,2.23,665,3,7064,08_27_37_19_05_2025,-7.93,5.56,0.88,0.00,-0.00,-0.00
-9278,2.98,309,2.25,665,3,7087,08_27_37_19_05_2025,-7.93,5.56,0.88,0.00,-0.00,0.00
-9385,2.98,375,2.24,665,3,7110,08_27_37_19_05_2025,-7.92,5.56,0.89,0.00,-0.00,0.00
-9183,2.97,581,2.23,665,3,7132,08_27_37_19_05_2025,-7.93,5.56,0.89,0.00,-0.00,-0.00
-9071,2.96,383,2.24,665,3,7158,08_27_37_19_05_2025,-7.92,5.55,0.88,0.00,-0.00,0.00
-9181,2.97,525,2.23,665,3,7181,08_27_37_19_05_2025,-7.93,5.56,0.89,0.00,-0.00,-0.00
-9164,2.97,373,2.24,664,3,7206,08_27_37_19_05_2025,-7.93,5.56,0.86,0.00,-0.00,-0.00
-8995,2.95,511,2.23,665,3,7232,08_27_37_19_05_2025,-7.92,5.56,0.87,0.00,-0.00,0.00
-9041,2.96,414,2.24,665,3,7258,08_27_37_19_05_2025,-7.93,5.56,0.87,0.00,-0.00,-0.00
-9152,2.97,425,2.24,665,3,7283,08_27_37_19_05_2025,-7.93,5.56,0.89,0.00,-0.00,-0.00
-9025,2.96,374,2.24,665,3,7314,08_27_37_19_05_2025,-7.93,5.58,0.88,0.00,-0.00,-0.00
-9177,2.97,175,2.26,664,3,7340,08_27_37_19_05_2025,-7.93,5.54,0.88,0.00,-0.00,-0.00
-9011,2.96,415,2.24,665,3,7369,08_27_37_19_05_2025,-7.92,5.54,0.88,0.00,-0.00,0.00
-8944,2.95,277,2.25,665,3,7391,08_27_37_19_05_2025,-7.94,5.57,0.89,0.00,-0.00,-0.00
-9200,2.97,428,2.24,665,3,7414,08_27_37_19_05_2025,-7.93,5.56,0.88,0.00,-0.00,0.00
-9013,2.96,394,2.24,665,3,7437,08_27_37_19_05_2025,-7.91,5.54,0.87,0.01,-0.00,0.00
-9040,2.96,66,2.27,665,3,7463,08_27_37_19_05_2025,-7.93,5.55,0.88,0.00,-0.00,-0.00
-9178,2.97,476,2.24,665,3,7486,08_27_37_19_05_2025,-7.94,5.58,0.88,0.01,-0.00,-0.00
-9116,2.96,429,2.24,665,3,7512,08_27_37_19_05_2025,-7.90,5.55,0.89,0.01,-0.00,0.00
-9226,2.97,350,2.25,665,3,7537,08_27_37_19_05_2025,-7.92,5.55,0.87,0.01,-0.00,-0.00
-8996,2.95,493,2.24,664,3,7563,08_27_37_19_05_2025,-7.93,5.57,0.89,0.01,-0.00,0.00
-8999,2.95,369,2.24,664,3,7589,08_27_37_19_05_2025,-7.91,5.52,0.87,0.00,-0.00,0.00
-8990,2.95,430,2.24,665,3,7617,08_27_37_19_05_2025,-7.93,5.58,0.87,0.00,-0.00,-0.00
-9170,2.97,357,2.25,665,3,7640,08_27_37_19_05_2025,-7.92,5.54,0.87,0.01,-0.00,0.00
-9055,2.96,455,2.24,665,3,7663,08_27_37_19_05_2025,-7.90,5.54,0.87,0.00,-0.00,-0.00
-9175,2.97,511,2.23,665,3,7686,08_27_37_19_05_2025,-7.95,5.57,0.87,0.00,-0.00,0.00
-9096,2.96,468,2.24,665,3,7709,08_27_37_19_05_2025,-7.93,5.56,0.90,0.00,-0.00,0.00
-9307,2.98,421,2.24,665,3,7734,08_27_37_19_05_2025,-7.93,5.56,0.89,0.00,-0.00,-0.00
-9165,2.97,442,2.24,665,3,7763,08_27_37_19_05_2025,-7.92,5.56,0.87,0.00,-0.00,0.00
-8998,2.95,357,2.25,664,3,7786,08_27_38_19_05_2025,-7.92,5.55,0.86,0.00,-0.00,-0.00
-9226,2.97,368,2.24,665,3,7809,08_27_38_19_05_2025,-7.93,5.55,0.88,0.00,-0.00,-0.00
-9152,2.97,214,2.26,665,3,7832,08_27_38_19_05_2025,-7.92,5.55,0.88,0.00,-0.00,0.00
-8890,2.95,398,2.24,665,3,7854,08_27_38_19_05_2025,-7.92,5.56,0.89,0.00,-0.00,0.00
-8947,2.95,463,2.24,665,3,7880,08_27_38_19_05_2025,-7.92,5.57,0.89,0.00,-0.00,-0.00
-9117,2.96,543,2.23,665,3,7909,08_27_38_19_05_2025,-7.92,5.55,0.87,0.01,-0.00,0.00
-9375,2.98,307,2.25,663,3,7932,08_27_38_19_05_2025,-7.92,5.55,0.87,0.00,-0.00,-0.00
-9087,2.96,513,2.23,665,3,7955,08_27_38_19_05_2025,-7.93,5.57,0.87,0.00,-0.00,-0.00
-9017,2.96,395,2.24,665,3,7977,08_27_38_19_05_2025,-7.92,5.56,0.87,0.00,-0.00,0.00
-9051,2.96,355,2.25,665,3,8000,08_27_38_19_05_2025,-7.92,5.56,0.88,0.00,-0.00,0.00
-9028,2.96,436,2.24,665,3,8028,08_27_38_19_05_2025,-7.93,5.55,0.88,0.00,-0.00,0.00
-8932,2.95,433,2.24,665,3,8054,08_27_38_19_05_2025,-7.92,5.55,0.88,0.00,-0.00,0.00
-9175,2.97,191,2.26,664,3,8077,08_27_38_19_05_2025,-7.94,5.57,0.88,0.00,-0.00,-0.00
-9232,2.97,279,2.25,665,3,8100,08_27_38_19_05_2025,-7.92,5.57,0.87,0.00,-0.01,-0.00
-8961,2.95,356,2.25,664,3,8125,08_27_38_19_05_2025,-7.93,5.55,0.89,0.00,-0.00,0.00
-9169,2.97,493,2.24,665,3,8151,08_27_38_19_05_2025,-7.93,5.55,0.88,0.00,-0.00,0.00
-9073,2.96,493,2.24,663,3,8177,08_27_38_19_05_2025,-7.92,5.56,0.87,0.01,-0.00,0.00
-9078,2.96,411,2.24,665,3,8205,08_27_38_19_05_2025,-7.92,5.55,0.88,0.00,-0.00,-0.00
-9169,2.97,591,2.23,664,3,8228,08_27_38_19_05_2025,-7.93,5.56,0.88,0.00,-0.00,0.00
-9071,2.96,418,2.24,664,3,8251,08_27_38_19_05_2025,-7.93,5.55,0.87,0.00,-0.00,-0.00
-9071,2.96,177,2.26,665,3,8273,08_27_38_19_05_2025,-7.93,5.56,0.87,0.00,-0.00,-0.00
-9087,2.96,376,2.24,665,3,8296,08_27_38_19_05_2025,-7.92,5.57,0.89,0.00,-0.00,-0.00
-9126,2.96,382,2.24,665,3,8319,08_27_38_19_05_2025,-7.92,5.56,0.89,0.01,-0.00,0.00
-9003,2.95,286,2.25,664,3,8344,08_27_38_19_05_2025,-7.93,5.55,0.87,0.00,-0.00,-0.00
-9117,2.96,366,2.24,665,3,8367,08_27_38_19_05_2025,-7.94,5.56,0.87,0.00,-0.00,0.00
-9185,2.97,481,2.24,665,3,8393,08_27_38_19_05_2025,-7.92,5.54,0.87,0.00,-0.00,-0.00
-9055,2.96,510,2.23,664,3,8418,08_27_38_19_05_2025,-7.93,5.57,0.89,0.00,-0.00,-0.00
-9037,2.96,467,2.24,665,3,8444,08_27_38_19_05_2025,-7.93,5.55,0.88,0.00,-0.00,-0.00
-9079,2.96,482,2.24,665,3,8469,08_27_38_19_05_2025,-7.95,5.55,0.88,0.00,-0.00,-0.00
-9023,2.96,389,2.24,665,3,8498,08_27_38_19_05_2025,-7.94,5.57,0.89,0.00,-0.00,0.00
-9197,2.97,664,2.22,665,3,8521,08_27_38_19_05_2025,-7.91,5.55,0.88,0.00,-0.00,0.00
-9167,2.97,528,2.23,665,3,8544,08_27_38_19_05_2025,-7.92,5.54,0.90,0.00,-0.00,-0.00
-9094,2.96,527,2.23,665,3,8567,08_27_38_19_05_2025,-7.95,5.55,0.88,0.00,-0.00,-0.00
-9235,2.97,290,2.25,665,3,8590,08_27_38_19_05_2025,-7.93,5.55,0.88,0.00,-0.00,-0.00
-9181,2.97,469,2.24,665,3,8615,08_27_38_19_05_2025,-7.93,5.56,0.87,0.00,-0.00,-0.00
-9007,2.96,378,2.24,664,3,8644,08_27_38_19_05_2025,-7.94,5.56,0.86,0.00,-0.00,0.00
-9260,2.97,241,2.25,665,3,8667,08_27_38_19_05_2025,-7.90,5.54,0.87,0.01,-0.00,-0.00
-8835,2.94,471,2.24,665,3,8690,08_27_38_19_05_2025,-7.93,5.56,0.88,0.00,-0.01,-0.00
-8897,2.95,514,2.23,665,3,8713,08_27_38_19_05_2025,-7.91,5.56,0.89,0.01,-0.00,0.00
-8775,2.94,604,2.23,665,3,8738,08_27_38_19_05_2025,-7.93,5.56,0.88,0.00,-0.00,-0.00
-9037,2.96,293,2.25,665,3,8761,08_27_38_19_05_2025,-7.93,5.57,0.88,0.00,-0.00,0.00
-9025,2.96,231,2.26,665,3,8792,08_27_39_19_05_2025,-7.92,5.55,0.88,0.00,-0.00,-0.00
-9173,2.97,462,2.24,665,3,8815,08_27_39_19_05_2025,-7.95,5.56,0.87,0.00,-0.00,-0.00
-9090,2.96,555,2.23,664,3,8838,08_27_39_19_05_2025,-7.93,5.56,0.88,0.00,-0.00,0.00
-9238,2.97,461,2.24,665,3,8861,08_27_39_19_05_2025,-7.93,5.55,0.88,0.00,-0.00,-0.00
-9210,2.97,506,2.23,665,3,8886,08_27_39_19_05_2025,-7.92,5.55,0.88,0.00,-0.00,-0.00
-9059,2.96,412,2.24,665,3,8912,08_27_39_19_05_2025,-7.93,5.55,0.87,0.01,-0.00,0.00
-9234,2.97,242,2.25,665,3,8941,08_27_39_19_05_2025,-7.92,5.57,0.87,0.00,-0.00,-0.00
-9086,2.96,364,2.25,665,3,8964,08_27_39_19_05_2025,-7.94,5.56,0.89,0.00,-0.00,-0.00
-9042,2.96,392,2.24,664,3,8987,08_27_39_19_05_2025,-7.92,5.55,0.88,0.00,-0.00,-0.00
-9001,2.95,324,2.25,664,3,9010,08_27_39_19_05_2025,-7.93,5.55,0.88,0.00,-0.00,-0.00
-8966,2.95,415,2.24,665,3,9033,08_27_39_19_05_2025,-7.93,5.57,0.88,0.00,-0.00,0.00
-9172,2.97,322,2.25,665,3,9058,08_27_39_19_05_2025,-7.92,5.56,0.88,0.00,-0.00,-0.00
-9009,2.96,333,2.25,665,3,9087,08_27_39_19_05_2025,-7.92,5.55,0.88,0.00,-0.00,0.00
-9301,2.98,306,2.25,665,3,9110,08_27_39_19_05_2025,-7.93,5.55,0.88,0.00,-0.00,-0.00
-8866,2.94,388,2.24,665,3,9132,08_27_39_19_05_2025,-7.92,5.57,0.89,0.00,-0.01,-0.00
-9060,2.96,731,2.22,664,3,9155,08_27_39_19_05_2025,-7.92,5.56,0.88,0.00,-0.00,-0.00
-8981,2.95,426,2.24,665,3,9178,08_27_39_19_05_2025,-7.92,5.56,0.88,0.01,-0.00,0.00
-9112,2.96,461,2.24,666,3,9204,08_27_39_19_05_2025,-7.93,5.56,0.87,0.00,-0.00,-0.00
-9063,2.96,549,2.23,665,3,9233,08_27_39_19_05_2025,-7.93,5.56,0.87,0.00,-0.00,0.00
-9143,2.97,527,2.23,665,3,9255,08_27_39_19_05_2025,-7.93,5.55,0.88,0.00,-0.00,0.00
-9214,2.97,263,2.25,664,3,9278,08_27_39_19_05_2025,-7.92,5.56,0.89,0.00,-0.00,-0.00
-9187,2.97,388,2.24,664,3,9301,08_27_39_19_05_2025,-7.92,5.56,0.87,0.00,-0.00,0.00
-9207,2.97,373,2.24,665,3,9324,08_27_39_19_05_2025,-7.93,5.56,0.88,0.00,-0.00,-0.00
-9084,2.96,497,2.24,665,3,9350,08_27_39_19_05_2025,-7.93,5.54,0.87,0.00,-0.00,-0.00
-9007,2.96,461,2.24,665,3,9378,08_27_39_19_05_2025,-7.92,5.56,0.88,0.00,-0.00,-0.00
-9277,2.98,487,2.24,665,3,9401,08_27_39_19_05_2025,-7.93,5.55,0.88,0.00,-0.00,0.00
-9257,2.97,409,2.24,664,3,9425,08_27_39_19_05_2025,-7.93,5.56,0.90,0.01,-0.00,-0.00
-9206,2.97,385,2.24,665,3,9452,08_27_39_19_05_2025,-7.93,5.56,0.89,0.00,-0.00,-0.00
-9071,2.96,508,2.23,665,3,9475,08_27_39_19_05_2025,-7.92,5.55,0.87,0.00,-0.00,0.00
-8945,2.95,414,2.24,665,3,9497,08_27_39_19_05_2025,-7.92,5.55,0.87,0.00,-0.00,-0.00
-9138,2.96,336,2.25,665,3,9523,08_27_39_19_05_2025,-7.93,5.57,0.88,0.00,-0.00,-0.00
-9244,2.97,266,2.25,665,3,9546,08_27_39_19_05_2025,-7.93,5.57,0.90,0.00,-0.00,0.00
-9284,2.98,472,2.24,665,3,9574,08_27_39_19_05_2025,-7.92,5.56,0.88,0.00,-0.00,0.00
-9101,2.96,402,2.24,665,3,9597,08_27_39_19_05_2025,-7.92,5.55,0.88,0.00,-0.00,-0.00
-9056,2.96,478,2.24,665,3,9622,08_27_39_19_05_2025,-7.93,5.56,0.88,0.01,-0.00,-0.00
-9052,2.96,528,2.23,665,3,9648,08_27_39_19_05_2025,-7.93,5.55,0.87,0.00,-0.00,0.00
-9066,2.96,655,2.22,665,3,9674,08_27_39_19_05_2025,-7.93,5.56,0.87,0.00,-0.00,-0.00
-9190,2.97,679,2.22,665,3,9702,08_27_39_19_05_2025,-7.93,5.56,0.88,0.00,-0.00,0.00
-8966,2.95,306,2.25,665,3,9725,08_27_39_19_05_2025,-7.93,5.56,0.88,0.00,-0.00,-0.00
-9099,2.96,632,2.22,665,3,9748,08_27_39_19_05_2025,-7.92,5.56,0.88,0.00,-0.00,-0.00
-9128,2.96,430,2.24,665,3,9771,08_27_39_19_05_2025,-7.91,5.55,0.87,0.00,-0.00,-0.00
-8967,2.95,526,2.23,665,3,9794,08_27_40_19_05_2025,-7.93,5.56,0.88,0.00,-0.00,-0.00
-9245,2.97,253,2.25,665,3,9820,08_27_40_19_05_2025,-7.91,5.55,0.88,0.00,-0.00,-0.00
-9134,2.96,433,2.24,665,3,9848,08_27_40_19_05_2025,-7.93,5.57,0.89,0.00,-0.00,-0.00
-9237,2.97,619,2.23,665,3,9871,08_27_40_19_05_2025,-7.93,5.54,0.88,0.00,-0.00,0.00
-9180,2.97,486,2.24,665,3,9894,08_27_40_19_05_2025,-7.93,5.56,0.88,0.01,-0.00,-0.00
-9243,2.97,430,2.24,665,3,9917,08_27_40_19_05_2025,-7.94,5.56,0.88,0.01,-0.00,-0.00
-9073,2.96,401,2.24,665,3,9940,08_27_40_19_05_2025,-7.92,5.56,0.88,0.00,-0.00,-0.00
-9202,2.97,645,2.22,665,3,9966,08_27_40_19_05_2025,-7.93,5.55,0.88,0.00,-0.00,-0.00
-9107,2.96,368,2.24,665,3,9994,08_27_40_19_05_2025,-7.92,5.56,0.87,0.00,-0.00,-0.00
-9329,2.98,496,2.24,664,3,10017,08_27_40_19_05_2025,-7.92,5.55,0.87,0.00,-0.00,-0.00
-9343,2.98,490,2.24,665,3,10040,08_27_40_19_05_2025,-7.92,5.55,0.89,0.01,-0.00,-0.00
-9041,2.96,669,2.22,665,3,10063,08_27_40_19_05_2025,-7.93,5.55,0.88,0.00,-0.00,0.00
-9117,2.96,514,2.23,665,3,10086,08_27_40_19_05_2025,-7.93,5.56,0.88,0.00,-0.00,0.00
-8980,2.95,363,2.25,665,3,10111,08_27_40_19_05_2025,-7.92,5.56,0.88,0.00,-0.00,-0.00
-9144,2.97,444,2.24,665,3,10142,08_27_40_19_05_2025,-7.92,5.55,0.87,0.00,-0.00,-0.00
-8983,2.95,380,2.24,665,3,10168,08_27_40_19_05_2025,-7.93,5.55,0.87,0.00,-0.00,-0.00
-9143,2.97,169,2.26,666,3,10191,08_27_40_19_05_2025,-7.92,5.56,0.86,0.01,-0.00,0.00
-9098,2.96,348,2.25,665,3,10214,08_27_40_19_05_2025,-7.93,5.56,0.88,0.00,-0.00,-0.00
-9162,2.97,450,2.24,664,3,10237,08_27_40_19_05_2025,-7.92,5.56,0.89,0.01,-0.00,0.00
-9042,2.96,361,2.25,665,3,10265,08_27_40_19_05_2025,-7.91,5.55,0.89,0.00,-0.00,0.00
-9116,2.96,371,2.24,665,3,10291,08_27_40_19_05_2025,-7.93,5.56,0.87,0.00,-0.00,-0.00
-9133,2.96,333,2.25,665,3,10314,08_27_40_19_05_2025,-7.92,5.56,0.87,0.00,-0.00,-0.00
-9034,2.96,336,2.25,665,3,10336,08_27_40_19_05_2025,-7.93,5.54,0.87,0.00,-0.00,-0.00
-9033,2.96,513,2.23,665,3,10362,08_27_40_19_05_2025,-7.94,5.58,0.89,0.00,-0.01,-0.00
-9162,2.97,528,2.23,665,3,10388,08_27_40_19_05_2025,-7.91,5.55,0.89,0.01,-0.00,0.00
-9142,2.97,482,2.24,665,3,10414,08_27_40_19_05_2025,-7.93,5.56,0.89,0.00,-0.00,-0.00
-9007,2.96,464,2.24,665,3,10443,08_27_40_19_05_2025,-7.94,5.55,0.86,0.00,-0.00,0.00
-9106,2.96,354,2.25,665,3,10465,08_27_40_19_05_2025,-7.93,5.55,0.88,0.00,-0.00,-0.00
-9038,2.96,396,2.24,665,3,10488,08_27_40_19_05_2025,-7.94,5.56,0.87,0.00,-0.00,-0.00
-9206,2.97,481,2.24,664,3,10511,08_27_40_19_05_2025,-7.92,5.56,0.89,0.00,-0.00,0.00
-9114,2.96,276,2.25,664,3,10534,08_27_40_19_05_2025,-7.91,5.56,0.88,0.00,-0.00,-0.00
-9198,2.97,578,2.23,665,3,10559,08_27_40_19_05_2025,-7.92,5.56,0.89,0.00,-0.00,0.00
-9105,2.96,245,2.25,664,3,10588,08_27_40_19_05_2025,-7.93,5.55,0.86,0.00,-0.00,0.00
-8998,2.95,299,2.25,665,3,10611,08_27_40_19_05_2025,-7.92,5.56,0.87,0.00,-0.00,-0.00
-9277,2.98,442,2.24,665,3,10636,08_27_40_19_05_2025,-7.93,5.56,0.86,0.00,-0.00,-0.00
-8938,2.95,377,2.24,665,3,10662,08_27_40_19_05_2025,-7.93,5.56,0.88,0.00,-0.00,0.00
-9233,2.97,355,2.25,665,3,10688,08_27_40_19_05_2025,-7.94,5.56,0.91,0.00,-0.00,0.00
-9091,2.96,511,2.23,664,3,10713,08_27_40_19_05_2025,-7.91,5.55,0.88,0.00,-0.00,0.00
-9108,2.96,547,2.23,664,3,10749,08_27_40_19_05_2025,-7.93,5.55,0.86,0.00,-0.00,0.00
-9214,2.97,427,2.24,665,3,10777,08_27_40_19_05_2025,-7.93,5.55,0.88,0.00,-0.00,-0.00
-9154,2.97,373,2.24,665,3,10802,08_27_41_19_05_2025,-7.92,5.55,0.89,0.00,-0.00,0.00
-9245,2.97,373,2.24,665,3,10826,08_27_41_19_05_2025,-7.93,5.57,0.88,0.00,-0.00,-0.00
-9012,2.96,540,2.23,665,3,10853,08_27_41_19_05_2025,-7.93,5.56,0.89,0.00,-0.00,0.00
-8919,2.95,460,2.24,665,3,10878,08_27_41_19_05_2025,-7.92,5.55,0.88,0.00,-0.00,-0.00
-9225,2.97,385,2.24,664,3,10906,08_27_41_19_05_2025,-7.94,5.56,0.88,0.00,-0.00,-0.00
-9043,2.96,442,2.24,665,3,10931,08_27_41_19_05_2025,-7.92,5.55,0.88,0.00,-0.00,0.00
-9275,2.98,464,2.24,665,3,10956,08_27_41_19_05_2025,-7.91,5.56,0.88,0.00,-0.00,0.00
-9279,2.98,369,2.24,664,3,10981,08_27_41_19_05_2025,-7.93,5.56,0.88,0.00,-0.00,0.00
-8943,2.95,370,2.24,664,3,11006,08_27_41_19_05_2025,-7.93,5.55,0.89,0.00,-0.00,0.00
-8943,2.95,379,2.24,664,3,11030,08_27_41_19_05_2025,-7.92,5.55,0.87,0.01,-0.00,0.00
-9206,2.97,207,2.26,665,3,11058,08_27_41_19_05_2025,-7.92,5.56,0.87,0.01,-0.00,-0.00
-9126,2.96,339,2.25,664,3,11084,08_27_41_19_05_2025,-7.94,5.56,0.89,0.00,-0.00,-0.00
-8960,2.95,385,2.24,664,3,11109,08_27_41_19_05_2025,-7.93,5.56,0.88,0.00,-0.00,0.00
-9058,2.96,501,2.23,665,3,11134,08_27_41_19_05_2025,-7.92,5.54,0.88,0.00,-0.00,-0.00
-9122,2.96,542,2.23,665,3,11159,08_27_41_19_05_2025,-7.94,5.56,0.87,0.00,-0.01,-0.00
-9088,2.96,403,2.24,665,3,11184,08_27_41_19_05_2025,-7.92,5.56,0.88,0.01,-0.01,-0.00
-9250,2.97,403,2.24,665,3,11212,08_27_41_19_05_2025,-7.92,5.55,0.88,0.00,-0.00,-0.00
-9071,2.96,409,2.24,665,3,11237,08_27_41_19_05_2025,-7.94,5.56,0.88,0.01,-0.00,-0.00
-9096,2.96,314,2.25,665,3,11262,08_27_41_19_05_2025,-7.92,5.54,0.89,0.00,-0.00,0.00
-9083,2.96,536,2.23,665,3,11287,08_27_41_19_05_2025,-7.93,5.57,0.88,0.00,-0.00,-0.00
-9163,2.97,499,2.23,665,3,11312,08_27_41_19_05_2025,-7.93,5.55,0.88,0.00,-0.00,0.00
-9004,2.95,306,2.25,665,3,11345,08_27_41_19_05_2025,-7.93,5.55,0.89,0.00,-0.00,-0.00
-8961,2.95,545,2.23,665,3,11370,08_27_41_19_05_2025,-7.93,5.56,0.88,0.00,-0.00,0.00
-9210,2.97,498,2.23,665,3,11395,08_27_41_19_05_2025,-7.94,5.56,0.89,0.00,-0.00,-0.00
-9109,2.96,468,2.24,664,3,11420,08_27_41_19_05_2025,-7.91,5.56,0.86,0.00,-0.00,-0.00
-9213,2.97,349,2.25,665,3,11445,08_27_41_19_05_2025,-7.95,5.56,0.88,0.00,-0.00,0.00
-9009,2.96,125,2.26,665,3,11470,08_27_41_19_05_2025,-7.92,5.56,0.90,0.00,-0.00,-0.00
-9197,2.97,293,2.25,666,3,11498,08_27_41_19_05_2025,-7.94,5.56,0.89,0.00,-0.00,-0.00
-9128,2.96,444,2.24,665,3,11526,08_27_41_19_05_2025,-7.93,5.56,0.89,0.00,-0.00,0.00
-9017,2.96,341,2.25,665,3,11551,08_27_41_19_05_2025,-7.91,5.54,0.87,0.00,-0.00,0.00
-9009,2.96,568,2.23,664,3,11576,08_27_41_19_05_2025,-7.94,5.57,0.87,0.00,-0.00,-0.00
-8935,2.95,505,2.23,664,3,11603,08_27_41_19_05_2025,-7.92,5.55,0.88,0.00,-0.00,0.00
-8996,2.95,619,2.23,665,3,11631,08_27_41_19_05_2025,-7.96,5.57,0.87,0.01,-0.00,-0.00
-9203,2.97,369,2.24,665,3,11659,08_27_41_19_05_2025,-7.92,5.58,0.91,0.00,-0.00,-0.00
-9089,2.96,350,2.25,664,3,11684,08_27_41_19_05_2025,-7.92,5.53,0.87,0.00,-0.00,0.00
-9176,2.97,510,2.23,665,3,11709,08_27_41_19_05_2025,-7.95,5.56,0.89,0.00,-0.00,0.00
-8942,2.95,316,2.25,665,3,11734,08_27_41_19_05_2025,-7.91,5.55,0.87,0.00,-0.00,0.00
-8990,2.95,342,2.25,665,3,11759,08_27_41_19_05_2025,-7.92,5.55,0.87,0.00,-0.00,0.00
-9066,2.96,279,2.25,665,3,11784,08_27_41_19_05_2025,-7.93,5.55,0.90,0.00,-0.00,0.00
-9056,2.96,452,2.24,665,3,11811,08_27_42_19_05_2025,-7.93,5.55,0.88,0.00,-0.00,-0.00
-8890,2.95,245,2.25,665,3,11836,08_27_42_19_05_2025,-7.93,5.56,0.88,0.00,-0.00,-0.00
-8989,2.95,386,2.24,665,3,11861,08_27_42_19_05_2025,-7.92,5.54,0.88,0.01,-0.00,-0.00
-9148,2.97,712,2.22,665,3,11886,08_27_42_19_05_2025,-7.94,5.56,0.88,0.00,-0.00,-0.00
-9141,2.97,482,2.24,666,3,11911,08_27_42_19_05_2025,-7.92,5.56,0.90,0.00,-0.00,0.00
-8979,2.95,462,2.24,665,3,11936,08_27_42_19_05_2025,-7.92,5.55,0.86,0.00,-0.00,-0.00
-9058,2.96,325,2.25,665,3,11963,08_27_42_19_05_2025,-7.94,5.57,0.87,0.00,-0.00,-0.00
-9057,2.96,467,2.24,665,3,11988,08_27_42_19_05_2025,-7.93,5.53,0.87,0.01,-0.00,0.00
-9070,2.96,455,2.24,665,3,12013,08_27_42_19_05_2025,-7.94,5.57,0.89,0.00,-0.00,-0.00
-9252,2.97,421,2.24,665,3,12038,08_27_42_19_05_2025,-7.93,5.57,0.89,0.01,-0.00,0.00
-9215,2.97,646,2.22,664,3,12063,08_27_42_19_05_2025,-7.93,5.56,0.88,0.00,-0.00,0.00
-9304,2.98,577,2.23,665,3,12088,08_27_42_19_05_2025,-7.97,5.56,0.88,0.01,0.00,-0.00
-8871,2.94,436,2.24,665,3,12118,08_27_42_19_05_2025,-7.91,5.53,0.90,0.01,0.00,0.00
-9094,2.96,343,2.25,665,3,12146,08_27_42_19_05_2025,-7.92,5.57,0.84,0.00,0.00,-0.00
-9153,2.97,610,2.23,665,3,12171,08_27_42_19_05_2025,-7.91,5.58,0.85,0.01,-0.00,0.00
-9105,2.96,386,2.24,665,3,12196,08_27_42_19_05_2025,-7.92,5.52,0.86,0.00,-0.00,-0.00
-9162,2.97,454,2.24,665,3,12221,08_27_42_19_05_2025,-7.94,5.57,0.88,0.01,-0.00,-0.00
-9230,2.97,634,2.22,665,3,12246,08_27_42_19_05_2025,-7.90,5.53,0.88,0.01,-0.00,0.00
-9073,2.96,401,2.24,664,3,12274,08_27_42_19_05_2025,-7.93,5.58,0.84,0.00,-0.00,-0.00
-9217,2.97,546,2.23,664,3,12301,08_27_42_19_05_2025,-7.92,5.57,0.88,0.01,-0.00,0.00
-9170,2.97,576,2.23,665,3,12326,08_27_42_19_05_2025,-7.93,5.54,0.89,0.00,-0.00,0.00
-9274,2.98,441,2.24,665,3,12353,08_27_42_19_05_2025,-7.95,5.55,0.88,0.00,-0.00,-0.00
-9158,2.97,305,2.25,665,3,12379,08_27_42_19_05_2025,-7.89,5.57,0.87,0.01,-0.00,0.00
-9135,2.96,529,2.23,664,3,12405,08_27_42_19_05_2025,-7.94,5.55,0.86,0.00,-0.00,-0.00
-9175,2.97,427,2.24,664,3,12433,08_27_42_19_05_2025,-7.93,5.56,0.86,0.00,-0.00,0.00
-9246,2.97,447,2.24,665,3,12458,08_27_42_19_05_2025,-7.93,5.53,0.88,0.00,-0.00,-0.00
-9133,2.96,290,2.25,665,3,12482,08_27_42_19_05_2025,-7.94,5.56,0.87,0.00,-0.00,0.00
-9273,2.98,510,2.23,665,3,12507,08_27_42_19_05_2025,-7.91,5.57,0.88,0.00,-0.00,0.00
-9078,2.96,640,2.22,665,3,12532,08_27_42_19_05_2025,-7.93,5.56,0.86,0.00,-0.00,-0.00
-9082,2.96,501,2.23,665,3,12557,08_27_42_19_05_2025,-7.93,5.55,0.88,0.00,-0.00,0.00
-9139,2.97,377,2.24,665,3,12585,08_27_42_19_05_2025,-7.91,5.55,0.88,0.00,-0.00,0.00
-9283,2.98,281,2.25,665,3,12610,08_27_42_19_05_2025,-7.94,5.55,0.87,0.00,-0.00,-0.00
-9051,2.96,528,2.23,665,3,12635,08_27_42_19_05_2025,-7.92,5.57,0.88,0.00,-0.00,-0.00
-9129,2.96,508,2.23,665,3,12660,08_27_42_19_05_2025,-7.92,5.55,0.87,0.00,-0.00,-0.00
-9169,2.97,619,2.23,664,3,12685,08_27_42_19_05_2025,-7.93,5.54,0.87,0.00,-0.00,-0.00
-9107,2.96,380,2.24,665,3,12709,08_27_42_19_05_2025,-7.93,5.55,0.87,0.00,-0.00,0.00
-9114,2.96,455,2.24,665,3,12737,08_27_42_19_05_2025,-7.93,5.56,0.86,0.00,-0.00,0.00
-9246,2.97,401,2.24,665,3,12762,08_27_42_19_05_2025,-7.93,5.56,0.87,0.00,-0.00,0.00
-9099,2.96,438,2.24,665,3,12787,08_27_42_19_05_2025,-7.92,5.56,0.87,0.00,-0.00,-0.00
-8996,2.95,252,2.25,665,3,12812,08_27_43_19_05_2025,-7.95,5.54,0.87,0.00,-0.00,-0.00
-9051,2.96,541,2.23,665,3,12837,08_27_43_19_05_2025,-7.92,5.55,0.87,0.00,-0.00,0.00
-9095,2.96,507,2.23,665,3,12862,08_27_43_19_05_2025,-7.92,5.55,0.86,0.00,-0.00,-0.00
-9216,2.97,348,2.25,665,3,12890,08_27_43_19_05_2025,-7.89,5.54,0.89,0.00,-0.00,-0.01
-8955,2.95,450,2.24,665,3,12915,08_27_43_19_05_2025,-7.92,5.54,0.89,0.00,-0.01,-0.01
-9134,2.96,703,2.22,665,3,12940,08_27_43_19_05_2025,-7.98,5.64,0.89,-0.01,-0.01,-0.02
-9202,2.97,291,2.25,665,3,12965,08_27_43_19_05_2025,-7.96,5.57,0.85,0.01,0.00,0.02
-8957,2.95,267,2.25,664,3,12990,08_27_43_19_05_2025,-7.86,5.28,0.83,0.02,0.01,0.03
-9035,2.96,387,2.24,665,3,13015,08_27_43_19_05_2025,-7.90,5.47,0.89,0.01,0.00,0.01
-8926,2.95,534,2.23,664,3,13043,08_27_43_19_05_2025,-7.95,5.58,0.87,0.00,-0.00,-0.01
-9188,2.97,355,2.25,665,3,13072,08_27_43_19_05_2025,-7.93,5.55,0.89,0.00,-0.00,-0.01
-9126,2.96,439,2.24,665,3,13098,08_27_43_19_05_2025,-7.91,5.55,0.85,0.01,-0.00,-0.00
-8899,2.95,371,2.24,665,3,13126,08_27_43_19_05_2025,-7.98,5.86,0.66,0.00,-0.02,-0.03
-9044,2.96,543,2.23,665,3,13150,08_27_43_19_05_2025,-8.04,5.94,0.24,0.09,-0.17,-0.14
-8986,2.95,519,2.23,664,3,13175,08_27_43_19_05_2025,-8.08,5.21,1.75,0.14,-0.09,-0.01
-9039,2.96,674,2.22,665,3,13203,08_27_43_19_05_2025,-8.06,5.58,0.91,-0.01,-0.00,-0.01
-9136,2.96,482,2.24,665,3,13231,08_27_43_19_05_2025,-7.93,5.45,0.94,0.00,0.00,0.01
-9168,2.97,801,2.21,664,3,13256,08_27_43_19_05_2025,-7.90,5.46,0.97,-0.02,0.04,0.04
-9168,2.97,695,2.22,665,3,13280,08_27_43_19_05_2025,-8.03,5.63,0.76,-0.04,0.06,0.04
-9168,2.97,470,2.24,665,3,13305,08_27_43_19_05_2025,-7.96,5.46,0.83,-0.01,0.01,0.01
-9168,2.97,631,2.22,666,3,13330,08_27_43_19_05_2025,-7.96,5.55,0.87,0.00,-0.00,-0.01
-9135,2.96,603,2.23,665,3,13357,08_27_43_19_05_2025,-7.92,5.44,0.92,-0.00,-0.01,-0.02
-9144,2.97,284,2.25,665,3,13382,08_27_43_19_05_2025,-7.95,5.49,0.89,0.01,0.00,0.00
-9072,2.96,401,2.24,665,3,13407,08_27_43_19_05_2025,-7.96,5.52,0.87,0.01,-0.00,-0.00
-9538,3.00,359,2.25,666,3,13432,08_27_43_19_05_2025,-7.95,5.55,0.88,0.01,-0.00,0.00
-9347,2.98,536,2.23,664,3,13457,08_27_43_19_05_2025,-7.96,5.51,0.91,0.00,-0.00,0.00
-9242,2.97,200,2.26,665,3,13482,08_27_43_19_05_2025,-7.94,5.53,0.90,0.01,0.00,0.01
-8915,2.95,419,2.24,665,3,13510,08_27_43_19_05_2025,-7.95,5.52,0.90,0.00,-0.00,-0.00
-8917,2.95,412,2.24,665,3,13535,08_27_43_19_05_2025,-7.94,5.54,0.90,0.00,-0.00,0.00
-8883,2.95,308,2.25,665,3,13560,08_27_43_19_05_2025,-7.93,5.53,0.90,0.01,-0.00,0.00
-8685,2.93,587,2.23,665,3,13585,08_27_43_19_05_2025,-7.99,5.85,1.03,-0.02,-0.03,-0.02
-8989,2.95,307,2.25,665,3,13610,08_27_43_19_05_2025,-7.91,5.45,0.90,0.00,0.00,0.01
-8960,2.95,416,2.24,665,3,13635,08_27_43_19_05_2025,-7.93,5.55,0.91,0.00,-0.00,-0.00
-8938,2.95,279,2.25,664,3,13663,08_27_43_19_05_2025,-7.95,5.54,0.91,0.00,-0.00,-0.00
-8869,2.94,560,2.23,665,3,13691,08_27_43_19_05_2025,-7.94,5.54,0.92,-0.00,-0.01,-0.01
-8918,2.95,535,2.23,665,3,13716,08_27_43_19_05_2025,-7.97,5.56,0.89,-0.01,-0.01,-0.01
-8760,2.94,618,2.23,665,3,13741,08_27_43_19_05_2025,-7.94,5.47,0.93,-0.01,-0.01,-0.01
-8856,2.94,597,2.23,665,3,13766,08_27_43_19_05_2025,-7.97,5.55,0.90,-0.02,-0.01,-0.01
-8958,2.95,632,2.22,665,3,13791,08_27_44_19_05_2025,-7.92,5.41,1.17,-0.08,0.02,-0.00
-8864,2.94,581,2.23,665,3,13820,08_27_44_19_05_2025,-7.97,5.52,0.75,-0.09,0.05,0.02
-9098,2.96,388,2.24,665,3,13846,08_27_44_19_05_2025,-7.97,5.46,1.13,-0.11,0.06,0.02
-8943,2.95,491,2.24,665,3,13871,08_27_44_19_05_2025,-7.94,5.35,0.80,-0.29,0.11,-0.01
-8719,2.93,580,2.23,665,3,13896,08_27_44_19_05_2025,-7.97,5.48,0.79,-0.14,0.12,0.02
-8919,2.95,435,2.24,665,3,13921,08_27_44_19_05_2025,-7.87,5.40,0.70,-0.16,0.04,-0.02
-8699,2.93,627,2.23,664,3,13946,08_27_44_19_05_2025,-7.98,5.48,1.06,-0.05,0.02,0.00
