-10279,3.05,-625,2.32,554,2.71,3768,22_07_09_12_05_2025,-5.39,7.96,0.87,-0.02,-1.37,0.70
-10145,3.04,-625,2.32,554,2.71,3869,22_07_09_12_05_2025,-5.41,7.99,0.78,0.00,-0.00,-0.00
-10116,3.04,-474,2.31,554,2.71,3907,22_07_09_12_05_2025,-5.39,7.98,0.80,0.01,-0.00,-0.00
-10295,3.05,-413,2.30,554,2.71,3944,22_07_09_12_05_2025,-5.40,7.98,0.87,0.00,-0.00,-0.00
-10270,3.05,-568,2.32,554,2.71,3981,22_07_09_12_05_2025,-5.47,8.03,0.93,0.00,-0.00,-0.01
-10013,3.03,-758,2.33,553,2.70,4019,22_07_09_12_05_2025,-5.38,7.87,0.91,0.01,-0.00,0.00
-10284,3.05,-619,2.32,554,2.71,4059,22_07_09_12_05_2025,-5.42,8.01,0.87,0.01,-0.00,-0.00
-10159,3.04,-511,2.31,555,2.71,4097,22_07_09_12_05_2025,-5.40,7.95,0.81,0.00,-0.00,-0.00
-10088,3.04,-549,2.31,555,2.71,4136,22_07_10_12_05_2025,-5.41,7.96,0.83,0.01,-0.00,0.00
-10269,3.05,-396,2.30,554,2.71,4174,22_07_10_12_05_2025,-5.41,7.95,0.82,0.00,-0.00,-0.00
-10185,3.04,-373,2.30,554,2.71,4211,22_07_10_12_05_2025,-5.41,7.99,0.88,0.00,-0.00,0.00
-9906,3.02,-542,2.31,554,2.71,4248,22_07_10_12_05_2025,-5.39,8.00,0.83,0.01,-0.00,0.00
-9906,3.02,-294,2.30,554,2.71,4289,22_07_10_12_05_2025,-5.41,7.98,0.81,0.00,-0.00,-0.00
-10172,3.04,-463,2.31,554,2.71,4326,22_07_10_12_05_2025,-5.42,8.01,0.86,0.00,-0.00,0.00
-10219,3.05,-543,2.31,553,2.70,4364,22_07_10_12_05_2025,-5.39,7.99,0.85,0.00,-0.00,-0.00
-10231,3.05,-760,2.33,554,2.71,4401,22_07_10_12_05_2025,-5.41,7.98,0.81,0.00,-0.00,0.00
-10157,3.04,-692,2.33,554,2.71,4441,22_07_10_12_05_2025,-5.41,7.98,0.83,0.00,-0.00,-0.00
-10388,3.06,-614,2.32,554,2.71,4481,22_07_10_12_05_2025,-5.41,7.98,0.87,0.00,-0.00,-0.00
-10106,3.04,-522,2.31,554,2.71,4523,22_07_10_12_05_2025,-5.40,7.98,0.84,0.00,-0.00,-0.00
-10106,3.04,-677,2.32,554,2.71,4562,22_07_10_12_05_2025,-5.40,7.98,0.81,0.00,-0.00,0.00
-10208,3.05,-370,2.30,554,2.71,4599,22_07_10_12_05_2025,-5.40,7.99,0.84,0.00,-0.00,-0.00
-10156,3.04,-273,2.29,554,2.71,4637,22_07_10_12_05_2025,-5.42,7.98,0.86,0.01,-0.00,-0.00
-10155,3.04,-603,2.32,554,2.71,4676,22_07_10_12_05_2025,-5.40,7.98,0.84,0.00,-0.00,0.00
-10305,3.05,-674,2.32,554,2.71,4717,22_07_10_12_05_2025,-5.39,7.99,0.82,0.00,-0.00,-0.00
-10199,3.05,-468,2.31,554,2.71,4755,22_07_10_12_05_2025,-5.40,7.97,0.87,0.00,-0.00,0.00
-10219,3.05,-351,2.30,554,2.71,4793,22_07_10_12_05_2025,-5.40,7.98,0.87,0.00,-0.00,-0.00
-10074,3.04,-475,2.31,554,2.71,4831,22_07_10_12_05_2025,-5.39,7.99,0.83,0.00,-0.00,0.00
-10274,3.05,-467,2.31,555,2.71,4868,22_07_10_12_05_2025,-5.41,7.98,0.82,0.00,-0.00,-0.00
-10311,3.05,-582,2.32,554,2.71,4905,22_07_10_12_05_2025,-5.42,7.98,0.86,0.00,-0.00,-0.00
-10254,3.05,-490,2.31,554,2.71,4947,22_07_10_12_05_2025,-5.40,7.99,0.87,0.00,-0.00,-0.00
-10177,3.04,-535,2.31,554,2.71,4985,22_07_10_12_05_2025,-5.40,7.98,0.82,0.01,-0.00,-0.00
-10200,3.05,-510,2.31,555,2.71,5023,22_07_10_12_05_2025,-5.40,7.98,0.85,0.00,-0.00,-0.00
-10207,3.05,-502,2.31,554,2.71,5061,22_07_10_12_05_2025,-5.40,7.98,0.86,0.00,-0.00,0.00
-10105,3.04,-334,2.30,554,2.71,5099,22_07_10_12_05_2025,-5.40,7.98,0.84,0.00,-0.00,-0.00
-10237,3.05,-400,2.30,554,2.71,5137,22_07_11_12_05_2025,-5.40,7.99,0.84,0.01,-0.00,0.00
-10242,3.05,-399,2.30,554,2.71,5177,22_07_11_12_05_2025,-5.39,7.98,0.85,0.01,-0.00,-0.00
-10020,3.03,-445,2.31,554,2.71,5215,22_07_11_12_05_2025,-5.42,7.98,0.86,0.00,-0.00,-0.00
-10239,3.05,-471,2.31,554,2.71,5253,22_07_11_12_05_2025,-5.40,7.98,0.83,0.01,-0.00,0.00
-10225,3.05,-545,2.31,554,2.71,5290,22_07_11_12_05_2025,-5.41,7.98,0.83,0.00,-0.00,-0.00
-10266,3.05,-762,2.33,554,2.71,5328,22_07_11_12_05_2025,-5.38,8.02,0.84,0.01,-0.00,0.00
-10120,3.04,-391,2.30,554,2.71,5367,22_07_11_12_05_2025,-5.41,7.99,0.85,0.00,-0.00,-0.00
-10360,3.06,-395,2.30,554,2.71,5403,22_07_11_12_05_2025,-5.41,7.99,0.82,0.00,-0.00,-0.00
-10234,3.05,-412,2.30,554,2.71,5441,22_07_11_12_05_2025,-5.39,7.99,0.86,0.00,-0.00,-0.00
-10351,3.06,-661,2.32,554,2.71,5478,22_07_11_12_05_2025,-5.40,7.99,0.86,0.00,-0.00,-0.00
-10173,3.04,-308,2.30,555,2.71,5516,22_07_11_12_05_2025,-5.41,7.99,0.83,0.00,-0.00,-0.00
-10143,3.04,-417,2.30,554,2.71,5554,22_07_11_12_05_2025,-5.40,7.98,0.83,0.00,-0.00,0.00
-10188,3.04,-508,2.31,554,2.71,5594,22_07_11_12_05_2025,-5.41,7.98,0.86,0.00,-0.00,-0.00
-9985,3.03,-391,2.30,554,2.71,5632,22_07_11_12_05_2025,-5.40,7.98,0.85,0.00,-0.00,0.00
-10210,3.05,-431,2.31,554,2.71,5670,22_07_11_12_05_2025,-5.39,7.98,0.85,0.01,-0.00,0.00
-10259,3.05,-452,2.31,553,2.70,5713,22_07_11_12_05_2025,-5.40,7.98,0.84,0.00,-0.00,-0.00
-10157,3.04,-366,2.30,554,2.71,5791,22_07_11_12_05_2025,-5.40,7.98,0.84,0.00,-0.00,-0.00
-10115,3.04,-445,2.31,554,2.71,5828,22_07_11_12_05_2025,-5.41,7.98,0.84,0.00,-0.00,-0.00
-9950,3.03,-387,2.30,554,2.71,5868,22_07_11_12_05_2025,-5.40,7.98,0.85,0.01,-0.00,-0.00
-10302,3.05,-503,2.31,555,2.71,5906,22_07_11_12_05_2025,-5.39,7.98,0.86,0.01,-0.00,-0.00
-10065,3.04,-421,2.30,554,2.71,5944,22_07_11_12_05_2025,-5.40,7.99,0.84,0.00,-0.00,0.00
-10113,3.04,-557,2.31,555,2.71,5981,22_07_11_12_05_2025,-5.40,7.98,0.85,0.00,-0.00,-0.00
-10110,3.04,-700,2.33,554,2.71,6018,22_07_11_12_05_2025,-5.41,7.98,0.84,0.00,-0.00,-0.00
-10203,3.05,-537,2.31,555,2.71,6056,22_07_11_12_05_2025,-5.40,7.99,0.87,0.00,-0.00,-0.00
-10029,3.03,-681,2.32,555,2.71,6095,22_07_11_12_05_2025,-5.41,7.98,0.85,0.00,-0.00,-0.00
-10067,3.04,-314,2.30,554,2.71,6133,22_07_12_12_05_2025,-5.40,7.98,0.86,0.00,-0.00,0.00
-10123,3.04,-364,2.30,555,2.71,6170,22_07_12_12_05_2025,-5.41,8.00,0.85,0.00,-0.00,-0.00
-10225,3.05,-597,2.32,554,2.71,6208,22_07_12_12_05_2025,-5.40,7.98,0.85,0.00,-0.00,-0.00
-10150,3.04,-396,2.30,555,2.71,6247,22_07_12_12_05_2025,-5.40,7.98,0.85,0.01,-0.00,0.00
-10351,3.06,-562,2.32,554,2.71,6287,22_07_12_12_05_2025,-5.40,7.98,0.84,0.01,-0.00,0.00
-10282,3.05,-339,2.30,554,2.71,6325,22_07_12_12_05_2025,-5.40,7.98,0.86,0.01,-0.00,-0.00
-10221,3.05,-284,2.29,554,2.71,6363,22_07_12_12_05_2025,-5.39,7.99,0.85,0.00,-0.00,-0.00
-10181,3.04,-577,2.32,554,2.71,6400,22_07_12_12_05_2025,-5.40,7.98,0.86,0.01,-0.00,0.00
-10015,3.03,-641,2.32,554,2.71,6437,22_07_12_12_05_2025,-5.40,7.99,0.85,0.00,-0.00,-0.00
-10168,3.04,-438,2.31,554,2.71,6475,22_07_12_12_05_2025,-5.41,7.98,0.86,0.00,-0.00,-0.00
-10157,3.04,-522,2.31,554,2.71,6517,22_07_12_12_05_2025,-5.41,7.99,0.86,0.00,-0.00,-0.00
-10262,3.05,-401,2.30,554,2.71,6554,22_07_12_12_05_2025,-5.41,8.00,0.84,0.01,-0.00,-0.00
-10206,3.05,-530,2.31,554,2.71,6592,22_07_12_12_05_2025,-5.39,7.98,0.85,0.00,-0.00,0.00
-10104,3.04,-389,2.30,554,2.71,6630,22_07_12_12_05_2025,-5.41,7.99,0.86,0.00,-0.00,-0.00
-10224,3.05,-303,2.30,554,2.71,6667,22_07_12_12_05_2025,-5.41,7.98,0.86,0.01,-0.00,-0.00
-10011,3.03,-553,2.31,554,2.71,6705,22_07_12_12_05_2025,-5.40,7.99,0.85,0.00,-0.00,-0.00
-10199,3.05,-520,2.31,554,2.71,6749,22_07_12_12_05_2025,-5.39,7.98,0.86,0.00,-0.00,-0.00
-9985,3.03,-559,2.32,554,2.71,6789,22_07_12_12_05_2025,-5.40,7.99,0.89,0.01,-0.00,-0.00
-10075,3.04,-466,2.31,554,2.71,6826,22_07_12_12_05_2025,-5.40,7.98,0.85,0.01,-0.00,0.00
-10226,3.05,-535,2.31,554,2.71,6864,22_07_12_12_05_2025,-5.41,7.99,0.83,0.00,-0.00,0.00
-10226,3.05,-525,2.31,554,2.71,6902,22_07_12_12_05_2025,-5.39,7.99,0.86,0.00,-0.00,0.00
-10032,3.03,-541,2.31,554,2.71,6941,22_07_12_12_05_2025,-5.41,8.00,0.85,0.00,-0.00,-0.00
-10191,3.04,-531,2.31,554,2.71,6979,22_07_12_12_05_2025,-5.41,7.98,0.84,0.00,-0.00,-0.00
-10406,3.06,-434,2.31,554,2.71,7017,22_07_12_12_05_2025,-5.41,7.97,0.85,0.00,-0.00,-0.00
-10141,3.04,-362,2.30,554,2.71,7056,22_07_12_12_05_2025,-5.40,7.98,0.85,0.00,-0.00,-0.00
-10169,3.04,-306,2.30,554,2.71,7093,22_07_12_12_05_2025,-5.39,7.99,0.87,0.01,-0.00,-0.00
-10269,3.05,-377,2.30,554,2.71,7130,22_07_13_12_05_2025,-5.40,7.97,0.85,0.00,-0.00,-0.00
-10227,3.05,-350,2.30,554,2.71,7171,22_07_13_12_05_2025,-5.40,7.97,0.86,0.00,-0.00,-0.00
-10182,3.04,-566,2.32,554,2.71,7208,22_07_13_12_05_2025,-5.40,8.00,0.86,0.00,-0.00,0.00
-10126,3.04,-422,2.30,554,2.71,7244,22_07_13_12_05_2025,-5.41,7.97,0.85,0.01,-0.00,-0.00
-10173,3.04,-246,2.29,554,2.71,7282,22_07_13_12_05_2025,-5.40,7.97,0.85,0.01,-0.00,-0.00
-10180,3.04,-352,2.30,554,2.71,7320,22_07_13_12_05_2025,-5.41,8.00,0.85,0.01,-0.00,-0.00
-10259,3.05,-521,2.31,554,2.71,7358,22_07_13_12_05_2025,-5.39,7.97,0.86,0.00,-0.00,-0.00
-10150,3.04,-438,2.31,554,2.71,7398,22_07_13_12_05_2025,-5.40,7.99,0.87,0.00,-0.00,0.00
-10181,3.04,-448,2.31,554,2.71,7437,22_07_13_12_05_2025,-5.40,7.97,0.85,0.00,-0.00,-0.00
-10235,3.05,-562,2.32,555,2.71,7474,22_07_13_12_05_2025,-5.40,7.97,0.85,0.00,-0.00,-0.00
-10322,3.05,-544,2.31,554,2.71,7511,22_07_13_12_05_2025,-5.40,8.01,0.85,0.00,-0.00,-0.00
-10048,3.03,-506,2.31,555,2.71,7548,22_07_13_12_05_2025,-5.40,7.97,0.86,0.00,-0.00,-0.00
-10231,3.05,-645,2.32,554,2.71,7587,22_07_13_12_05_2025,-5.41,7.99,0.84,0.01,-0.00,-0.00
-10000,3.03,-371,2.30,554,2.71,7626,22_07_13_12_05_2025,-5.41,7.98,0.84,0.01,-0.00,0.00
-10287,3.05,-584,2.32,554,2.71,7663,22_07_13_12_05_2025,-5.40,7.99,0.84,0.01,-0.00,0.00
-10124,3.04,-583,2.32,554,2.71,7701,22_07_13_12_05_2025,-5.39,7.99,0.86,0.01,-0.00,-0.00
-10011,3.03,-495,2.31,554,2.71,7739,22_07_13_12_05_2025,-5.39,7.99,0.86,0.01,-0.00,-0.00
-9961,3.03,-492,2.31,554,2.71,7778,22_07_13_12_05_2025,-5.39,7.97,0.85,0.00,-0.01,-0.00
-10220,3.05,-434,2.31,555,2.71,7820,22_07_13_12_05_2025,-5.41,7.99,0.86,0.01,-0.00,-0.00
-10076,3.04,-400,2.30,554,2.71,7861,22_07_13_12_05_2025,-5.40,7.97,0.85,0.01,-0.00,-0.00
-10174,3.04,-480,2.31,554,2.71,7899,22_07_13_12_05_2025,-5.41,7.99,0.85,0.00,-0.00,0.00
-10063,3.04,-387,2.30,555,2.71,7936,22_07_13_12_05_2025,-5.40,8.00,0.85,0.01,-0.00,0.00
-10153,3.04,-242,2.29,554,2.71,7973,22_07_13_12_05_2025,-5.42,7.98,0.84,0.01,-0.00,0.00
-10178,3.04,-496,2.31,554,2.71,8011,22_07_13_12_05_2025,-5.41,7.99,0.83,0.01,-0.00,0.00
-10217,3.05,-371,2.30,554,2.71,8050,22_07_13_12_05_2025,-5.39,7.96,0.84,0.00,-0.00,-0.00
-10386,3.06,-394,2.30,554,2.71,8088,22_07_13_12_05_2025,-5.41,7.98,0.86,0.01,-0.00,0.00
-10176,3.04,-586,2.32,554,2.71,8126,22_07_14_12_05_2025,-5.39,7.99,0.85,0.00,-0.00,-0.00
-10222,3.05,-411,2.30,554,2.71,8164,22_07_14_12_05_2025,-5.41,7.98,0.86,0.00,-0.00,0.00
-9903,3.02,-333,2.30,554,2.71,8202,22_07_14_12_05_2025,-5.40,7.98,0.85,0.00,-0.00,0.00
-10100,3.04,-453,2.31,555,2.71,8239,22_07_14_12_05_2025,-5.41,7.98,0.85,0.01,-0.00,-0.00
-10152,3.04,-404,2.30,554,2.71,8279,22_07_14_12_05_2025,-5.41,7.99,0.84,0.00,-0.00,0.00
-10251,3.05,-464,2.31,554,2.71,8316,22_07_14_12_05_2025,-5.41,7.99,0.86,0.01,-0.00,0.00
-10266,3.05,-390,2.30,554,2.71,8353,22_07_14_12_05_2025,-5.40,7.98,0.85,0.01,-0.00,-0.00
-9974,3.03,-378,2.30,554,2.71,8391,22_07_14_12_05_2025,-5.40,7.98,0.85,0.01,-0.00,0.00
-10182,3.04,-407,2.30,554,2.71,8429,22_07_14_12_05_2025,-5.40,7.98,0.85,0.01,-0.00,-0.00
-10239,3.05,-633,2.32,554,2.71,8468,22_07_14_12_05_2025,-5.40,7.99,0.85,0.01,-0.00,-0.00
-10192,3.04,-538,2.31,554,2.71,8502,22_07_14_12_05_2025,-5.41,7.99,0.87,0.00,-0.00,-0.00
-10062,3.04,-478,2.31,554,2.71,8539,22_07_14_12_05_2025,-5.40,7.99,0.85,0.01,-0.00,0.00
-10135,3.04,-390,2.30,554,2.71,8577,22_07_14_12_05_2025,-5.40,7.97,0.84,0.00,-0.00,-0.00
-10101,3.04,-348,2.30,554,2.71,8615,22_07_14_12_05_2025,-5.42,7.99,0.86,0.01,-0.00,-0.00
-10220,3.05,-338,2.30,554,2.71,8652,22_07_14_12_05_2025,-5.40,7.98,0.86,0.00,-0.00,0.00
-10154,3.04,-165,2.29,554,2.71,8692,22_07_14_12_05_2025,-5.40,7.97,0.86,0.01,-0.00,-0.00
-10128,3.04,-469,2.31,554,2.71,8731,22_07_14_12_05_2025,-5.39,7.99,0.85,0.00,-0.00,0.00
-10290,3.05,-336,2.30,554,2.71,8769,22_07_14_12_05_2025,-5.41,7.98,0.85,0.01,-0.00,-0.00
-10368,3.06,-491,2.31,554,2.71,8806,22_07_14_12_05_2025,-5.41,7.98,0.85,0.00,-0.00,-0.00
-10160,3.04,-373,2.30,554,2.71,8844,22_07_14_12_05_2025,-5.40,7.99,0.86,0.00,-0.00,-0.00
-10371,3.06,-262,2.29,554,2.71,8882,22_07_14_12_05_2025,-5.42,7.98,0.85,0.00,-0.00,-0.00
-9986,3.03,-473,2.31,554,2.71,8924,22_07_14_12_05_2025,-5.41,7.99,0.84,0.01,-0.00,0.00
-10121,3.04,-459,2.31,554,2.71,8963,22_07_14_12_05_2025,-5.39,7.98,0.86,0.01,-0.00,0.00
-10348,3.06,-409,2.30,554,2.71,9001,22_07_14_12_05_2025,-5.41,7.97,0.85,0.01,-0.00,-0.00
-10425,3.06,-374,2.30,554,2.71,9038,22_07_14_12_05_2025,-5.41,7.99,0.85,0.00,-0.00,0.00
-9971,3.03,-410,2.30,554,2.71,9075,22_07_14_12_05_2025,-5.40,7.98,0.85,0.00,-0.00,-0.00
-10051,3.03,-358,2.30,554,2.71,9112,22_07_15_12_05_2025,-5.40,7.97,0.87,0.01,-0.00,0.00
-10067,3.04,-347,2.30,554,2.71,9153,22_07_15_12_05_2025,-5.40,8.00,0.86,0.01,-0.00,-0.00
-10017,3.03,-395,2.30,554,2.71,9191,22_07_15_12_05_2025,-5.41,7.98,0.85,0.00,-0.00,-0.00
-10213,3.05,-474,2.31,554,2.71,9227,22_07_15_12_05_2025,-5.41,8.00,0.86,0.00,-0.00,-0.00
-10103,3.04,-537,2.31,554,2.71,9265,22_07_15_12_05_2025,-5.39,7.99,0.86,0.00,-0.00,-0.00
-10244,3.05,-384,2.30,554,2.71,9303,22_07_15_12_05_2025,-5.40,7.98,0.84,0.00,-0.00,-0.00
-10151,3.04,-418,2.30,554,2.71,9343,22_07_15_12_05_2025,-5.41,7.99,0.84,0.01,-0.00,0.00
-10197,3.05,-572,2.32,554,2.71,9380,22_07_15_12_05_2025,-5.40,7.99,0.86,0.00,-0.00,-0.00
-10229,3.05,-359,2.30,554,2.71,9418,22_07_15_12_05_2025,-5.40,7.98,0.85,0.00,-0.00,-0.00
-10266,3.05,-404,2.30,555,2.71,9456,22_07_15_12_05_2025,-5.40,7.98,0.87,0.00,-0.00,-0.00
-10185,3.04,-514,2.31,554,2.71,9493,22_07_15_12_05_2025,-5.41,7.99,0.85,0.01,-0.00,-0.00
-10214,3.05,-340,2.30,554,2.71,9530,22_07_15_12_05_2025,-5.40,7.98,0.84,0.00,-0.00,-0.00
-10282,3.05,-273,2.29,554,2.71,9572,22_07_15_12_05_2025,-5.40,7.97,0.85,0.00,-0.00,0.00
-10039,3.03,-366,2.30,554,2.71,9609,22_07_15_12_05_2025,-5.40,8.00,0.84,0.00,-0.00,0.00
-10295,3.05,-492,2.31,555,2.71,9646,22_07_15_12_05_2025,-5.40,7.97,0.84,0.00,-0.00,-0.00
-10122,3.04,-362,2.30,554,2.71,9683,22_07_15_12_05_2025,-5.40,8.00,0.87,0.01,-0.00,0.00
-10185,3.04,-323,2.30,554,2.71,9721,22_07_15_12_05_2025,-5.39,7.98,0.86,0.00,-0.00,-0.00
-10187,3.04,-471,2.31,554,2.71,9759,22_07_15_12_05_2025,-5.41,7.99,0.85,0.00,-0.00,-0.00
-10138,3.04,-733,2.33,555,2.71,9799,22_07_15_12_05_2025,-5.40,7.99,0.85,0.00,-0.00,-0.00
-10155,3.04,-269,2.29,554,2.71,9838,22_07_15_12_05_2025,-5.41,7.98,0.85,0.01,-0.00,0.00
-10201,3.05,-393,2.30,554,2.71,9876,22_07_15_12_05_2025,-5.40,7.99,0.85,0.00,-0.00,-0.00
-10213,3.05,-275,2.29,555,2.71,9913,22_07_15_12_05_2025,-5.39,7.96,0.86,0.01,-0.00,0.00
-9993,3.03,-491,2.31,554,2.71,9950,22_07_15_12_05_2025,-5.41,7.99,0.83,0.00,-0.00,0.00
-10097,3.04,-336,2.30,554,2.71,9988,22_07_15_12_05_2025,-5.40,7.98,0.85,0.01,-0.00,-0.00
-10141,3.04,-540,2.31,554,2.71,10030,22_07_15_12_05_2025,-5.39,7.97,0.85,0.00,-0.00,-0.00
-10130,3.04,-460,2.31,554,2.71,10070,22_07_15_12_05_2025,-5.40,7.99,0.87,0.00,-0.00,-0.00
-10109,3.04,-564,2.32,554,2.71,10108,22_07_15_12_05_2025,-5.40,7.98,0.86,0.00,-0.00,-0.00
-10221,3.05,-454,2.31,554,2.71,10145,22_07_16_12_05_2025,-5.40,7.98,0.84,0.01,-0.00,0.00
-10338,3.06,-468,2.31,554,2.71,10183,22_07_16_12_05_2025,-5.41,7.99,0.84,0.00,-0.00,0.00
-10260,3.05,-485,2.31,554,2.71,10223,22_07_16_12_05_2025,-5.41,7.97,0.85,0.01,-0.00,0.00
-10157,3.04,-394,2.30,554,2.71,10261,22_07_16_12_05_2025,-5.40,7.99,0.85,0.00,-0.00,0.00
-10136,3.04,-416,2.30,554,2.71,10299,22_07_16_12_05_2025,-5.41,7.98,0.85,0.00,-0.00,-0.00
-10181,3.04,-348,2.30,553,2.70,10337,22_07_16_12_05_2025,-5.40,7.97,0.85,0.01,-0.00,-0.00
-10250,3.05,-516,2.31,554,2.71,10374,22_07_16_12_05_2025,-5.40,7.98,0.86,0.00,-0.00,-0.00
-10146,3.04,-362,2.30,554,2.71,10411,22_07_16_12_05_2025,-5.40,7.98,0.85,0.00,-0.00,-0.00
-10015,3.03,-500,2.31,554,2.71,10451,22_07_16_12_05_2025,-5.41,7.98,0.86,0.00,-0.00,0.00
-10134,3.04,-469,2.31,554,2.71,10488,22_07_16_12_05_2025,-5.40,7.99,0.86,0.01,-0.00,-0.00
-10118,3.04,-450,2.31,554,2.71,10527,22_07_16_12_05_2025,-5.40,7.97,0.83,0.00,-0.00,-0.00
-10105,3.04,-462,2.31,554,2.71,10565,22_07_16_12_05_2025,-5.41,7.99,0.86,0.01,-0.00,0.00
-10172,3.04,-661,2.32,554,2.71,10602,22_07_16_12_05_2025,-5.40,7.98,0.84,0.00,-0.00,-0.00
-10083,3.04,-456,2.31,554,2.71,10642,22_07_16_12_05_2025,-5.39,7.98,0.86,0.01,-0.00,0.00
-10051,3.03,-455,2.31,554,2.71,10680,22_07_16_12_05_2025,-5.39,8.00,0.85,0.00,-0.00,-0.00
-10161,3.04,-366,2.30,554,2.71,10718,22_07_16_12_05_2025,-5.40,7.97,0.86,0.01,-0.00,-0.00
-10262,3.05,-364,2.30,554,2.71,10755,22_07_16_12_05_2025,-5.41,8.00,0.86,0.00,-0.00,0.00
-10156,3.04,-439,2.31,554,2.71,10792,22_07_16_12_05_2025,-5.41,7.99,0.84,0.00,-0.00,-0.00
-10252,3.05,-574,2.32,555,2.71,10830,22_07_16_12_05_2025,-5.39,7.98,0.84,0.01,-0.00,0.00
-10015,3.03,-484,2.31,554,2.71,10870,22_07_16_12_05_2025,-5.40,7.98,0.85,0.01,-0.00,-0.00
-10201,3.05,-484,2.31,554,2.71,10907,22_07_16_12_05_2025,-5.42,7.99,0.83,0.01,-0.00,0.00
-10060,3.03,-187,2.29,554,2.71,10945,22_07_16_12_05_2025,-5.38,7.96,0.86,0.01,-0.00,-0.00
-10022,3.03,-391,2.30,554,2.71,10983,22_07_16_12_05_2025,-5.40,8.00,0.86,0.00,-0.00,-0.00
-10160,3.04,-225,2.29,555,2.71,11020,22_07_16_12_05_2025,-5.39,7.98,0.85,0.01,-0.00,-0.00
-10281,3.05,-613,2.32,554,2.71,11057,22_07_16_12_05_2025,-5.41,7.98,0.86,0.00,-0.00,-0.00
-10182,3.04,-446,2.31,554,2.71,11103,22_07_16_12_05_2025,-5.41,7.98,0.84,0.00,-0.00,0.00
-10182,3.04,-414,2.30,554,2.71,11143,22_07_17_12_05_2025,-5.40,7.97,0.85,0.01,-0.00,-0.00
-9971,3.03,-386,2.30,554,2.71,11182,22_07_17_12_05_2025,-5.40,8.00,0.84,0.00,-0.00,-0.00
-10134,3.04,-419,2.30,554,2.71,11220,22_07_17_12_05_2025,-5.41,7.99,0.84,0.01,-0.00,-0.00
-10297,3.05,-300,2.30,555,2.71,11257,22_07_17_12_05_2025,-5.39,7.98,0.84,0.01,-0.00,0.00
-10100,3.04,-361,2.30,554,2.71,11297,22_07_17_12_05_2025,-5.40,7.97,0.85,0.01,-0.00,0.00
-10113,3.04,-462,2.31,554,2.71,11335,22_07_17_12_05_2025,-5.39,7.96,0.84,0.00,-0.00,0.00
-10131,3.04,-403,2.30,554,2.71,11377,22_07_17_12_05_2025,-5.40,7.99,0.85,0.00,-0.00,-0.00
-10247,3.05,-475,2.31,554,2.71,11414,22_07_17_12_05_2025,-5.39,7.99,0.86,0.00,-0.00,-0.00
-10084,3.04,-373,2.30,554,2.71,11452,22_07_17_12_05_2025,-5.41,7.98,0.86,0.00,-0.00,-0.00
-10096,3.04,-325,2.30,554,2.71,11490,22_07_17_12_05_2025,-5.43,7.99,0.84,0.01,-0.00,-0.00
-10223,3.05,-289,2.29,555,2.71,11530,22_07_17_12_05_2025,-5.39,7.97,0.86,0.01,-0.00,-0.00
-9942,3.03,-408,2.30,553,2.70,11568,22_07_17_12_05_2025,-5.40,7.98,0.86,0.01,-0.00,-0.00
-10256,3.05,-474,2.31,554,2.71,11605,22_07_17_12_05_2025,-5.40,7.99,0.86,0.01,-0.00,-0.00
-10185,3.04,-507,2.31,554,2.71,11643,22_07_17_12_05_2025,-5.40,7.98,0.87,0.00,-0.00,0.00
-10319,3.05,-408,2.30,554,2.71,11680,22_07_17_12_05_2025,-5.41,7.99,0.86,0.01,-0.00,-0.00
-10142,3.04,-314,2.30,554,2.71,11717,22_07_17_12_05_2025,-5.41,7.99,0.86,0.00,-0.00,-0.00
-10025,3.03,-346,2.30,554,2.71,11758,22_07_17_12_05_2025,-5.40,7.97,0.85,0.00,-0.00,-0.00
-10220,3.05,-475,2.31,554,2.71,11797,22_07_17_12_05_2025,-5.41,7.98,0.85,0.01,-0.00,-0.00
-10133,3.04,-350,2.30,554,2.71,11834,22_07_17_12_05_2025,-5.40,7.99,0.86,0.01,-0.00,-0.00
-10052,3.03,-310,2.30,554,2.71,11872,22_07_17_12_05_2025,-5.39,7.96,0.86,0.01,-0.00,0.00
-10096,3.04,-205,2.29,554,2.71,11910,22_07_17_12_05_2025,-5.40,8.00,0.86,0.00,-0.00,-0.00
-10229,3.05,-330,2.30,554,2.71,11951,22_07_17_12_05_2025,-5.39,7.98,0.85,0.00,-0.00,-0.00
-10053,3.03,-317,2.30,553,2.70,11988,22_07_17_12_05_2025,-5.41,7.97,0.86,0.01,-0.00,-0.00
-10139,3.04,-452,2.31,554,2.71,12025,22_07_17_12_05_2025,-5.41,8.00,0.86,0.00,-0.00,-0.00
-10069,3.04,-487,2.31,554,2.71,12063,22_07_17_12_05_2025,-5.41,7.99,0.84,0.00,-0.00,-0.00
-10202,3.05,-419,2.30,555,2.71,12100,22_07_17_12_05_2025,-5.40,7.98,0.84,0.01,-0.00,0.00
-10037,3.03,-453,2.31,554,2.71,12138,22_07_18_12_05_2025,-5.39,7.97,0.86,0.00,-0.00,-0.00
-10139,3.04,-479,2.31,555,2.71,12179,22_07_18_12_05_2025,-5.40,7.97,0.87,0.01,-0.00,0.00
-10108,3.04,-482,2.31,555,2.71,12219,22_07_18_12_05_2025,-5.40,8.00,0.86,0.00,-0.00,-0.00
-10164,3.04,-495,2.31,554,2.71,12257,22_07_18_12_05_2025,-5.38,7.98,0.85,0.01,-0.00,-0.00
-10096,3.04,-418,2.30,554,2.71,12298,22_07_18_12_05_2025,-5.40,7.97,0.87,0.01,-0.00,-0.00
-10076,3.04,-326,2.30,555,2.71,12337,22_07_18_12_05_2025,-5.43,8.00,0.84,0.00,-0.00,-0.00
-10076,3.04,-375,2.30,554,2.71,12374,22_07_18_12_05_2025,-5.41,7.97,0.85,0.00,-0.00,-0.00
-10162,3.04,-343,2.30,554,2.71,12414,22_07_18_12_05_2025,-5.40,7.98,0.85,0.01,-0.00,0.00
-10255,3.05,-691,2.33,555,2.71,12452,22_07_18_12_05_2025,-5.39,7.98,0.85,0.00,-0.00,-0.00
-10230,3.05,-487,2.31,554,2.71,12489,22_07_18_12_05_2025,-5.40,7.97,0.87,0.00,-0.00,0.00
-10153,3.04,-390,2.30,554,2.71,12526,22_07_18_12_05_2025,-5.41,8.00,0.84,0.01,-0.00,0.00
-10012,3.03,-419,2.30,554,2.71,12563,22_07_18_12_05_2025,-5.39,7.98,0.85,0.00,-0.00,-0.00
-10048,3.03,-519,2.31,555,2.71,12604,22_07_18_12_05_2025,-5.40,7.98,0.85,0.00,-0.00,-0.00
-10113,3.04,-94,2.28,555,2.71,12641,22_07_18_12_05_2025,-5.39,7.97,0.84,0.00,-0.00,-0.00
-10246,3.05,-361,2.30,555,2.71,12679,22_07_18_12_05_2025,-5.40,7.97,0.85,0.01,-0.00,0.00
-10161,3.04,-361,2.30,555,2.71,12716,22_07_18_12_05_2025,-5.40,8.01,0.85,0.00,-0.00,-0.00
-10089,3.04,-509,2.31,554,2.71,12754,22_07_18_12_05_2025,-5.41,7.99,0.88,0.00,-0.00,-0.00
-10128,3.04,-395,2.30,554,2.71,12791,22_07_18_12_05_2025,-5.39,7.98,0.87,0.01,-0.00,0.00
-10075,3.04,-465,2.31,554,2.71,12830,22_07_18_12_05_2025,-5.41,7.99,0.85,0.01,-0.00,-0.00
-9992,3.03,-454,2.31,554,2.71,12868,22_07_18_12_05_2025,-5.40,7.99,0.85,0.00,-0.00,-0.00
-10411,3.06,-293,2.29,555,2.71,12906,22_07_18_12_05_2025,-5.41,7.99,0.85,0.00,-0.00,-0.00
-10044,3.03,-499,2.31,554,2.71,12944,22_07_18_12_05_2025,-5.41,7.99,0.87,0.00,-0.00,-0.00
-10127,3.04,-386,2.30,554,2.71,12981,22_07_18_12_05_2025,-5.40,7.98,0.86,0.01,-0.00,0.00
-10211,3.05,-454,2.31,555,2.71,13019,22_07_18_12_05_2025,-5.39,7.99,0.85,0.00,-0.00,0.00
-10121,3.04,-400,2.30,554,2.71,13060,22_07_18_12_05_2025,-5.39,7.99,0.87,0.01,-0.00,-0.00
-10026,3.03,-208,2.29,554,2.71,13097,22_07_18_12_05_2025,-5.41,7.96,0.85,0.00,-0.00,0.00
-10173,3.04,-436,2.31,554,2.71,13134,22_07_19_12_05_2025,-5.43,8.00,0.84,0.00,-0.00,-0.00
-10166,3.04,-364,2.30,554,2.71,13172,22_07_19_12_05_2025,-5.39,7.97,0.85,0.00,-0.00,-0.00
-10059,3.03,-445,2.31,554,2.71,13210,22_07_19_12_05_2025,-5.40,7.98,0.84,0.00,-0.00,0.00
-10048,3.03,-203,2.29,554,2.71,13250,22_07_19_12_05_2025,-5.39,7.99,0.85,0.01,-0.00,-0.00
-10152,3.04,-324,2.30,554,2.71,13288,22_07_19_12_05_2025,-5.41,7.99,0.84,0.00,-0.00,-0.00
-10248,3.05,-394,2.30,555,2.71,13328,22_07_19_12_05_2025,-5.39,7.98,0.85,0.01,-0.00,-0.00
-9990,3.03,-440,2.31,554,2.71,13366,22_07_19_12_05_2025,-5.38,7.98,0.86,0.00,-0.00,-0.00
-10085,3.04,-370,2.30,554,2.71,13406,22_07_19_12_05_2025,-5.42,7.99,0.85,0.00,-0.00,-0.00
-10186,3.04,-448,2.31,554,2.71,13445,22_07_19_12_05_2025,-5.41,7.98,0.86,0.00,-0.00,-0.00
-10313,3.05,-686,2.32,554,2.71,13485,22_07_19_12_05_2025,-5.40,7.98,0.87,0.00,-0.00,-0.00
-10308,3.05,-383,2.30,554,2.71,13522,22_07_19_12_05_2025,-5.40,7.98,0.86,0.01,-0.00,-0.00
-10122,3.04,-499,2.31,554,2.71,13560,22_07_19_12_05_2025,-5.40,7.99,0.86,0.01,-0.00,0.00
-10142,3.04,-360,2.30,554,2.71,13598,22_07_19_12_05_2025,-5.38,7.97,0.85,0.01,-0.00,-0.00
-10211,3.05,-287,2.29,554,2.71,13635,22_07_19_12_05_2025,-5.42,7.98,0.84,0.00,-0.00,-0.00
-10236,3.05,-392,2.30,554,2.71,13672,22_07_19_12_05_2025,-5.39,7.98,0.85,0.00,-0.00,0.00
-10194,3.05,-529,2.31,554,2.71,13713,22_07_19_12_05_2025,-5.41,7.97,0.86,0.00,-0.00,-0.00
-10089,3.04,-454,2.31,554,2.71,13752,22_07_19_12_05_2025,-5.41,7.98,0.85,0.01,-0.00,0.00
-10011,3.03,-551,2.31,554,2.71,13789,22_07_19_12_05_2025,-5.39,8.00,0.86,0.00,-0.00,-0.00
-10096,3.04,-498,2.31,554,2.71,13827,22_07_19_12_05_2025,-5.39,7.98,0.86,0.00,-0.00,-0.00
-10169,3.04,-569,2.32,554,2.71,13865,22_07_19_12_05_2025,-5.40,7.99,0.87,0.01,-0.00,-0.00
-10312,3.05,-396,2.30,554,2.71,13905,22_07_19_12_05_2025,-5.40,7.97,0.83,0.01,-0.00,-0.00
-10287,3.05,-442,2.31,554,2.71,13942,22_07_19_12_05_2025,-5.41,7.98,0.85,0.01,-0.00,-0.00
-10167,3.04,-450,2.31,554,2.71,13980,22_07_19_12_05_2025,-5.40,7.98,0.86,0.00,-0.00,-0.00
-10248,3.05,-224,2.29,554,2.71,14018,22_07_19_12_05_2025,-5.39,7.98,0.86,0.01,-0.00,-0.00
-10352,3.06,-299,2.30,554,2.71,14055,22_07_19_12_05_2025,-5.42,7.99,0.84,0.00,-0.00,-0.00
-10214,3.05,-593,2.32,554,2.71,14093,22_07_19_12_05_2025,-5.39,7.97,0.85,0.01,-0.00,-0.00
-10060,3.03,-321,2.30,554,2.71,14134,22_07_20_12_05_2025,-5.41,7.99,0.86,0.01,-0.00,-0.00
-10220,3.05,-528,2.31,554,2.71,14172,22_07_20_12_05_2025,-5.40,8.00,0.86,0.00,-0.00,-0.00
-10137,3.04,-408,2.30,554,2.71,14209,22_07_20_12_05_2025,-5.40,7.98,0.86,0.01,-0.00,-0.00
-10271,3.05,-450,2.31,554,2.71,14246,22_07_20_12_05_2025,-5.40,7.99,0.85,0.00,-0.00,-0.00
-10309,3.05,-339,2.30,554,2.71,14284,22_07_20_12_05_2025,-5.41,7.98,0.86,0.01,-0.00,0.00
-10021,3.03,-526,2.31,554,2.71,14324,22_07_20_12_05_2025,-5.40,7.98,0.86,0.00,-0.00,0.00
-10131,3.04,-357,2.30,554,2.71,14361,22_07_20_12_05_2025,-5.40,7.99,0.87,0.00,-0.00,-0.00
-10191,3.04,-520,2.31,554,2.71,14399,22_07_20_12_05_2025,-5.39,7.98,0.85,0.01,-0.00,-0.00
-10081,3.04,-418,2.30,554,2.71,14438,22_07_20_12_05_2025,-5.40,7.98,0.85,0.01,-0.00,-0.00
-10177,3.04,-301,2.30,554,2.71,14476,22_07_20_12_05_2025,-5.41,7.99,0.83,0.00,-0.00,-0.00
-10238,3.05,-166,2.29,554,2.71,14516,22_07_20_12_05_2025,-5.41,7.98,0.85,0.01,-0.00,0.00
-10145,3.04,-466,2.31,554,2.71,14557,22_07_20_12_05_2025,-5.40,7.99,0.85,0.00,-0.00,-0.00
-10249,3.05,-403,2.30,554,2.71,14595,22_07_20_12_05_2025,-5.40,7.99,0.86,0.00,-0.00,0.00
-10057,3.03,-308,2.30,554,2.71,14632,22_07_20_12_05_2025,-5.39,7.97,0.85,0.01,-0.00,-0.00
-10186,3.04,-459,2.31,554,2.71,14670,22_07_20_12_05_2025,-5.41,7.99,0.84,0.00,-0.00,-0.00
-10066,3.04,-416,2.30,554,2.71,14707,22_07_20_12_05_2025,-5.39,7.98,0.85,0.01,-0.00,-0.00
-10155,3.04,-594,2.32,553,2.70,14744,22_07_20_12_05_2025,-5.41,7.98,0.85,0.00,-0.00,-0.00
-10035,3.03,-424,2.30,554,2.71,14784,22_07_20_12_05_2025,-5.41,8.01,0.85,0.00,-0.00,-0.00
-9990,3.03,-308,2.30,554,2.71,14822,22_07_20_12_05_2025,-5.40,7.97,0.87,0.01,-0.00,0.00
-10222,3.05,-241,2.29,554,2.71,14859,22_07_20_12_05_2025,-5.41,8.00,0.86,0.00,-0.00,-0.00
-10257,3.05,-425,2.30,555,2.71,14897,22_07_20_12_05_2025,-5.40,7.97,0.87,0.01,-0.00,0.00
-10183,3.04,-340,2.30,554,2.71,14934,22_07_20_12_05_2025,-5.41,7.97,0.86,0.00,-0.00,-0.00
-10198,3.05,-308,2.30,554,2.71,14975,22_07_20_12_05_2025,-5.40,7.99,0.86,0.00,-0.00,-0.00
-10182,3.04,-454,2.31,554,2.71,15012,22_07_20_12_05_2025,-5.41,7.98,0.86,0.00,-0.00,-0.00
-10307,3.05,-516,2.31,554,2.71,15049,22_07_20_12_05_2025,-5.40,7.98,0.85,0.00,-0.00,0.00
-10130,3.04,-320,2.30,554,2.71,15086,22_07_20_12_05_2025,-5.42,7.98,0.86,0.00,-0.00,-0.00
-10296,3.05,-429,2.31,554,2.71,15125,22_07_21_12_05_2025,-5.40,7.98,0.86,0.01,-0.00,-0.00
-10081,3.04,-498,2.31,554,2.71,15162,22_07_21_12_05_2025,-5.40,7.97,0.86,0.01,-0.00,0.00
-10183,3.04,-555,2.31,554,2.71,15202,22_07_21_12_05_2025,-5.40,8.00,0.83,0.01,-0.00,-0.00
-10109,3.04,-640,2.32,554,2.71,15240,22_07_21_12_05_2025,-5.40,7.97,0.84,0.01,-0.00,-0.00
-10301,3.05,-509,2.31,554,2.71,15279,22_07_21_12_05_2025,-5.40,7.99,0.85,0.01,-0.00,0.00
-10301,3.05,-378,2.30,554,2.71,15316,22_07_21_12_05_2025,-5.38,7.97,0.86,0.01,-0.00,-0.00
-10139,3.04,-405,2.30,554,2.71,15353,22_07_21_12_05_2025,-5.40,7.99,0.85,0.00,-0.00,0.00
-10242,3.05,-571,2.32,554,2.71,15391,22_07_21_12_05_2025,-5.40,8.01,0.85,0.00,-0.00,-0.00
-10081,3.04,-333,2.30,554,2.71,15430,22_07_21_12_05_2025,-5.41,7.97,0.85,0.00,-0.00,-0.00
-9962,3.03,-467,2.31,554,2.71,15467,22_07_21_12_05_2025,-5.40,7.99,0.86,0.01,-0.00,-0.00
-10164,3.04,-320,2.30,554,2.71,15505,22_07_21_12_05_2025,-5.40,7.99,0.86,0.01,-0.00,-0.00
-10164,3.04,-311,2.30,554,2.71,15545,22_07_21_12_05_2025,-5.39,7.97,0.87,0.01,-0.00,0.00
-10030,3.03,-379,2.30,554,2.71,15585,22_07_21_12_05_2025,-5.41,7.98,0.85,0.00,-0.00,-0.00
-10326,3.06,-276,2.29,554,2.71,15625,22_07_21_12_05_2025,-5.40,7.99,0.86,0.00,-0.00,-0.00
-10317,3.05,-385,2.30,554,2.71,15664,22_07_21_12_05_2025,-5.41,7.96,0.86,0.01,-0.00,-0.00
-10136,3.04,-505,2.31,554,2.71,15702,22_07_21_12_05_2025,-5.40,8.00,0.86,0.00,-0.00,-0.00
-10379,3.06,-339,2.30,554,2.71,15740,22_07_21_12_05_2025,-5.41,7.98,0.85,0.01,-0.00,-0.00
-10188,3.04,-481,2.31,554,2.71,15777,22_07_21_12_05_2025,-5.41,7.96,0.85,0.00,-0.00,0.00
-10161,3.04,-431,2.31,554,2.71,15815,22_07_21_12_05_2025,-5.41,7.98,0.87,0.01,-0.00,-0.00
-10146,3.04,-414,2.30,554,2.71,15854,22_07_21_12_05_2025,-5.39,7.98,0.86,0.00,-0.00,-0.00
-10018,3.03,-464,2.31,554,2.71,15891,22_07_21_12_05_2025,-5.40,7.98,0.85,0.01,-0.00,-0.00
-10105,3.04,-484,2.31,554,2.71,15929,22_07_21_12_05_2025,-5.42,8.00,0.85,0.00,-0.00,-0.00
-10103,3.04,-427,2.31,554,2.71,15967,22_07_21_12_05_2025,-5.41,8.00,0.85,0.01,-0.00,-0.00
-10102,3.04,-473,2.31,554,2.71,16004,22_07_21_12_05_2025,-5.39,7.96,0.86,0.00,-0.00,0.00
-10186,3.04,-489,2.31,554,2.71,16041,22_07_21_12_05_2025,-5.38,7.98,0.86,0.00,-0.00,-0.00
-10206,3.05,-472,2.31,554,2.71,16082,22_07_21_12_05_2025,-5.40,7.99,0.87,0.00,-0.00,0.00
-10213,3.05,-327,2.30,554,2.71,16120,22_07_22_12_05_2025,-5.40,8.01,0.84,0.00,-0.00,-0.00
-10309,3.05,-320,2.30,554,2.71,16157,22_07_22_12_05_2025,-5.41,7.96,0.84,0.00,-0.00,0.00
-10415,3.06,-356,2.30,554,2.71,16194,22_07_22_12_05_2025,-5.40,7.99,0.85,0.01,-0.00,-0.00
-10146,3.04,-177,2.29,554,2.71,16232,22_07_22_12_05_2025,-5.40,7.99,0.86,0.00,-0.00,-0.00
-10136,3.04,-439,2.31,554,2.71,16272,22_07_22_12_05_2025,-5.38,7.98,0.87,0.00,-0.00,0.00
-10094,3.04,-476,2.31,554,2.71,16310,22_07_22_12_05_2025,-5.41,7.98,0.84,0.00,-0.00,-0.00
-9963,3.03,-145,2.28,554,2.71,16348,22_07_22_12_05_2025,-5.40,7.98,0.84,0.00,-0.00,0.00
-10069,3.04,-555,2.31,554,2.71,16386,22_07_22_12_05_2025,-5.39,7.98,0.86,0.01,-0.00,-0.00
-10058,3.03,-390,2.30,554,2.71,16423,22_07_22_12_05_2025,-5.39,7.97,0.87,0.00,-0.00,-0.00
-9955,3.03,-470,2.31,554,2.71,16461,22_07_22_12_05_2025,-5.40,7.98,0.87,0.01,-0.00,0.00
-10284,3.05,-445,2.31,554,2.71,16502,22_07_22_12_05_2025,-5.40,7.99,0.85,0.00,-0.00,-0.00
-10244,3.05,-436,2.31,554,2.71,16539,22_07_22_12_05_2025,-5.39,7.99,0.86,0.00,-0.00,0.00
-10228,3.05,-420,2.30,554,2.71,16576,22_07_22_12_05_2025,-5.41,7.98,0.85,0.01,-0.00,0.00
-10284,3.05,-424,2.30,554,2.71,16614,22_07_22_12_05_2025,-5.41,7.99,0.84,0.01,-0.00,-0.00
-10182,3.04,-294,2.30,555,2.71,16655,22_07_22_12_05_2025,-5.39,7.98,0.86,0.01,-0.00,0.00
-10021,3.03,-497,2.31,555,2.71,16695,22_07_22_12_05_2025,-5.41,7.98,0.86,0.00,-0.00,0.00
-10283,3.05,-344,2.30,554,2.71,16735,22_07_22_12_05_2025,-5.39,7.98,0.86,0.00,-0.00,-0.00
-10117,3.04,-220,2.29,555,2.71,16774,22_07_22_12_05_2025,-5.40,7.98,0.85,0.01,-0.00,-0.00
-10085,3.04,-258,2.29,554,2.71,16813,22_07_22_12_05_2025,-5.41,7.98,0.84,0.00,-0.00,-0.00
-10187,3.04,-246,2.29,555,2.71,16850,22_07_22_12_05_2025,-5.41,7.99,0.86,0.00,-0.00,-0.00
-10212,3.05,-326,2.30,554,2.71,16888,22_07_22_12_05_2025,-5.39,7.97,0.85,0.00,-0.00,0.00
-10067,3.04,-355,2.30,555,2.71,16929,22_07_22_12_05_2025,-5.41,7.98,0.85,0.01,-0.00,-0.00
-10290,3.05,-236,2.29,554,2.71,16967,22_07_22_12_05_2025,-5.40,7.98,0.86,0.00,-0.00,0.00
-9968,3.03,-405,2.30,554,2.71,17004,22_07_22_12_05_2025,-5.41,7.98,0.85,0.00,-0.00,-0.00
-10155,3.04,-460,2.31,554,2.71,17042,22_07_22_12_05_2025,-5.40,7.99,0.87,0.00,-0.00,0.00
-10255,3.05,-369,2.30,554,2.71,17080,22_07_22_12_05_2025,-5.39,8.00,0.84,0.01,-0.00,-0.00
-10084,3.04,-457,2.31,554,2.71,17117,22_07_23_12_05_2025,-5.41,7.97,0.86,0.00,-0.00,-0.00
-10323,3.05,-178,2.29,555,2.71,17158,22_07_23_12_05_2025,-5.40,7.98,0.87,0.00,-0.00,0.00
-10049,3.03,-299,2.30,553,2.70,17196,22_07_23_12_05_2025,-5.40,7.99,0.86,0.00,-0.00,-0.00
-10148,3.04,-344,2.30,554,2.71,17234,22_07_23_12_05_2025,-5.41,7.98,0.85,0.01,-0.00,-0.00
-10289,3.05,-472,2.31,555,2.71,17272,22_07_23_12_05_2025,-5.39,7.99,0.84,0.01,-0.00,-0.00
-10228,3.05,-532,2.31,554,2.71,17309,22_07_23_12_05_2025,-5.41,7.99,0.87,0.01,-0.00,-0.00
-10058,3.03,-445,2.31,554,2.71,17347,22_07_23_12_05_2025,-5.41,7.99,0.85,0.00,-0.00,-0.00
-10377,3.06,-299,2.30,554,2.71,17387,22_07_23_12_05_2025,-5.40,7.98,0.86,0.01,-0.00,-0.00
-10045,3.03,-461,2.31,555,2.71,17425,22_07_23_12_05_2025,-5.41,7.99,0.85,0.00,-0.00,0.00
-10264,3.05,-354,2.30,554,2.71,17463,22_07_23_12_05_2025,-5.41,7.98,0.84,0.00,-0.00,0.00
-10121,3.04,-228,2.29,554,2.71,17501,22_07_23_12_05_2025,-5.40,7.98,0.87,0.00,-0.00,0.00
-10098,3.04,-488,2.31,555,2.71,17539,22_07_23_12_05_2025,-5.41,7.97,0.85,0.01,-0.00,-0.00
-10068,3.04,-359,2.30,554,2.71,17579,22_07_23_12_05_2025,-5.40,7.98,0.85,0.00,-0.00,-0.00
-10092,3.04,-396,2.30,554,2.71,17617,22_07_23_12_05_2025,-5.41,7.97,0.85,0.01,-0.00,0.00
-10117,3.04,-421,2.30,553,2.70,17655,22_07_23_12_05_2025,-5.41,7.99,0.85,0.01,-0.00,-0.00
-10094,3.04,-440,2.31,555,2.71,17692,22_07_23_12_05_2025,-5.39,7.97,0.86,0.01,-0.00,-0.00
-10015,3.03,-330,2.30,554,2.71,17732,22_07_23_12_05_2025,-5.41,7.98,0.84,0.01,-0.00,0.00
-10358,3.06,-552,2.31,554,2.71,17770,22_07_23_12_05_2025,-5.41,7.98,0.86,0.00,-0.00,0.00
-10283,3.05,-264,2.29,554,2.71,17821,22_07_23_12_05_2025,-5.41,7.98,0.86,0.00,-0.00,-0.00
-10240,3.05,-384,2.30,554,2.71,17862,22_07_23_12_05_2025,-5.40,7.99,0.86,0.00,-0.00,-0.00
-10282,3.05,-274,2.29,554,2.71,17901,22_07_23_12_05_2025,-5.41,7.98,0.86,0.00,-0.00,0.00
-10255,3.05,-399,2.30,554,2.71,17942,22_07_23_12_05_2025,-5.40,7.99,0.85,0.01,-0.00,-0.00
-10067,3.04,-435,2.31,554,2.71,17982,22_07_23_12_05_2025,-5.41,7.99,0.86,0.01,-0.00,-0.00
-10181,3.04,-499,2.31,554,2.71,18021,22_07_23_12_05_2025,-5.41,7.97,0.84,0.00,-0.00,-0.00
-10181,3.04,-581,2.32,555,2.71,18059,22_07_23_12_05_2025,-5.40,7.99,0.84,0.00,-0.00,-0.00
-10117,3.04,-275,2.29,554,2.71,18099,22_07_23_12_05_2025,-5.40,7.98,0.86,0.01,-0.00,-0.00
-10086,3.04,-202,2.29,553,2.70,18139,22_07_24_12_05_2025,-5.40,7.97,0.85,0.00,-0.00,-0.00
-10259,3.05,-417,2.30,554,2.71,18179,22_07_24_12_05_2025,-5.41,7.99,0.86,0.00,-0.00,-0.00
-10211,3.05,-394,2.30,554,2.71,18220,22_07_24_12_05_2025,-5.40,7.98,0.84,0.00,-0.00,0.00
-10099,3.04,-444,2.31,554,2.71,18262,22_07_24_12_05_2025,-5.41,7.99,0.86,0.00,-0.00,0.00
-10213,3.05,-279,2.29,554,2.71,18303,22_07_24_12_05_2025,-5.40,7.98,0.86,0.00,-0.00,0.00
-10080,3.04,-71,2.28,554,2.71,18344,22_07_24_12_05_2025,-5.40,7.98,0.85,0.01,-0.00,-0.00
-10323,3.05,-186,2.29,554,2.71,18383,22_07_24_12_05_2025,-5.39,7.99,0.86,0.01,-0.00,-0.00
-10166,3.04,-424,2.30,554,2.71,18424,22_07_24_12_05_2025,-5.40,7.98,0.86,0.00,-0.00,-0.00
-10200,3.05,-337,2.30,555,2.71,18465,22_07_24_12_05_2025,-5.40,7.98,0.84,0.00,-0.00,0.00
-10165,3.04,-271,2.29,556,2.72,18507,22_07_24_12_05_2025,-5.40,7.99,0.86,0.00,-0.00,-0.00
-10238,3.05,-356,2.30,554,2.71,18548,22_07_24_12_05_2025,-5.41,7.98,0.87,0.01,-0.00,-0.00
-10177,3.04,-491,2.31,554,2.71,18588,22_07_24_12_05_2025,-5.40,8.00,0.85,0.01,-0.00,-0.00
-10181,3.04,-243,2.29,554,2.71,18627,22_07_24_12_05_2025,-5.40,7.97,0.85,0.00,-0.00,-0.00
-10446,3.06,-518,2.31,554,2.71,18668,22_07_24_12_05_2025,-5.40,7.98,0.86,0.01,-0.00,-0.00
-10215,3.05,-335,2.30,554,2.71,18710,22_07_24_12_05_2025,-5.40,7.99,0.85,0.00,-0.00,-0.00
-10113,3.04,-283,2.29,554,2.71,18750,22_07_24_12_05_2025,-5.40,7.98,0.85,0.00,-0.00,-0.00
-10179,3.04,-365,2.30,555,2.71,18790,22_07_24_12_05_2025,-5.40,7.98,0.86,0.00,-0.00,-0.00
-10180,3.04,-257,2.29,554,2.71,18830,22_07_24_12_05_2025,-5.40,7.99,0.85,0.01,-0.00,-0.00
-10248,3.05,-410,2.30,554,2.71,18872,22_07_24_12_05_2025,-5.40,7.98,0.84,0.00,-0.00,-0.00
-10144,3.04,-283,2.29,554,2.71,18913,22_07_24_12_05_2025,-5.41,7.99,0.86,0.00,-0.00,-0.00
-10182,3.04,-309,2.30,555,2.71,18956,22_07_24_12_05_2025,-5.40,7.98,0.86,0.01,-0.00,-0.00
-10092,3.04,-327,2.30,554,2.71,18996,22_07_24_12_05_2025,-5.40,7.97,0.85,0.01,-0.00,-0.00
-10235,3.05,-429,2.31,553,2.70,19035,22_07_24_12_05_2025,-5.41,7.99,0.84,0.00,-0.00,-0.00
-10086,3.04,-523,2.31,554,2.71,19075,22_07_24_12_05_2025,-5.41,7.98,0.88,0.01,-0.00,0.00
-10159,3.04,-357,2.30,554,2.71,19115,22_07_24_12_05_2025,-5.40,7.98,0.86,0.00,-0.00,-0.00
-10138,3.04,-466,2.31,554,2.71,19155,22_07_25_12_05_2025,-5.40,7.96,0.86,0.00,-0.00,-0.00
-10124,3.04,-393,2.30,554,2.71,19197,22_07_25_12_05_2025,-5.40,7.96,0.81,0.01,-0.00,0.00
-10203,3.05,-273,2.29,554,2.71,19237,22_07_25_12_05_2025,-5.41,7.99,0.86,0.01,-0.00,-0.00
-10196,3.05,-531,2.31,554,2.71,19276,22_07_25_12_05_2025,-5.40,7.97,0.85,0.00,-0.00,-0.00
-10263,3.05,-456,2.31,554,2.71,19316,22_07_25_12_05_2025,-5.40,7.99,0.85,0.01,-0.00,0.00
-10009,3.03,-154,2.28,554,2.71,19357,22_07_25_12_05_2025,-5.39,7.98,0.87,0.01,-0.00,0.00
-10140,3.04,-353,2.30,554,2.71,19398,22_07_25_12_05_2025,-5.40,7.98,0.87,0.00,-0.00,0.00
-10164,3.04,-381,2.30,554,2.71,19438,22_07_25_12_05_2025,-5.41,7.99,0.85,0.01,-0.00,0.00
-10134,3.04,-243,2.29,554,2.71,19478,22_07_25_12_05_2025,-5.39,7.98,0.85,0.00,-0.00,-0.00
-10195,3.05,-255,2.29,554,2.71,19517,22_07_25_12_05_2025,-5.40,7.99,0.87,0.00,-0.00,-0.00
-10195,3.05,-440,2.31,554,2.71,19557,22_07_25_12_05_2025,-5.40,7.97,0.85,0.01,-0.00,-0.00
-10084,3.04,-514,2.31,554,2.71,19598,22_07_25_12_05_2025,-5.40,7.98,0.84,0.00,-0.00,0.00
-10258,3.05,-430,2.31,554,2.71,19639,22_07_25_12_05_2025,-5.40,7.99,0.86,0.00,-0.00,-0.00
-10324,3.05,-396,2.30,554,2.71,19679,22_07_25_12_05_2025,-5.40,7.98,0.87,0.01,-0.00,0.00
-10408,3.06,-508,2.31,554,2.71,19719,22_07_25_12_05_2025,-5.41,8.00,0.85,0.01,-0.00,0.00
-10217,3.05,-121,2.28,554,2.71,19759,22_07_25_12_05_2025,-5.40,7.97,0.86,0.01,-0.00,0.00
-10304,3.05,-436,2.31,554,2.71,19798,22_07_25_12_05_2025,-5.40,7.95,0.86,0.00,-0.00,0.00
-10065,3.04,-414,2.30,554,2.71,19839,22_07_25_12_05_2025,-5.40,7.99,0.79,0.01,-0.00,0.00
-10177,3.04,-370,2.30,554,2.71,19881,22_07_25_12_05_2025,-5.40,7.97,0.88,0.00,-0.00,-0.00
-10292,3.05,-472,2.31,554,2.71,19921,22_07_25_12_05_2025,-5.41,7.98,0.88,0.00,-0.00,-0.00
-10261,3.05,-392,2.30,554,2.71,19961,22_07_25_12_05_2025,-5.39,7.98,0.85,0.00,-0.00,0.00
-10202,3.05,-295,2.30,554,2.71,20001,22_07_25_12_05_2025,-5.40,7.98,0.83,0.00,-0.00,-0.00
-10273,3.05,-391,2.30,554,2.71,20043,22_07_25_12_05_2025,-5.42,7.99,0.87,0.00,-0.00,-0.00
-10033,3.03,-268,2.29,554,2.71,20087,22_07_25_12_05_2025,-5.39,7.98,0.85,0.00,-0.00,-0.00
-10033,3.03,-328,2.30,554,2.71,20126,22_07_26_12_05_2025,-5.40,8.00,0.83,0.00,-0.00,-0.00
-9982,3.03,-460,2.31,554,2.71,20166,22_07_26_12_05_2025,-5.40,7.97,0.84,0.01,-0.00,-0.00
-10139,3.04,-303,2.30,554,2.71,20206,22_07_26_12_05_2025,-5.41,7.98,0.87,0.00,-0.00,-0.00
-10080,3.04,-341,2.30,554,2.71,20250,22_07_26_12_05_2025,-5.39,7.99,0.84,0.01,-0.00,0.00
-10013,3.03,-405,2.30,554,2.71,20290,22_07_26_12_05_2025,-5.40,7.98,0.83,0.00,-0.00,-0.00
-10328,3.06,-292,2.29,554,2.71,20333,22_07_26_12_05_2025,-5.40,8.00,0.86,0.01,-0.00,-0.00
-10159,3.04,-340,2.30,554,2.71,20373,22_07_26_12_05_2025,-5.41,7.98,0.84,0.01,-0.00,0.00
-10246,3.05,-402,2.30,554,2.71,20413,22_07_26_12_05_2025,-5.40,7.97,0.85,0.00,-0.00,0.00
-10134,3.04,-419,2.30,554,2.71,20452,22_07_26_12_05_2025,-5.39,7.99,0.85,0.01,-0.00,-0.00
-10152,3.04,-374,2.30,554,2.71,20491,22_07_26_12_05_2025,-5.40,7.98,0.85,0.01,-0.00,0.00
-10207,3.05,-381,2.30,554,2.71,20531,22_07_26_12_05_2025,-5.40,7.98,0.86,0.00,-0.00,0.00
-10119,3.04,-452,2.31,554,2.71,20573,22_07_26_12_05_2025,-5.40,7.98,0.84,0.01,-0.00,-0.00
-10191,3.04,-556,2.31,554,2.71,20613,22_07_26_12_05_2025,-5.40,7.98,0.85,0.00,-0.00,-0.00
-10130,3.04,-278,2.29,554,2.71,20653,22_07_26_12_05_2025,-5.40,7.99,0.84,0.01,-0.00,0.00
-10154,3.04,-458,2.31,554,2.71,20692,22_07_26_12_05_2025,-5.41,7.99,0.93,-0.01,-0.03,0.01
-10186,3.04,-352,2.30,554,2.71,20733,22_07_26_12_05_2025,-5.24,8.03,0.70,0.27,-0.45,-0.04
-10008,3.03,-522,2.31,554,2.71,20775,22_07_26_12_05_2025,-5.29,8.01,1.44,0.22,-0.29,-0.01
-10155,3.04,-495,2.31,555,2.71,20814,22_07_26_12_05_2025,-5.38,8.01,0.74,-0.01,0.03,0.01
-10235,3.05,-255,2.29,555,2.71,20855,22_07_26_12_05_2025,-5.37,8.08,0.86,0.00,-0.00,0.00
-10105,3.04,-633,2.32,554,2.71,20894,22_07_26_12_05_2025,-4.14,7.93,0.02,0.20,0.11,0.06
-10268,3.05,-441,2.31,554,2.71,20933,22_07_26_12_05_2025,-5.42,7.97,0.66,0.03,0.03,0.04
-9947,3.03,-266,2.29,554,2.71,20974,22_07_26_12_05_2025,-5.21,7.97,1.00,-0.15,0.39,0.18
-9814,3.02,-437,2.31,555,2.71,21055,22_07_26_12_05_2025,-5.29,8.12,0.49,-0.03,-0.03,-0.11
-10149,3.04,-379,2.30,554,2.71,21095,22_07_26_12_05_2025,-5.53,8.28,0.78,-0.69,-0.57,-0.04
-10287,3.05,-351,2.30,554,2.71,21134,22_07_27_12_05_2025,-5.19,7.74,1.10,-0.57,-0.22,-0.01
-10294,3.05,-374,2.30,554,2.71,21174,22_07_27_12_05_2025,-5.01,7.58,1.52,0.09,0.04,-0.04
-10480,3.07,-252,2.29,554,2.71,21214,22_07_27_12_05_2025,-6.58,6.68,1.45,0.89,0.54,0.06
-10307,3.05,-301,2.30,554,2.71,21255,22_07_27_12_05_2025,-4.58,8.61,-0.14,-0.06,0.11,-0.10
-10494,3.07,-611,2.32,554,2.71,21300,22_07_27_12_05_2025,-5.61,7.77,0.86,-0.07,0.07,0.01
-10378,3.06,-279,2.29,554,2.71,21340,22_07_27_12_05_2025,-5.38,8.15,0.47,-0.03,0.12,0.01
-10314,3.05,-354,2.30,555,2.71,21379,22_07_27_12_05_2025,-5.32,8.05,0.68,0.01,0.01,0.02
-10339,3.06,-119,2.28,554,2.71,21417,22_07_27_12_05_2025,-5.32,8.12,0.62,0.09,-0.03,0.01
-9982,3.03,-272,2.29,554,2.71,21457,22_07_27_12_05_2025,-5.23,8.19,0.67,0.02,-0.04,0.00
-9918,3.02,-251,2.29,554,2.71,21499,22_07_27_12_05_2025,-5.39,8.78,0.64,-0.52,-0.11,0.08
-9960,3.03,-245,2.29,554,2.71,21538,22_07_27_12_05_2025,-5.11,7.76,0.82,-1.37,-0.38,0.16
-9896,3.02,-359,2.30,554,2.71,21578,22_07_27_12_05_2025,-5.16,6.83,1.60,-1.96,-0.51,0.38
-9926,3.02,-296,2.30,554,2.71,21616,22_07_27_12_05_2025,-5.20,7.08,1.87,-0.26,-0.08,0.02
-9966,3.03,-208,2.29,555,2.71,21655,22_07_27_12_05_2025,-5.55,7.97,2.57,0.04,0.21,0.11
-10145,3.04,-349,2.30,554,2.71,21696,22_07_27_12_05_2025,-5.40,7.82,2.47,-0.07,-0.11,-0.00
-10026,3.03,-337,2.30,555,2.71,21738,22_07_27_12_05_2025,-5.32,7.89,2.55,-0.19,-0.10,-0.08
-9888,3.02,-595,2.32,554,2.71,21777,22_07_27_12_05_2025,-5.40,7.69,2.84,-0.89,-0.16,-0.23
-10048,3.03,-213,2.29,554,2.71,21817,22_07_27_12_05_2025,-3.79,8.07,2.71,-1.42,-0.36,-0.38
-10056,3.03,-324,2.30,554,2.71,21857,22_07_27_12_05_2025,-5.22,6.76,2.51,-0.52,-0.50,0.01
-10073,3.04,-137,2.28,554,2.71,21896,22_07_27_12_05_2025,-5.51,7.55,3.90,-0.12,0.43,0.14
-9892,3.02,-195,2.29,554,2.71,21937,22_07_27_12_05_2025,-5.63,7.08,3.34,-0.23,0.05,0.10
-10154,3.04,-367,2.30,554,2.71,21979,22_07_27_12_05_2025,-5.46,7.62,3.62,-0.71,-0.04,-0.01
-9896,3.02,-51,2.28,554,2.71,22018,22_07_27_12_05_2025,-4.93,6.56,3.49,-0.94,-0.14,-0.05
-9943,3.03,-322,2.30,554,2.71,22058,22_07_27_12_05_2025,-5.64,6.86,4.60,-1.84,0.09,-0.05
-9902,3.02,-83,2.28,554,2.71,22098,22_07_27_12_05_2025,-5.09,6.66,4.17,-1.69,0.08,-0.14
-9892,3.02,-199,2.29,554,2.71,22137,22_07_28_12_05_2025,-5.50,5.88,4.67,-0.42,-0.00,-0.23
-9874,3.02,-405,2.30,554,2.71,22180,22_07_28_12_05_2025,-5.65,7.06,6.05,-1.45,-0.03,-0.33
-10100,3.04,-132,2.28,554,2.71,22219,22_07_28_12_05_2025,-5.65,5.21,5.79,-3.03,-0.14,-0.48
-10047,3.03,-124,2.28,554,2.71,22259,22_07_28_12_05_2025,-5.41,4.30,7.29,-2.05,-0.22,-0.28
-10218,3.05,-342,2.30,555,2.71,22299,22_07_28_12_05_2025,-5.63,4.21,7.11,-2.08,-0.27,-0.09
-9995,3.03,83,2.27,555,2.71,22339,22_07_28_12_05_2025,-5.54,3.84,7.02,-2.06,-0.24,-0.30
-10002,3.03,-382,2.30,554,2.71,22379,22_07_28_12_05_2025,-5.41,2.93,7.56,-1.68,-0.08,-0.22
-10060,3.03,-353,2.30,554,2.71,22424,22_07_28_12_05_2025,-5.37,2.33,7.41,-1.64,-0.16,-0.24
-10067,3.04,-148,2.28,554,2.71,22463,22_07_28_12_05_2025,-5.18,1.92,8.02,-1.33,-0.44,-0.50
-10001,3.03,-49,2.28,554,2.71,22502,22_07_28_12_05_2025,-5.31,1.74,8.43,-1.53,-0.41,-0.53
-10122,3.04,-234,2.29,554,2.71,22542,22_07_28_12_05_2025,-5.42,0.56,8.19,-2.01,-0.35,-0.44
-10205,3.05,-84,2.28,555,2.71,22582,22_07_28_12_05_2025,-4.88,-0.44,8.36,-1.45,-0.13,-0.38
-10119,3.04,-366,2.30,554,2.71,22621,22_07_28_12_05_2025,-5.53,-1.73,7.80,-0.28,0.05,0.00
-9958,3.03,-199,2.29,554,2.71,22664,22_07_28_12_05_2025,-4.92,-0.39,8.33,-0.36,0.07,0.70
-10125,3.04,-259,2.29,554,2.71,22703,22_07_28_12_05_2025,-5.31,0.27,8.94,-0.65,0.28,0.17
-10173,3.04,-387,2.30,554,2.71,22742,22_07_28_12_05_2025,-5.40,-0.53,8.25,-1.53,0.18,-0.33
-10093,3.04,-260,2.29,554,2.71,22783,22_07_28_12_05_2025,-4.84,-1.83,7.77,-1.68,-0.16,-0.27
-10049,3.03,-117,2.28,554,2.71,22823,22_07_28_12_05_2025,-5.07,-0.83,7.61,0.73,0.22,-0.03
-9828,3.02,-139,2.28,554,2.71,22866,22_07_28_12_05_2025,-4.98,-1.79,8.86,-1.11,-1.02,-0.37
-10002,3.03,-273,2.29,554,2.71,22905,22_07_28_12_05_2025,-5.02,-2.24,8.40,-0.73,-0.51,-0.24
-10011,3.03,-188,2.29,554,2.71,22944,22_07_28_12_05_2025,-4.62,-2.30,8.32,-0.31,-0.29,0.02
-9878,3.02,-31,2.28,554,2.71,22985,22_07_28_12_05_2025,-4.70,-2.17,8.49,-0.21,-0.76,-0.11
-9923,3.02,-249,2.29,554,2.71,23025,22_07_28_12_05_2025,-4.71,-2.06,8.39,-0.26,-0.04,0.04
-10003,3.03,-158,2.28,554,2.71,23064,22_07_28_12_05_2025,-5.00,-2.74,8.47,0.04,0.08,-0.70
-10117,3.04,-340,2.30,554,2.71,23107,22_07_28_12_05_2025,-4.16,-1.79,8.55,1.37,0.39,-0.91
-10112,3.04,-212,2.29,554,2.71,23147,22_07_29_12_05_2025,-4.89,-2.79,8.80,-0.03,-0.12,-0.65
-9954,3.03,-390,2.30,554,2.71,23186,22_07_29_12_05_2025,-5.45,-0.79,8.53,0.24,0.19,-0.48
-10070,3.04,-69,2.28,553,2.70,23227,22_07_29_12_05_2025,-4.33,-1.48,8.80,0.66,0.12,-0.50
-10057,3.03,-359,2.30,554,2.71,23267,22_07_29_12_05_2025,-4.77,-1.81,8.54,0.60,0.12,0.06
-9820,3.02,-414,2.30,554,2.71,23309,22_07_29_12_05_2025,-4.53,-2.05,8.58,1.00,0.07,-0.24
-9895,3.02,-397,2.30,554,2.71,23349,22_07_29_12_05_2025,-4.14,-1.89,8.81,-0.18,0.13,0.23
-9916,3.02,-6,2.27,554,2.71,23388,22_07_29_12_05_2025,-4.41,-1.60,8.05,0.19,0.13,0.26
-9875,3.02,-271,2.29,555,2.71,23427,22_07_29_12_05_2025,-4.75,-1.40,8.41,0.64,0.03,0.25
-9962,3.03,-262,2.29,554,2.71,23468,22_07_29_12_05_2025,-4.75,-1.34,8.75,-0.07,-0.02,0.09
-9970,3.03,-379,2.30,554,2.71,23507,22_07_29_12_05_2025,-4.60,-1.03,8.68,0.10,-0.02,0.06
-10053,3.03,-221,2.29,554,2.71,23552,22_07_29_12_05_2025,-4.75,-1.60,8.27,0.54,-0.02,0.07
-9917,3.02,-14,2.27,555,2.71,23593,22_07_29_12_05_2025,-4.35,-0.21,9.15,0.65,-0.04,-0.01
-9869,3.02,-219,2.29,554,2.71,23632,22_07_29_12_05_2025,-4.71,-1.13,8.46,0.38,0.02,-0.07
-10032,3.03,-174,2.29,554,2.71,23672,22_07_29_12_05_2025,-4.72,-0.47,9.17,0.30,0.34,-0.05
-10106,3.04,-211,2.29,554,2.71,23712,22_07_29_12_05_2025,-5.03,-0.63,7.73,0.58,0.17,0.00
-9995,3.03,-248,2.29,555,2.71,23751,22_07_29_12_05_2025,-4.40,0.61,9.52,0.71,0.20,-0.08
-9975,3.03,-214,2.29,554,2.71,23793,22_07_29_12_05_2025,-4.95,-0.32,7.96,0.17,0.02,-0.01
-10152,3.04,-263,2.29,554,2.71,23833,22_07_29_12_05_2025,-4.85,0.44,8.99,0.65,0.12,-0.05
-10090,3.04,-267,2.29,554,2.71,23872,22_07_29_12_05_2025,-5.09,0.11,8.56,0.71,0.16,-0.22
-9972,3.03,-246,2.29,554,2.71,23912,22_07_29_12_05_2025,-5.06,0.66,8.69,-0.01,-0.01,0.05
-9932,3.03,-261,2.29,554,2.71,23952,22_07_29_12_05_2025,-4.78,0.24,8.58,-1.25,-0.27,-0.14
-10040,3.03,-306,2.30,554,2.71,23994,22_07_29_12_05_2025,-4.43,-0.35,8.91,-0.24,-0.05,0.04
-10020,3.03,-252,2.29,554,2.71,24033,22_07_29_12_05_2025,-4.76,-0.95,8.72,0.01,0.05,0.37
-10010,3.03,-208,2.29,554,2.71,24074,22_07_29_12_05_2025,-4.94,0.15,8.79,0.07,-0.01,0.09
-10017,3.03,-231,2.29,554,2.71,24113,22_07_29_12_05_2025,-5.05,-0.32,8.12,-0.28,-0.08,0.03
-9908,3.02,-234,2.29,553,2.70,24153,22_07_30_12_05_2025,-4.71,-0.04,8.97,0.11,-0.03,0.04
-10101,3.04,-257,2.29,554,2.71,24194,22_07_30_12_05_2025,-5.00,-0.28,8.44,-0.16,-0.32,-0.18
-10079,3.04,-220,2.29,554,2.71,24235,22_07_30_12_05_2025,-4.88,-0.44,8.65,0.44,-0.31,-0.28
-9959,3.03,-336,2.30,554,2.71,24275,22_07_30_12_05_2025,-4.58,-0.33,8.36,1.35,-0.34,-0.14
-10064,3.04,-286,2.29,554,2.71,24316,22_07_30_12_05_2025,-4.72,0.26,8.52,0.78,0.09,0.09
-9860,3.02,-175,2.29,554,2.71,24355,22_07_30_12_05_2025,-5.01,0.53,8.81,0.77,-0.00,-0.02
-9909,3.02,-82,2.28,554,2.71,24395,22_07_30_12_05_2025,-4.23,1.37,8.79,0.65,-0.62,-0.33
-10124,3.04,-261,2.29,553,2.70,24435,22_07_30_12_05_2025,-4.08,0.85,8.64,-0.18,-0.16,-0.09
-10102,3.04,-204,2.29,554,2.71,24477,22_07_30_12_05_2025,-3.86,0.72,8.89,-0.46,0.00,-0.02
-9864,3.02,-246,2.29,554,2.71,24518,22_07_30_12_05_2025,-4.41,0.11,8.60,0.12,0.26,0.04
-9856,3.02,-250,2.29,554,2.71,24557,22_07_30_12_05_2025,-4.09,0.96,9.07,0.05,-0.18,-0.03
-10081,3.04,-340,2.30,554,2.71,24597,22_07_30_12_05_2025,-4.12,0.83,8.99,-0.40,-0.14,0.02
-9883,3.02,-142,2.28,554,2.71,24637,22_07_30_12_05_2025,-4.51,0.37,8.34,0.19,-0.19,-0.29
-9922,3.02,-106,2.28,552,2.70,24679,22_07_30_12_05_2025,-4.21,0.71,9.25,0.26,0.06,-0.02
-10023,3.03,-314,2.30,554,2.71,24720,22_07_30_12_05_2025,-4.27,0.84,8.74,-0.03,0.16,0.09
-10076,3.04,-175,2.29,554,2.71,24763,22_07_30_12_05_2025,-4.62,0.21,8.79,0.24,-0.18,-0.04
-9949,3.03,-360,2.30,554,2.71,24802,22_07_30_12_05_2025,-3.96,0.99,9.08,-0.06,-0.27,-0.14
-10177,3.04,-291,2.29,554,2.71,24841,22_07_30_12_05_2025,-3.87,0.31,8.74,-0.11,-0.07,-0.03
-9968,3.03,-333,2.30,554,2.71,24881,22_07_30_12_05_2025,-4.11,0.61,8.81,-0.00,0.14,0.05
-10060,3.03,-77,2.28,555,2.71,24923,22_07_30_12_05_2025,-4.50,0.66,8.88,0.30,0.19,0.08
-10158,3.04,-369,2.30,554,2.71,24962,22_07_30_12_05_2025,-4.43,0.73,8.96,-0.01,-0.06,-0.16
-9967,3.03,-197,2.29,554,2.71,25002,22_07_30_12_05_2025,-4.12,0.67,8.85,-0.04,-0.01,-0.06
-10128,3.04,-390,2.30,554,2.71,25041,22_07_30_12_05_2025,-4.45,0.36,8.75,0.00,0.08,-0.17
-9877,3.02,-245,2.29,553,2.70,25080,22_07_30_12_05_2025,-3.97,0.65,8.76,-0.24,0.15,0.07
