-9538,3.00,0,2.27,665,3,1024,09_42_21_19_05_2025,-3.73,-2.73,8.84,-0.10,-4.77,2.29
-9459,2.99,-290,2.29,665,3,1110,09_42_21_19_05_2025,-3.73,-2.72,8.80,0.01,-0.00,-0.00
-9527,2.99,-307,2.30,665,3,1132,09_42_21_19_05_2025,-3.73,-2.74,8.79,0.00,-0.00,-0.00
-9682,3.01,-135,2.28,665,3,1158,09_42_21_19_05_2025,-3.74,-2.74,8.78,0.01,-0.00,-0.00
-9686,3.01,-218,2.29,665,3,1183,09_42_21_19_05_2025,-3.73,-2.73,8.79,0.01,-0.00,-0.00
-9329,2.98,-353,2.30,665,3,1208,09_42_21_19_05_2025,-3.74,-2.73,8.78,0.00,-0.00,-0.00
-9675,3.01,-304,2.30,665,3,1236,09_42_21_19_05_2025,-3.74,-2.73,8.78,0.00,-0.00,-0.00
-9753,3.01,-301,2.30,665,3,1258,09_42_21_19_05_2025,-3.73,-2.73,8.79,0.00,-0.00,-0.00
-9488,2.99,15,2.27,665,3,1284,09_42_21_19_05_2025,-3.71,-2.74,8.78,0.01,-0.00,-0.00
-9637,3.00,-177,2.29,665,3,1309,09_42_21_19_05_2025,-3.73,-2.73,8.78,0.00,-0.00,-0.00
-9817,3.02,-256,2.29,665,3,1334,09_42_21_19_05_2025,-3.74,-2.73,8.78,0.00,-0.00,-0.00
-9581,3.00,-329,2.30,665,3,1360,09_42_21_19_05_2025,-3.74,-2.74,8.78,0.00,-0.00,-0.00
-9617,3.00,-270,2.29,665,3,1388,09_42_21_19_05_2025,-3.72,-2.73,8.78,0.00,-0.00,-0.00
-9618,3.00,-325,2.30,665,3,1410,09_42_21_19_05_2025,-3.73,-2.74,8.77,0.00,-0.00,-0.00
-9448,2.99,-289,2.29,665,3,1436,09_42_21_19_05_2025,-3.73,-2.73,8.78,0.01,-0.00,-0.00
-9568,3.00,-297,2.30,665,3,1461,09_42_21_19_05_2025,-3.74,-2.73,8.78,0.01,-0.00,0.00
-9506,2.99,-171,2.29,665,3,1486,09_42_21_19_05_2025,-3.72,-2.74,8.76,0.00,-0.00,-0.00
-9406,2.99,-90,2.28,665,3,1512,09_42_21_19_05_2025,-3.73,-2.74,8.78,0.00,-0.00,-0.00
-9734,3.01,-107,2.28,665,3,1540,09_42_21_19_05_2025,-3.73,-2.73,8.77,0.00,-0.00,-0.00
-9620,3.00,-232,2.29,665,3,1562,09_42_21_19_05_2025,-3.74,-2.73,8.77,0.00,-0.00,0.00
-9829,3.02,-203,2.29,665,3,1587,09_42_21_19_05_2025,-3.74,-2.73,8.78,0.00,-0.00,0.00
-9722,3.01,-262,2.29,665,3,1613,09_42_21_19_05_2025,-3.72,-2.73,8.78,0.00,-0.00,0.00
-9683,3.01,-121,2.28,665,3,1638,09_42_21_19_05_2025,-3.72,-2.74,8.79,0.01,-0.00,-0.00
-9492,2.99,-255,2.29,666,3,1663,09_42_21_19_05_2025,-3.73,-2.73,8.79,0.01,-0.00,-0.00
-9619,3.00,-364,2.30,664,3,1691,09_42_21_19_05_2025,-3.74,-2.74,8.78,0.00,-0.00,-0.00
-9607,3.00,-253,2.29,665,3,1714,09_42_21_19_05_2025,-3.73,-2.74,8.78,0.00,-0.00,0.00
-9592,3.00,-356,2.30,664,3,1739,09_42_21_19_05_2025,-3.72,-2.73,8.78,0.01,-0.00,0.00
-9615,3.00,-298,2.30,665,3,1764,09_42_21_19_05_2025,-3.71,-2.73,8.77,0.00,-0.00,-0.00
-9704,3.01,-206,2.29,665,3,1789,09_42_21_19_05_2025,-3.73,-2.73,8.78,0.00,-0.00,-0.00
-9766,3.01,-105,2.28,665,3,1815,09_42_21_19_05_2025,-3.74,-2.74,8.78,0.00,-0.00,0.00
-9689,3.01,-337,2.30,665,3,1844,09_42_21_19_05_2025,-3.74,-2.74,8.77,0.00,-0.00,-0.00
-9797,3.01,-284,2.29,665,3,1867,09_42_21_19_05_2025,-3.73,-2.73,8.77,0.01,-0.00,-0.00
-9686,3.01,-221,2.29,665,3,1889,09_42_21_19_05_2025,-3.73,-2.73,8.76,0.00,-0.00,-0.00
-9502,2.99,-127,2.28,665,3,1912,09_42_21_19_05_2025,-3.72,-2.74,8.77,0.00,-0.00,-0.00
-9629,3.00,-99,2.28,665,3,1934,09_42_21_19_05_2025,-3.73,-2.74,8.80,0.01,-0.00,-0.00
-9583,3.00,-97,2.28,664,3,1956,09_42_21_19_05_2025,-3.73,-2.73,8.77,0.00,-0.00,0.00
-9709,3.01,-357,2.30,665,3,1982,09_42_22_19_05_2025,-3.74,-2.74,8.78,0.00,-0.00,0.00
-9574,3.00,-346,2.30,665,3,2004,09_42_22_19_05_2025,-3.73,-2.73,8.79,0.00,-0.00,-0.00
-9506,2.99,-410,2.30,665,3,2029,09_42_22_19_05_2025,-3.73,-2.74,8.77,0.00,-0.00,0.00
-9544,3.00,-592,2.32,665,3,2055,09_42_22_19_05_2025,-3.73,-2.73,8.77,0.01,-0.00,-0.00
-9583,3.00,-395,2.30,665,3,2080,09_42_22_19_05_2025,-3.73,-2.72,8.79,0.00,-0.00,0.00
-9671,3.01,-303,2.30,664,3,2105,09_42_22_19_05_2025,-3.72,-2.73,8.77,0.00,-0.00,-0.00
-9719,3.01,-252,2.29,665,3,2139,09_42_22_19_05_2025,-3.75,-2.73,8.79,0.00,-0.00,0.00
-9664,3.00,-161,2.28,664,3,2427,09_42_22_19_05_2025,-3.73,-2.72,8.78,0.01,-0.00,0.00
-9627,3.00,-88,2.28,665,3,2513,09_42_22_19_05_2025,-3.73,-2.74,8.78,0.00,-0.00,-0.00
-9563,3.00,-162,2.29,665,3,2536,09_42_22_19_05_2025,-3.73,-2.74,8.77,0.00,-0.00,-0.00
-9567,3.00,-210,2.29,664,3,2558,09_42_22_19_05_2025,-3.73,-2.73,8.78,0.01,-0.00,0.00
-9590,3.00,-225,2.29,665,3,2581,09_42_22_19_05_2025,-3.72,-2.73,8.78,0.00,-0.00,0.00
-9645,3.00,-208,2.29,665,3,2606,09_42_22_19_05_2025,-3.73,-2.73,8.77,0.00,-0.00,0.00
-9598,3.00,-234,2.29,664,3,2628,09_42_22_19_05_2025,-3.73,-2.73,8.78,0.01,-0.00,-0.00
-9389,2.98,-214,2.29,665,3,2650,09_42_22_19_05_2025,-3.72,-2.74,8.77,0.01,-0.00,-0.00
-9546,3.00,-222,2.29,665,3,2673,09_42_22_19_05_2025,-3.73,-2.74,8.79,0.00,-0.00,-0.00
-9575,3.00,-128,2.28,665,3,2695,09_42_22_19_05_2025,-3.73,-2.72,8.78,0.01,-0.01,0.00
-9530,2.99,-314,2.30,665,3,2718,09_42_22_19_05_2025,-3.73,-2.72,8.77,0.00,-0.00,0.00
-9574,3.00,-149,2.28,665,3,2743,09_42_22_19_05_2025,-3.73,-2.74,8.78,0.00,-0.00,0.00
-9597,3.00,-161,2.28,665,3,2765,09_42_22_19_05_2025,-3.74,-2.73,8.79,0.00,-0.00,-0.00
-9724,3.01,-192,2.29,665,3,2788,09_42_22_19_05_2025,-3.74,-2.74,8.78,0.01,-0.01,0.00
-9590,3.00,-197,2.29,665,3,2813,09_42_22_19_05_2025,-3.73,-2.74,8.78,0.00,-0.00,-0.00
-9517,2.99,-230,2.29,665,3,2838,09_42_22_19_05_2025,-3.73,-2.72,8.78,0.01,-0.00,0.00
-9495,2.99,-222,2.29,665,3,2864,09_42_22_19_05_2025,-3.73,-2.73,8.78,0.01,-0.00,0.00
-9655,3.00,-108,2.28,665,3,2892,09_42_22_19_05_2025,-3.74,-2.73,8.77,0.01,-0.00,-0.00
-9671,3.01,-112,2.28,665,3,2914,09_42_22_19_05_2025,-3.74,-2.73,8.79,0.01,-0.00,-0.00
-9671,3.01,-333,2.30,665,3,2939,09_42_22_19_05_2025,-3.73,-2.74,8.77,0.00,-0.00,-0.00
-9571,3.00,-318,2.30,665,3,2965,09_42_22_19_05_2025,-3.74,-2.74,8.77,0.01,-0.00,-0.00
-9587,3.00,-190,2.29,665,3,2990,09_42_23_19_05_2025,-3.73,-2.73,8.79,0.01,-0.00,-0.00
-9521,2.99,-370,2.30,665,3,3015,09_42_23_19_05_2025,-3.73,-2.73,8.77,0.00,-0.00,0.00
-9608,3.00,-532,2.31,666,3,3043,09_42_23_19_05_2025,-3.74,-2.73,8.79,0.00,-0.00,-0.00
-9461,2.99,-269,2.29,665,3,3066,09_42_23_19_05_2025,-3.73,-2.73,8.77,0.00,-0.00,0.00
-9371,2.98,-215,2.29,665,3,3091,09_42_23_19_05_2025,-3.73,-2.73,8.77,0.00,-0.00,0.00
-9733,3.01,-9,2.27,665,3,3116,09_42_23_19_05_2025,-3.73,-2.73,8.79,0.01,-0.00,-0.00
-9515,2.99,-251,2.29,665,3,3142,09_42_23_19_05_2025,-3.74,-2.73,8.77,0.00,-0.00,0.00
-9541,3.00,-370,2.30,665,3,3167,09_42_23_19_05_2025,-3.74,-2.74,8.78,0.00,-0.00,-0.00
-9733,3.01,-315,2.30,665,3,3195,09_42_23_19_05_2025,-3.74,-2.72,8.78,0.00,-0.00,0.00
-9467,2.99,-177,2.29,665,3,3219,09_42_23_19_05_2025,-3.72,-2.73,8.76,0.01,-0.00,0.00
-9721,3.01,-213,2.29,664,3,3242,09_42_23_19_05_2025,-3.73,-2.78,8.81,0.00,-0.00,-0.00
-9520,2.99,-153,2.28,665,3,3264,09_42_23_19_05_2025,-3.72,-2.72,8.78,0.00,-0.00,-0.00
-9582,3.00,27,2.27,665,3,3286,09_42_23_19_05_2025,-3.74,-2.75,8.76,0.00,-0.00,-0.00
-9490,2.99,-189,2.29,665,3,3315,09_42_23_19_05_2025,-3.74,-2.72,8.77,0.01,-0.00,0.00
-9606,3.00,-146,2.28,665,3,3337,09_42_23_19_05_2025,-3.74,-2.71,8.77,0.00,-0.00,-0.00
-9470,2.99,-246,2.29,665,3,3362,09_42_23_19_05_2025,-3.74,-2.75,8.78,0.01,-0.00,-0.00
-9728,3.01,-341,2.30,666,3,3388,09_42_23_19_05_2025,-3.73,-2.72,8.79,0.01,-0.00,-0.00
-9675,3.01,-365,2.30,665,3,3413,09_42_23_19_05_2025,-3.74,-2.73,8.78,0.00,-0.00,0.00
-9678,3.01,-6,2.27,665,3,3438,09_42_23_19_05_2025,-3.74,-2.74,8.77,0.00,-0.00,0.00
-9645,3.00,-319,2.30,665,3,3466,09_42_23_19_05_2025,-3.73,-2.72,8.77,0.00,-0.00,-0.00
-9469,2.99,-399,2.30,666,3,3489,09_42_23_19_05_2025,-3.72,-2.74,8.77,0.00,-0.00,-0.00
-9444,2.99,-243,2.29,664,3,3514,09_42_23_19_05_2025,-3.72,-2.73,8.77,0.00,-0.00,0.00
-9558,3.00,-314,2.30,665,3,3539,09_42_23_19_05_2025,-3.73,-2.73,8.78,0.01,-0.00,0.00
-9655,3.00,-298,2.30,664,3,3565,09_42_23_19_05_2025,-3.73,-2.73,8.78,0.01,-0.00,-0.00
-9601,3.00,-65,2.28,665,3,3590,09_42_23_19_05_2025,-3.73,-2.74,8.78,0.00,-0.00,-0.00
-9568,3.00,-260,2.29,665,3,3618,09_42_23_19_05_2025,-3.73,-2.73,8.77,0.00,-0.00,0.00
-9622,3.00,-196,2.29,665,3,3640,09_42_23_19_05_2025,-3.74,-2.73,8.77,0.00,-0.00,-0.00
-9391,2.98,-175,2.29,665,3,3665,09_42_23_19_05_2025,-3.73,-2.72,8.78,0.00,-0.00,0.00
-9612,3.00,-321,2.30,665,3,3691,09_42_23_19_05_2025,-3.72,-2.74,8.78,0.00,-0.00,-0.00
-9600,3.00,-163,2.29,665,3,3716,09_42_23_19_05_2025,-3.72,-2.75,8.77,0.00,-0.00,0.00
-9506,2.99,-5,2.27,665,3,3741,09_42_23_19_05_2025,-3.71,-2.73,8.78,0.01,-0.00,0.00
-9496,2.99,-146,2.28,665,3,3769,09_42_23_19_05_2025,-3.74,-2.73,8.76,0.00,-0.00,0.00
-9415,2.99,-146,2.28,665,3,3791,09_42_23_19_05_2025,-3.77,-2.73,8.77,0.00,-0.00,-0.00
-9546,3.00,-87,2.28,665,3,3816,09_42_23_19_05_2025,-3.74,-2.73,8.79,0.00,-0.00,0.00
-9418,2.99,-23,2.27,665,3,3841,09_42_23_19_05_2025,-3.71,-2.74,8.76,0.00,-0.00,0.00
-9662,3.00,-216,2.29,665,3,3866,09_42_23_19_05_2025,-3.71,-2.74,8.80,0.00,-0.00,0.00
-9662,3.00,-1,2.27,666,3,3891,09_42_23_19_05_2025,-3.72,-2.72,8.76,0.01,-0.00,-0.00
-9776,3.01,-69,2.28,665,3,3919,09_42_23_19_05_2025,-3.75,-2.73,8.76,0.00,-0.00,-0.00
-9755,3.01,-181,2.29,666,3,3943,09_42_23_19_05_2025,-3.74,-2.73,8.78,0.00,-0.00,-0.00
-9579,3.00,-221,2.29,665,3,3965,09_42_23_19_05_2025,-3.73,-2.73,8.76,0.00,-0.00,-0.00
-9612,3.00,-293,2.29,665,3,3988,09_42_24_19_05_2025,-3.72,-2.74,8.79,0.00,-0.00,-0.00
-9504,2.99,-198,2.29,665,3,4010,09_42_24_19_05_2025,-3.72,-2.71,8.80,0.01,-0.00,0.00
-9658,3.00,-216,2.29,665,3,4033,09_42_24_19_05_2025,-3.73,-2.69,8.71,0.00,-0.00,-0.00
-9546,3.00,-231,2.29,665,3,4058,09_42_24_19_05_2025,-3.72,-2.74,8.75,0.01,-0.00,0.00
-9592,3.00,-309,2.30,665,3,4080,09_42_24_19_05_2025,-3.72,-2.71,8.77,0.01,-0.00,0.00
-9571,3.00,-323,2.30,665,3,4103,09_42_24_19_05_2025,-3.75,-2.75,8.76,0.00,-0.00,-0.00
-9548,3.00,-33,2.28,664,3,4125,09_42_24_19_05_2025,-3.74,-2.71,8.76,0.01,-0.01,0.00
-9460,2.99,-133,2.28,665,3,4147,09_42_24_19_05_2025,-3.74,-2.74,8.77,0.01,-0.00,0.00
-9490,2.99,-138,2.28,666,3,4170,09_42_24_19_05_2025,-3.70,-2.70,8.79,0.01,-0.00,-0.00
-9514,2.99,-245,2.29,665,3,4195,09_42_24_19_05_2025,-3.71,-2.75,8.80,0.01,-0.00,-0.00
-9584,3.00,-143,2.28,665,3,4220,09_42_24_19_05_2025,-3.72,-2.70,8.78,0.01,-0.00,0.00
-9497,2.99,-228,2.29,665,3,4246,09_42_24_19_05_2025,-3.75,-2.72,8.78,0.00,-0.00,-0.00
-9590,3.00,-137,2.28,665,3,4271,09_42_24_19_05_2025,-3.75,-2.74,8.75,0.00,-0.00,0.00
-9607,3.00,-43,2.28,666,3,4296,09_42_24_19_05_2025,-3.72,-2.73,8.77,0.00,-0.00,0.00
-9361,2.98,-249,2.29,665,3,4321,09_42_24_19_05_2025,-3.72,-2.75,8.78,0.00,-0.00,-0.00
-9560,3.00,-234,2.29,665,3,4350,09_42_24_19_05_2025,-3.72,-2.73,8.78,0.01,-0.00,0.00
-9582,3.00,-172,2.29,665,3,4372,09_42_24_19_05_2025,-3.74,-2.73,8.79,0.00,-0.00,-0.00
-9480,2.99,-149,2.28,665,3,4397,09_42_24_19_05_2025,-3.73,-2.74,8.78,0.01,-0.00,-0.00
-9570,3.00,-6,2.27,665,3,4423,09_42_24_19_05_2025,-3.73,-2.74,8.77,0.01,-0.00,-0.00
-9640,3.00,-100,2.28,665,3,4448,09_42_24_19_05_2025,-3.74,-2.74,8.78,0.00,-0.00,-0.00
-9579,3.00,-79,2.28,665,3,4473,09_42_24_19_05_2025,-3.73,-2.73,8.76,0.00,-0.00,-0.00
-9751,3.01,-143,2.28,665,3,4501,09_42_24_19_05_2025,-3.73,-2.73,8.78,0.00,-0.00,-0.00
-9611,3.00,-281,2.29,665,3,4524,09_42_24_19_05_2025,-3.72,-2.74,8.78,0.00,-0.00,-0.00
-9570,3.00,-211,2.29,665,3,4549,09_42_24_19_05_2025,-3.72,-2.72,8.78,0.00,-0.00,0.00
-9445,2.99,-231,2.29,665,3,4574,09_42_24_19_05_2025,-3.73,-2.74,8.79,0.00,-0.00,-0.00
-9577,3.00,-32,2.28,665,3,4600,09_42_24_19_05_2025,-3.73,-2.73,8.78,0.01,-0.00,0.00
-9564,3.00,11,2.27,665,3,4625,09_42_24_19_05_2025,-3.73,-2.72,8.77,0.00,-0.00,-0.00
-9555,3.00,-59,2.28,665,3,4654,09_42_24_19_05_2025,-3.72,-2.73,8.79,0.01,-0.00,0.00
-9670,3.01,-76,2.28,665,3,4676,09_42_24_19_05_2025,-3.73,-2.73,8.76,0.01,-0.00,-0.00
-9719,3.01,-174,2.29,665,3,4699,09_42_24_19_05_2025,-3.74,-2.73,8.78,0.00,-0.00,-0.00
-9452,2.99,-119,2.28,665,3,4721,09_42_24_19_05_2025,-3.73,-2.73,8.79,0.01,-0.00,-0.00
-9492,2.99,-58,2.28,666,3,4744,09_42_24_19_05_2025,-3.73,-2.74,8.76,0.00,-0.00,-0.00
-9596,3.00,-344,2.30,665,3,4766,09_42_24_19_05_2025,-3.73,-2.73,8.76,0.01,-0.00,-0.00
-9658,3.00,-208,2.29,666,3,4791,09_42_24_19_05_2025,-3.73,-2.72,8.79,0.00,-0.00,0.00
-9485,2.99,-236,2.29,665,3,4814,09_42_24_19_05_2025,-3.72,-2.74,8.78,0.00,-0.00,-0.00
-9557,3.00,-213,2.29,665,3,4836,09_42_24_19_05_2025,-3.73,-2.73,8.77,0.01,-0.00,-0.00
-9556,3.00,-65,2.28,665,3,4858,09_42_24_19_05_2025,-3.75,-2.72,8.76,0.01,-0.00,-0.00
-9506,2.99,-366,2.30,665,3,4881,09_42_24_19_05_2025,-3.73,-2.73,8.76,0.00,-0.00,-0.00
-9620,3.00,-48,2.28,665,3,4903,09_42_24_19_05_2025,-3.74,-2.75,8.79,0.01,-0.00,-0.00
-9625,3.00,-354,2.30,664,3,4928,09_42_24_19_05_2025,-3.74,-2.74,8.81,0.00,-0.00,0.00
-9676,3.01,-251,2.29,665,3,4950,09_42_24_19_05_2025,-3.73,-2.75,8.78,0.00,-0.00,-0.00
-9555,3.00,-193,2.29,665,3,4973,09_42_25_19_05_2025,-3.72,-2.75,8.80,0.01,-0.00,0.00
-9647,3.00,-140,2.28,665,3,4995,09_42_25_19_05_2025,-3.72,-2.73,8.78,0.01,-0.00,0.00
-9564,3.00,-183,2.29,665,3,5017,09_42_25_19_05_2025,-3.72,-2.75,8.77,0.00,-0.00,-0.00
-9570,3.00,-98,2.28,666,3,5039,09_42_25_19_05_2025,-3.75,-2.74,8.77,0.01,-0.00,-0.00
-9651,3.00,-141,2.28,664,3,5065,09_42_25_19_05_2025,-3.75,-2.73,8.75,0.01,-0.00,-0.00
-9697,3.01,-99,2.28,665,3,5087,09_42_25_19_05_2025,-3.73,-2.74,8.79,0.00,-0.00,-0.00
-9479,2.99,-286,2.29,665,3,5110,09_42_25_19_05_2025,-3.72,-2.75,8.78,0.01,-0.00,0.00
-9548,3.00,-229,2.29,665,3,5132,09_42_25_19_05_2025,-3.72,-2.73,8.79,0.00,-0.00,-0.00
-9846,3.02,-252,2.29,665,3,5154,09_42_25_19_05_2025,-3.73,-2.73,8.78,0.00,-0.00,-0.00
-9597,3.00,-57,2.28,664,3,5177,09_42_25_19_05_2025,-3.74,-2.72,8.77,0.01,-0.00,0.00
-9693,3.01,-290,2.29,665,3,5202,09_42_25_19_05_2025,-3.75,-2.72,8.77,0.00,-0.00,-0.00
-9568,3.00,35,2.27,665,3,5224,09_42_25_19_05_2025,-3.71,-2.70,8.73,0.01,-0.01,0.00
-9563,3.00,-32,2.28,665,3,5247,09_42_25_19_05_2025,-3.73,-2.74,8.79,0.00,-0.00,-0.00
-9592,3.00,-420,2.30,665,3,5269,09_42_25_19_05_2025,-3.69,-2.69,8.78,0.01,-0.01,-0.00
-9484,2.99,-364,2.30,665,3,5292,09_42_25_19_05_2025,-3.71,-2.74,8.77,0.01,-0.01,0.00
-9576,3.00,-240,2.29,665,3,5315,09_42_25_19_05_2025,-3.72,-2.69,8.76,0.01,-0.00,-0.00
-9555,3.00,-17,2.27,666,3,5341,09_42_25_19_05_2025,-3.76,-2.73,8.76,0.00,-0.00,0.00
-9735,3.01,-153,2.28,665,3,5363,09_42_25_19_05_2025,-3.75,-2.74,8.83,0.01,-0.00,0.00
-9656,3.00,-336,2.30,664,3,5385,09_42_25_19_05_2025,-3.72,-2.72,8.75,0.01,-0.00,-0.00
-9479,2.99,-57,2.28,665,3,5408,09_42_25_19_05_2025,-3.74,-2.72,8.79,0.00,-0.00,-0.00
-9752,3.01,-57,2.28,665,3,5430,09_42_25_19_05_2025,-3.73,-2.74,8.80,0.01,-0.00,0.00
-9689,3.01,-75,2.28,665,3,5452,09_42_25_19_05_2025,-3.71,-2.73,8.77,0.01,-0.00,-0.00
-9664,3.00,-220,2.29,665,3,5477,09_42_25_19_05_2025,-3.74,-2.75,8.79,0.00,-0.00,-0.00
-9592,3.00,25,2.27,665,3,5500,09_42_25_19_05_2025,-3.73,-2.73,8.78,0.01,-0.00,0.00
-9576,3.00,-44,2.28,665,3,5522,09_42_25_19_05_2025,-3.74,-2.73,8.76,0.00,-0.00,-0.00
-9698,3.01,-346,2.30,665,3,5545,09_42_25_19_05_2025,-3.74,-2.74,8.79,0.01,-0.00,0.00
-9348,2.98,-29,2.27,666,3,5567,09_42_25_19_05_2025,-3.72,-2.72,8.78,0.00,-0.00,-0.00
-9673,3.01,-137,2.28,665,3,5589,09_42_25_19_05_2025,-3.71,-2.73,8.77,0.00,-0.00,-0.00
-9684,3.01,-140,2.28,665,3,5610,09_42_25_19_05_2025,-3.72,-2.75,8.78,0.01,-0.00,-0.00
-9467,2.99,-328,2.30,665,3,5632,09_42_25_19_05_2025,-3.73,-2.74,8.77,0.01,-0.00,-0.00
-9566,3.00,-84,2.28,665,3,5655,09_42_25_19_05_2025,-3.74,-2.74,8.78,0.00,-0.00,-0.00
-9500,2.99,-55,2.28,665,3,5677,09_42_25_19_05_2025,-3.75,-2.72,8.78,0.01,-0.00,0.00
-9669,3.01,-272,2.29,665,3,5699,09_42_25_19_05_2025,-3.73,-2.73,8.77,0.01,-0.00,-0.00
-9509,2.99,-294,2.30,665,3,5725,09_42_25_19_05_2025,-3.71,-2.74,8.77,0.00,-0.00,-0.00
-9499,2.99,-278,2.29,665,3,5747,09_42_25_19_05_2025,-3.72,-2.73,8.80,0.01,-0.00,0.00
-9417,2.99,-132,2.28,665,3,5770,09_42_25_19_05_2025,-3.73,-2.73,8.78,0.01,-0.00,-0.00
-9354,2.98,-154,2.28,666,3,5792,09_42_25_19_05_2025,-3.74,-2.74,8.78,0.00,-0.00,0.00
-9482,2.99,-232,2.29,665,3,5814,09_42_25_19_05_2025,-3.74,-2.74,8.79,0.00,-0.00,0.00
-9522,2.99,-203,2.29,665,3,5837,09_42_25_19_05_2025,-3.74,-2.72,8.77,0.01,-0.00,-0.00
-9737,3.01,-118,2.28,665,3,5862,09_42_25_19_05_2025,-3.74,-2.74,8.77,0.00,-0.00,-0.00
-9559,3.00,-114,2.28,665,3,5884,09_42_25_19_05_2025,-3.74,-2.73,8.78,0.01,-0.00,0.00
-9559,3.00,-154,2.28,665,3,5906,09_42_25_19_05_2025,-3.73,-2.72,8.78,0.01,-0.00,0.00
-9641,3.00,-41,2.28,665,3,5929,09_42_25_19_05_2025,-3.74,-2.76,8.83,0.00,-0.00,-0.00
-9449,2.99,-85,2.28,665,3,5951,09_42_25_19_05_2025,-3.69,-2.69,8.75,0.01,-0.00,0.00
-9706,3.01,-76,2.28,665,3,5974,09_42_26_19_05_2025,-3.73,-2.72,8.77,0.00,-0.00,-0.00
-9712,3.01,-10,2.27,665,3,5999,09_42_26_19_05_2025,-3.71,-2.69,8.76,0.00,-0.00,-0.00
-9414,2.99,-181,2.29,665,3,6024,09_42_26_19_05_2025,-3.76,-2.72,8.79,0.01,-0.00,0.00
-9640,3.00,-91,2.28,665,3,6050,09_42_26_19_05_2025,-3.75,-2.75,8.76,0.00,-0.00,-0.00
-9551,3.00,-245,2.29,665,3,6075,09_42_26_19_05_2025,-3.73,-2.76,8.79,0.01,-0.00,0.00
-9631,3.00,-112,2.28,666,3,6100,09_42_26_19_05_2025,-3.72,-2.71,8.76,0.01,-0.00,0.00
-9639,3.00,-69,2.28,665,3,6125,09_42_26_19_05_2025,-3.71,-2.75,8.79,0.00,-0.00,-0.00
-9525,2.99,-184,2.29,665,3,6153,09_42_26_19_05_2025,-3.73,-2.74,8.80,0.01,-0.00,0.00
-9558,3.00,-369,2.30,664,3,6175,09_42_26_19_05_2025,-3.73,-2.73,8.77,0.00,-0.00,-0.00
-9544,3.00,-234,2.29,666,3,6201,09_42_26_19_05_2025,-3.74,-2.74,8.80,0.01,-0.00,-0.00
-9692,3.01,-81,2.28,665,3,6226,09_42_26_19_05_2025,-3.73,-2.73,8.78,0.01,-0.00,0.00
-9774,3.01,-15,2.27,665,3,6251,09_42_26_19_05_2025,-3.72,-2.73,8.77,0.00,-0.00,-0.00
-9468,2.99,-93,2.28,665,3,6277,09_42_26_19_05_2025,-3.74,-2.74,8.78,0.00,-0.00,-0.00
-9559,3.00,-226,2.29,665,3,6305,09_42_26_19_05_2025,-3.74,-2.73,8.76,0.00,-0.00,-0.00
-9347,2.98,-70,2.28,665,3,6327,09_42_26_19_05_2025,-3.75,-2.74,8.78,0.00,-0.00,0.00
-9430,2.99,-75,2.28,665,3,6352,09_42_26_19_05_2025,-3.73,-2.75,8.78,0.01,-0.00,-0.00
-9741,3.01,-118,2.28,665,3,6378,09_42_26_19_05_2025,-3.73,-2.73,8.77,0.01,-0.00,0.00
-9565,3.00,-288,2.29,665,3,6403,09_42_26_19_05_2025,-3.72,-2.73,8.78,0.00,-0.00,-0.00
-9470,2.99,-217,2.29,665,3,6428,09_42_26_19_05_2025,-3.72,-2.72,8.77,0.01,-0.00,-0.00
-9612,3.00,-229,2.29,665,3,6456,09_42_26_19_05_2025,-3.73,-2.73,8.79,0.00,-0.00,-0.00
-9418,2.99,-138,2.28,665,3,6479,09_42_26_19_05_2025,-3.74,-2.74,8.77,0.00,-0.00,0.00
-9743,3.01,-285,2.29,665,3,6504,09_42_26_19_05_2025,-3.74,-2.73,8.78,0.00,-0.00,-0.00
-9511,2.99,-86,2.28,665,3,6529,09_42_26_19_05_2025,-3.74,-2.74,8.79,0.00,-0.00,0.00
-9596,3.00,-102,2.28,665,3,6555,09_42_26_19_05_2025,-3.72,-2.74,8.77,0.00,-0.00,-0.00
-9649,3.00,-262,2.29,665,3,6581,09_42_26_19_05_2025,-3.73,-2.74,8.79,0.00,-0.00,-0.00
-9496,2.99,-19,2.27,664,3,6609,09_42_26_19_05_2025,-3.72,-2.74,8.78,0.01,-0.00,0.00
-9561,3.00,-96,2.28,665,3,6632,09_42_26_19_05_2025,-3.74,-2.72,8.76,0.00,-0.00,0.00
-9419,2.99,-55,2.28,665,3,6654,09_42_26_19_05_2025,-3.74,-2.74,8.79,0.01,-0.00,0.00
-9636,3.00,-224,2.29,664,3,6677,09_42_26_19_05_2025,-3.73,-2.74,8.78,0.00,-0.00,0.00
-9643,3.00,-163,2.29,665,3,6701,09_42_26_19_05_2025,-3.75,-2.79,8.84,0.00,-0.00,0.00
-9623,3.00,-229,2.29,665,3,6727,09_42_26_19_05_2025,-3.74,-2.76,8.82,0.00,-0.00,-0.00
-9613,3.00,-57,2.28,665,3,6755,09_42_26_19_05_2025,-3.71,-2.73,8.75,0.00,-0.00,0.00
-9551,3.00,-243,2.29,666,3,6778,09_42_26_19_05_2025,-3.73,-2.76,8.77,0.01,-0.00,-0.00
-9424,2.99,-370,2.30,665,3,6804,09_42_26_19_05_2025,-3.74,-2.70,8.77,0.01,-0.00,0.00
-9642,3.00,-85,2.28,664,3,6829,09_42_26_19_05_2025,-3.75,-2.73,8.76,0.00,-0.00,-0.00
-9761,3.01,-262,2.29,665,3,6855,09_42_26_19_05_2025,-3.74,-2.76,8.78,0.01,-0.00,-0.00
-9595,3.00,-63,2.28,665,3,6881,09_42_26_19_05_2025,-3.72,-2.74,8.76,0.00,-0.00,-0.00
-9702,3.01,-36,2.28,665,3,6910,09_42_26_19_05_2025,-3.72,-2.74,8.80,0.01,-0.00,0.00
-9725,3.01,-278,2.29,665,3,6932,09_42_26_19_05_2025,-3.73,-2.73,8.79,0.01,-0.00,-0.00
-9625,3.00,-48,2.28,664,3,6955,09_42_26_19_05_2025,-3.73,-2.73,8.78,0.00,-0.00,0.00
-9593,3.00,-312,2.30,666,3,6978,09_42_27_19_05_2025,-3.74,-2.74,8.78,0.01,-0.00,0.00
-9572,3.00,-158,2.28,665,3,7001,09_42_27_19_05_2025,-3.73,-2.72,8.77,0.01,-0.00,-0.00
-9668,3.01,-359,2.30,666,3,7027,09_42_27_19_05_2025,-3.74,-2.74,8.78,0.00,-0.00,-0.00
-9469,2.99,12,2.27,665,3,7055,09_42_27_19_05_2025,-3.73,-2.72,8.78,0.01,-0.01,0.00
-9553,3.00,-104,2.28,665,3,7077,09_42_27_19_05_2025,-3.71,-2.72,8.78,0.00,-0.00,-0.00
-9481,2.99,-225,2.29,665,3,7103,09_42_27_19_05_2025,-3.73,-2.74,8.78,0.00,-0.00,-0.00
-9648,3.00,-167,2.29,666,3,7129,09_42_27_19_05_2025,-3.74,-2.73,8.77,0.01,-0.00,0.00
-9528,2.99,-49,2.28,666,3,7154,09_42_27_19_05_2025,-3.74,-2.73,8.77,0.00,-0.00,-0.00
-9603,3.00,-49,2.28,666,3,7180,09_42_27_19_05_2025,-3.74,-2.73,8.78,0.01,-0.00,-0.00
-9468,2.99,-320,2.30,666,3,7208,09_42_27_19_05_2025,-3.73,-2.73,8.79,0.00,-0.00,-0.00
-9640,3.00,-257,2.29,665,3,7230,09_42_27_19_05_2025,-3.71,-2.73,8.80,0.01,-0.01,-0.00
-9608,3.00,-177,2.29,665,3,7256,09_42_27_19_05_2025,-3.73,-2.73,8.77,0.01,-0.00,0.00
-9558,3.00,-39,2.28,664,3,7282,09_42_27_19_05_2025,-3.74,-2.72,8.77,0.01,-0.00,0.00
-9537,3.00,-40,2.28,665,3,7307,09_42_27_19_05_2025,-3.74,-2.73,8.78,0.00,-0.00,0.00
-9632,3.00,-75,2.28,664,3,7333,09_42_27_19_05_2025,-3.74,-2.74,8.77,0.00,-0.00,0.00
-9535,3.00,-80,2.28,665,3,7361,09_42_27_19_05_2025,-3.72,-2.74,8.78,0.00,-0.00,0.00
-9454,2.99,-155,2.28,665,3,7384,09_42_27_19_05_2025,-3.72,-2.73,8.78,0.01,-0.00,0.00
-9392,2.98,-240,2.29,665,3,7409,09_42_27_19_05_2025,-3.72,-2.74,8.78,0.00,-0.00,-0.00
-9483,2.99,-353,2.30,665,3,7436,09_42_27_19_05_2025,-3.73,-2.73,8.76,0.01,-0.00,-0.00
-9532,2.99,-348,2.30,665,3,7459,09_42_27_19_05_2025,-3.73,-2.73,8.78,0.00,-0.01,0.00
-9518,2.99,-170,2.29,665,3,7485,09_42_27_19_05_2025,-3.73,-2.74,8.77,0.01,-0.00,-0.00
-9518,2.99,-177,2.29,664,3,7514,09_42_27_19_05_2025,-3.72,-2.73,8.77,0.00,-0.00,0.00
-9731,3.01,-172,2.29,665,3,7536,09_42_27_19_05_2025,-3.73,-2.73,8.79,0.01,-0.00,0.00
-9659,3.00,-210,2.29,664,3,7559,09_42_27_19_05_2025,-3.73,-2.73,8.77,0.00,-0.00,-0.00
-9691,3.01,-10,2.27,665,3,7582,09_42_27_19_05_2025,-3.73,-2.74,8.78,0.00,-0.00,0.00
-9513,2.99,-296,2.30,665,3,7605,09_42_27_19_05_2025,-3.74,-2.75,8.78,0.00,-0.00,-0.00
-9618,3.00,-41,2.28,666,3,7631,09_42_27_19_05_2025,-3.74,-2.73,8.78,0.00,-0.00,0.00
-9661,3.00,-275,2.29,665,3,7659,09_42_27_19_05_2025,-3.73,-2.74,8.77,0.00,-0.00,-0.00
-9616,3.00,-106,2.28,665,3,7682,09_42_27_19_05_2025,-3.73,-2.73,8.78,0.01,-0.00,0.00
-9637,3.00,-255,2.29,665,3,7705,09_42_27_19_05_2025,-3.73,-2.74,8.78,0.00,-0.00,0.00
-9567,3.00,-276,2.29,665,3,7728,09_42_27_19_05_2025,-3.72,-2.74,8.79,0.01,-0.00,0.00
-9621,3.00,-135,2.28,665,3,7751,09_42_27_19_05_2025,-3.74,-2.73,8.77,0.01,-0.00,-0.00
-9613,3.00,-341,2.30,665,3,7777,09_42_27_19_05_2025,-3.74,-2.73,8.77,0.01,-0.00,-0.00
-9524,2.99,-275,2.29,664,3,7805,09_42_27_19_05_2025,-3.74,-2.74,8.78,0.00,-0.00,0.00
-9620,3.00,-66,2.28,665,3,7828,09_42_27_19_05_2025,-3.73,-2.73,8.78,0.01,-0.00,-0.00
-9714,3.01,-78,2.28,665,3,7851,09_42_27_19_05_2025,-3.74,-2.73,8.78,0.01,-0.00,0.00
-9459,2.99,-103,2.28,665,3,7874,09_42_27_19_05_2025,-3.73,-2.73,8.78,0.00,-0.00,0.00
-9466,2.99,-144,2.28,665,3,7897,09_42_27_19_05_2025,-3.73,-2.73,8.78,0.00,-0.00,0.00
-9557,3.00,-205,2.29,665,3,7923,09_42_27_19_05_2025,-3.74,-2.73,8.77,0.00,-0.00,-0.00
-9607,3.00,-260,2.29,665,3,7952,09_42_27_19_05_2025,-3.74,-2.74,8.78,0.01,-0.00,0.00
-9664,3.00,-232,2.29,664,3,7975,09_42_28_19_05_2025,-3.73,-2.73,8.79,0.01,-0.00,0.00
-9591,3.00,7,2.27,665,3,7998,09_42_28_19_05_2025,-3.74,-2.74,8.77,0.00,-0.00,0.00
-9534,2.99,-20,2.27,665,3,8024,09_42_28_19_05_2025,-3.73,-2.73,8.78,0.00,-0.00,-0.00
-9709,3.01,-216,2.29,665,3,8050,09_42_28_19_05_2025,-3.73,-2.74,8.77,0.01,-0.00,-0.00
-9711,3.01,-146,2.28,666,3,8076,09_42_28_19_05_2025,-3.73,-2.74,8.78,0.00,-0.00,-0.00
-9607,3.00,-34,2.28,665,3,8104,09_42_28_19_05_2025,-3.73,-2.72,8.77,0.01,-0.00,-0.00
-9597,3.00,-216,2.29,666,3,8128,09_42_28_19_05_2025,-3.74,-2.73,8.78,0.01,-0.00,-0.00
-9515,2.99,-285,2.29,665,3,8152,09_42_28_19_05_2025,-3.73,-2.73,8.77,0.00,-0.00,0.00
-9546,3.00,-199,2.29,665,3,8177,09_42_28_19_05_2025,-3.73,-2.73,8.78,0.00,-0.00,0.00
-9595,3.00,-183,2.29,665,3,8203,09_42_28_19_05_2025,-3.73,-2.74,8.78,0.00,-0.00,-0.00
-9460,2.99,-118,2.28,665,3,8358,09_42_28_19_05_2025,-3.73,-2.73,8.77,0.00,-0.00,-0.00
-9433,2.99,-75,2.28,665,3,8385,09_42_28_19_05_2025,-3.73,-2.73,8.77,0.00,-0.00,0.00
-9573,3.00,-116,2.28,666,3,8408,09_42_28_19_05_2025,-3.73,-2.74,8.78,0.00,-0.00,-0.00
-9504,2.99,0,2.27,665,3,8433,09_42_28_19_05_2025,-3.74,-2.73,8.79,0.00,-0.00,0.00
-9614,3.00,-184,2.29,664,3,8459,09_42_28_19_05_2025,-3.73,-2.74,8.78,0.00,-0.00,-0.00
-9853,3.02,-244,2.29,665,3,8485,09_42_28_19_05_2025,-3.73,-2.73,8.77,0.00,-0.00,-0.00
-9481,2.99,54,2.27,665,3,8514,09_42_28_19_05_2025,-3.73,-2.73,8.78,0.01,-0.00,0.00
-9640,3.00,-218,2.29,665,3,8537,09_42_28_19_05_2025,-3.73,-2.73,8.78,0.01,-0.00,-0.00
-9732,3.01,-311,2.30,665,3,8560,09_42_28_19_05_2025,-3.73,-2.74,8.78,0.00,-0.00,-0.00
-9694,3.01,-195,2.29,665,3,8583,09_42_28_19_05_2025,-3.74,-2.73,8.78,0.00,-0.00,-0.00
-9656,3.00,-234,2.29,665,3,8606,09_42_28_19_05_2025,-3.73,-2.73,8.77,0.00,-0.00,-0.00
-9773,3.01,-257,2.29,665,3,8632,09_42_28_19_05_2025,-3.72,-2.74,8.77,0.00,-0.00,0.00
-9577,3.00,-342,2.30,665,3,8661,09_42_28_19_05_2025,-3.73,-2.73,8.77,0.01,-0.00,-0.00
-9579,3.00,-261,2.29,665,3,8684,09_42_28_19_05_2025,-3.73,-2.74,8.79,0.00,-0.00,-0.00
-9644,3.00,-300,2.30,665,3,8707,09_42_28_19_05_2025,-3.74,-2.73,8.77,0.00,-0.00,-0.00
-9826,3.02,-326,2.30,666,3,8733,09_42_28_19_05_2025,-3.73,-2.73,8.78,0.00,-0.00,-0.00
-9581,3.00,-94,2.28,664,3,8759,09_42_28_19_05_2025,-3.74,-2.74,8.77,0.00,-0.00,-0.00
-9557,3.00,-126,2.28,665,3,8785,09_42_28_19_05_2025,-3.73,-2.74,8.78,0.00,-0.00,-0.00
-9467,2.99,-47,2.28,665,3,8814,09_42_28_19_05_2025,-3.73,-2.74,8.78,0.00,-0.00,-0.00
-9613,3.00,-90,2.28,665,3,8837,09_42_28_19_05_2025,-3.73,-2.74,8.78,0.01,-0.00,-0.00
-9321,2.98,-206,2.29,665,3,8859,09_42_28_19_05_2025,-3.73,-2.73,8.78,0.00,-0.00,-0.00
-9631,3.00,-38,2.28,665,3,8883,09_42_28_19_05_2025,-3.73,-2.74,8.77,0.00,-0.00,0.00
-9463,2.99,-163,2.29,665,3,8905,09_42_28_19_05_2025,-3.73,-2.73,8.79,0.00,-0.00,-0.00
-9674,3.01,155,2.26,665,3,8932,09_42_28_19_05_2025,-3.74,-2.73,8.78,0.01,-0.00,0.00
-9788,3.01,-159,2.28,665,3,8960,09_42_28_19_05_2025,-3.72,-2.74,8.78,0.00,-0.00,-0.00
-9450,2.99,-76,2.28,665,3,8983,09_42_29_19_05_2025,-3.74,-2.73,8.76,0.01,-0.00,-0.00
-9627,3.00,-150,2.28,665,3,9006,09_42_29_19_05_2025,-3.74,-2.74,8.79,0.00,-0.00,-0.00
-9578,3.00,-126,2.28,665,3,9033,09_42_29_19_05_2025,-3.73,-2.73,8.78,0.01,-0.00,-0.00
-9686,3.01,-252,2.29,665,3,9059,09_42_29_19_05_2025,-3.74,-2.74,8.77,0.01,-0.00,0.00
-9738,3.01,-106,2.28,665,3,9085,09_42_29_19_05_2025,-3.73,-2.73,8.78,0.00,-0.00,-0.00
-9826,3.02,-95,2.28,665,3,9114,09_42_29_19_05_2025,-3.73,-2.74,8.77,0.01,-0.00,0.00
-9567,3.00,-245,2.29,665,3,9137,09_42_29_19_05_2025,-3.73,-2.74,8.78,0.00,-0.00,0.00
-9449,2.99,-191,2.29,665,3,9160,09_42_29_19_05_2025,-3.73,-2.73,8.78,0.00,-0.00,-0.00
-9749,3.01,-99,2.28,664,3,9186,09_42_29_19_05_2025,-3.73,-2.75,8.78,0.01,-0.00,0.00
-9613,3.00,-139,2.28,665,3,9212,09_42_29_19_05_2025,-3.73,-2.73,8.78,0.00,-0.00,0.00
-9692,3.01,-161,2.28,665,3,9238,09_42_29_19_05_2025,-3.72,-2.73,8.78,0.00,-0.00,-0.00
-9610,3.00,-204,2.29,665,3,9267,09_42_29_19_05_2025,-3.74,-2.73,8.78,0.00,-0.00,0.00
-9660,3.00,-204,2.29,665,3,9290,09_42_29_19_05_2025,-3.73,-2.73,8.77,0.01,-0.00,-0.00
-9516,2.99,-251,2.29,665,3,9313,09_42_29_19_05_2025,-3.75,-2.74,8.77,0.01,-0.00,-0.00
-9561,3.00,-161,2.28,665,3,9339,09_42_29_19_05_2025,-3.74,-2.74,8.78,0.00,-0.00,0.00
-9537,3.00,16,2.27,665,3,9365,09_42_29_19_05_2025,-3.74,-2.74,8.78,0.00,-0.00,-0.00
-9774,3.01,-159,2.28,665,3,9391,09_42_29_19_05_2025,-3.74,-2.73,8.76,0.00,-0.00,-0.00
-9440,2.99,-157,2.28,665,3,9420,09_42_29_19_05_2025,-3.73,-2.74,8.78,0.00,-0.00,-0.00
-9470,2.99,-161,2.28,665,3,9442,09_42_29_19_05_2025,-3.73,-2.73,8.76,0.00,-0.00,0.00
-9645,3.00,-166,2.29,665,3,9466,09_42_29_19_05_2025,-3.74,-2.74,8.79,0.00,-0.00,0.00
-9680,3.01,-63,2.28,665,3,9491,09_42_29_19_05_2025,-3.77,-2.78,8.85,0.00,-0.00,-0.00
-9636,3.00,-99,2.28,665,3,9517,09_42_29_19_05_2025,-3.73,-2.78,8.83,0.00,-0.00,-0.00
-9521,2.99,-228,2.29,666,3,9543,09_42_29_19_05_2025,-3.74,-2.74,8.76,0.00,-0.00,0.00
-9729,3.01,-255,2.29,665,3,9571,09_42_29_19_05_2025,-3.72,-2.72,8.77,0.00,-0.00,0.00
-9698,3.01,15,2.27,665,3,9594,09_42_29_19_05_2025,-3.73,-2.73,8.76,0.00,-0.00,0.00
-9612,3.00,-132,2.28,665,3,9619,09_42_29_19_05_2025,-3.72,-2.70,8.79,0.01,-0.00,0.00
-9575,3.00,-13,2.27,665,3,9645,09_42_29_19_05_2025,-3.74,-2.73,8.79,0.00,-0.00,-0.00
-9694,3.01,-66,2.28,665,3,9670,09_42_29_19_05_2025,-3.72,-2.73,8.78,0.01,-0.00,0.00
-9471,2.99,-199,2.29,665,3,9695,09_42_29_19_05_2025,-3.74,-2.76,8.78,0.00,-0.00,-0.00
-9743,3.01,-182,2.29,665,3,9724,09_42_29_19_05_2025,-3.74,-2.75,8.77,0.00,-0.00,-0.00
-9512,2.99,137,2.26,665,3,9747,09_42_29_19_05_2025,-3.73,-2.74,8.77,0.00,-0.00,-0.00
-9814,3.02,-23,2.27,665,3,9770,09_42_29_19_05_2025,-3.74,-2.74,8.77,0.01,-0.00,-0.00
-9620,3.00,-62,2.28,666,3,9792,09_42_29_19_05_2025,-3.73,-2.73,8.78,0.00,-0.00,-0.00
-9563,3.00,-166,2.29,665,3,9815,09_42_29_19_05_2025,-3.74,-2.73,8.77,0.01,-0.00,-0.00
-9549,3.00,-177,2.29,665,3,9842,09_42_29_19_05_2025,-3.73,-2.73,8.80,0.00,-0.00,0.00
-9572,3.00,-145,2.28,665,3,9868,09_42_29_19_05_2025,-3.71,-2.74,8.78,0.00,-0.00,0.00
-9756,3.01,-330,2.30,665,3,9891,09_42_29_19_05_2025,-3.72,-2.73,8.78,0.00,-0.00,0.00
-9515,2.99,-236,2.29,665,3,9916,09_42_29_19_05_2025,-3.72,-2.73,8.78,0.01,-0.00,0.00
-9585,3.00,-13,2.27,665,3,9942,09_42_29_19_05_2025,-3.74,-2.74,8.75,0.00,-0.00,-0.00
-9618,3.00,-88,2.28,665,3,9967,09_42_30_19_05_2025,-3.74,-2.73,8.77,0.01,-0.00,0.00
-9527,2.99,-106,2.28,665,3,9993,09_42_30_19_05_2025,-3.72,-2.73,8.78,0.00,-0.00,0.00
-9722,3.01,-337,2.30,664,3,10021,09_42_30_19_05_2025,-3.72,-2.72,8.79,0.00,-0.00,-0.00
-9685,3.01,-344,2.30,665,3,10044,09_42_30_19_05_2025,-3.74,-2.73,8.79,0.01,-0.00,0.00
-9674,3.01,-186,2.29,665,3,10067,09_42_30_19_05_2025,-3.73,-2.73,8.77,0.00,-0.00,-0.00
-9583,3.00,-63,2.28,665,3,10090,09_42_30_19_05_2025,-3.73,-2.74,8.77,0.00,-0.00,-0.00
-9368,2.98,-92,2.28,665,3,10113,09_42_30_19_05_2025,-3.74,-2.75,8.79,0.00,-0.00,-0.00
-9441,2.99,-299,2.30,665,3,10139,09_42_30_19_05_2025,-3.73,-2.73,8.76,0.00,-0.00,-0.00
-9699,3.01,-247,2.29,665,3,10168,09_42_30_19_05_2025,-3.74,-2.74,8.78,0.01,-0.00,0.00
-9586,3.00,-77,2.28,665,3,10191,09_42_30_19_05_2025,-3.73,-2.72,8.77,0.00,-0.00,-0.00
-9606,3.00,-223,2.29,665,3,10214,09_42_30_19_05_2025,-3.72,-2.73,8.77,0.00,-0.00,-0.00
-9301,2.98,-88,2.28,665,3,10240,09_42_30_19_05_2025,-3.72,-2.74,8.80,0.01,-0.00,0.00
-9589,3.00,24,2.27,665,3,10265,09_42_30_19_05_2025,-3.73,-2.73,8.78,0.00,-0.00,0.00
-9509,2.99,-188,2.29,665,3,10291,09_42_30_19_05_2025,-3.74,-2.74,8.79,0.00,-0.00,-0.00
-9733,3.01,-228,2.29,665,3,10320,09_42_30_19_05_2025,-3.74,-2.72,8.78,0.01,-0.00,-0.00
-9581,3.00,16,2.27,665,3,10343,09_42_30_19_05_2025,-3.73,-2.74,8.78,0.00,-0.00,-0.00
-9586,3.00,9,2.27,666,3,10366,09_42_30_19_05_2025,-3.72,-2.74,8.79,0.01,-0.00,-0.00
-9578,3.00,-280,2.29,665,3,10388,09_42_30_19_05_2025,-3.73,-2.73,8.78,0.00,-0.00,-0.00
-9700,3.01,-120,2.28,665,3,10411,09_42_30_19_05_2025,-3.73,-2.72,8.79,0.00,-0.00,-0.00
-9840,3.02,-17,2.27,665,3,10440,09_42_30_19_05_2025,-3.73,-2.74,8.78,0.01,-0.00,0.00
-9462,2.99,-2,2.27,665,3,10463,09_42_30_19_05_2025,-3.74,-2.73,8.77,0.00,-0.00,-0.00
-9483,2.99,-374,2.30,665,3,10486,09_42_30_19_05_2025,-3.74,-2.76,8.82,0.00,-0.00,-0.00
-9533,2.99,-132,2.28,665,3,10509,09_42_30_19_05_2025,-3.73,-2.74,8.79,0.00,-0.00,-0.00
-9809,3.02,-216,2.29,665,3,10533,09_42_30_19_05_2025,-3.73,-2.73,8.78,0.00,-0.00,-0.00
-9519,2.99,-236,2.29,665,3,10556,09_42_30_19_05_2025,-3.74,-2.74,8.79,0.01,-0.00,-0.00
-9674,3.01,-286,2.29,665,3,10585,09_42_30_19_05_2025,-3.72,-2.73,8.78,0.00,-0.00,-0.00
-9634,3.00,37,2.27,665,3,10608,09_42_30_19_05_2025,-3.74,-2.73,8.80,0.01,-0.00,-0.00
-9562,3.00,11,2.27,665,3,10631,09_42_30_19_05_2025,-3.72,-2.73,8.79,0.01,-0.00,-0.00
-9460,2.99,-126,2.28,665,3,10656,09_42_30_19_05_2025,-3.73,-2.72,8.74,0.01,-0.00,-0.00
-9821,3.02,-257,2.29,665,3,10682,09_42_30_19_05_2025,-3.75,-2.73,8.78,0.01,-0.00,0.00
-9506,2.99,-231,2.29,665,3,10708,09_42_30_19_05_2025,-3.74,-2.75,8.79,0.00,-0.00,-0.00
-9617,3.00,67,2.27,665,3,10737,09_42_30_19_05_2025,-3.74,-2.76,8.79,0.00,-0.00,-0.00
-9434,2.99,-221,2.29,665,3,10759,09_42_30_19_05_2025,-3.75,-2.75,8.81,0.01,-0.00,0.00
-9598,3.00,-95,2.28,665,3,10782,09_42_30_19_05_2025,-3.73,-2.74,8.76,0.00,-0.00,-0.00
-9700,3.01,-212,2.29,665,3,10844,09_42_30_19_05_2025,-3.72,-2.72,8.77,0.00,-0.00,0.00
-9604,3.00,-275,2.29,665,3,10869,09_42_30_19_05_2025,-3.72,-2.73,8.79,0.00,-0.00,-0.00
-9598,3.00,-249,2.29,665,3,10895,09_42_30_19_05_2025,-3.73,-2.74,8.76,0.01,-0.00,-0.00
-9596,3.00,-4,2.27,665,3,10930,09_42_30_19_05_2025,-3.74,-2.74,8.76,0.01,-0.00,-0.00
-9685,3.01,-204,2.29,665,3,10958,09_42_30_19_05_2025,-3.73,-2.73,8.78,0.01,-0.01,0.00
-9768,3.01,-195,2.29,665,3,10982,09_42_31_19_05_2025,-3.73,-2.74,8.78,0.00,-0.00,-0.00
-9614,3.00,-102,2.28,665,3,11007,09_42_31_19_05_2025,-3.73,-2.73,8.79,0.00,-0.00,0.00
-9582,3.00,-81,2.28,665,3,11031,09_42_31_19_05_2025,-3.74,-2.73,8.77,0.00,-0.00,-0.00
-9687,3.01,-10,2.27,665,3,11055,09_42_31_19_05_2025,-3.74,-2.74,8.76,0.00,-0.00,-0.00
-9658,3.00,79,2.27,665,3,11086,09_42_31_19_05_2025,-3.74,-2.73,8.78,0.01,-0.00,-0.00
-9591,3.00,-129,2.28,665,3,11113,09_42_31_19_05_2025,-3.72,-2.75,8.77,0.00,-0.00,-0.00
-9544,3.00,-340,2.30,665,3,11138,09_42_31_19_05_2025,-3.74,-2.72,8.77,0.01,-0.00,-0.00
-9766,3.01,-145,2.28,664,3,11162,09_42_31_19_05_2025,-3.71,-2.70,8.74,0.01,-0.01,0.00
-9629,3.00,-135,2.28,665,3,11187,09_42_31_19_05_2025,-3.71,-2.71,8.77,0.00,-0.00,-0.00
-9651,3.00,-173,2.29,665,3,11212,09_42_31_19_05_2025,-3.74,-2.74,8.79,0.00,-0.00,-0.00
-9629,3.00,-121,2.28,665,3,11239,09_42_31_19_05_2025,-3.74,-2.74,8.77,0.01,-0.00,-0.00
-9695,3.01,9,2.27,665,3,11264,09_42_31_19_05_2025,-3.74,-2.74,8.76,0.00,-0.00,-0.00
-9415,2.99,-256,2.29,666,3,11289,09_42_31_19_05_2025,-3.74,-2.74,8.78,0.00,-0.00,-0.00
-9649,3.00,-134,2.28,665,3,11314,09_42_31_19_05_2025,-3.73,-2.73,8.77,0.00,-0.00,0.00
-9541,3.00,-169,2.29,665,3,11339,09_42_31_19_05_2025,-3.73,-2.73,8.78,0.00,-0.00,0.00
-9670,3.01,-111,2.28,665,3,11363,09_42_31_19_05_2025,-3.73,-2.72,8.79,0.00,-0.00,0.00
-9499,2.99,-154,2.28,665,3,11390,09_42_31_19_05_2025,-3.72,-2.73,8.77,0.00,-0.00,-0.00
-9494,2.99,-168,2.29,665,3,11415,09_42_31_19_05_2025,-3.74,-2.74,8.77,0.01,-0.00,0.00
-9699,3.01,-295,2.30,665,3,11442,09_42_31_19_05_2025,-3.74,-2.73,8.78,0.00,-0.00,-0.00
-9533,2.99,-252,2.29,665,3,11467,09_42_31_19_05_2025,-3.73,-2.74,8.77,0.00,-0.00,-0.00
-9524,2.99,-20,2.27,665,3,11492,09_42_31_19_05_2025,-3.73,-2.73,8.77,0.01,-0.00,0.00
-9383,2.98,-241,2.29,664,3,11516,09_42_31_19_05_2025,-3.73,-2.72,8.78,0.01,-0.00,0.00
-9626,3.00,-45,2.28,665,3,11544,09_42_31_19_05_2025,-3.72,-2.74,8.76,0.00,-0.00,-0.00
-9669,3.01,-147,2.28,665,3,11568,09_42_31_19_05_2025,-3.74,-2.73,8.77,0.00,-0.00,0.00
-9682,3.01,-231,2.29,665,3,11593,09_42_31_19_05_2025,-3.73,-2.74,8.78,0.00,-0.00,-0.00
-9704,3.01,-299,2.30,665,3,11617,09_42_31_19_05_2025,-3.73,-2.74,8.77,0.00,-0.00,-0.00
-9631,3.00,-230,2.29,666,3,11642,09_42_31_19_05_2025,-3.74,-2.74,8.79,0.00,-0.00,-0.00
-9683,3.01,-16,2.27,665,3,11669,09_42_31_19_05_2025,-3.73,-2.75,8.78,0.00,-0.00,-0.00
-9599,3.00,-205,2.29,665,3,11697,09_42_31_19_05_2025,-3.73,-2.73,8.79,0.00,-0.00,0.00
-9686,3.01,-125,2.28,665,3,11721,09_42_31_19_05_2025,-3.73,-2.73,8.78,0.00,-0.00,-0.00
-9426,2.99,-174,2.29,665,3,11746,09_42_31_19_05_2025,-3.74,-2.74,8.77,0.00,-0.00,-0.00
-9573,3.00,-74,2.28,665,3,11771,09_42_31_19_05_2025,-3.74,-2.73,8.78,0.01,-0.00,-0.00
-9577,3.00,-27,2.27,665,3,11795,09_42_31_19_05_2025,-3.74,-2.74,8.77,0.00,-0.00,0.00
-9667,3.01,27,2.27,665,3,11823,09_42_31_19_05_2025,-3.72,-2.74,8.78,0.00,-0.00,-0.00
-9673,3.01,-15,2.27,665,3,11847,09_42_31_19_05_2025,-3.72,-2.73,8.78,0.01,-0.00,0.00
-9709,3.01,-53,2.28,665,3,11872,09_42_31_19_05_2025,-3.73,-2.73,8.77,0.00,-0.00,-0.00
-9587,3.00,-27,2.27,665,3,11896,09_42_31_19_05_2025,-3.73,-2.73,8.78,0.00,-0.00,-0.00
-9351,2.98,-83,2.28,665,3,11921,09_42_31_19_05_2025,-3.74,-2.74,8.78,0.00,-0.00,0.00
-9521,2.99,81,2.27,665,3,11945,09_42_31_19_05_2025,-3.73,-2.74,8.77,0.01,-0.00,-0.00
-9519,2.99,53,2.27,665,3,11973,09_42_32_19_05_2025,-3.73,-2.74,8.79,0.00,-0.00,-0.00
-9465,2.99,-31,2.28,665,3,11998,09_42_32_19_05_2025,-3.72,-2.73,8.77,0.00,-0.00,-0.00
-9486,2.99,-144,2.28,665,3,12026,09_42_32_19_05_2025,-3.73,-2.74,8.77,0.01,-0.00,-0.00
-9524,2.99,-32,2.28,666,3,12050,09_42_32_19_05_2025,-3.72,-2.74,8.79,0.00,-0.00,0.00
-9746,3.01,-171,2.29,664,3,12075,09_42_32_19_05_2025,-3.73,-2.74,8.78,0.00,-0.00,0.00
-9578,3.00,-133,2.28,665,3,12099,09_42_32_19_05_2025,-3.74,-2.74,8.76,0.00,-0.00,-0.00
-9660,3.00,-91,2.28,665,3,12126,09_42_32_19_05_2025,-3.73,-2.73,8.77,0.01,-0.00,0.00
-9557,3.00,-22,2.27,665,3,12151,09_42_32_19_05_2025,-3.72,-2.74,8.78,0.00,-0.00,0.00
-9559,3.00,-136,2.28,665,3,12175,09_42_32_19_05_2025,-3.73,-2.73,8.78,0.00,-0.00,0.00
-9499,2.99,-90,2.28,665,3,12199,09_42_32_19_05_2025,-3.73,-2.73,8.78,0.01,-0.00,-0.00
-9633,3.00,-164,2.29,666,3,12224,09_42_32_19_05_2025,-3.74,-2.74,8.78,0.00,-0.00,-0.00
-9492,2.99,-46,2.28,665,3,12248,09_42_32_19_05_2025,-3.74,-2.74,8.77,0.00,-0.00,-0.00
-9704,3.01,-95,2.28,665,3,12276,09_42_32_19_05_2025,-3.73,-2.73,8.78,0.00,-0.00,0.00
-9448,2.99,-215,2.29,665,3,12300,09_42_32_19_05_2025,-3.72,-2.73,8.77,0.00,-0.00,-0.00
-9310,2.98,-218,2.29,665,3,12325,09_42_32_19_05_2025,-3.72,-2.73,8.78,0.01,-0.00,0.00
-9446,2.99,-71,2.28,665,3,12349,09_42_32_19_05_2025,-3.73,-2.73,8.79,0.01,-0.00,-0.00
-9589,3.00,66,2.27,665,3,12374,09_42_32_19_05_2025,-3.74,-2.74,8.77,0.00,-0.00,-0.00
-9507,2.99,-261,2.29,666,3,12399,09_42_32_19_05_2025,-3.75,-2.73,8.78,0.00,-0.00,0.00
-9541,3.00,-131,2.28,665,3,12426,09_42_32_19_05_2025,-3.73,-2.74,8.78,0.00,-0.00,-0.00
-9710,3.01,52,2.27,665,3,12451,09_42_32_19_05_2025,-3.73,-2.75,8.77,0.00,-0.01,0.00
-9750,3.01,-131,2.28,665,3,12475,09_42_32_19_05_2025,-3.73,-2.72,8.79,0.00,-0.00,0.00
-9487,2.99,63,2.27,665,3,12500,09_42_32_19_05_2025,-3.73,-2.74,8.77,0.00,-0.00,-0.00
-9573,3.00,-350,2.30,665,3,12524,09_42_32_19_05_2025,-3.74,-2.73,8.77,0.01,-0.00,-0.00
-9691,3.01,-132,2.28,665,3,12549,09_42_32_19_05_2025,-3.73,-2.73,8.77,0.00,-0.00,-0.00
-9405,2.99,-27,2.27,665,3,12576,09_42_32_19_05_2025,-3.73,-2.75,8.78,0.00,-0.00,-0.00
-9583,3.00,-180,2.29,665,3,12604,09_42_32_19_05_2025,-3.73,-2.73,8.78,0.01,-0.00,-0.00
-9696,3.01,-248,2.29,665,3,12628,09_42_32_19_05_2025,-3.73,-2.73,8.77,0.00,-0.00,0.00
-9630,3.00,-21,2.27,665,3,12653,09_42_32_19_05_2025,-3.73,-2.72,8.77,0.00,-0.00,0.00
-9681,3.01,5,2.27,665,3,12677,09_42_32_19_05_2025,-3.73,-2.73,8.78,0.01,-0.00,-0.00
-9603,3.00,-311,2.30,665,3,12702,09_42_32_19_05_2025,-3.73,-2.73,8.78,0.01,-0.00,0.00
-9509,2.99,-303,2.30,665,3,12730,09_42_32_19_05_2025,-3.72,-2.70,8.73,0.00,-0.00,-0.00
-9685,3.01,-137,2.28,665,3,12755,09_42_32_19_05_2025,-3.71,-2.67,8.73,0.01,-0.01,0.00
-9604,3.00,-165,2.29,665,3,12780,09_42_32_19_05_2025,-3.73,-2.73,8.75,0.01,-0.00,0.00
-9430,2.99,-170,2.29,665,3,12804,09_42_32_19_05_2025,-3.71,-2.68,8.79,0.01,-0.00,0.00
-9621,3.00,122,2.26,665,3,12829,09_42_32_19_05_2025,-3.73,-2.72,8.82,0.00,-0.00,-0.00
-9570,3.00,-123,2.28,665,3,12853,09_42_32_19_05_2025,-3.74,-2.77,8.77,0.00,-0.00,-0.00
-9502,2.99,-38,2.28,665,3,12881,09_42_32_19_05_2025,-3.74,-2.74,8.78,0.01,-0.01,0.00
-9859,3.02,104,2.26,665,3,12908,09_42_32_19_05_2025,-3.71,-2.71,8.79,0.01,-0.01,0.00
-9734,3.01,40,2.27,665,3,12933,09_42_32_19_05_2025,-3.73,-2.74,8.76,0.01,-0.00,0.00
-9562,3.00,8,2.27,665,3,12957,09_42_32_19_05_2025,-3.72,-2.72,8.79,0.00,-0.00,0.00
-9582,3.00,-61,2.28,664,3,12982,09_42_33_19_05_2025,-3.73,-2.73,8.76,0.00,-0.00,-0.00
-9506,2.99,-24,2.27,665,3,13009,09_42_33_19_05_2025,-3.75,-2.75,8.77,0.01,-0.00,0.00
-9663,3.00,-273,2.29,665,3,13034,09_42_33_19_05_2025,-3.72,-2.72,8.77,0.01,-0.01,0.00
-9611,3.00,-243,2.29,665,3,13058,09_42_33_19_05_2025,-3.73,-2.74,8.77,0.00,-0.00,-0.00
-9744,3.01,-262,2.29,665,3,13083,09_42_33_19_05_2025,-3.73,-2.73,8.79,0.01,-0.00,-0.00
-9592,3.00,-134,2.28,665,3,13107,09_42_33_19_05_2025,-3.72,-2.73,8.78,0.00,-0.00,-0.00
-9629,3.00,-49,2.28,665,3,13132,09_42_33_19_05_2025,-3.74,-2.73,8.78,0.01,-0.00,-0.00
-9410,2.99,-19,2.27,665,3,13159,09_42_33_19_05_2025,-3.72,-2.74,8.80,0.01,-0.00,-0.00
-9515,2.99,-52,2.28,665,3,13184,09_42_33_19_05_2025,-3.74,-2.73,8.77,0.00,-0.00,-0.00
-9498,2.99,-253,2.29,664,3,13208,09_42_33_19_05_2025,-3.75,-2.74,8.78,0.00,-0.00,-0.00
-9570,3.00,-95,2.28,665,3,13233,09_42_33_19_05_2025,-3.73,-2.73,8.78,0.01,-0.00,-0.00
-9602,3.00,-308,2.30,665,3,13257,09_42_33_19_05_2025,-3.72,-2.75,8.78,0.00,-0.00,-0.00
-9546,3.00,-46,2.28,665,3,13282,09_42_33_19_05_2025,-3.74,-2.74,8.78,0.00,-0.00,0.00
-9677,3.01,-61,2.28,665,3,13309,09_42_33_19_05_2025,-3.73,-2.72,8.77,0.00,-0.00,0.00
-9510,2.99,-255,2.29,664,3,13336,09_42_33_19_05_2025,-3.74,-2.74,8.77,0.00,-0.00,0.00
-9358,2.98,-56,2.28,665,3,13361,09_42_33_19_05_2025,-3.73,-2.74,8.77,0.00,-0.00,0.00
-9419,2.99,-142,2.28,665,3,13385,09_42_33_19_05_2025,-3.72,-2.73,8.77,0.01,-0.00,-0.00
-9746,3.01,-77,2.28,665,3,13410,09_42_33_19_05_2025,-3.73,-2.73,8.77,0.01,-0.00,0.00
-9697,3.01,-147,2.28,665,3,13434,09_42_33_19_05_2025,-3.73,-2.74,8.78,0.01,-0.00,0.00
-9582,3.00,-148,2.28,664,3,13465,09_42_33_19_05_2025,-3.74,-2.73,8.79,0.00,-0.00,0.00
-9590,3.00,-70,2.28,665,3,13490,09_42_33_19_05_2025,-3.74,-2.74,8.78,0.00,-0.00,-0.00
-9473,2.99,-227,2.29,665,3,13515,09_42_33_19_05_2025,-3.73,-2.73,8.79,0.01,-0.00,-0.00
-9672,3.01,-262,2.29,666,3,13542,09_42_33_19_05_2025,-3.74,-2.73,8.75,0.00,-0.00,-0.00
-9599,3.00,-177,2.29,665,3,13567,09_42_33_19_05_2025,-3.74,-2.73,8.77,0.00,-0.00,-0.00
-9542,3.00,-128,2.28,665,3,13591,09_42_33_19_05_2025,-3.73,-2.72,8.78,0.01,-0.00,-0.00
-9514,2.99,-54,2.28,665,3,13619,09_42_33_19_05_2025,-3.72,-2.73,8.76,0.00,-0.00,-0.00
-9577,3.00,-121,2.28,665,3,13643,09_42_33_19_05_2025,-3.73,-2.74,8.79,0.01,-0.00,0.00
-9489,2.99,15,2.27,665,3,13668,09_42_33_19_05_2025,-3.73,-2.74,8.79,0.00,-0.00,-0.00
-9579,3.00,-17,2.27,665,3,13693,09_42_33_19_05_2025,-3.74,-2.74,8.76,0.00,-0.00,-0.00
-9760,3.01,-219,2.29,665,3,13717,09_42_33_19_05_2025,-3.74,-2.72,8.79,0.01,-0.00,0.00
-9422,2.99,-219,2.29,665,3,13742,09_42_33_19_05_2025,-3.73,-2.73,8.76,0.01,-0.00,-0.00
-9500,2.99,-165,2.29,665,3,13769,09_42_33_19_05_2025,-3.74,-2.74,8.79,0.01,-0.00,0.00
-9611,3.00,-198,2.29,666,3,13797,09_42_33_19_05_2025,-3.73,-2.72,8.78,0.01,-0.00,0.00
-9579,3.00,-137,2.28,665,3,13821,09_42_33_19_05_2025,-3.73,-2.75,8.77,0.01,-0.00,-0.00
-9843,3.02,-74,2.28,665,3,13846,09_42_33_19_05_2025,-3.71,-2.73,8.77,0.01,-0.00,0.00
-9630,3.00,-55,2.28,665,3,13870,09_42_33_19_05_2025,-3.73,-2.71,8.77,0.00,-0.00,-0.00
-9460,2.99,-117,2.28,665,3,13895,09_42_33_19_05_2025,-3.75,-2.75,8.76,0.00,-0.00,0.00
-9562,3.00,104,2.26,665,3,13922,09_42_33_19_05_2025,-3.75,-2.74,8.76,0.01,-0.00,0.00
-9702,3.01,-214,2.29,665,3,13947,09_42_33_19_05_2025,-3.75,-2.73,8.76,0.00,-0.00,-0.00
-9723,3.01,-306,2.30,665,3,13971,09_42_34_19_05_2025,-3.72,-2.75,8.78,0.01,-0.00,0.00
-9653,3.00,-349,2.30,665,3,13996,09_42_34_19_05_2025,-3.69,-2.70,8.75,0.00,-0.00,0.00
-9399,2.98,74,2.27,665,3,14021,09_42_34_19_05_2025,-3.73,-2.76,8.81,0.00,-0.00,-0.00
-9544,3.00,-200,2.29,664,3,14045,09_42_34_19_05_2025,-3.74,-2.74,8.80,0.01,-0.00,-0.00
-9665,3.00,-381,2.30,665,3,14073,09_42_34_19_05_2025,-3.73,-2.71,8.78,0.00,-0.00,-0.00
-9638,3.00,-167,2.29,665,3,14097,09_42_34_19_05_2025,-3.73,-2.74,8.80,0.01,-0.00,-0.00
-9698,3.01,-163,2.29,665,3,14122,09_42_34_19_05_2025,-3.73,-2.73,8.78,0.01,-0.00,-0.00
-9556,3.00,-34,2.28,665,3,14146,09_42_34_19_05_2025,-3.72,-2.72,8.76,0.00,-0.00,0.00
-9532,2.99,-201,2.29,665,3,14171,09_42_34_19_05_2025,-3.74,-2.75,8.77,0.01,-0.00,-0.00
-9651,3.00,-294,2.30,665,3,14199,09_42_34_19_05_2025,-3.75,-2.73,8.76,0.00,-0.00,-0.00
-9718,3.01,-69,2.28,665,3,14224,09_42_34_19_05_2025,-3.74,-2.74,8.78,0.01,-0.00,0.00
-9684,3.01,-120,2.28,666,3,14249,09_42_34_19_05_2025,-3.73,-2.74,8.76,0.00,-0.00,0.00
-9554,3.00,-4,2.27,665,3,14273,09_42_34_19_05_2025,-3.73,-2.74,8.79,0.00,-0.00,-0.00
-9691,3.01,-69,2.28,665,3,14298,09_42_34_19_05_2025,-3.73,-2.73,8.79,0.00,-0.00,0.00
-9451,2.99,-191,2.29,665,3,14331,09_42_34_19_05_2025,-3.73,-2.73,8.76,0.01,-0.00,-0.00
-9568,3.00,-15,2.27,665,3,14482,09_42_34_19_05_2025,-3.72,-2.73,8.79,0.00,-0.00,0.00
-9621,3.00,58,2.27,665,3,14506,09_42_34_19_05_2025,-3.72,-2.74,8.78,0.01,-0.00,0.00
-9722,3.01,-50,2.28,665,3,14530,09_42_34_19_05_2025,-3.74,-2.74,8.79,0.00,-0.00,-0.00
-9761,3.01,-254,2.29,665,3,14555,09_42_34_19_05_2025,-3.74,-2.73,8.78,0.01,-0.00,0.00
-9711,3.01,-124,2.28,665,3,14580,09_42_34_19_05_2025,-3.73,-2.73,8.77,0.00,-0.00,-0.00
-9659,3.00,-175,2.29,665,3,14604,09_42_34_19_05_2025,-3.73,-2.74,8.78,0.00,-0.00,-0.00
-9793,3.01,-160,2.28,665,3,14631,09_42_34_19_05_2025,-3.73,-2.73,8.78,0.00,-0.00,0.00
-9541,3.00,-62,2.28,665,3,14656,09_42_34_19_05_2025,-3.73,-2.75,8.78,0.00,-0.00,-0.00
-9426,2.99,-231,2.29,665,3,14681,09_42_34_19_05_2025,-3.73,-2.73,8.78,0.00,-0.00,-0.00
-9611,3.00,-169,2.29,665,3,14705,09_42_34_19_05_2025,-3.73,-2.73,8.78,0.00,-0.00,0.00
-9775,3.01,-79,2.28,665,3,14730,09_42_34_19_05_2025,-3.74,-2.78,8.83,0.00,-0.00,-0.00
-9742,3.01,-232,2.29,665,3,14754,09_42_34_19_05_2025,-3.74,-2.74,8.80,0.01,-0.00,-0.00
-9584,3.00,-76,2.28,665,3,14782,09_42_34_19_05_2025,-3.75,-2.74,8.77,0.00,0.00,-0.00
-9672,3.01,-14,2.27,665,3,14809,09_42_34_19_05_2025,-3.74,-2.75,8.76,0.01,-0.00,-0.00
-9668,3.01,19,2.27,665,3,14834,09_42_34_19_05_2025,-3.73,-2.71,8.77,0.01,-0.00,0.00
-9744,3.01,-408,2.30,665,3,14858,09_42_34_19_05_2025,-3.73,-2.74,8.77,0.00,-0.00,-0.00
-9711,3.01,172,2.26,665,3,14883,09_42_34_19_05_2025,-3.75,-2.74,8.78,0.01,-0.01,-0.00
-9727,3.01,-198,2.29,664,3,14907,09_42_34_19_05_2025,-3.74,-2.72,8.77,0.01,-0.00,-0.00
-9746,3.01,-35,2.28,665,3,14935,09_42_34_19_05_2025,-3.73,-2.75,8.78,0.00,-0.00,-0.00
-9491,2.99,-132,2.28,665,3,14959,09_42_34_19_05_2025,-3.72,-2.74,8.79,0.01,-0.00,0.00
-9550,3.00,41,2.27,665,3,14984,09_42_35_19_05_2025,-3.73,-2.73,8.77,0.00,-0.00,-0.00
-9563,3.00,-111,2.28,665,3,15009,09_42_35_19_05_2025,-3.74,-2.75,8.78,0.00,-0.00,-0.00
-9681,3.01,22,2.27,665,3,15033,09_42_35_19_05_2025,-3.75,-2.73,8.79,0.01,-0.00,0.00
-9553,3.00,-117,2.28,665,3,15058,09_42_35_19_05_2025,-3.74,-2.73,8.78,0.00,-0.00,0.00
-9563,3.00,-213,2.29,665,3,15085,09_42_35_19_05_2025,-3.72,-2.74,8.78,0.01,-0.00,0.00
-9636,3.00,-65,2.28,665,3,15110,09_42_35_19_05_2025,-3.73,-2.72,8.78,0.00,-0.00,0.00
-9486,2.99,-137,2.28,665,3,15134,09_42_35_19_05_2025,-3.73,-2.74,8.78,0.00,-0.00,-0.00
-9570,3.00,-19,2.27,665,3,15159,09_42_35_19_05_2025,-3.75,-2.73,8.78,0.00,-0.00,0.00
-9486,2.99,46,2.27,666,3,15183,09_42_35_19_05_2025,-3.73,-2.73,8.77,0.00,-0.00,0.00
-9576,3.00,-138,2.28,665,3,15209,09_42_35_19_05_2025,-3.73,-2.74,8.77,0.00,-0.00,-0.00
-9578,3.00,-147,2.28,665,3,15237,09_42_35_19_05_2025,-3.73,-2.73,8.79,0.00,-0.00,-0.00
-9543,3.00,-64,2.28,665,3,15261,09_42_35_19_05_2025,-3.72,-2.74,8.77,0.00,-0.00,-0.00
-9579,3.00,-228,2.29,666,3,15286,09_42_35_19_05_2025,-3.72,-2.73,8.78,0.01,-0.00,-0.00
-9508,2.99,-224,2.29,665,3,15310,09_42_35_19_05_2025,-3.73,-2.73,8.78,0.01,-0.00,0.00
-9440,2.99,-210,2.29,666,3,15335,09_42_35_19_05_2025,-3.74,-2.74,8.77,0.00,-0.00,-0.00
-9742,3.01,-151,2.28,666,3,15363,09_42_35_19_05_2025,-3.74,-2.74,8.77,0.01,-0.00,0.00
-9659,3.00,-48,2.28,665,3,15390,09_42_35_19_05_2025,-3.73,-2.74,8.80,0.00,-0.00,0.00
-9659,3.00,-9,2.27,665,3,15414,09_42_35_19_05_2025,-3.72,-2.74,8.78,0.01,-0.00,-0.00
-9587,3.00,-279,2.29,665,3,15439,09_42_35_19_05_2025,-3.72,-2.73,8.77,0.00,-0.00,-0.00
-9498,2.99,-279,2.29,665,3,15463,09_42_35_19_05_2025,-3.74,-2.73,8.78,0.00,-0.00,0.00
-9680,3.01,-123,2.28,665,3,15488,09_42_35_19_05_2025,-3.74,-2.74,8.77,0.00,-0.00,-0.00
-9564,3.00,-15,2.27,665,3,15513,09_42_35_19_05_2025,-3.73,-2.73,8.78,0.00,-0.00,-0.00
-9575,3.00,-43,2.28,666,3,15540,09_42_35_19_05_2025,-3.73,-2.74,8.77,0.00,-0.00,0.00
-9498,2.99,1,2.27,666,3,15567,09_42_35_19_05_2025,-3.72,-2.74,8.78,0.01,-0.00,-0.00
-9623,3.00,-265,2.29,665,3,15592,09_42_35_19_05_2025,-3.73,-2.73,8.78,0.00,-0.00,-0.00
-9682,3.01,-163,2.29,665,3,15617,09_42_35_19_05_2025,-3.74,-2.75,8.77,0.00,-0.00,-0.00
-9497,2.99,-68,2.28,665,3,15641,09_42_35_19_05_2025,-3.74,-2.75,8.78,0.00,-0.00,0.00
-9646,3.00,-128,2.28,665,3,15669,09_42_35_19_05_2025,-3.73,-2.73,8.78,0.00,-0.00,0.00
-9671,3.01,-15,2.27,666,3,15693,09_42_35_19_05_2025,-3.74,-2.73,8.77,0.00,-0.00,-0.00
-9612,3.00,-146,2.28,665,3,15717,09_42_35_19_05_2025,-3.73,-2.73,8.78,0.00,-0.00,0.00
-9722,3.01,-222,2.29,665,3,15742,09_42_35_19_05_2025,-3.73,-2.74,8.78,0.00,-0.00,-0.00
-9606,3.00,-66,2.28,664,3,15766,09_42_35_19_05_2025,-3.74,-2.74,8.77,0.00,-0.00,-0.00
-9656,3.00,-111,2.28,665,3,15791,09_42_35_19_05_2025,-3.73,-2.73,8.77,0.00,-0.00,-0.00
-9631,3.00,-153,2.28,665,3,15818,09_42_35_19_05_2025,-3.74,-2.74,8.79,0.00,-0.00,-0.00
-9565,3.00,-153,2.28,665,3,15843,09_42_35_19_05_2025,-3.73,-2.73,8.79,0.00,-0.00,0.00
-9521,2.99,27,2.27,665,3,15867,09_42_35_19_05_2025,-3.72,-2.73,8.78,0.00,-0.00,-0.00
-9576,3.00,49,2.27,665,3,15892,09_42_35_19_05_2025,-3.72,-2.74,8.79,0.01,-0.00,0.00
-9623,3.00,-202,2.29,666,3,15916,09_42_35_19_05_2025,-3.74,-2.73,8.77,0.01,-0.00,-0.00
-9580,3.00,-59,2.28,665,3,15941,09_42_35_19_05_2025,-3.74,-2.73,8.76,0.00,-0.00,-0.00
-9588,3.00,-110,2.28,665,3,15969,09_42_36_19_05_2025,-3.74,-2.75,8.79,0.01,-0.00,-0.00
-9651,3.00,-12,2.27,665,3,15996,09_42_36_19_05_2025,-3.73,-2.74,8.77,0.00,-0.00,0.00
-9655,3.00,-194,2.29,665,3,16021,09_42_36_19_05_2025,-3.75,-2.81,8.89,-0.00,-0.00,-0.00
-9483,2.99,22,2.27,665,3,16046,09_42_36_19_05_2025,-3.74,-2.77,8.81,0.00,-0.00,-0.00
-9635,3.00,-97,2.28,665,3,16070,09_42_36_19_05_2025,-3.77,-2.70,8.74,0.00,-0.00,-0.00
-9590,3.00,-163,2.29,665,3,16095,09_42_36_19_05_2025,-3.77,-2.78,8.76,0.01,-0.00,-0.00
-9593,3.00,-120,2.28,665,3,16122,09_42_36_19_05_2025,-3.72,-2.71,8.76,0.01,-0.00,0.00
-9705,3.01,-103,2.28,666,3,16147,09_42_36_19_05_2025,-3.71,-2.70,8.79,0.00,-0.01,0.00
-9652,3.00,63,2.27,665,3,16171,09_42_36_19_05_2025,-3.74,-2.75,8.78,0.00,-0.00,-0.00
-9607,3.00,-49,2.28,666,3,16196,09_42_36_19_05_2025,-3.73,-2.71,8.78,0.00,-0.00,0.00
-9731,3.01,-151,2.28,665,3,16220,09_42_36_19_05_2025,-3.75,-2.75,8.77,0.00,-0.00,-0.00
-9579,3.00,-57,2.28,665,3,16245,09_42_36_19_05_2025,-3.72,-2.74,8.77,0.01,-0.00,0.00
-9535,3.00,25,2.27,664,3,16272,09_42_36_19_05_2025,-3.74,-2.73,8.79,0.00,-0.01,-0.00
-9642,3.00,-241,2.29,664,3,16297,09_42_36_19_05_2025,-3.74,-2.71,8.78,0.00,-0.00,-0.00
-9589,3.00,61,2.27,665,3,16322,09_42_36_19_05_2025,-3.72,-2.73,8.78,0.00,-0.00,-0.00
-9684,3.01,-12,2.27,665,3,16346,09_42_36_19_05_2025,-3.73,-2.73,8.78,0.01,-0.00,-0.00
-9654,3.00,1,2.27,665,3,16371,09_42_36_19_05_2025,-3.73,-2.74,8.77,0.00,-0.00,-0.00
-9534,2.99,-97,2.28,665,3,16395,09_42_36_19_05_2025,-3.73,-2.74,8.77,0.00,-0.00,0.00
-9562,3.00,-105,2.28,665,3,16423,09_42_36_19_05_2025,-3.74,-2.74,8.78,0.00,-0.00,0.00
-9605,3.00,-71,2.28,665,3,16450,09_42_36_19_05_2025,-3.73,-2.73,8.76,0.00,-0.00,0.00
-9567,3.00,-187,2.29,664,3,16475,09_42_36_19_05_2025,-3.73,-2.75,8.80,0.00,-0.00,0.00
-9600,3.00,-243,2.29,665,3,16499,09_42_36_19_05_2025,-3.73,-2.73,8.77,0.01,-0.00,-0.00
-9613,3.00,44,2.27,665,3,16524,09_42_36_19_05_2025,-3.73,-2.73,8.76,0.00,-0.00,-0.00
-9498,2.99,-176,2.29,665,3,16548,09_42_36_19_05_2025,-3.74,-2.73,8.78,0.01,-0.00,-0.00
-9659,3.00,-17,2.27,665,3,16576,09_42_36_19_05_2025,-3.72,-2.72,8.77,0.00,-0.00,-0.00
-9705,3.01,-91,2.28,665,3,16600,09_42_36_19_05_2025,-3.73,-2.75,8.77,0.00,-0.00,0.00
-9432,2.99,-73,2.28,665,3,16625,09_42_36_19_05_2025,-3.74,-2.74,8.78,0.01,-0.00,0.00
-9516,2.99,-272,2.29,666,3,16650,09_42_36_19_05_2025,-3.73,-2.74,8.77,0.00,-0.00,-0.00
-9409,2.99,3,2.27,665,3,16675,09_42_36_19_05_2025,-3.73,-2.75,8.78,0.00,-0.00,-0.00
-9663,3.00,-174,2.29,665,3,16700,09_42_36_19_05_2025,-3.73,-2.73,8.79,0.01,-0.00,-0.00
-9628,3.00,-91,2.28,665,3,16727,09_42_36_19_05_2025,-3.73,-2.74,8.78,0.00,-0.00,0.00
-9617,3.00,-167,2.29,665,3,16755,09_42_36_19_05_2025,-3.74,-2.73,8.78,0.01,-0.00,-0.00
-9748,3.01,9,2.27,665,3,16779,09_42_36_19_05_2025,-3.73,-2.73,8.77,0.00,-0.00,-0.00
-9676,3.01,48,2.27,665,3,16804,09_42_36_19_05_2025,-3.74,-2.75,8.78,0.00,-0.00,0.00
-9593,3.00,-87,2.28,665,3,16829,09_42_36_19_05_2025,-3.72,-2.72,8.76,0.00,-0.01,0.00
-9606,3.00,-117,2.28,665,3,16853,09_42_36_19_05_2025,-3.73,-2.74,8.77,0.01,-0.00,-0.00
-9488,2.99,9,2.27,665,3,16881,09_42_36_19_05_2025,-3.74,-2.73,8.77,0.00,-0.00,-0.00
-9600,3.00,-142,2.28,665,3,16905,09_42_36_19_05_2025,-3.74,-2.73,8.79,0.00,-0.00,-0.00
-9604,3.00,-141,2.28,665,3,16930,09_42_36_19_05_2025,-3.73,-2.74,8.77,0.00,-0.00,-0.00
-9574,3.00,-246,2.29,665,3,16954,09_42_36_19_05_2025,-3.72,-2.73,8.77,0.00,-0.00,-0.00
-9417,2.99,-194,2.29,666,3,16979,09_42_37_19_05_2025,-3.72,-2.71,8.78,0.00,-0.00,-0.00
-9447,2.99,-16,2.27,665,3,17003,09_42_37_19_05_2025,-3.72,-2.74,8.78,0.01,-0.00,-0.00
-9554,3.00,-22,2.27,665,3,17030,09_42_37_19_05_2025,-3.73,-2.72,8.76,0.00,-0.00,-0.00
-9569,3.00,38,2.27,665,3,17055,09_42_37_19_05_2025,-3.74,-2.76,8.81,0.00,-0.00,-0.00
-9616,3.00,-184,2.29,664,3,17079,09_42_37_19_05_2025,-3.76,-2.75,8.77,0.00,-0.00,-0.00
-9692,3.01,-289,2.29,664,3,17104,09_42_37_19_05_2025,-3.72,-2.72,8.77,0.00,-0.00,-0.00
-9657,3.00,-138,2.28,665,3,17129,09_42_37_19_05_2025,-3.72,-2.74,8.76,0.01,-0.00,0.00
-9689,3.01,-68,2.28,665,3,17156,09_42_37_19_05_2025,-3.73,-2.72,8.77,0.01,-0.00,0.00
-9637,3.00,-101,2.28,665,3,17183,09_42_37_19_05_2025,-3.73,-2.70,8.79,0.00,-0.00,-0.00
-9581,3.00,-114,2.28,665,3,17208,09_42_37_19_05_2025,-3.75,-2.75,8.78,0.00,-0.00,-0.00
-9628,3.00,5,2.27,665,3,17232,09_42_37_19_05_2025,-3.73,-2.75,8.76,0.01,-0.00,0.00
-9628,3.00,-338,2.30,665,3,17257,09_42_37_19_05_2025,-3.74,-2.73,8.77,0.00,-0.00,-0.00
-9645,3.00,-295,2.30,665,3,17281,09_42_37_19_05_2025,-3.73,-2.73,8.76,0.00,-0.00,0.00
-9652,3.00,-201,2.29,665,3,17309,09_42_37_19_05_2025,-3.72,-2.73,8.79,0.01,-0.00,0.00
-9556,3.00,31,2.27,665,3,17333,09_42_37_19_05_2025,-3.74,-2.73,8.79,0.00,-0.00,-0.00
-9516,2.99,-239,2.29,665,3,17358,09_42_37_19_05_2025,-3.73,-2.74,8.78,0.00,-0.00,-0.00
-9604,3.00,-297,2.30,664,3,17384,09_42_37_19_05_2025,-3.74,-2.73,8.79,0.01,-0.00,-0.00
-9442,2.99,-151,2.28,665,3,17408,09_42_37_19_05_2025,-3.73,-2.73,8.78,0.00,-0.00,-0.00
-9489,2.99,-112,2.28,665,3,17433,09_42_37_19_05_2025,-3.74,-2.74,8.77,0.00,-0.00,-0.00
-9510,2.99,-16,2.27,665,3,17460,09_42_37_19_05_2025,-3.74,-2.73,8.77,0.00,-0.00,-0.00
-9667,3.01,-189,2.29,665,3,17485,09_42_37_19_05_2025,-3.73,-2.74,8.77,0.01,-0.00,-0.00
-9783,3.01,-177,2.29,665,3,17513,09_42_37_19_05_2025,-3.74,-2.74,8.77,0.01,-0.00,-0.00
-9609,3.00,-297,2.30,666,3,17537,09_42_37_19_05_2025,-3.73,-2.73,8.78,0.01,-0.00,0.00
-9626,3.00,-161,2.28,665,3,17562,09_42_37_19_05_2025,-3.73,-2.74,8.78,0.00,-0.00,0.00
-9676,3.01,-145,2.28,665,3,17586,09_42_37_19_05_2025,-3.72,-2.73,8.77,0.00,-0.00,0.00
-9602,3.00,-259,2.29,665,3,17614,09_42_37_19_05_2025,-3.74,-2.73,8.77,0.01,-0.00,-0.00
-9421,2.99,-36,2.28,665,3,17638,09_42_37_19_05_2025,-3.74,-2.74,8.79,0.01,-0.00,-0.00
-9541,3.00,55,2.27,665,3,17663,09_42_37_19_05_2025,-3.73,-2.72,8.78,0.00,-0.00,0.00
-9494,2.99,-179,2.29,665,3,17687,09_42_37_19_05_2025,-3.72,-2.74,8.77,0.01,-0.00,0.00
-9497,2.99,-161,2.28,665,3,17712,09_42_37_19_05_2025,-3.73,-2.73,8.79,0.01,-0.00,-0.00
-9670,3.01,-168,2.29,666,3,17736,09_42_37_19_05_2025,-3.72,-2.73,8.79,0.01,-0.00,-0.00
-9485,2.99,-223,2.29,665,3,17764,09_42_37_19_05_2025,-3.73,-2.74,8.78,0.00,-0.00,0.00
-9664,3.00,6,2.27,665,3,17788,09_42_37_19_05_2025,-3.84,-3.03,9.20,-0.02,0.01,-0.01
-9433,2.99,-72,2.28,665,3,17813,09_42_37_19_05_2025,-3.77,-2.86,8.96,-0.02,0.01,-0.01
-9719,3.01,-174,2.29,665,3,17838,09_42_37_19_05_2025,-3.76,-2.81,8.77,0.00,-0.00,-0.00
-9501,2.99,-56,2.28,665,3,17862,09_42_37_19_05_2025,-3.78,-2.82,8.69,0.00,0.00,-0.00
-9459,2.99,-141,2.28,664,3,17887,09_42_37_19_05_2025,-3.70,-2.68,8.70,0.01,-0.00,0.00
-9608,3.00,-9,2.27,665,3,17914,09_42_37_19_05_2025,-3.69,-2.66,8.84,0.01,-0.01,0.00
-9532,2.99,-231,2.29,665,3,17942,09_42_37_19_05_2025,-3.79,-2.80,8.96,-0.01,0.00,-0.01
-9865,3.02,-115,2.28,665,3,17966,09_42_38_19_05_2025,-3.74,-2.81,8.83,-0.00,0.00,-0.00
-9612,3.00,-306,2.30,665,3,17991,09_42_38_19_05_2025,-3.76,-2.76,8.74,0.00,0.00,-0.00
-9600,3.00,85,2.27,666,3,18015,09_42_38_19_05_2025,-3.76,-2.81,8.74,0.00,-0.00,-0.00
-9519,2.99,-227,2.29,666,3,18040,09_42_38_19_05_2025,-3.71,-2.71,8.75,0.01,-0.00,0.00
-9459,2.99,-181,2.29,665,3,18067,09_42_38_19_05_2025,-3.71,-2.68,8.83,0.01,-0.00,0.00
-9742,3.01,-177,2.29,665,3,18092,09_42_38_19_05_2025,-3.71,-2.72,8.84,0.01,-0.01,0.00
-9728,3.01,-327,2.30,665,3,18117,09_42_38_19_05_2025,-3.72,-2.71,8.80,0.01,-0.00,-0.00
-9492,2.99,28,2.27,665,3,18142,09_42_38_19_05_2025,-3.76,-2.76,8.76,0.00,-0.00,-0.00
-9618,3.00,139,2.26,665,3,18166,09_42_38_19_05_2025,-3.74,-2.74,8.76,0.01,-0.00,-0.00
-9510,2.99,-141,2.28,665,3,18191,09_42_38_19_05_2025,-3.72,-2.73,8.74,0.00,-0.00,-0.00
-9598,3.00,-348,2.30,665,3,18218,09_42_38_19_05_2025,-3.73,-2.73,8.79,0.01,-0.00,0.00
-9744,3.01,-199,2.29,665,3,18242,09_42_38_19_05_2025,-3.72,-2.72,8.79,0.01,-0.00,0.00
-9511,2.99,11,2.27,665,3,18267,09_42_38_19_05_2025,-3.74,-2.74,8.77,0.00,-0.00,-0.00
-9659,3.00,-62,2.28,665,3,18291,09_42_38_19_05_2025,-3.69,-2.92,9.08,0.01,-0.01,0.00
-9617,3.00,-163,2.29,665,3,18316,09_42_38_19_05_2025,-3.71,-2.65,8.73,0.01,-0.01,0.00
-9706,3.01,-130,2.28,665,3,18343,09_42_38_19_05_2025,-3.79,-2.75,8.76,0.01,-0.00,0.00
-9595,3.00,-130,2.28,665,3,18370,09_42_38_19_05_2025,-3.82,-2.84,8.72,0.00,0.00,-0.00
-9475,2.99,-156,2.28,665,3,18395,09_42_38_19_05_2025,-3.73,-2.75,8.70,0.01,-0.00,-0.00
-9876,3.02,-69,2.28,665,3,18419,09_42_38_19_05_2025,-3.70,-2.66,8.83,0.01,-0.01,0.00
-9615,3.00,-182,2.29,665,3,18444,09_42_38_19_05_2025,-3.72,-2.72,8.81,0.01,-0.01,0.00
-9740,3.01,-88,2.28,665,3,18469,09_42_38_19_05_2025,-3.70,-2.67,8.82,0.01,-0.01,0.00
-9581,3.00,-222,2.29,665,3,18496,09_42_38_19_05_2025,-3.75,-2.72,8.78,0.01,-0.00,-0.00
-9751,3.01,114,2.26,665,3,18521,09_42_38_19_05_2025,-3.74,-2.77,8.75,0.00,0.00,-0.00
-9586,3.00,-202,2.29,665,3,18545,09_42_38_19_05_2025,-3.74,-2.75,8.79,0.00,-0.00,-0.00
-9780,3.01,-216,2.29,664,3,18570,09_42_38_19_05_2025,-3.72,-2.75,8.75,0.00,-0.00,0.00
-9414,2.99,-39,2.28,665,3,18594,09_42_38_19_05_2025,-3.73,-2.74,8.77,0.00,-0.00,-0.00
-9679,3.01,-67,2.28,665,3,18619,09_42_38_19_05_2025,-3.73,-2.70,8.76,0.01,-0.00,0.00
-9571,3.00,-165,2.29,665,3,18646,09_42_38_19_05_2025,-3.71,-2.67,8.68,0.01,-0.00,0.00
-9463,2.99,-361,2.30,665,3,18671,09_42_38_19_05_2025,-3.75,-2.74,8.79,0.01,-0.00,0.00
-9674,3.01,-133,2.28,665,3,18695,09_42_38_19_05_2025,-3.71,-2.67,8.77,0.01,-0.01,0.00
-9555,3.00,-226,2.29,666,3,18720,09_42_38_19_05_2025,-3.72,-2.72,8.83,0.00,-0.00,-0.00
-9483,2.99,-260,2.29,665,3,18744,09_42_38_19_05_2025,-3.71,-2.77,8.79,0.01,-0.00,0.00
-9587,3.00,-261,2.29,666,3,18769,09_42_38_19_05_2025,-3.74,-2.73,8.77,0.00,-0.00,-0.00
-9722,3.01,-175,2.29,665,3,18796,09_42_38_19_05_2025,-3.75,-2.78,8.74,0.00,-0.00,-0.00
-9427,2.99,-196,2.29,666,3,18824,09_42_38_19_05_2025,-3.74,-2.75,8.76,0.00,-0.00,-0.00
-9701,3.01,-144,2.28,665,3,18849,09_42_38_19_05_2025,-3.72,-2.72,8.80,0.00,-0.00,0.00
-9481,2.99,-141,2.28,665,3,18874,09_42_38_19_05_2025,-3.73,-2.74,8.78,0.00,-0.00,0.00
-9554,3.00,-218,2.29,665,3,18899,09_42_38_19_05_2025,-3.72,-2.76,8.79,0.01,-0.00,-0.00
-9619,3.00,-139,2.28,665,3,18923,09_42_38_19_05_2025,-3.74,-2.74,8.78,0.00,-0.00,-0.00
-9648,3.00,49,2.27,666,3,18951,09_42_38_19_05_2025,-3.75,-2.76,8.76,0.00,-0.00,-0.00
-9492,2.99,-119,2.28,666,3,18975,09_42_39_19_05_2025,-3.74,-2.74,8.79,0.01,-0.00,-0.00
-9608,3.00,-201,2.29,665,3,19000,09_42_39_19_05_2025,-3.72,-2.72,8.78,0.00,-0.00,-0.00
-9563,3.00,-31,2.28,665,3,19025,09_42_39_19_05_2025,-3.73,-2.72,8.76,0.01,-0.00,-0.00
-9201,2.97,-157,2.28,665,3,19049,09_42_39_19_05_2025,-3.73,-2.73,8.80,0.00,-0.00,-0.00
-9429,2.99,-70,2.28,664,3,19074,09_42_39_19_05_2025,-3.73,-2.75,8.78,0.00,-0.00,-0.00
-9776,3.01,-7,2.27,665,3,19101,09_42_39_19_05_2025,-3.74,-2.74,8.77,0.00,-0.00,-0.00
-9653,3.00,-7,2.27,665,3,19126,09_42_39_19_05_2025,-3.73,-2.71,8.78,0.00,-0.00,-0.00
-9494,2.99,-255,2.29,665,3,19153,09_42_39_19_05_2025,-3.72,-2.73,8.79,0.01,-0.00,0.00
-9570,3.00,-184,2.29,665,3,19178,09_42_39_19_05_2025,-3.72,-2.74,8.78,0.01,-0.00,0.00
-9467,2.99,-163,2.29,665,3,19202,09_42_39_19_05_2025,-3.72,-2.72,8.79,0.00,-0.00,0.00
-9513,2.99,-80,2.28,666,3,19227,09_42_39_19_05_2025,-3.74,-2.73,8.77,0.00,-0.00,-0.00
-9549,3.00,-33,2.28,665,3,19254,09_42_39_19_05_2025,-3.73,-2.73,8.80,0.00,-0.00,-0.00
-9639,3.00,-257,2.29,665,3,19279,09_42_39_19_05_2025,-3.73,-2.74,8.77,0.00,-0.00,0.00
-9598,3.00,27,2.27,665,3,19303,09_42_39_19_05_2025,-3.72,-2.73,8.78,0.00,-0.00,0.00
-9559,3.00,-5,2.27,665,3,19327,09_42_39_19_05_2025,-3.74,-2.73,8.78,0.00,-0.00,0.00
-9647,3.00,-110,2.28,665,3,19352,09_42_39_19_05_2025,-3.74,-2.74,8.77,0.01,-0.00,-0.00
-9521,2.99,-255,2.29,666,3,19376,09_42_39_19_05_2025,-3.74,-2.75,8.77,0.01,-0.01,0.00
-9833,3.02,-78,2.28,665,3,19403,09_42_39_19_05_2025,-3.73,-2.73,8.78,0.01,-0.00,-0.00
-9709,3.01,-78,2.28,665,3,19428,09_42_39_19_05_2025,-3.72,-2.74,8.78,0.00,-0.00,-0.00
-9486,2.99,-50,2.28,665,3,19452,09_42_39_19_05_2025,-3.73,-2.73,8.79,0.00,-0.00,-0.00
-9554,3.00,-171,2.29,665,3,19477,09_42_39_19_05_2025,-3.74,-2.72,8.78,0.01,-0.00,-0.00
-9693,3.01,-203,2.29,665,3,19501,09_42_39_19_05_2025,-3.73,-2.73,8.76,0.01,-0.00,0.00
-9545,3.00,-266,2.29,665,3,19526,09_42_39_19_05_2025,-3.74,-2.73,8.77,0.01,-0.00,-0.00
-9676,3.01,-145,2.28,665,3,19553,09_42_39_19_05_2025,-3.74,-2.74,8.78,0.00,-0.00,-0.00
-9728,3.01,-85,2.28,665,3,19579,09_42_39_19_05_2025,-3.73,-2.73,8.78,0.00,-0.00,0.00
-9546,3.00,-137,2.28,665,3,19603,09_42_39_19_05_2025,-3.73,-2.72,8.77,0.01,-0.00,-0.00
-9700,3.01,-39,2.28,666,3,19628,09_42_39_19_05_2025,-3.72,-2.73,8.77,0.00,-0.00,-0.00
-9611,3.00,46,2.27,665,3,19653,09_42_39_19_05_2025,-3.74,-2.74,8.79,0.00,-0.00,0.00
-9418,2.99,-64,2.28,666,3,19680,09_42_39_19_05_2025,-3.74,-2.73,8.77,0.00,-0.00,-0.00
-9532,2.99,-137,2.28,666,3,19704,09_42_39_19_05_2025,-3.74,-2.74,8.78,0.00,-0.00,0.00
-9747,3.01,-47,2.28,665,3,19729,09_42_39_19_05_2025,-3.73,-2.73,8.78,0.00,-0.00,-0.00
-9681,3.01,-78,2.28,665,3,19756,09_42_39_19_05_2025,-3.73,-2.74,8.78,0.00,-0.00,0.00
-9548,3.00,-175,2.29,665,3,19781,09_42_39_19_05_2025,-3.73,-2.74,8.77,0.00,-0.00,0.00
-9586,3.00,-61,2.28,665,3,19806,09_42_39_19_05_2025,-3.72,-2.72,8.78,0.01,-0.00,-0.00
-9612,3.00,-182,2.29,665,3,19833,09_42_39_19_05_2025,-3.73,-2.73,8.79,0.00,-0.00,-0.00
-9805,3.02,-153,2.28,666,3,19858,09_42_39_19_05_2025,-3.74,-2.73,8.77,0.01,-0.00,-0.00
-9554,3.00,-181,2.29,664,3,19882,09_42_39_19_05_2025,-3.73,-2.74,8.78,0.01,-0.00,-0.00
-9452,2.99,-205,2.29,665,3,19907,09_42_39_19_05_2025,-3.73,-2.74,8.78,0.00,-0.00,0.00
-9587,3.00,-116,2.28,666,3,19931,09_42_39_19_05_2025,-3.74,-2.74,8.78,0.01,-0.01,-0.00
-9652,3.00,51,2.27,665,3,19956,09_42_39_19_05_2025,-3.74,-2.73,8.78,0.00,-0.00,-0.00
-9549,3.00,-120,2.28,665,3,19983,09_42_40_19_05_2025,-3.72,-2.74,8.79,0.00,-0.00,0.00
-9683,3.01,-53,2.28,665,3,20011,09_42_40_19_05_2025,-3.72,-2.74,8.77,0.00,-0.00,-0.00
-9590,3.00,-160,2.28,665,3,20035,09_42_40_19_05_2025,-3.73,-2.73,8.77,0.00,-0.00,-0.00
-9540,3.00,-70,2.28,666,3,20060,09_42_40_19_05_2025,-3.74,-2.74,8.78,0.00,-0.00,-0.00
-9606,3.00,-101,2.28,665,3,20085,09_42_40_19_05_2025,-3.73,-2.73,8.78,0.00,-0.00,-0.00
-9643,3.00,54,2.27,665,3,20109,09_42_40_19_05_2025,-3.73,-2.74,8.78,0.00,-0.00,0.00
-9779,3.01,6,2.27,665,3,20136,09_42_40_19_05_2025,-3.73,-2.74,8.78,0.00,-0.00,0.00
-9660,3.00,-55,2.28,665,3,20161,09_42_40_19_05_2025,-3.72,-2.73,8.78,0.00,-0.00,-0.00
-9638,3.00,-282,2.29,665,3,20186,09_42_40_19_05_2025,-3.72,-2.73,8.78,0.00,-0.00,-0.00
-9524,2.99,-195,2.29,665,3,20210,09_42_40_19_05_2025,-3.73,-2.73,8.79,0.01,-0.00,-0.00
-9615,3.00,-127,2.28,665,3,20235,09_42_40_19_05_2025,-3.73,-2.73,8.77,0.00,-0.00,0.00
-9821,3.02,-179,2.29,665,3,20259,09_42_40_19_05_2025,-3.73,-2.74,8.76,0.00,-0.00,-0.00
-9497,2.99,-310,2.30,665,3,20288,09_42_40_19_05_2025,-3.74,-2.74,8.79,0.00,-0.00,-0.00
-9748,3.01,-116,2.28,665,3,20313,09_42_40_19_05_2025,-3.73,-2.73,8.77,0.00,-0.00,-0.00
-9509,2.99,-185,2.29,665,3,20340,09_42_40_19_05_2025,-3.72,-2.74,8.78,0.01,-0.00,-0.00
-9515,2.99,-192,2.29,665,3,20365,09_42_40_19_05_2025,-3.74,-2.73,8.78,0.01,-0.00,0.00
-9637,3.00,-188,2.29,666,3,20390,09_42_40_19_05_2025,-3.74,-2.74,8.78,0.00,-0.00,-0.00
-9554,3.00,-311,2.30,665,3,20420,09_42_40_19_05_2025,-3.74,-2.75,8.79,0.00,-0.00,-0.00
-9649,3.00,-111,2.28,665,3,20566,09_42_40_19_05_2025,-3.72,-2.73,8.78,0.01,-0.00,0.00
-9667,3.01,-182,2.29,665,3,20591,09_42_40_19_05_2025,-3.72,-2.73,8.78,0.00,-0.00,-0.00
-9576,3.00,41,2.27,665,3,20615,09_42_40_19_05_2025,-3.74,-2.76,8.78,0.00,-0.00,-0.00
-9606,3.00,-8,2.27,665,3,20640,09_42_40_19_05_2025,-3.74,-2.73,8.78,0.01,-0.00,0.00
-9487,2.99,-285,2.29,665,3,20664,09_42_40_19_05_2025,-3.74,-2.76,8.77,0.00,-0.00,0.00
-9516,2.99,23,2.27,665,3,20689,09_42_40_19_05_2025,-3.73,-2.74,8.76,0.00,-0.01,0.00
-9489,2.99,-127,2.28,665,3,20723,09_42_40_19_05_2025,-3.75,-2.74,8.77,0.00,-0.00,-0.00
-9708,3.01,-173,2.29,665,3,20748,09_42_40_19_05_2025,-3.74,-2.75,8.76,0.00,-0.00,-0.00
-9717,3.01,-76,2.28,665,3,20773,09_42_40_19_05_2025,-3.74,-2.74,8.76,0.00,-0.00,-0.00
-9389,2.98,-306,2.30,665,3,20797,09_42_40_19_05_2025,-3.72,-2.74,8.78,0.00,-0.00,0.00
-9875,3.02,-311,2.30,665,3,20822,09_42_40_19_05_2025,-3.72,-2.73,8.77,0.01,-0.00,0.00
-9601,3.00,-222,2.29,665,3,20846,09_42_40_19_05_2025,-3.73,-2.72,8.78,0.01,-0.00,0.00
-9296,2.98,-312,2.30,665,3,20877,09_42_40_19_05_2025,-3.74,-2.74,8.77,0.01,-0.00,0.00
-9645,3.00,-76,2.28,665,3,20904,09_42_40_19_05_2025,-3.73,-2.73,8.77,0.00,-0.00,-0.00
-9479,2.99,-106,2.28,666,3,20929,09_42_40_19_05_2025,-3.73,-2.73,8.78,0.00,-0.00,-0.00
-9499,2.99,-55,2.28,665,3,20953,09_42_40_19_05_2025,-3.73,-2.73,8.78,0.01,-0.00,0.00
-9481,2.99,-65,2.28,665,3,20978,09_42_41_19_05_2025,-3.73,-2.73,8.77,0.00,-0.00,0.00
-9634,3.00,-41,2.28,665,3,21005,09_42_41_19_05_2025,-3.73,-2.74,8.77,0.01,-0.00,0.00
-9612,3.00,-300,2.30,665,3,21030,09_42_41_19_05_2025,-3.73,-2.74,8.78,0.00,-0.00,-0.00
-9418,2.99,-71,2.28,666,3,21054,09_42_41_19_05_2025,-3.73,-2.73,8.78,0.00,-0.00,-0.00
-9612,3.00,-1,2.27,665,3,21079,09_42_41_19_05_2025,-3.74,-2.73,8.77,0.00,-0.00,-0.00
-9525,2.99,85,2.27,665,3,21104,09_42_41_19_05_2025,-3.73,-2.75,8.77,0.00,-0.00,-0.00
-9462,2.99,-36,2.28,665,3,21128,09_42_41_19_05_2025,-3.72,-2.73,8.79,0.00,-0.00,-0.00
-9508,2.99,-87,2.28,665,3,21156,09_42_41_19_05_2025,-3.73,-2.74,8.77,0.00,-0.00,0.00
-9558,3.00,-216,2.29,665,3,21183,09_42_41_19_05_2025,-3.74,-2.74,8.78,0.00,-0.00,0.00
-9737,3.01,-187,2.29,665,3,21208,09_42_41_19_05_2025,-3.73,-2.74,8.81,0.01,-0.00,-0.00
-9607,3.00,-66,2.28,665,3,21232,09_42_41_19_05_2025,-3.73,-2.74,8.77,0.00,-0.00,-0.00
-9581,3.00,-228,2.29,665,3,21258,09_42_41_19_05_2025,-3.74,-2.74,8.79,0.01,-0.00,-0.00
-9673,3.01,-94,2.28,665,3,21283,09_42_41_19_05_2025,-3.73,-2.72,8.76,0.01,-0.00,-0.00
-9447,2.99,-203,2.29,665,3,21310,09_42_41_19_05_2025,-3.73,-2.74,8.77,0.00,-0.00,0.00
-9569,3.00,-44,2.28,665,3,21338,09_42_41_19_05_2025,-3.73,-2.74,8.78,0.01,-0.00,0.00
-9334,2.98,72,2.27,664,3,21362,09_42_41_19_05_2025,-3.73,-2.73,8.77,0.00,-0.00,-0.00
-9468,2.99,-130,2.28,665,3,21387,09_42_41_19_05_2025,-3.74,-2.74,8.78,0.00,-0.00,0.00
-9683,3.01,-215,2.29,665,3,21411,09_42_41_19_05_2025,-3.74,-2.72,8.77,0.01,-0.00,0.00
-9537,3.00,77,2.27,665,3,21436,09_42_41_19_05_2025,-3.73,-2.75,8.76,0.00,-0.00,-0.00
-9450,2.99,30,2.27,665,3,21463,09_42_41_19_05_2025,-3.73,-2.74,8.79,0.01,-0.00,0.00
-9433,2.99,-127,2.28,665,3,21488,09_42_41_19_05_2025,-3.74,-2.73,8.78,0.01,-0.00,-0.00
-9455,2.99,-247,2.29,666,3,21512,09_42_41_19_05_2025,-3.74,-2.75,8.77,0.00,-0.00,-0.00
-9734,3.01,-83,2.28,665,3,21537,09_42_41_19_05_2025,-3.73,-2.73,8.78,0.01,-0.00,0.00
-9724,3.01,-54,2.28,665,3,21561,09_42_41_19_05_2025,-3.73,-2.73,8.78,0.00,-0.00,-0.00
-9669,3.01,-33,2.28,666,3,21586,09_42_41_19_05_2025,-3.73,-2.74,8.76,0.00,-0.00,0.00
-9695,3.01,-40,2.28,665,3,21613,09_42_41_19_05_2025,-3.73,-2.74,8.78,0.01,-0.00,0.00
-9740,3.01,-160,2.28,665,3,21638,09_42_41_19_05_2025,-3.73,-2.74,8.78,0.00,-0.00,-0.00
-9653,3.00,-249,2.29,665,3,21662,09_42_41_19_05_2025,-3.72,-2.74,8.78,0.01,-0.00,0.00
-9606,3.00,-182,2.29,665,3,21687,09_42_41_19_05_2025,-3.73,-2.74,8.79,0.00,-0.00,-0.00
-9600,3.00,-73,2.28,665,3,21712,09_42_41_19_05_2025,-3.74,-2.74,8.78,0.00,-0.00,0.00
-9564,3.00,-270,2.29,665,3,21736,09_42_41_19_05_2025,-3.73,-2.73,8.78,0.00,-0.00,0.00
-9674,3.01,-111,2.28,665,3,21763,09_42_41_19_05_2025,-3.73,-2.74,8.78,0.01,-0.00,-0.00
-9428,2.99,-181,2.29,665,3,21791,09_42_41_19_05_2025,-3.73,-2.73,8.78,0.01,-0.00,-0.00
-9592,3.00,-118,2.28,665,3,21815,09_42_41_19_05_2025,-3.73,-2.72,8.77,0.01,-0.00,-0.00
-9595,3.00,135,2.26,665,3,21840,09_42_41_19_05_2025,-3.73,-2.75,8.79,0.01,-0.00,-0.00
-9610,3.00,1,2.27,664,3,21864,09_42_41_19_05_2025,-3.73,-2.73,8.77,0.00,-0.00,-0.00
-9702,3.01,-265,2.29,665,3,21889,09_42_41_19_05_2025,-3.73,-2.73,8.78,0.00,-0.00,-0.00
-9723,3.01,-182,2.29,665,3,21919,09_42_41_19_05_2025,-3.73,-2.73,8.78,0.00,-0.00,-0.00
-9550,3.00,38,2.27,665,3,21946,09_42_41_19_05_2025,-3.73,-2.73,8.78,0.01,-0.00,-0.00
-9604,3.00,-68,2.28,664,3,21971,09_42_42_19_05_2025,-3.73,-2.73,8.78,0.00,-0.00,0.00
-9611,3.00,67,2.27,665,3,21996,09_42_42_19_05_2025,-3.73,-2.74,8.77,0.00,-0.00,0.00
-9541,3.00,-370,2.30,665,3,22021,09_42_42_19_05_2025,-3.73,-2.73,8.78,0.00,-0.00,0.00
-9526,2.99,21,2.27,665,3,22045,09_42_42_19_05_2025,-3.74,-2.74,8.79,0.00,-0.00,0.00
-9393,2.98,-86,2.28,665,3,22072,09_42_42_19_05_2025,-3.73,-2.73,8.77,0.00,-0.00,-0.00
-9477,2.99,-212,2.29,664,3,22097,09_42_42_19_05_2025,-3.74,-2.73,8.78,0.00,-0.00,0.00
-9798,3.02,-251,2.29,665,3,22122,09_42_42_19_05_2025,-3.73,-2.73,8.78,0.00,-0.00,-0.00
-9577,3.00,-253,2.29,665,3,22146,09_42_42_19_05_2025,-3.74,-2.73,8.78,0.00,-0.00,-0.00
-9487,2.99,48,2.27,665,3,22171,09_42_42_19_05_2025,-3.73,-2.73,8.78,0.01,-0.00,-0.00
-9660,3.00,-43,2.28,665,3,22195,09_42_42_19_05_2025,-3.72,-2.74,8.78,0.00,-0.00,-0.00
-9533,2.99,-147,2.28,665,3,22223,09_42_42_19_05_2025,-3.73,-2.73,8.78,0.01,-0.00,0.00
-9761,3.01,-227,2.29,665,3,22250,09_42_42_19_05_2025,-3.74,-2.73,8.77,0.00,-0.00,-0.00
-9637,3.00,-238,2.29,665,3,22275,09_42_42_19_05_2025,-3.74,-2.74,8.77,0.00,-0.00,0.00
-9633,3.00,-66,2.28,666,3,22300,09_42_42_19_05_2025,-3.74,-2.73,8.79,0.01,-0.00,0.00
-9826,3.02,-196,2.29,665,3,22324,09_42_42_19_05_2025,-3.72,-2.74,8.78,0.00,-0.00,0.00
-9575,3.00,-120,2.28,665,3,22349,09_42_42_19_05_2025,-3.73,-2.74,8.79,0.00,-0.00,-0.00
-9718,3.01,-8,2.27,666,3,22371,09_42_42_19_05_2025,-3.74,-2.73,8.77,0.00,-0.00,-0.00
-9704,3.01,-283,2.29,665,3,22396,09_42_42_19_05_2025,-3.74,-2.74,8.77,0.00,-0.00,-0.00
-9737,3.01,-44,2.28,665,3,22420,09_42_42_19_05_2025,-3.73,-2.74,8.78,0.00,-0.00,-0.00
-9625,3.00,-88,2.28,665,3,22445,09_42_42_19_05_2025,-3.74,-2.73,8.78,0.01,-0.00,-0.00
-9479,2.99,-118,2.28,665,3,22470,09_42_42_19_05_2025,-3.73,-2.74,8.78,0.00,-0.00,-0.00
-9574,3.00,-19,2.27,665,3,22497,09_42_42_19_05_2025,-3.73,-2.74,8.77,0.00,-0.00,0.00
-9680,3.01,-216,2.29,665,3,22524,09_42_42_19_05_2025,-3.73,-2.73,8.78,0.00,-0.00,-0.00
-9651,3.00,-325,2.30,665,3,22549,09_42_42_19_05_2025,-3.73,-2.74,8.78,0.00,-0.00,0.00
-9409,2.99,-113,2.28,665,3,22574,09_42_42_19_05_2025,-3.74,-2.73,8.77,0.00,-0.00,-0.00
-9424,2.99,-112,2.28,665,3,22598,09_42_42_19_05_2025,-3.73,-2.73,8.78,0.00,-0.00,0.00
-9555,3.00,-105,2.28,665,3,22623,09_42_42_19_05_2025,-3.73,-2.74,8.78,0.00,-0.00,-0.00
-9609,3.00,-263,2.29,665,3,22650,09_42_42_19_05_2025,-3.73,-2.73,8.79,0.00,-0.00,0.00
-9423,2.99,-151,2.28,665,3,22675,09_42_42_19_05_2025,-3.74,-2.74,8.77,0.00,-0.00,-0.00
-9502,2.99,-128,2.28,665,3,22699,09_42_42_19_05_2025,-3.74,-2.73,8.77,0.00,-0.00,-0.00
-9811,3.02,-333,2.30,665,3,22725,09_42_42_19_05_2025,-3.74,-2.73,8.78,0.01,-0.00,0.00
-9468,2.99,-63,2.28,665,3,22750,09_42_42_19_05_2025,-3.73,-2.74,8.78,0.00,-0.00,0.00
-9645,3.00,-187,2.29,665,3,22774,09_42_42_19_05_2025,-3.73,-2.73,8.78,0.00,-0.00,0.00
-9548,3.00,-73,2.28,665,3,22802,09_42_42_19_05_2025,-3.74,-2.73,8.78,0.00,-0.00,-0.00
-9603,3.00,-121,2.28,665,3,22829,09_42_42_19_05_2025,-3.72,-2.74,8.76,0.00,-0.00,0.00
-9655,3.00,-159,2.28,665,3,22854,09_42_42_19_05_2025,-3.74,-2.74,8.79,0.00,-0.00,-0.00
-9544,3.00,-318,2.30,665,3,22878,09_42_42_19_05_2025,-3.74,-2.74,8.78,0.00,-0.00,-0.00
-9659,3.00,-281,2.29,665,3,22903,09_42_42_19_05_2025,-3.74,-2.74,8.77,0.00,-0.00,-0.00
-9700,3.01,-128,2.28,665,3,22928,09_42_42_19_05_2025,-3.74,-2.74,8.79,0.00,-0.00,0.00
-9522,2.99,-75,2.28,665,3,22955,09_42_42_19_05_2025,-3.73,-2.74,8.78,0.00,-0.00,0.00
-9649,3.00,-233,2.29,665,3,22979,09_42_43_19_05_2025,-3.74,-2.74,8.78,0.00,-0.00,0.00
-9653,3.00,-301,2.30,665,3,23004,09_42_43_19_05_2025,-3.74,-2.74,8.79,0.01,-0.00,0.00
-9692,3.01,-328,2.30,665,3,23028,09_42_43_19_05_2025,-3.72,-2.73,8.78,0.00,-0.00,-0.00
-9657,3.00,-142,2.28,666,3,23053,09_42_43_19_05_2025,-3.73,-2.74,8.78,0.00,-0.00,0.00
-9667,3.01,-244,2.29,665,3,23077,09_42_43_19_05_2025,-3.74,-2.73,8.78,0.01,-0.00,-0.00
-9633,3.00,-262,2.29,665,3,23104,09_42_43_19_05_2025,-3.74,-2.74,8.78,0.01,-0.00,-0.00
-9483,2.99,-302,2.30,665,3,23129,09_42_43_19_05_2025,-3.74,-2.74,8.78,0.01,-0.00,-0.00
-9708,3.01,-15,2.27,665,3,23153,09_42_43_19_05_2025,-3.73,-2.73,8.78,0.00,-0.00,-0.00
-9778,3.01,-103,2.28,665,3,23178,09_42_43_19_05_2025,-3.73,-2.74,8.78,0.00,-0.00,-0.00
-9430,2.99,-201,2.29,665,3,23202,09_42_43_19_05_2025,-3.73,-2.73,8.78,0.00,-0.00,0.00
-9491,2.99,-69,2.28,665,3,23227,09_42_43_19_05_2025,-3.74,-2.73,8.76,0.00,-0.00,-0.00
-9629,3.00,-144,2.28,665,3,23254,09_42_43_19_05_2025,-3.74,-2.74,8.76,0.01,-0.00,-0.00
-9530,2.99,-87,2.28,665,3,23279,09_42_43_19_05_2025,-3.74,-2.74,8.77,0.00,-0.00,0.00
-9604,3.00,-195,2.29,665,3,23303,09_42_43_19_05_2025,-3.73,-2.74,8.78,0.00,-0.00,-0.00
-9513,2.99,71,2.27,664,3,23328,09_42_43_19_05_2025,-3.73,-2.73,8.77,0.00,-0.00,-0.00
-9446,2.99,-264,2.29,665,3,23353,09_42_43_19_05_2025,-3.73,-2.72,8.78,0.01,-0.00,0.00
-9520,2.99,-231,2.29,665,3,23377,09_42_43_19_05_2025,-3.73,-2.74,8.76,0.01,-0.00,0.00
-9588,3.00,-137,2.28,665,3,23405,09_42_43_19_05_2025,-3.74,-2.73,8.78,0.01,-0.00,-0.00
-9644,3.00,-69,2.28,664,3,23432,09_42_43_19_05_2025,-3.72,-2.73,8.78,0.00,-0.00,0.00
-9595,3.00,-142,2.28,666,3,23458,09_42_43_19_05_2025,-3.72,-2.73,8.77,0.00,-0.00,-0.00
-9614,3.00,-117,2.28,665,3,23482,09_42_43_19_05_2025,-3.73,-2.74,8.78,0.00,-0.00,-0.00
-9619,3.00,-151,2.28,665,3,23507,09_42_43_19_05_2025,-3.74,-2.74,8.78,0.00,-0.00,-0.00
-9660,3.00,-119,2.28,664,3,23534,09_42_43_19_05_2025,-3.74,-2.73,8.77,0.01,-0.00,-0.00
-9500,2.99,-192,2.29,665,3,23562,09_42_43_19_05_2025,-3.74,-2.72,8.78,0.01,-0.00,-0.00
-9565,3.00,-138,2.28,665,3,23587,09_42_43_19_05_2025,-3.72,-2.73,8.77,0.00,-0.00,0.00
-9633,3.00,-242,2.29,665,3,23611,09_42_43_19_05_2025,-3.73,-2.74,8.79,0.00,-0.00,-0.00
-9613,3.00,-182,2.29,664,3,23636,09_42_43_19_05_2025,-3.73,-2.74,8.77,0.00,-0.00,-0.00
-9562,3.00,-162,2.29,665,3,23660,09_42_43_19_05_2025,-3.74,-2.74,8.77,0.01,-0.00,-0.00
-9622,3.00,-167,2.29,665,3,23688,09_42_43_19_05_2025,-3.73,-2.73,8.79,0.00,-0.00,0.00
-9607,3.00,-114,2.28,665,3,23712,09_42_43_19_05_2025,-3.73,-2.74,8.77,0.00,-0.00,-0.00
-9500,2.99,-230,2.29,666,3,23737,09_42_43_19_05_2025,-3.73,-2.74,8.77,0.00,-0.00,0.00
-9570,3.00,-363,2.30,664,3,23761,09_42_43_19_05_2025,-3.74,-2.73,8.78,0.00,-0.00,0.00
-9546,3.00,-104,2.28,665,3,23786,09_42_43_19_05_2025,-3.73,-2.73,8.76,0.00,-0.00,-0.00
-9675,3.01,-118,2.28,666,3,23811,09_42_43_19_05_2025,-3.73,-2.74,8.78,0.01,-0.00,-0.00
-9701,3.01,-213,2.29,665,3,23838,09_42_43_19_05_2025,-3.73,-2.74,8.79,0.01,-0.00,-0.00
-9639,3.00,-170,2.29,665,3,23863,09_42_43_19_05_2025,-3.72,-2.72,8.76,0.01,-0.00,-0.00
-9383,2.98,-182,2.29,665,3,23887,09_42_43_19_05_2025,-3.74,-2.73,8.77,0.00,-0.00,-0.00
-9537,3.00,-373,2.30,665,3,23912,09_42_43_19_05_2025,-3.73,-2.73,8.77,0.00,-0.00,-0.00
-9544,3.00,-176,2.29,664,3,23937,09_42_43_19_05_2025,-3.73,-2.74,8.78,0.00,-0.00,-0.00
-9581,3.00,-318,2.30,665,3,23961,09_42_43_19_05_2025,-3.74,-2.73,8.77,0.01,-0.00,-0.00
-9530,2.99,-261,2.29,665,3,23989,09_42_44_19_05_2025,-3.73,-2.74,8.78,0.00,-0.00,0.00
-9449,2.99,-24,2.27,665,3,24013,09_42_44_19_05_2025,-3.73,-2.73,8.79,0.00,-0.00,0.00
-9625,3.00,-201,2.29,665,3,24041,09_42_44_19_05_2025,-3.74,-2.73,8.77,0.01,-0.00,-0.00
-9472,2.99,-198,2.29,666,3,24065,09_42_44_19_05_2025,-3.73,-2.73,8.78,0.00,-0.00,-0.00
-9694,3.01,-201,2.29,665,3,24090,09_42_44_19_05_2025,-3.72,-2.74,8.78,0.01,-0.00,-0.00
-9657,3.00,63,2.27,665,3,24115,09_42_44_19_05_2025,-3.73,-2.73,8.79,0.01,-0.00,0.00
-9665,3.00,-144,2.28,665,3,24142,09_42_44_19_05_2025,-3.74,-2.74,8.77,0.00,-0.00,0.00
-9578,3.00,-133,2.28,665,3,24166,09_42_44_19_05_2025,-3.74,-2.73,8.77,0.01,-0.00,0.00
-9607,3.00,-79,2.28,665,3,24192,09_42_44_19_05_2025,-3.73,-2.73,8.78,0.00,-0.00,-0.00
-9577,3.00,-126,2.28,665,3,24216,09_42_44_19_05_2025,-3.72,-2.73,8.78,0.00,-0.00,-0.00
-9590,3.00,-73,2.28,665,3,24241,09_42_44_19_05_2025,-3.73,-2.74,8.78,0.00,-0.00,-0.00
-9859,3.02,141,2.26,666,3,24265,09_42_44_19_05_2025,-3.74,-2.73,8.78,0.01,-0.00,-0.00
-9683,3.01,-51,2.28,665,3,24292,09_42_44_19_05_2025,-3.73,-2.74,8.77,0.00,-0.00,0.00
-9482,2.99,-182,2.29,666,3,24320,09_42_44_19_05_2025,-3.73,-2.73,8.79,0.01,-0.00,-0.00
-9518,2.99,148,2.26,665,3,24344,09_42_44_19_05_2025,-3.72,-2.74,8.78,0.01,-0.00,-0.00
-9526,2.99,-122,2.28,665,3,24369,09_42_44_19_05_2025,-3.73,-2.73,8.78,0.01,-0.00,-0.00
-9463,2.99,-58,2.28,665,3,24393,09_42_44_19_05_2025,-3.74,-2.73,8.78,0.01,-0.00,-0.00
-9677,3.01,-45,2.28,665,3,24418,09_42_44_19_05_2025,-3.74,-2.74,8.77,0.01,-0.00,-0.00
-9763,3.01,-238,2.29,665,3,24445,09_42_44_19_05_2025,-3.74,-2.73,8.78,0.00,-0.00,-0.00
-9561,3.00,-17,2.27,665,3,24470,09_42_44_19_05_2025,-3.73,-2.73,8.77,0.01,-0.00,-0.00
-9591,3.00,-154,2.28,665,3,24494,09_42_44_19_05_2025,-3.73,-2.73,8.78,0.00,-0.00,-0.00
-9729,3.01,-166,2.29,665,3,24519,09_42_44_19_05_2025,-3.74,-2.74,8.78,0.01,-0.00,0.00
-9672,3.01,-158,2.28,665,3,24544,09_42_44_19_05_2025,-3.73,-2.73,8.77,0.01,-0.00,0.00
-9498,2.99,12,2.27,666,3,24571,09_42_44_19_05_2025,-3.72,-2.73,8.77,0.01,-0.00,0.00
-9356,2.98,-185,2.29,664,3,24595,09_42_44_19_05_2025,-3.73,-2.73,8.78,0.00,-0.00,0.00
-9588,3.00,-178,2.29,665,3,24620,09_42_44_19_05_2025,-3.72,-2.74,8.78,0.00,-0.00,-0.00
-9511,2.99,-226,2.29,665,3,24645,09_42_44_19_05_2025,-3.74,-2.73,8.78,0.00,-0.00,0.00
-9562,3.00,-182,2.29,665,3,24669,09_42_44_19_05_2025,-3.73,-2.73,8.77,0.01,-0.00,-0.00
-9612,3.00,91,2.27,665,3,24694,09_42_44_19_05_2025,-3.73,-2.74,8.77,0.00,-0.00,-0.00
-9612,3.00,-65,2.28,666,3,24721,09_42_44_19_05_2025,-3.74,-2.73,8.77,0.00,-0.00,0.00
-9468,2.99,-15,2.27,665,3,24749,09_42_44_19_05_2025,-3.73,-2.74,8.77,0.00,-0.00,-0.00
-9475,2.99,-176,2.29,665,3,24773,09_42_44_19_05_2025,-3.73,-2.73,8.78,0.00,-0.00,0.00
-9589,3.00,-174,2.29,665,3,24798,09_42_44_19_05_2025,-3.74,-2.73,8.77,0.00,-0.00,-0.00
-9470,2.99,34,2.27,665,3,24822,09_42_44_19_05_2025,-3.73,-2.74,8.79,0.00,-0.00,-0.00
-9597,3.00,-321,2.30,665,3,24847,09_42_44_19_05_2025,-3.74,-2.74,8.78,0.01,-0.00,-0.00
-9613,3.00,-40,2.28,665,3,24874,09_42_44_19_05_2025,-3.74,-2.73,8.76,0.00,-0.00,-0.00
-9750,3.01,-308,2.30,665,3,24899,09_42_44_19_05_2025,-3.74,-2.74,8.77,0.00,-0.00,-0.00
-9598,3.00,-171,2.29,666,3,24925,09_42_44_19_05_2025,-3.73,-2.73,8.79,0.01,-0.00,-0.00
-9591,3.00,-84,2.28,665,3,24949,09_42_44_19_05_2025,-3.73,-2.73,8.77,0.00,-0.00,-0.00
-9568,3.00,-84,2.28,664,3,24974,09_42_45_19_05_2025,-3.74,-2.74,8.77,0.00,-0.00,0.00
-9718,3.01,-61,2.28,665,3,24998,09_42_45_19_05_2025,-3.73,-2.73,8.78,0.01,-0.00,-0.00
-9591,3.00,-222,2.29,664,3,25026,09_42_45_19_05_2025,-3.74,-2.74,8.79,0.00,-0.00,0.00
-9514,2.99,-156,2.28,665,3,25053,09_42_45_19_05_2025,-3.73,-2.74,8.78,0.01,-0.00,-0.00
-9585,3.00,-75,2.28,665,3,25078,09_42_45_19_05_2025,-3.74,-2.73,8.78,0.01,-0.00,-0.00
-9556,3.00,-85,2.28,666,3,25102,09_42_45_19_05_2025,-3.73,-2.74,8.78,0.00,-0.00,-0.00
-9694,3.01,-141,2.28,665,3,25127,09_42_45_19_05_2025,-3.73,-2.73,8.78,0.01,-0.00,0.00
-9578,3.00,-25,2.27,665,3,25151,09_42_45_19_05_2025,-3.73,-2.74,8.78,0.01,-0.00,0.00
-9529,2.99,27,2.27,665,3,25179,09_42_45_19_05_2025,-3.73,-2.74,8.77,0.00,-0.00,-0.00
-9582,3.00,-244,2.29,665,3,25203,09_42_45_19_05_2025,-3.73,-2.73,8.79,0.01,-0.00,-0.00
-9502,2.99,14,2.27,665,3,25228,09_42_45_19_05_2025,-3.74,-2.74,8.77,0.00,-0.00,-0.00
-9578,3.00,-186,2.29,666,3,25253,09_42_45_19_05_2025,-3.73,-2.75,8.78,0.00,-0.00,0.00
-9691,3.01,-79,2.28,666,3,25277,09_42_45_19_05_2025,-3.73,-2.74,8.77,0.00,-0.00,0.00
-9664,3.00,-238,2.29,665,3,25302,09_42_45_19_05_2025,-3.74,-2.75,8.78,0.00,-0.00,0.00
-9446,2.99,-75,2.28,665,3,25329,09_42_45_19_05_2025,-3.73,-2.74,8.78,0.00,-0.00,-0.00
-9661,3.00,-137,2.28,666,3,25353,09_42_45_19_05_2025,-3.74,-2.73,8.77,0.00,-0.00,0.00
-9633,3.00,-275,2.29,664,3,25378,09_42_45_19_05_2025,-3.73,-2.74,8.78,0.00,-0.00,0.00
-9526,2.99,73,2.27,665,3,25402,09_42_45_19_05_2025,-3.73,-2.74,8.77,0.00,-0.00,-0.00
-9550,3.00,29,2.27,665,3,25427,09_42_45_19_05_2025,-3.74,-2.74,8.79,0.00,-0.00,0.00
-9704,3.01,-2,2.27,665,3,25451,09_42_45_19_05_2025,-3.74,-2.73,8.78,0.01,-0.00,-0.00
-9612,3.00,-192,2.29,665,3,25478,09_42_45_19_05_2025,-3.73,-2.73,8.78,0.00,-0.00,0.00
-9540,3.00,-258,2.29,665,3,25503,09_42_45_19_05_2025,-3.73,-2.74,8.78,0.00,-0.00,-0.00
-9487,2.99,-335,2.30,665,3,25527,09_42_45_19_05_2025,-3.73,-2.75,8.77,0.01,-0.00,-0.00
-9385,2.98,-67,2.28,665,3,25552,09_42_45_19_05_2025,-3.73,-2.74,8.77,0.00,-0.00,-0.00
-9596,3.00,-89,2.28,665,3,25576,09_42_45_19_05_2025,-3.73,-2.73,8.77,0.00,-0.00,-0.00
-9437,2.99,-238,2.29,665,3,25601,09_42_45_19_05_2025,-3.73,-2.74,8.78,0.00,-0.00,-0.00
-9664,3.00,-365,2.30,665,3,25628,09_42_45_19_05_2025,-3.73,-2.72,8.78,0.01,-0.00,-0.00
-9664,3.00,-40,2.28,665,3,25657,09_42_45_19_05_2025,-3.72,-2.74,8.77,0.00,-0.00,-0.00
-9516,2.99,-338,2.30,665,3,25681,09_42_45_19_05_2025,-3.74,-2.73,8.76,0.00,-0.00,-0.00
-9594,3.00,-134,2.28,665,3,25706,09_42_45_19_05_2025,-3.74,-2.73,8.78,0.01,-0.00,0.00
-9555,3.00,-113,2.28,665,3,25731,09_42_45_19_05_2025,-3.73,-2.74,8.77,0.00,-0.00,-0.00
-9588,3.00,-151,2.28,665,3,25758,09_42_45_19_05_2025,-3.73,-2.74,8.78,0.00,-0.00,0.00
-9513,2.99,-69,2.28,665,3,25785,09_42_45_19_05_2025,-3.73,-2.73,8.77,0.00,-0.00,0.00
-9646,3.00,-207,2.29,665,3,25810,09_42_45_19_05_2025,-3.74,-2.74,8.78,0.00,-0.00,-0.00
-9447,2.99,-52,2.28,665,3,25835,09_42_45_19_05_2025,-3.73,-2.73,8.78,0.00,-0.00,-0.00
-9499,2.99,-97,2.28,665,3,25859,09_42_45_19_05_2025,-3.73,-2.73,8.77,0.01,-0.00,-0.00
-9701,3.01,-113,2.28,665,3,25884,09_42_45_19_05_2025,-3.74,-2.74,8.78,0.00,-0.00,-0.00
-9533,2.99,-311,2.30,665,3,25911,09_42_45_19_05_2025,-3.73,-2.73,8.77,0.01,-0.00,-0.00
-9528,2.99,-176,2.29,666,3,25936,09_42_45_19_05_2025,-3.73,-2.74,8.77,0.00,-0.00,0.00
-9505,2.99,-547,2.31,666,3,25960,09_42_45_19_05_2025,-3.74,-2.73,8.77,0.00,-0.00,0.00
-9608,3.00,38,2.27,665,3,25985,09_42_46_19_05_2025,-3.73,-2.74,8.79,0.00,-0.00,-0.00
-9472,2.99,-139,2.28,665,3,26010,09_42_46_19_05_2025,-3.74,-2.74,8.77,0.01,-0.00,-0.00
-9690,3.01,-143,2.28,665,3,26034,09_42_46_19_05_2025,-3.73,-2.73,8.78,0.00,-0.00,-0.00
-9655,3.00,-112,2.28,665,3,26062,09_42_46_19_05_2025,-3.73,-2.74,8.78,0.00,-0.00,-0.00
-9345,2.98,-15,2.27,665,3,26086,09_42_46_19_05_2025,-3.73,-2.74,8.78,0.00,-0.00,-0.00
-9712,3.01,-152,2.28,665,3,26111,09_42_46_19_05_2025,-3.72,-2.73,8.79,0.01,-0.00,0.00
-9566,3.00,-155,2.28,665,3,26135,09_42_46_19_05_2025,-3.73,-2.73,8.77,0.00,-0.00,-0.00
-9556,3.00,-179,2.29,665,3,26160,09_42_46_19_05_2025,-3.74,-2.74,8.78,0.00,-0.00,-0.00
-9367,2.98,-47,2.28,665,3,26185,09_42_46_19_05_2025,-3.73,-2.73,8.77,0.00,-0.00,0.00
-9630,3.00,-77,2.28,665,3,26212,09_42_46_19_05_2025,-3.73,-2.73,8.77,0.00,-0.00,-0.00
-9555,3.00,-60,2.28,666,3,26240,09_42_46_19_05_2025,-3.73,-2.74,8.78,0.00,-0.00,-0.00
-9430,2.99,-244,2.29,665,3,26264,09_42_46_19_05_2025,-3.73,-2.74,8.77,0.00,-0.00,0.00
-9557,3.00,-114,2.28,666,3,26289,09_42_46_19_05_2025,-3.73,-2.74,8.79,0.01,-0.00,-0.00
-9507,2.99,-174,2.29,665,3,26313,09_42_46_19_05_2025,-3.73,-2.73,8.78,0.01,-0.00,-0.00
-9520,2.99,-125,2.28,665,3,26338,09_42_46_19_05_2025,-3.74,-2.73,8.77,0.00,-0.00,-0.00
-9482,2.99,-97,2.28,665,3,26366,09_42_46_19_05_2025,-3.73,-2.74,8.78,0.00,-0.00,-0.00
-9491,2.99,-85,2.28,666,3,26394,09_42_46_19_05_2025,-3.73,-2.73,8.78,0.00,-0.00,-0.00
-9456,2.99,-188,2.29,665,3,26419,09_42_46_19_05_2025,-3.73,-2.74,8.77,0.00,-0.00,-0.00
-9476,2.99,-171,2.29,665,3,26444,09_42_46_19_05_2025,-3.73,-2.73,8.77,0.00,-0.00,-0.00
-9602,3.00,-123,2.28,665,3,26468,09_42_46_19_05_2025,-3.73,-2.73,8.78,0.00,-0.00,-0.00
-9565,3.00,-58,2.28,665,3,26493,09_42_46_19_05_2025,-3.72,-2.74,8.78,0.01,-0.00,0.00
-9651,3.00,89,2.27,665,3,26520,09_42_46_19_05_2025,-3.74,-2.74,8.78,0.00,-0.00,-0.00
-9598,3.00,-241,2.29,665,3,26550,09_42_46_19_05_2025,-3.73,-2.74,8.78,0.00,-0.00,-0.00
-9588,3.00,-85,2.28,665,3,26694,09_42_46_19_05_2025,-3.74,-2.74,8.77,0.00,-0.00,-0.00
-9535,3.00,-78,2.28,665,3,26719,09_42_46_19_05_2025,-3.73,-2.75,8.78,0.01,-0.00,0.00
-9505,2.99,47,2.27,665,3,26743,09_42_46_19_05_2025,-3.74,-2.73,8.78,0.01,-0.00,-0.00
-9483,2.99,-181,2.29,665,3,26767,09_42_46_19_05_2025,-3.72,-2.74,8.77,0.00,-0.00,-0.00
-9616,3.00,-98,2.28,665,3,26795,09_42_46_19_05_2025,-3.74,-2.73,8.78,0.01,-0.00,-0.00
-9509,2.99,-68,2.28,665,3,26819,09_42_46_19_05_2025,-3.74,-2.73,8.78,0.00,-0.00,-0.00
-9602,3.00,-175,2.29,665,3,26844,09_42_46_19_05_2025,-3.73,-2.74,8.78,0.00,-0.00,-0.00
-9561,3.00,9,2.27,665,3,26869,09_42_46_19_05_2025,-3.72,-2.73,8.78,0.01,-0.00,-0.00
-9521,2.99,-25,2.27,665,3,26893,09_42_46_19_05_2025,-3.72,-2.74,8.77,0.00,-0.00,-0.00
-9501,2.99,-135,2.28,665,3,26918,09_42_46_19_05_2025,-3.73,-2.73,8.77,0.01,-0.00,0.00
-9736,3.01,-63,2.28,665,3,26945,09_42_46_19_05_2025,-3.74,-2.73,8.78,0.00,-0.00,-0.00
-9506,2.99,-20,2.27,665,3,26973,09_42_47_19_05_2025,-3.74,-2.74,8.76,0.00,-0.00,-0.00
-9502,2.99,-156,2.28,665,3,26997,09_42_47_19_05_2025,-3.74,-2.73,8.77,0.00,-0.00,-0.00
-9573,3.00,-62,2.28,665,3,27022,09_42_47_19_05_2025,-3.74,-2.74,8.78,0.00,-0.00,0.00
-9669,3.01,-45,2.28,665,3,27046,09_42_47_19_05_2025,-3.73,-2.74,8.76,0.00,-0.00,-0.00
-9630,3.00,-23,2.27,665,3,27074,09_42_47_19_05_2025,-3.73,-2.73,8.79,0.01,-0.00,0.00
-9690,3.01,-15,2.27,665,3,27098,09_42_47_19_05_2025,-3.73,-2.74,8.77,0.00,-0.00,-0.00
-9626,3.00,-222,2.29,665,3,27123,09_42_47_19_05_2025,-3.73,-2.74,8.76,0.00,-0.00,-0.00
-9644,3.00,-75,2.28,665,3,27148,09_42_47_19_05_2025,-3.74,-2.73,8.79,0.00,-0.00,-0.00
-9466,2.99,-149,2.28,665,3,27172,09_42_47_19_05_2025,-3.73,-2.74,8.78,0.00,-0.00,-0.00
-9588,3.00,-199,2.29,666,3,27197,09_42_47_19_05_2025,-3.73,-2.73,8.76,0.00,-0.00,0.00
-9628,3.00,-118,2.28,665,3,27224,09_42_47_19_05_2025,-3.73,-2.74,8.79,0.01,-0.00,0.00
-9475,2.99,-292,2.29,665,3,27252,09_42_47_19_05_2025,-3.73,-2.74,8.76,0.00,-0.00,-0.00
-9684,3.01,-159,2.28,665,3,27276,09_42_47_19_05_2025,-3.73,-2.74,8.79,0.01,-0.00,-0.00
-9512,2.99,-77,2.28,666,3,27301,09_42_47_19_05_2025,-3.72,-2.74,8.79,0.01,-0.00,-0.00
-9668,3.01,-47,2.28,665,3,27326,09_42_47_19_05_2025,-3.73,-2.74,8.77,0.00,-0.00,0.00
-9560,3.00,-287,2.29,665,3,27350,09_42_47_19_05_2025,-3.75,-2.73,8.79,0.01,-0.00,0.00
-9627,3.00,-75,2.28,666,3,27377,09_42_47_19_05_2025,-3.73,-2.74,8.77,0.01,-0.00,-0.00
-9537,3.00,-16,2.27,665,3,27402,09_42_47_19_05_2025,-3.73,-2.74,8.78,0.00,-0.00,-0.00
-9549,3.00,116,2.26,665,3,27428,09_42_47_19_05_2025,-3.74,-2.73,8.79,0.00,-0.00,-0.00
-9747,3.01,-187,2.29,665,3,27452,09_42_47_19_05_2025,-3.73,-2.73,8.76,0.00,-0.00,-0.00
-9634,3.00,68,2.27,665,3,27477,09_42_47_19_05_2025,-3.73,-2.74,8.78,0.01,-0.00,0.00
-9646,3.00,-47,2.28,665,3,27501,09_42_47_19_05_2025,-3.73,-2.73,8.78,0.01,-0.01,-0.00
-9666,3.01,-267,2.29,665,3,27529,09_42_47_19_05_2025,-3.73,-2.74,8.76,0.00,-0.00,0.00
-9662,3.00,75,2.27,665,3,27596,09_42_47_19_05_2025,-3.73,-2.74,8.77,0.01,-0.00,-0.00
-9589,3.00,19,2.27,665,3,27624,09_42_47_19_05_2025,-3.73,-2.73,8.77,0.01,-0.00,0.00
-9625,3.00,-280,2.29,665,3,27648,09_42_47_19_05_2025,-3.73,-2.73,8.77,0.00,-0.00,0.00
-9414,2.99,-244,2.29,666,3,27673,09_42_47_19_05_2025,-3.73,-2.74,8.76,0.00,-0.00,0.00
-9519,2.99,-78,2.28,665,3,27697,09_42_47_19_05_2025,-3.74,-2.73,8.78,0.01,-0.00,-0.00
-9495,2.99,-133,2.28,665,3,27725,09_42_47_19_05_2025,-3.74,-2.74,8.78,0.00,-0.00,-0.00
-9596,3.00,3,2.27,665,3,27749,09_42_47_19_05_2025,-3.73,-2.74,8.78,0.01,-0.01,0.00
