-9840,3.02,-792,2.33,555,1.79,4513,22_08_26_12_05_2025,-5.18,7.35,3.66,-0.12,-4.50,2.74
-10043,3.03,-754,2.33,554,1.79,4611,22_08_26_12_05_2025,-5.19,7.35,3.65,0.00,-0.00,-0.00
-10018,3.03,-526,2.31,554,1.79,4649,22_08_26_12_05_2025,-5.19,7.36,3.65,0.01,-0.00,0.00
-10127,3.04,-568,2.32,555,1.79,4688,22_08_26_12_05_2025,-5.19,7.36,3.66,0.00,-0.00,0.00
-10254,3.05,-369,2.30,554,1.79,4725,22_08_26_12_05_2025,-5.19,7.37,3.63,0.00,-0.00,-0.00
-10188,3.04,-381,2.30,555,1.79,4763,22_08_26_12_05_2025,-5.20,7.37,3.64,0.01,-0.00,0.00
-10050,3.03,-571,2.32,555,1.79,4804,22_08_26_12_05_2025,-5.19,7.36,3.67,0.00,-0.00,-0.00
-10083,3.04,-463,2.31,554,1.79,4842,22_08_26_12_05_2025,-5.18,7.35,3.65,0.01,-0.00,0.00
-10018,3.03,-286,2.29,554,1.79,4879,22_08_26_12_05_2025,-5.20,7.37,3.64,0.01,-0.00,0.00
-10082,3.04,-567,2.32,554,1.79,4917,22_08_26_12_05_2025,-5.18,7.35,3.66,0.01,-0.00,0.00
-10200,3.05,-430,2.31,555,1.79,4956,22_08_26_12_05_2025,-5.19,7.37,3.65,0.01,-0.00,-0.00
-10183,3.04,-365,2.30,555,1.79,4994,22_08_26_12_05_2025,-5.21,7.37,3.65,0.00,-0.00,0.00
-10010,3.03,-458,2.31,554,1.79,5036,22_08_27_12_05_2025,-5.19,7.36,3.66,0.00,-0.00,-0.00
-10009,3.03,-364,2.30,555,1.79,5078,22_08_27_12_05_2025,-5.20,7.37,3.63,0.01,-0.00,-0.00
-9850,3.02,-383,2.30,554,1.79,5117,22_08_27_12_05_2025,-5.19,7.36,3.62,0.01,-0.00,0.00
-10179,3.04,-216,2.29,554,1.79,5155,22_08_27_12_05_2025,-5.20,7.36,3.62,0.01,-0.00,0.00
-9912,3.02,-584,2.32,554,1.79,5193,22_08_27_12_05_2025,-5.20,7.37,3.67,0.00,-0.00,-0.00
-10043,3.03,-310,2.30,555,1.79,5231,22_08_27_12_05_2025,-5.19,7.33,3.69,0.00,-0.00,-0.00
-9974,3.03,-361,2.30,554,1.79,5272,22_08_27_12_05_2025,-5.17,7.36,3.65,0.01,-0.00,0.00
-9894,3.02,-472,2.31,554,1.79,5310,22_08_27_12_05_2025,-5.19,7.38,3.65,0.00,-0.00,-0.00
-10025,3.03,-563,2.32,554,1.79,5348,22_08_27_12_05_2025,-5.20,7.35,3.67,0.01,-0.00,-0.00
-9901,3.02,-385,2.30,553,1.78,5386,22_08_27_12_05_2025,-5.20,7.36,3.65,0.00,-0.00,-0.00
-9910,3.02,-411,2.30,555,1.79,5424,22_08_27_12_05_2025,-5.17,7.37,3.63,0.00,-0.00,-0.00
-9949,3.03,-292,2.29,554,1.79,5465,22_08_27_12_05_2025,-5.21,7.35,3.67,0.00,-0.00,-0.00
-10024,3.03,-488,2.31,554,1.79,5503,22_08_27_12_05_2025,-5.18,7.36,3.66,0.00,-0.00,0.00
-10057,3.03,-348,2.30,554,1.79,5540,22_08_27_12_05_2025,-5.20,7.38,3.63,0.00,-0.00,0.00
-10028,3.03,-391,2.30,554,1.79,5578,22_08_27_12_05_2025,-5.20,7.35,3.64,0.01,-0.00,-0.00
-10094,3.04,-272,2.29,555,1.79,5617,22_08_27_12_05_2025,-5.18,7.35,3.68,0.01,-0.00,0.00
-10094,3.04,-261,2.29,555,1.79,5655,22_08_27_12_05_2025,-5.19,7.35,3.62,0.01,-0.00,0.00
-10079,3.04,-254,2.29,554,1.79,5696,22_08_27_12_05_2025,-5.19,7.37,3.65,0.00,-0.00,-0.00
-9949,3.03,-385,2.30,555,1.79,5735,22_08_27_12_05_2025,-5.18,7.36,3.67,0.01,-0.00,-0.00
-10085,3.04,-367,2.30,554,1.79,5774,22_08_27_12_05_2025,-5.20,7.36,3.64,0.01,-0.00,-0.00
-10018,3.03,-419,2.30,554,1.79,5811,22_08_27_12_05_2025,-5.20,7.36,3.63,0.00,-0.00,-0.00
-9779,3.01,-364,2.30,554,1.79,5848,22_08_27_12_05_2025,-5.18,7.37,3.65,0.00,-0.00,0.00
-9903,3.02,-498,2.31,555,1.79,5886,22_08_27_12_05_2025,-5.19,7.35,3.68,0.01,-0.00,0.00
-10266,3.05,-452,2.31,554,1.79,5926,22_08_27_12_05_2025,-5.18,7.37,3.63,0.01,-0.00,0.00
-9910,3.02,-332,2.30,555,1.79,5964,22_08_27_12_05_2025,-5.18,7.37,3.65,0.00,-0.00,0.00
-10058,3.03,-282,2.29,554,1.79,6001,22_08_28_12_05_2025,-5.20,7.36,3.66,0.01,-0.00,-0.00
-10048,3.03,-374,2.30,554,1.79,6041,22_08_28_12_05_2025,-5.17,7.36,3.66,0.01,-0.00,0.00
-9984,3.03,-337,2.30,554,1.79,6079,22_08_28_12_05_2025,-5.19,7.37,3.65,0.00,-0.00,-0.00
-9902,3.02,-464,2.31,554,1.79,6118,22_08_28_12_05_2025,-5.19,7.37,3.64,0.00,-0.00,-0.00
-10064,3.04,-408,2.30,554,1.79,6159,22_08_28_12_05_2025,-5.18,7.37,3.66,0.00,-0.00,-0.00
-10010,3.03,-311,2.30,554,1.79,6197,22_08_28_12_05_2025,-5.20,7.37,3.64,0.00,-0.00,0.00
-10069,3.04,-476,2.31,555,1.79,6234,22_08_28_12_05_2025,-5.20,7.36,3.64,0.01,-0.00,-0.00
-9926,3.02,-321,2.30,554,1.79,6271,22_08_28_12_05_2025,-5.19,7.37,3.64,0.00,-0.00,-0.00
-10128,3.04,-429,2.31,554,1.79,6309,22_08_28_12_05_2025,-5.20,7.36,3.65,0.01,-0.00,0.00
-10064,3.04,-258,2.29,554,1.79,6349,22_08_28_12_05_2025,-5.18,7.36,3.68,0.01,-0.00,-0.00
-10111,3.04,-466,2.31,554,1.79,6387,22_08_28_12_05_2025,-5.19,7.35,3.65,0.01,-0.00,-0.00
-9858,3.02,-559,2.32,554,1.79,6425,22_08_28_12_05_2025,-5.19,7.37,3.64,0.00,-0.00,-0.00
-10016,3.03,-280,2.29,555,1.79,6464,22_08_28_12_05_2025,-5.19,7.36,3.67,0.00,-0.00,-0.00
-10022,3.03,-105,2.28,554,1.79,6501,22_08_28_12_05_2025,-5.19,7.37,3.66,0.00,-0.00,-0.00
-9972,3.03,-380,2.30,555,1.79,6539,22_08_28_12_05_2025,-5.19,7.36,3.63,0.01,-0.00,0.00
-9978,3.03,-198,2.29,554,1.79,6580,22_08_28_12_05_2025,-5.19,7.37,3.64,0.00,-0.00,-0.00
-10101,3.04,-352,2.30,554,1.79,6617,22_08_28_12_05_2025,-5.19,7.36,3.64,0.00,-0.00,0.00
-9889,3.02,-312,2.30,554,1.79,6655,22_08_28_12_05_2025,-5.18,7.36,3.64,0.01,-0.00,0.00
-9941,3.03,-505,2.31,554,1.79,6693,22_08_28_12_05_2025,-5.18,7.37,3.64,0.01,-0.00,-0.00
-10064,3.04,-582,2.32,554,1.79,6731,22_08_28_12_05_2025,-5.17,7.32,3.68,0.01,-0.00,0.00
-9922,3.02,-271,2.29,554,1.79,6769,22_08_28_12_05_2025,-5.21,7.34,3.64,0.01,-0.00,-0.00
-9902,3.02,-472,2.31,555,1.79,6809,22_08_28_12_05_2025,-5.21,7.41,3.64,0.00,-0.00,-0.00
-10048,3.03,-227,2.29,554,1.79,6848,22_08_28_12_05_2025,-5.15,7.36,3.68,0.01,-0.00,0.00
-10090,3.04,-283,2.29,555,1.79,6886,22_08_28_12_05_2025,-5.20,7.34,3.65,0.01,-0.00,0.00
-9799,3.02,-369,2.30,554,1.79,6924,22_08_28_12_05_2025,-5.24,7.39,3.60,0.00,-0.00,-0.00
-9842,3.02,-405,2.30,554,1.79,6962,22_08_28_12_05_2025,-5.20,7.36,3.65,0.01,-0.01,-0.00
-10197,3.05,-312,2.30,554,1.79,7000,22_08_28_12_05_2025,-5.17,7.35,3.67,0.01,-0.00,0.00
-10070,3.04,-468,2.31,554,1.79,7040,22_08_29_12_05_2025,-5.19,7.37,3.63,0.01,-0.00,0.00
-9923,3.02,-200,2.29,554,1.79,7077,22_08_29_12_05_2025,-5.20,7.37,3.65,0.01,-0.00,-0.00
-10048,3.03,-200,2.29,554,1.79,7115,22_08_29_12_05_2025,-5.20,7.34,3.66,0.00,-0.00,-0.00
-9919,3.02,-269,2.29,554,1.79,7153,22_08_29_12_05_2025,-5.16,7.37,3.66,0.01,-0.00,0.00
-10228,3.05,-317,2.30,555,1.79,7191,22_08_29_12_05_2025,-5.21,7.37,3.63,0.00,-0.00,-0.00
-10229,3.05,-350,2.30,554,1.79,7233,22_08_29_12_05_2025,-5.19,7.36,3.67,0.01,-0.00,0.00
-10189,3.04,-303,2.30,554,1.79,7274,22_08_29_12_05_2025,-5.20,7.36,3.67,0.00,-0.00,-0.00
-10017,3.03,-232,2.29,555,1.79,7311,22_08_29_12_05_2025,-5.19,7.38,3.61,0.01,-0.00,0.00
-10145,3.04,-243,2.29,554,1.79,7349,22_08_29_12_05_2025,-5.20,7.39,3.64,0.00,-0.00,0.00
-10145,3.04,-371,2.30,554,1.79,7388,22_08_29_12_05_2025,-5.19,7.35,3.64,0.01,-0.00,-0.00
-10154,3.04,-461,2.31,554,1.79,7426,22_08_29_12_05_2025,-5.20,7.36,3.67,0.01,-0.00,0.00
-10039,3.03,-444,2.31,554,1.79,7467,22_08_29_12_05_2025,-5.18,7.37,3.65,0.01,-0.00,-0.00
-10100,3.04,-356,2.30,555,1.79,7506,22_08_29_12_05_2025,-5.19,7.36,3.62,0.01,-0.00,0.00
-9958,3.03,-424,2.30,554,1.79,7544,22_08_29_12_05_2025,-5.20,7.36,3.67,0.00,-0.00,-0.00
-10059,3.03,-330,2.30,554,1.79,7581,22_08_29_12_05_2025,-5.18,7.35,3.68,0.01,-0.00,0.00
-10100,3.04,-255,2.29,555,1.79,7618,22_08_29_12_05_2025,-5.19,7.37,3.61,0.01,-0.00,-0.00
-9861,3.02,-436,2.31,554,1.79,7656,22_08_29_12_05_2025,-5.20,7.38,3.63,0.01,-0.00,-0.00
-10038,3.03,-312,2.30,554,1.79,7697,22_08_29_12_05_2025,-5.19,7.36,3.67,0.00,-0.00,-0.00
-10120,3.04,-358,2.30,554,1.79,7734,22_08_29_12_05_2025,-5.19,7.35,3.63,0.01,-0.00,0.00
-10191,3.04,-499,2.31,554,1.79,7772,22_08_29_12_05_2025,-5.20,7.37,3.61,0.00,-0.00,0.00
-9962,3.03,-421,2.30,554,1.79,7811,22_08_29_12_05_2025,-5.18,7.37,3.65,0.00,-0.00,-0.00
-10014,3.03,-448,2.31,554,1.79,7849,22_08_29_12_05_2025,-5.19,7.35,3.65,0.01,-0.00,-0.00
-10034,3.03,-288,2.29,554,1.79,7886,22_08_29_12_05_2025,-5.18,7.35,3.65,0.00,-0.00,0.00
-10266,3.05,-337,2.30,554,1.79,7927,22_08_29_12_05_2025,-5.18,7.37,3.65,0.00,-0.00,-0.00
-10140,3.04,-337,2.30,554,1.79,7964,22_08_29_12_05_2025,-5.19,7.38,3.63,0.01,-0.00,-0.00
-10083,3.04,-364,2.30,555,1.79,8001,22_08_30_12_05_2025,-5.18,7.37,3.65,0.00,-0.00,0.00
-9993,3.03,-309,2.30,554,1.79,8038,22_08_30_12_05_2025,-5.19,7.36,3.65,0.00,-0.00,-0.00
-10134,3.04,-105,2.28,555,1.79,8077,22_08_30_12_05_2025,-5.19,7.36,3.66,0.00,-0.00,0.00
-9995,3.03,-211,2.29,554,1.79,8117,22_08_30_12_05_2025,-5.21,7.36,3.65,0.01,-0.00,0.00
-9942,3.03,-453,2.31,554,1.79,8155,22_08_30_12_05_2025,-5.17,7.37,3.63,0.01,-0.00,-0.00
-10089,3.04,-250,2.29,555,1.79,8193,22_08_30_12_05_2025,-5.19,7.35,3.66,0.01,-0.00,-0.00
-9929,3.02,-167,2.29,555,1.79,8231,22_08_30_12_05_2025,-5.19,7.36,3.64,0.01,-0.00,-0.00
-9894,3.02,-355,2.30,555,1.79,8269,22_08_30_12_05_2025,-5.19,7.37,3.65,0.00,-0.00,-0.00
-10117,3.04,-380,2.30,554,1.79,8306,22_08_30_12_05_2025,-5.18,7.36,3.64,0.00,-0.00,-0.00
-10114,3.04,-405,2.30,554,1.79,8348,22_08_30_12_05_2025,-5.19,7.36,3.66,0.00,-0.00,-0.00
-10010,3.03,-267,2.29,555,1.79,8389,22_08_30_12_05_2025,-5.20,7.36,3.66,0.00,-0.00,0.00
-10073,3.04,-89,2.28,555,1.79,8426,22_08_30_12_05_2025,-5.18,7.37,3.64,0.01,-0.00,0.00
-10039,3.03,-507,2.31,554,1.79,8464,22_08_30_12_05_2025,-5.19,7.36,3.64,0.01,-0.00,-0.00
-9978,3.03,-350,2.30,554,1.79,8502,22_08_30_12_05_2025,-5.18,7.36,3.65,0.00,-0.00,0.00
-10045,3.03,-273,2.29,555,1.79,8540,22_08_30_12_05_2025,-5.19,7.37,3.67,0.00,-0.00,-0.00
-10149,3.04,-425,2.30,554,1.79,8581,22_08_30_12_05_2025,-5.19,7.37,3.65,0.00,-0.00,-0.00
-10128,3.04,-258,2.29,554,1.79,8619,22_08_30_12_05_2025,-5.17,7.36,3.66,0.01,-0.00,0.00
-9998,3.03,-255,2.29,554,1.79,8658,22_08_30_12_05_2025,-5.20,7.36,3.64,0.00,-0.00,-0.00
-10120,3.04,-280,2.29,554,1.79,8696,22_08_30_12_05_2025,-5.19,7.35,3.63,0.01,-0.01,-0.00
-9999,3.03,-381,2.30,555,1.79,8734,22_08_30_12_05_2025,-5.18,7.38,3.66,0.00,-0.00,0.00
-9934,3.03,-492,2.31,554,1.79,8773,22_08_30_12_05_2025,-5.17,7.36,3.64,0.01,-0.00,0.00
-9909,3.02,-359,2.30,554,1.79,8853,22_08_30_12_05_2025,-5.19,7.37,3.64,0.00,-0.00,-0.00
-10142,3.04,-347,2.30,554,1.79,8891,22_08_30_12_05_2025,-5.20,7.37,3.67,0.00,-0.00,-0.00
-9911,3.02,-251,2.29,554,1.79,8928,22_08_30_12_05_2025,-5.19,7.36,3.64,0.00,-0.00,-0.00
-9890,3.02,-438,2.31,554,1.79,8965,22_08_30_12_05_2025,-5.19,7.36,3.67,0.01,-0.00,0.00
-10336,3.06,-141,2.28,554,1.79,9004,22_08_31_12_05_2025,-5.18,7.37,3.63,0.00,-0.00,-0.00
-10126,3.04,-367,2.30,554,1.79,9044,22_08_31_12_05_2025,-5.21,7.36,3.63,0.00,-0.00,0.00
-10123,3.04,-367,2.30,555,1.79,9081,22_08_31_12_05_2025,-5.18,7.37,3.66,0.00,-0.00,-0.00
-9925,3.02,-499,2.31,554,1.79,9119,22_08_31_12_05_2025,-5.17,7.36,3.63,0.00,-0.00,-0.00
-10268,3.05,-254,2.29,554,1.79,9157,22_08_31_12_05_2025,-5.21,7.36,3.65,0.01,-0.00,-0.00
-10337,3.06,-333,2.30,554,1.79,9195,22_08_31_12_05_2025,-5.17,7.36,3.63,0.01,-0.00,0.00
-10014,3.03,-493,2.31,555,1.79,9233,22_08_31_12_05_2025,-5.18,7.36,3.65,0.01,-0.00,-0.00
-9870,3.02,-179,2.29,554,1.79,9273,22_08_31_12_05_2025,-5.20,7.34,3.66,0.00,-0.00,-0.00
-9980,3.03,-347,2.30,554,1.79,9311,22_08_31_12_05_2025,-5.17,7.38,3.65,0.01,-0.00,0.00
-10058,3.03,-100,2.28,555,1.79,9348,22_08_31_12_05_2025,-5.18,7.37,3.63,0.00,-0.00,-0.00
-9890,3.02,-348,2.30,554,1.79,9386,22_08_31_12_05_2025,-5.21,7.36,3.64,0.01,-0.00,-0.00
-9873,3.02,-319,2.30,554,1.79,9429,22_08_31_12_05_2025,-5.18,7.38,3.66,0.00,-0.00,-0.00
-10069,3.04,-299,2.30,554,1.79,9467,22_08_31_12_05_2025,-5.20,7.36,3.64,0.01,-0.00,-0.00
-10074,3.04,-112,2.28,554,1.79,9509,22_08_31_12_05_2025,-5.18,7.37,3.64,0.01,-0.00,0.00
-9950,3.03,-249,2.29,554,1.79,9550,22_08_31_12_05_2025,-5.17,7.37,3.66,0.01,-0.00,-0.00
-9943,3.03,-268,2.29,554,1.79,9588,22_08_31_12_05_2025,-5.20,7.34,3.64,0.00,-0.00,-0.00
-9844,3.02,-119,2.28,554,1.79,9626,22_08_31_12_05_2025,-5.19,7.37,3.64,0.00,-0.00,-0.00
-9912,3.02,-208,2.29,555,1.79,9664,22_08_31_12_05_2025,-5.19,7.37,3.64,0.00,-0.00,-0.00
-10029,3.03,-405,2.30,554,1.79,9703,22_08_31_12_05_2025,-5.20,7.35,3.65,0.00,-0.00,0.00
-10109,3.04,-282,2.29,554,1.79,9738,22_08_31_12_05_2025,-5.18,7.37,3.65,0.00,-0.00,0.00
-10109,3.04,-334,2.30,555,1.79,9774,22_08_31_12_05_2025,-5.18,7.37,3.64,0.01,-0.00,0.00
-10110,3.04,-410,2.30,554,1.79,9811,22_08_31_12_05_2025,-5.20,7.36,3.65,0.00,-0.00,-0.00
-9972,3.03,-304,2.30,554,1.79,9850,22_08_31_12_05_2025,-5.18,7.37,3.66,0.00,-0.00,-0.00
-9908,3.02,-151,2.28,555,1.79,9887,22_08_31_12_05_2025,-5.18,7.36,3.64,0.01,-0.00,-0.00
-10055,3.03,-204,2.29,554,1.79,9927,22_08_31_12_05_2025,-5.20,7.36,3.65,0.00,-0.00,-0.00
-9908,3.02,-331,2.30,554,1.79,9966,22_08_31_12_05_2025,-5.19,7.37,3.64,0.01,-0.00,0.00
-9862,3.02,-301,2.30,555,1.79,10004,22_08_32_12_05_2025,-5.19,7.37,3.64,0.00,-0.00,0.00
-9944,3.03,-244,2.29,554,1.79,10041,22_08_32_12_05_2025,-5.19,7.37,3.65,0.00,-0.00,0.00
-10069,3.04,-307,2.30,555,1.79,10078,22_08_32_12_05_2025,-5.18,7.37,3.65,0.01,-0.00,0.00
-9923,3.02,-234,2.29,555,1.79,10115,22_08_32_12_05_2025,-5.19,7.36,3.63,0.00,-0.00,-0.00
-10034,3.03,-308,2.30,554,1.79,10155,22_08_32_12_05_2025,-5.19,7.36,3.65,0.00,-0.00,-0.00
-9996,3.03,-282,2.29,555,1.79,10193,22_08_32_12_05_2025,-5.20,7.36,3.67,0.01,-0.00,-0.00
-10006,3.03,-198,2.29,554,1.79,10230,22_08_32_12_05_2025,-5.20,7.37,3.65,0.00,-0.00,-0.00
-10058,3.03,-326,2.30,555,1.79,10269,22_08_32_12_05_2025,-5.19,7.36,3.63,0.01,-0.00,-0.00
-10135,3.04,-165,2.29,555,1.79,10308,22_08_32_12_05_2025,-5.18,7.37,3.64,0.01,-0.00,0.00
-9899,3.02,-264,2.29,554,1.79,10345,22_08_32_12_05_2025,-5.19,7.36,3.66,0.01,-0.00,0.00
-9945,3.03,-288,2.29,554,1.79,10386,22_08_32_12_05_2025,-5.19,7.37,3.65,0.01,-0.00,-0.00
-9972,3.03,-237,2.29,555,1.79,10424,22_08_32_12_05_2025,-5.18,7.37,3.64,0.01,-0.00,-0.00
-10039,3.03,-321,2.30,554,1.79,10461,22_08_32_12_05_2025,-5.19,7.37,3.67,0.00,-0.00,-0.00
-9857,3.02,-236,2.29,554,1.79,10498,22_08_32_12_05_2025,-5.20,7.36,3.64,0.00,-0.00,-0.00
-9998,3.03,-254,2.29,555,1.79,10537,22_08_32_12_05_2025,-5.19,7.37,3.65,0.01,-0.00,-0.00
-9939,3.03,-205,2.29,554,1.79,10577,22_08_32_12_05_2025,-5.19,7.37,3.65,0.01,-0.00,-0.00
-10108,3.04,-190,2.29,554,1.79,10616,22_08_32_12_05_2025,-5.19,7.37,3.64,0.01,-0.00,-0.00
-9903,3.02,-62,2.28,554,1.79,10658,22_08_32_12_05_2025,-5.19,7.36,3.64,0.01,-0.00,0.00
-9999,3.03,-331,2.30,554,1.79,10695,22_08_32_12_05_2025,-5.19,7.36,3.65,0.01,-0.00,-0.00
-9987,3.03,-415,2.30,555,1.79,10733,22_08_32_12_05_2025,-5.19,7.37,3.64,0.00,-0.00,-0.00
-9948,3.03,-274,2.29,554,1.79,10771,22_08_32_12_05_2025,-5.20,7.36,3.64,0.01,-0.00,-0.00
-10138,3.04,-347,2.30,554,1.79,10812,22_08_32_12_05_2025,-5.19,7.36,3.64,0.00,-0.00,0.00
-10118,3.04,-509,2.31,554,1.79,10850,22_08_32_12_05_2025,-5.19,7.37,3.65,0.00,-0.00,-0.00
-9969,3.03,-313,2.30,554,1.79,10887,22_08_32_12_05_2025,-5.19,7.36,3.63,0.01,-0.00,0.00
-10082,3.04,-331,2.30,555,1.79,10925,22_08_32_12_05_2025,-5.19,7.36,3.65,0.00,-0.00,-0.00
-9816,3.02,-424,2.30,554,1.79,10963,22_08_32_12_05_2025,-5.19,7.37,3.66,0.01,-0.00,-0.00
-9942,3.03,-193,2.29,554,1.79,11001,22_08_33_12_05_2025,-5.19,7.37,3.64,0.01,-0.00,-0.00
-10019,3.03,-314,2.30,554,1.79,11041,22_08_33_12_05_2025,-5.18,7.37,3.64,0.00,-0.00,-0.00
-9967,3.03,-242,2.29,554,1.79,11080,22_08_33_12_05_2025,-5.19,7.37,3.63,0.00,-0.00,-0.00
-9936,3.03,-227,2.29,555,1.79,11118,22_08_33_12_05_2025,-5.20,7.37,3.64,0.00,-0.00,-0.00
-10047,3.03,-257,2.29,555,1.79,11155,22_08_33_12_05_2025,-5.18,7.36,3.66,0.00,-0.00,-0.00
-10083,3.04,-315,2.30,555,1.79,11194,22_08_33_12_05_2025,-5.18,7.37,3.65,0.00,-0.00,-0.00
-9965,3.03,-242,2.29,554,1.79,11236,22_08_33_12_05_2025,-5.19,7.36,3.64,0.00,-0.00,-0.00
-10139,3.04,-160,2.28,554,1.79,11274,22_08_33_12_05_2025,-5.19,7.36,3.66,0.01,-0.00,0.00
-10237,3.05,-391,2.30,554,1.79,11311,22_08_33_12_05_2025,-5.19,7.37,3.63,0.00,-0.00,0.00
-9896,3.02,-442,2.31,555,1.79,11349,22_08_33_12_05_2025,-5.19,7.37,3.65,0.00,-0.00,0.00
-9750,3.01,-139,2.28,554,1.79,11386,22_08_33_12_05_2025,-5.19,7.37,3.64,0.00,-0.00,0.00
-9987,3.03,-228,2.29,555,1.79,11424,22_08_33_12_05_2025,-5.19,7.36,3.65,0.01,-0.00,0.00
-10075,3.04,-177,2.29,554,1.79,11465,22_08_33_12_05_2025,-5.19,7.35,3.64,0.01,-0.00,0.00
-10137,3.04,-354,2.30,554,1.79,11503,22_08_33_12_05_2025,-5.18,7.36,3.64,0.00,-0.00,-0.00
-10065,3.04,-207,2.29,554,1.79,11541,22_08_33_12_05_2025,-5.19,7.37,3.65,0.00,-0.00,0.00
-10142,3.04,-93,2.28,554,1.79,11578,22_08_33_12_05_2025,-5.18,7.37,3.65,0.01,-0.00,0.00
-9952,3.03,-142,2.28,555,1.79,11617,22_08_33_12_05_2025,-5.19,7.37,3.64,0.01,-0.00,-0.00
-9933,3.03,-469,2.31,554,1.79,11655,22_08_33_12_05_2025,-5.19,7.37,3.64,0.00,-0.00,-0.00
-9892,3.02,-344,2.30,555,1.79,11695,22_08_33_12_05_2025,-5.18,7.36,3.63,0.00,-0.00,0.00
-10067,3.04,-375,2.30,555,1.79,11736,22_08_33_12_05_2025,-5.19,7.37,3.66,0.00,-0.00,0.00
-10014,3.03,-77,2.28,555,1.79,11778,22_08_33_12_05_2025,-5.18,7.36,3.64,0.01,-0.00,0.00
-9890,3.02,-281,2.29,554,1.79,11816,22_08_33_12_05_2025,-5.18,7.36,3.65,0.01,-0.00,-0.00
-9781,3.01,-299,2.30,554,1.79,11854,22_08_33_12_05_2025,-5.20,7.36,3.65,0.00,-0.00,-0.00
-10125,3.04,-311,2.30,555,1.79,11894,22_08_33_12_05_2025,-5.18,7.36,3.64,0.00,-0.00,-0.00
-9908,3.02,-311,2.30,555,1.79,11931,22_08_33_12_05_2025,-5.19,7.38,3.63,0.01,-0.00,-0.00
-10029,3.03,-346,2.30,554,1.79,11969,22_08_33_12_05_2025,-5.19,7.37,3.65,0.00,-0.00,0.00
-10199,3.05,-366,2.30,554,1.79,12007,22_08_34_12_05_2025,-5.17,7.37,3.65,0.01,-0.00,0.00
-10126,3.04,-148,2.28,554,1.79,12046,22_08_34_12_05_2025,-5.19,7.37,3.64,0.01,-0.00,0.00
-9867,3.02,-251,2.29,555,1.79,12083,22_08_34_12_05_2025,-5.20,7.36,3.65,0.00,-0.00,-0.00
-10164,3.04,0,2.27,555,1.79,12125,22_08_34_12_05_2025,-5.19,7.36,3.64,0.01,-0.00,-0.00
-10090,3.04,-225,2.29,554,1.79,12164,22_08_34_12_05_2025,-5.19,7.37,3.64,0.01,-0.00,-0.00
-10243,3.05,-261,2.29,555,1.79,12202,22_08_34_12_05_2025,-5.18,7.36,3.64,0.00,-0.00,0.00
-10012,3.03,-331,2.30,554,1.79,12239,22_08_34_12_05_2025,-5.19,7.36,3.65,0.01,-0.00,-0.00
-9968,3.03,-269,2.29,554,1.79,12278,22_08_34_12_05_2025,-5.19,7.37,3.64,0.00,-0.00,-0.00
-9841,3.02,-411,2.30,555,1.79,12316,22_08_34_12_05_2025,-5.18,7.36,3.66,0.00,-0.00,0.00
-10106,3.04,-395,2.30,554,1.79,12356,22_08_34_12_05_2025,-5.19,7.37,3.65,0.00,-0.00,-0.00
-9901,3.02,-364,2.30,554,1.79,12395,22_08_34_12_05_2025,-5.19,7.35,3.64,0.00,-0.00,-0.00
-10025,3.03,-303,2.30,555,1.79,12432,22_08_34_12_05_2025,-5.19,7.36,3.65,0.00,-0.00,-0.00
-9985,3.03,-332,2.30,555,1.79,12470,22_08_34_12_05_2025,-5.19,7.36,3.65,0.00,-0.00,-0.00
-10124,3.04,-152,2.28,554,1.79,12508,22_08_34_12_05_2025,-5.18,7.36,3.65,0.01,-0.00,0.00
-10002,3.03,-290,2.29,554,1.79,12546,22_08_34_12_05_2025,-5.19,7.37,3.64,0.00,-0.00,-0.00
-10012,3.03,-336,2.30,554,1.79,12587,22_08_34_12_05_2025,-5.18,7.37,3.66,0.01,-0.00,-0.00
-10364,3.06,-89,2.28,555,1.79,12625,22_08_34_12_05_2025,-5.19,7.36,3.64,0.01,-0.00,-0.00
-10034,3.03,-283,2.29,555,1.79,12663,22_08_34_12_05_2025,-5.20,7.36,3.65,0.00,-0.00,-0.00
-10031,3.03,-207,2.29,554,1.79,12701,22_08_34_12_05_2025,-5.18,7.37,3.65,0.01,-0.00,0.00
-9960,3.03,-320,2.30,554,1.79,12738,22_08_34_12_05_2025,-5.19,7.36,3.63,0.00,-0.00,0.00
-9958,3.03,-286,2.29,555,1.79,12779,22_08_34_12_05_2025,-5.19,7.36,3.65,0.01,-0.00,-0.00
-9996,3.03,-314,2.30,554,1.79,12818,22_08_34_12_05_2025,-5.18,7.36,3.65,0.00,-0.00,0.00
-9993,3.03,-195,2.29,554,1.79,12859,22_08_34_12_05_2025,-5.19,7.36,3.64,0.00,-0.00,-0.00
-10124,3.04,-205,2.29,554,1.79,12897,22_08_34_12_05_2025,-5.19,7.37,3.65,0.01,-0.00,-0.00
-9971,3.03,-68,2.28,554,1.79,12935,22_08_34_12_05_2025,-5.19,7.36,3.64,0.01,-0.00,-0.00
-10008,3.03,-485,2.31,554,1.79,12973,22_08_34_12_05_2025,-5.20,7.37,3.64,0.00,-0.00,-0.00
-10040,3.03,-226,2.29,554,1.79,13014,22_08_35_12_05_2025,-5.18,7.37,3.64,0.00,-0.00,0.00
-10061,3.03,-281,2.29,554,1.79,13051,22_08_35_12_05_2025,-5.19,7.37,3.65,0.01,-0.00,0.00
-10074,3.04,-195,2.29,554,1.79,13090,22_08_35_12_05_2025,-5.19,7.36,3.66,0.01,-0.00,0.00
-10113,3.04,-209,2.29,554,1.79,13128,22_08_35_12_05_2025,-5.19,7.37,3.66,0.00,-0.00,0.00
-9905,3.02,-66,2.28,554,1.79,13165,22_08_35_12_05_2025,-5.19,7.36,3.64,0.01,-0.00,0.00
-2,2.27,-246,2.29,554,1.79,13204,22_08_35_12_05_2025,-5.19,7.37,3.64,0.01,-0.00,-0.00
-10099,3.04,-210,2.29,554,1.79,13244,22_08_35_12_05_2025,-5.19,7.36,3.65,0.01,-0.00,-0.00
-10204,3.05,-231,2.29,554,1.79,13281,22_08_35_12_05_2025,-5.19,7.37,3.64,0.00,-0.00,0.00
-10033,3.03,-310,2.30,554,1.79,13319,22_08_35_12_05_2025,-5.18,7.37,3.64,0.00,-0.00,0.00
-9897,3.02,-225,2.29,554,1.79,13357,22_08_35_12_05_2025,-5.19,7.37,3.65,0.01,-0.00,-0.00
-10126,3.04,-206,2.29,554,1.79,13395,22_08_35_12_05_2025,-5.19,7.36,3.65,0.00,-0.00,-0.00
-9830,3.02,-158,2.28,554,1.79,13435,22_08_35_12_05_2025,-5.19,7.37,3.65,0.00,-0.00,-0.00
-10178,3.04,-364,2.30,554,1.79,13473,22_08_35_12_05_2025,-5.19,7.37,3.64,0.01,-0.00,0.00
-9997,3.03,-344,2.30,555,1.79,13512,22_08_35_12_05_2025,-5.19,7.36,3.63,0.01,-0.00,-0.00
-10067,3.04,-269,2.29,555,1.79,13549,22_08_35_12_05_2025,-5.18,7.36,3.65,0.00,-0.00,-0.00
-9915,3.02,-172,2.29,554,1.79,13587,22_08_35_12_05_2025,-5.19,7.37,3.64,0.00,-0.00,-0.00
-10015,3.03,-231,2.29,554,1.79,13625,22_08_35_12_05_2025,-5.18,7.36,3.66,0.01,-0.00,0.00
-10104,3.04,-472,2.31,554,1.79,13666,22_08_35_12_05_2025,-5.19,7.35,3.66,0.01,-0.00,0.00
-10150,3.04,-420,2.30,554,1.79,13703,22_08_35_12_05_2025,-5.19,7.37,3.65,0.01,-0.00,-0.00
-10015,3.03,-271,2.29,554,1.79,13741,22_08_35_12_05_2025,-5.18,7.37,3.64,0.01,-0.00,-0.00
-10031,3.03,-197,2.29,554,1.79,13779,22_08_35_12_05_2025,-5.20,7.36,3.65,0.00,-0.00,0.00
-10065,3.04,-197,2.29,554,1.79,13818,22_08_35_12_05_2025,-5.19,7.36,3.66,0.00,-0.00,0.00
-10084,3.04,-339,2.30,554,1.79,13855,22_08_35_12_05_2025,-5.17,7.37,3.65,0.01,-0.00,-0.00
-10124,3.04,-495,2.31,555,1.79,13897,22_08_35_12_05_2025,-5.19,7.37,3.65,0.00,-0.00,-0.00
-10057,3.03,-288,2.29,554,1.79,13937,22_08_35_12_05_2025,-5.19,7.37,3.65,0.01,-0.00,-0.00
-9987,3.03,-283,2.29,555,1.79,13978,22_08_35_12_05_2025,-5.19,7.36,3.65,0.01,-0.00,-0.00
-10000,3.03,-408,2.30,555,1.79,14017,22_08_36_12_05_2025,-5.20,7.37,3.65,0.00,-0.00,-0.00
-10045,3.03,-351,2.30,555,1.79,14055,22_08_36_12_05_2025,-5.18,7.36,3.64,0.01,-0.00,0.00
-9910,3.02,-441,2.31,555,1.79,14095,22_08_36_12_05_2025,-5.19,7.37,3.63,0.01,-0.00,-0.00
-9864,3.02,-437,2.31,554,1.79,14134,22_08_36_12_05_2025,-5.18,7.36,3.64,0.01,-0.00,-0.00
-9866,3.02,-182,2.29,555,1.79,14172,22_08_36_12_05_2025,-5.17,7.37,3.66,0.01,-0.00,0.00
-10179,3.04,-145,2.28,554,1.79,14209,22_08_36_12_05_2025,-5.20,7.35,3.66,0.00,-0.00,-0.00
-10155,3.04,-429,2.31,554,1.79,14247,22_08_36_12_05_2025,-5.18,7.37,3.62,0.01,-0.00,0.00
-10193,3.04,-304,2.30,554,1.79,14285,22_08_36_12_05_2025,-5.17,7.37,3.63,0.01,-0.01,-0.00
-9758,3.01,-331,2.30,554,1.79,14326,22_08_36_12_05_2025,-5.18,7.37,3.66,0.01,-0.00,0.00
-10009,3.03,-285,2.29,554,1.79,14363,22_08_36_12_05_2025,-5.17,7.36,3.66,0.01,-0.00,-0.00
-10007,3.03,-327,2.30,554,1.79,14401,22_08_36_12_05_2025,-5.21,7.36,3.62,0.00,-0.00,-0.00
-9902,3.02,-279,2.29,554,1.79,14439,22_08_36_12_05_2025,-5.18,7.37,3.63,0.01,-0.00,0.00
-9924,3.02,-115,2.28,554,1.79,14478,22_08_36_12_05_2025,-5.20,7.36,3.63,0.00,-0.00,-0.00
-10263,3.05,-383,2.30,554,1.79,14516,22_08_36_12_05_2025,-5.19,7.36,3.63,0.01,-0.00,0.00
-10170,3.04,-56,2.28,555,1.79,14557,22_08_36_12_05_2025,-5.17,7.37,3.66,0.00,-0.00,-0.00
-10132,3.04,-138,2.28,554,1.79,14595,22_08_36_12_05_2025,-5.19,7.37,3.64,0.01,-0.00,-0.00
-9940,3.03,-403,2.30,555,1.79,14632,22_08_36_12_05_2025,-5.19,7.37,3.65,0.01,-0.00,0.00
-10072,3.04,-193,2.29,554,1.79,14670,22_08_36_12_05_2025,-5.16,7.41,3.62,0.00,-0.00,0.00
-9787,3.01,-143,2.28,554,1.79,14708,22_08_36_12_05_2025,-5.23,7.31,3.66,0.00,-0.00,-0.00
-10003,3.03,-302,2.30,554,1.79,14748,22_08_36_12_05_2025,-5.14,7.36,3.65,0.01,-0.00,0.00
-10004,3.03,-542,2.31,555,1.79,14786,22_08_36_12_05_2025,-5.20,7.41,3.61,0.00,-0.00,-0.00
-10098,3.04,-349,2.30,555,1.79,14824,22_08_36_12_05_2025,-5.20,7.33,3.63,0.01,-0.00,0.00
-10097,3.04,-129,2.28,555,1.79,14863,22_08_36_12_05_2025,-5.18,7.37,3.69,0.01,-0.00,0.00
-9986,3.03,-38,2.28,555,1.79,14901,22_08_36_12_05_2025,-5.19,7.37,3.64,0.00,-0.00,-0.00
-9796,3.01,-221,2.29,555,1.79,14939,22_08_36_12_05_2025,-5.21,7.36,3.62,0.01,-0.00,0.00
-9748,3.01,-280,2.29,555,1.79,14980,22_08_36_12_05_2025,-5.16,7.37,3.66,0.01,-0.00,0.00
-10099,3.04,-327,2.30,555,1.79,15019,22_08_37_12_05_2025,-5.20,7.35,3.67,0.00,-0.00,-0.00
-10035,3.03,-310,2.30,554,1.79,15057,22_08_37_12_05_2025,-5.17,7.37,3.60,0.01,-0.00,0.00
-10114,3.04,-68,2.28,554,1.79,15099,22_08_37_12_05_2025,-5.18,7.37,3.66,0.00,-0.00,-0.00
-9995,3.03,-285,2.29,555,1.79,15137,22_08_37_12_05_2025,-5.20,7.34,3.65,0.00,-0.00,0.00
-10041,3.03,-412,2.30,555,1.79,15174,22_08_37_12_05_2025,-5.18,7.37,3.65,0.00,-0.00,0.00
-9957,3.03,-289,2.29,554,1.79,15214,22_08_37_12_05_2025,-5.18,7.38,3.62,0.01,-0.00,0.00
-10001,3.03,-181,2.29,554,1.79,15252,22_08_37_12_05_2025,-5.22,7.37,3.61,0.01,-0.00,0.00
-10060,3.03,-317,2.30,554,1.79,15290,22_08_37_12_05_2025,-5.19,7.35,3.72,0.01,-0.00,0.00
-9948,3.03,-286,2.29,555,1.79,15327,22_08_37_12_05_2025,-5.15,7.35,3.68,0.01,-0.00,0.00
-10180,3.04,-367,2.30,555,1.79,15366,22_08_37_12_05_2025,-5.20,7.32,3.55,0.01,-0.00,0.00
-10042,3.03,-188,2.29,555,1.79,15406,22_08_37_12_05_2025,-5.19,7.38,3.59,0.00,-0.00,-0.00
-10147,3.04,-392,2.30,554,1.79,15444,22_08_37_12_05_2025,-5.17,7.36,3.66,0.01,-0.01,0.00
-9986,3.03,-357,2.30,554,1.79,15482,22_08_37_12_05_2025,-5.17,7.37,3.68,0.00,-0.00,-0.00
-10128,3.04,-297,2.30,555,1.79,15520,22_08_37_12_05_2025,-5.19,7.35,3.64,0.01,-0.00,0.00
-10036,3.03,-282,2.29,554,1.79,15558,22_08_37_12_05_2025,-5.19,7.40,3.60,0.00,-0.00,-0.00
-10113,3.04,-327,2.30,554,1.79,15595,22_08_37_12_05_2025,-5.16,7.37,3.64,0.01,-0.00,-0.00
-10075,3.04,-343,2.30,554,1.79,15636,22_08_37_12_05_2025,-5.21,7.34,3.66,0.01,-0.00,-0.00
-10150,3.04,-38,2.28,555,1.79,15674,22_08_37_12_05_2025,-5.18,7.37,3.63,0.00,-0.00,0.00
-9848,3.02,-287,2.29,554,1.79,15712,22_08_37_12_05_2025,-5.17,7.38,3.64,0.01,-0.00,-0.00
-9922,3.02,-416,2.30,554,1.79,15750,22_08_37_12_05_2025,-5.21,7.35,3.62,0.01,-0.00,0.00
-9966,3.03,-313,2.30,554,1.79,15788,22_08_37_12_05_2025,-5.17,7.37,3.65,0.01,-0.00,-0.00
-9944,3.03,-193,2.29,555,1.79,15827,22_08_37_12_05_2025,-5.19,7.37,3.64,0.00,-0.00,-0.00
-10092,3.04,-156,2.28,555,1.79,15868,22_08_37_12_05_2025,-5.19,7.37,3.65,0.00,-0.00,0.00
-10237,3.05,-49,2.28,555,1.79,15906,22_08_37_12_05_2025,-5.19,7.37,3.63,0.01,-0.00,-0.00
-10167,3.04,-58,2.28,555,1.79,15945,22_08_37_12_05_2025,-5.19,7.37,3.63,0.00,-0.00,-0.00
-10053,3.03,-274,2.29,555,1.79,15983,22_08_37_12_05_2025,-5.19,7.35,3.66,0.01,-0.00,0.00
-10067,3.04,-265,2.29,554,1.79,16020,22_08_38_12_05_2025,-5.19,7.38,3.64,0.01,-0.00,0.00
-10035,3.03,-281,2.29,555,1.79,16061,22_08_38_12_05_2025,-5.19,7.38,3.63,0.01,-0.00,-0.00
-10111,3.04,-111,2.28,555,1.79,16098,22_08_38_12_05_2025,-5.18,7.35,3.64,0.00,-0.00,0.00
-9977,3.03,-410,2.30,554,1.79,16135,22_08_38_12_05_2025,-5.19,7.37,3.65,0.00,-0.00,-0.00
-10157,3.04,-226,2.29,555,1.79,16175,22_08_38_12_05_2025,-5.19,7.37,3.63,0.01,-0.00,0.00
-10159,3.04,-244,2.29,554,1.79,16217,22_08_38_12_05_2025,-5.19,7.36,3.63,0.01,-0.00,-0.00
-9982,3.03,-251,2.29,554,1.79,16255,22_08_38_12_05_2025,-5.17,7.37,3.64,0.01,-0.00,0.00
-10120,3.04,-355,2.30,554,1.79,16297,22_08_38_12_05_2025,-5.18,7.37,3.65,0.00,-0.00,-0.00
-10035,3.03,-273,2.29,555,1.79,16335,22_08_38_12_05_2025,-5.19,7.37,3.64,0.00,-0.00,-0.00
-9952,3.03,-292,2.29,555,1.79,16373,22_08_38_12_05_2025,-5.19,7.37,3.61,0.00,-0.00,-0.00
-10053,3.03,-444,2.31,554,1.79,16411,22_08_38_12_05_2025,-5.18,7.37,3.65,0.00,-0.00,-0.00
-10117,3.04,-379,2.30,554,1.79,16449,22_08_38_12_05_2025,-5.19,7.36,3.65,0.00,-0.00,0.00
-10208,3.05,-253,2.29,555,1.79,16487,22_08_38_12_05_2025,-5.18,7.37,3.65,0.01,-0.00,0.00
-10128,3.04,-319,2.30,555,1.79,16527,22_08_38_12_05_2025,-5.16,7.39,3.64,0.00,-0.00,0.00
-10059,3.03,-305,2.30,554,1.79,16566,22_08_38_12_05_2025,-5.16,7.53,3.67,0.00,-0.00,-0.01
-10051,3.03,-243,2.29,554,1.79,16604,22_08_38_12_05_2025,-5.17,7.44,3.67,0.00,-0.00,-0.00
-10133,3.04,-349,2.30,555,1.79,16641,22_08_38_12_05_2025,-5.22,7.31,3.63,0.01,-0.01,0.02
-9953,3.03,-396,2.30,554,1.79,16679,22_08_38_12_05_2025,-5.17,7.40,3.65,0.01,0.00,0.02
-9886,3.02,-167,2.29,555,1.79,16718,22_08_38_12_05_2025,-5.17,7.40,3.63,0.00,-0.01,0.01
-10028,3.03,-133,2.28,554,1.79,16758,22_08_38_12_05_2025,-5.19,7.39,3.63,-0.00,-0.00,-0.03
-9991,3.03,-312,2.30,555,1.79,16796,22_08_38_12_05_2025,-5.18,7.36,3.66,0.00,-0.00,-0.02
-9915,3.02,-526,2.31,555,1.79,16834,22_08_38_12_05_2025,-5.22,7.33,3.64,0.00,-0.00,-0.01
-10045,3.03,-130,2.28,554,1.79,16872,22_08_38_12_05_2025,-5.22,7.31,3.63,0.00,-0.00,0.00
-10104,3.04,-120,2.28,554,1.79,16910,22_08_38_12_05_2025,-5.11,7.37,3.78,-0.05,0.06,0.07
-9996,3.03,-351,2.30,555,1.79,16950,22_08_38_12_05_2025,-5.19,7.33,3.62,0.02,-0.01,0.00
-10137,3.04,-336,2.30,555,1.79,16988,22_08_38_12_05_2025,-5.15,7.44,3.65,0.01,-0.00,-0.01
-10025,3.03,-226,2.29,555,1.79,17025,22_08_39_12_05_2025,-5.18,7.43,3.63,-0.00,-0.01,-0.03
-9987,3.03,-328,2.30,555,1.79,17063,22_08_39_12_05_2025,-5.20,7.35,3.63,0.00,0.00,-0.01
-10294,3.05,-364,2.30,554,1.79,17100,22_08_39_12_05_2025,-5.19,7.44,3.60,0.02,-0.01,-0.03
-10017,3.03,-280,2.29,554,1.79,17139,22_08_39_12_05_2025,-5.17,7.39,3.63,0.01,-0.01,0.01
-10062,3.04,-276,2.29,554,1.79,17179,22_08_39_12_05_2025,-5.18,7.40,3.66,0.01,0.00,0.01
-10026,3.03,-216,2.29,554,1.79,17217,22_08_39_12_05_2025,-5.23,7.27,3.66,0.01,0.01,-0.01
-9983,3.03,-315,2.30,554,1.79,17256,22_08_39_12_05_2025,-5.17,7.31,3.88,-0.07,0.08,0.02
-10107,3.04,-398,2.30,554,1.79,17296,22_08_39_12_05_2025,-5.24,7.58,3.22,0.00,0.08,0.00
-10102,3.04,-212,2.29,553,1.78,17337,22_08_39_12_05_2025,-5.20,7.37,3.59,0.01,-0.01,-0.00
-9986,3.03,-173,2.29,555,1.79,17376,22_08_39_12_05_2025,-5.19,7.36,3.64,0.01,-0.02,-0.01
-10133,3.04,-310,2.30,554,1.79,17418,22_08_39_12_05_2025,-5.21,7.33,3.64,-0.03,-0.01,0.00
-9900,3.02,-284,2.29,554,1.79,17455,22_08_39_12_05_2025,-5.22,7.40,3.60,-0.00,-0.00,-0.01
-9966,3.03,-409,2.30,555,1.79,17493,22_08_39_12_05_2025,-5.23,7.37,3.62,-0.01,-0.02,-0.00
-10123,3.04,-288,2.29,555,1.79,17531,22_08_39_12_05_2025,-5.24,7.37,3.57,0.01,-0.03,-0.01
-10053,3.03,-340,2.30,555,1.79,17568,22_08_39_12_05_2025,-5.23,7.43,3.60,-0.03,-0.03,0.00
-10087,3.04,-372,2.30,555,1.79,17608,22_08_39_12_05_2025,-5.20,7.36,3.67,-0.05,-0.02,0.01
-10184,3.04,-357,2.30,554,1.79,17647,22_08_39_12_05_2025,-5.20,7.34,3.70,-0.08,-0.02,0.02
