10651,1.47,0,2.27,629,3,4723,21_04_28_13_01_2025,-5.21,1.51,-8.00,0.01,-1.28,0.64
10820,1.45,0,2.27,630,3,4770,21_04_28_13_01_2025,-5.21,1.52,-8.01,0.00,-0.00,-0.00
10585,1.47,0,2.27,629,3,4807,21_04_28_13_01_2025,-5.23,1.50,-8.02,0.00,-0.00,0.00
10497,1.48,0,2.27,629,3,4846,21_04_28_13_01_2025,-5.22,1.51,-8.01,0.00,-0.00,-0.00
10632,1.47,0,2.27,629,3,4884,21_04_28_13_01_2025,-5.21,1.51,-8.02,0.01,-0.00,-0.00
10696,1.46,0,2.27,629,3,4921,21_04_28_13_01_2025,-5.21,1.51,-8.02,0.00,-0.00,-0.00
10545,1.47,0,2.27,629,3,4958,21_04_28_13_01_2025,-5.22,1.51,-8.02,0.01,-0.00,-0.00
10858,1.45,0,2.27,629,3,4999,21_04_28_13_01_2025,-5.23,1.51,-8.01,0.00,-0.00,0.00
10525,1.48,0,2.27,629,3,5038,21_04_28_13_01_2025,-5.22,1.52,-8.02,0.01,-0.00,-0.00
10487,1.48,0,2.27,630,3,5075,21_04_28_13_01_2025,-5.21,1.51,-8.01,0.00,-0.00,-0.00
10803,1.45,0,2.27,629,3,5113,21_04_28_13_01_2025,-5.22,1.52,-8.01,0.01,-0.00,-0.00
10690,1.46,0,2.27,629,3,5151,21_04_28_13_01_2025,-5.23,1.51,-8.02,0.00,-0.00,-0.00
10665,1.46,0,2.27,629,3,5189,21_04_28_13_01_2025,-5.22,1.51,-8.01,0.01,-0.00,-0.00
10545,1.47,0,2.27,629,3,5229,21_04_28_13_01_2025,-5.22,1.51,-8.02,0.00,-0.00,-0.00
10393,1.49,0,2.27,629,3,5268,21_04_28_13_01_2025,-5.22,1.52,-8.01,0.01,-0.00,-0.00
10471,1.48,0,2.27,629,3,5306,21_04_28_13_01_2025,-5.22,1.52,-8.01,0.00,-0.00,-0.00
10438,1.48,0,2.27,629,3,5343,21_04_28_13_01_2025,-5.22,1.52,-8.01,0.01,-0.00,-0.00
10490,1.48,0,2.27,629,3,5381,21_04_28_13_01_2025,-5.22,1.51,-8.01,0.01,-0.00,-0.00
10691,1.46,0,2.27,629,3,5419,21_04_28_13_01_2025,-5.22,1.51,-8.01,0.00,-0.00,-0.00
10531,1.47,0,2.27,629,3,5460,21_04_28_13_01_2025,-5.23,1.52,-8.01,0.00,-0.00,-0.00
10514,1.48,0,2.27,628,3,5497,21_04_28_13_01_2025,-5.21,1.51,-8.00,0.00,-0.00,-0.00
10384,1.49,0,2.27,629,3,5536,21_04_28_13_01_2025,-5.22,1.51,-8.01,0.00,-0.00,-0.00
10656,1.47,0,2.27,629,3,5574,21_04_28_13_01_2025,-5.23,1.51,-8.01,0.01,-0.00,-0.00
10352,1.49,0,2.27,630,3,5612,21_04_28_13_01_2025,-5.23,1.51,-8.00,0.00,-0.00,-0.00
10309,1.49,0,2.27,630,3,5651,21_04_29_13_01_2025,-5.22,1.52,-8.01,0.00,-0.00,-0.00
10492,1.48,0,2.27,629,3,5694,21_04_29_13_01_2025,-5.22,1.52,-8.00,0.01,-0.00,-0.00
10276,1.49,0,2.27,629,3,5732,21_04_29_13_01_2025,-5.21,1.52,-8.01,0.00,-0.00,-0.00
10298,1.49,0,2.27,630,3,5770,21_04_29_13_01_2025,-5.22,1.51,-8.01,0.01,-0.00,-0.00
10543,1.47,0,2.27,629,3,5809,21_04_29_13_01_2025,-5.21,1.52,-8.01,0.00,-0.00,-0.00
10310,1.49,0,2.27,630,3,5847,21_04_29_13_01_2025,-5.22,1.52,-8.01,0.00,-0.00,-0.00
10081,1.51,0,2.27,629,3,5885,21_04_29_13_01_2025,-5.22,1.52,-8.00,0.01,-0.00,-0.00
10319,1.49,0,2.27,630,3,5927,21_04_29_13_01_2025,-5.22,1.51,-8.00,0.01,-0.00,0.00
10348,1.49,0,2.27,629,3,5965,21_04_29_13_01_2025,-5.21,1.51,-8.01,0.01,-0.00,-0.00
10310,1.49,0,2.27,629,3,6003,21_04_29_13_01_2025,-5.23,1.51,-7.99,0.01,-0.00,-0.00
10480,1.48,0,2.27,629,3,6041,21_04_29_13_01_2025,-5.22,1.51,-8.01,0.00,-0.00,-0.00
10331,1.49,0,2.27,629,3,6080,21_04_29_13_01_2025,-5.22,1.52,-8.01,0.00,-0.00,-0.00
10286,1.49,0,2.27,629,3,6124,21_04_29_13_01_2025,-5.22,1.53,-7.99,0.01,-0.00,-0.00
10040,1.51,0,2.27,629,3,6165,21_04_29_13_01_2025,-5.23,1.51,-8.01,0.00,-0.00,-0.00
10357,1.49,0,2.27,630,3,6204,21_04_29_13_01_2025,-5.22,1.52,-8.01,0.00,-0.00,0.00
10526,1.48,0,2.27,629,3,6241,21_04_29_13_01_2025,-5.22,1.52,-8.00,0.01,-0.00,-0.00
10040,1.51,0,2.27,629,3,6280,21_04_29_13_01_2025,-5.22,1.51,-8.00,0.00,-0.00,-0.00
10258,1.50,0,2.27,629,3,6318,21_04_29_13_01_2025,-5.21,1.51,-8.01,0.00,-0.00,-0.00
10276,1.49,0,2.27,629,3,6357,21_04_29_13_01_2025,-5.22,1.51,-8.00,0.00,-0.00,-0.00
10328,1.49,0,2.27,629,3,6397,21_04_29_13_01_2025,-5.22,1.51,-8.00,0.01,-0.00,-0.00
10565,1.47,0,2.27,629,3,6436,21_04_29_13_01_2025,-5.21,1.52,-7.99,0.00,-0.00,-0.00
10280,1.49,0,2.27,630,3,6474,21_04_29_13_01_2025,-5.22,1.52,-8.00,0.00,-0.00,-0.00
10215,1.50,0,2.27,629,3,6512,21_04_29_13_01_2025,-5.22,1.52,-8.01,0.00,-0.00,0.00
10068,1.51,0,2.27,629,3,6551,21_04_29_13_01_2025,-5.21,1.51,-8.00,0.00,-0.00,-0.00
10037,1.51,0,2.27,630,3,6589,21_04_29_13_01_2025,-5.23,1.52,-7.99,0.00,-0.00,-0.00
9984,1.52,0,2.27,629,3,6630,21_04_30_13_01_2025,-5.22,1.51,-8.00,0.00,-0.00,-0.00
10054,1.51,0,2.27,628,3,6668,21_04_30_13_01_2025,-5.22,1.51,-8.00,0.00,-0.00,-0.00
10063,1.51,0,2.27,628,3,6707,21_04_30_13_01_2025,-5.22,1.52,-8.01,0.00,-0.00,-0.00
9857,1.53,0,2.27,629,3,6745,21_04_30_13_01_2025,-5.22,1.52,-8.00,0.01,-0.00,-0.00
9923,1.52,0,2.27,629,3,6783,21_04_30_13_01_2025,-5.23,1.52,-8.01,0.01,-0.00,-0.00
10086,1.51,0,2.27,629,3,6821,21_04_30_13_01_2025,-5.22,1.51,-8.00,0.00,-0.00,-0.00
10043,1.51,0,2.27,629,3,6864,21_04_30_13_01_2025,-5.21,1.51,-8.02,0.01,-0.00,-0.00
9946,1.52,0,2.27,629,3,6902,21_04_30_13_01_2025,-5.22,1.51,-8.00,0.00,-0.00,-0.00
9778,1.53,0,2.27,629,3,6940,21_04_30_13_01_2025,-5.22,1.52,-8.00,0.00,-0.00,-0.00
10088,1.51,0,2.27,629,3,6979,21_04_30_13_01_2025,-5.22,1.52,-7.99,0.01,-0.00,-0.00
9946,1.52,0,2.27,630,3,7017,21_04_30_13_01_2025,-5.22,1.51,-8.00,0.01,-0.00,-0.00
9878,1.52,0,2.27,629,3,7056,21_04_30_13_01_2025,-5.22,1.52,-7.99,0.00,-0.00,-0.00
10091,1.51,0,2.27,629,3,7094,21_04_30_13_01_2025,-5.22,1.51,-8.01,0.01,-0.00,-0.00
9735,1.54,0,2.27,629,3,7135,21_04_30_13_01_2025,-5.22,1.51,-8.00,0.00,-0.00,-0.00
9793,1.53,0,2.27,629,3,7173,21_04_30_13_01_2025,-5.21,1.51,-8.00,0.00,-0.00,-0.00
10065,1.51,0,2.27,629,3,7211,21_04_30_13_01_2025,-5.22,1.52,-8.01,0.01,-0.00,-0.00
9754,1.53,0,2.27,629,3,7250,21_04_30_13_01_2025,-5.22,1.52,-8.00,0.00,-0.00,-0.00
9654,1.54,0,2.27,629,3,7288,21_04_30_13_01_2025,-5.23,1.51,-8.00,0.00,-0.00,-0.00
9935,1.52,0,2.27,629,3,7326,21_04_30_13_01_2025,-5.21,1.52,-8.00,0.00,-0.00,-0.00
9935,1.52,0,2.27,629,3,7367,21_04_30_13_01_2025,-5.23,1.51,-8.00,0.01,-0.00,-0.00
9723,1.54,0,2.27,629,3,7405,21_04_30_13_01_2025,-5.22,1.52,-8.00,0.00,-0.00,-0.00
9928,1.52,0,2.27,627,3,7443,21_04_30_13_01_2025,-5.22,1.51,-7.99,0.01,-0.00,-0.00
9684,1.54,0,2.27,629,3,7481,21_04_30_13_01_2025,-5.22,1.51,-8.00,0.00,-0.00,-0.00
9765,1.53,0,2.27,629,3,7520,21_04_30_13_01_2025,-5.22,1.52,-7.99,0.01,-0.00,-0.00
9782,1.53,0,2.27,627,3,7558,21_04_30_13_01_2025,-5.22,1.52,-8.00,0.00,-0.00,-0.00
9994,1.52,0,2.27,629,3,7599,21_04_30_13_01_2025,-5.22,1.52,-8.01,0.01,-0.00,-0.00
9780,1.53,0,2.27,630,3,7638,21_04_31_13_01_2025,-5.22,1.51,-8.00,0.01,-0.00,0.00
9758,1.53,0,2.27,629,3,7677,21_04_31_13_01_2025,-5.22,1.51,-8.00,0.00,-0.00,-0.00
9683,1.54,0,2.27,629,3,7715,21_04_31_13_01_2025,-5.22,1.51,-7.98,0.01,-0.00,-0.00
9954,1.52,0,2.27,629,3,7753,21_04_31_13_01_2025,-5.22,1.51,-8.00,0.01,-0.00,-0.00
9520,1.55,0,2.27,629,3,7791,21_04_31_13_01_2025,-5.21,1.52,-8.00,0.01,-0.00,-0.00
9619,1.54,0,2.27,629,3,7833,21_04_31_13_01_2025,-5.22,1.52,-8.01,0.00,-0.00,-0.00
9432,1.56,0,2.27,629,3,7871,21_04_31_13_01_2025,-5.23,1.51,-8.00,0.00,-0.00,-0.00
9484,1.55,0,2.27,629,3,7910,21_04_31_13_01_2025,-5.22,1.52,-8.00,0.00,-0.00,-0.00
9565,1.55,0,2.27,629,3,7950,21_04_31_13_01_2025,-5.22,1.51,-8.00,0.00,-0.00,-0.00
9453,1.56,0,2.27,629,3,7987,21_04_31_13_01_2025,-5.23,1.52,-8.00,0.00,-0.00,-0.00
9701,1.54,0,2.27,629,3,8026,21_04_31_13_01_2025,-5.21,1.52,-8.00,0.00,-0.00,-0.00
9849,1.53,0,2.27,629,3,8067,21_04_31_13_01_2025,-5.22,1.52,-7.99,0.01,-0.00,-0.00
9634,1.54,0,2.27,629,3,8105,21_04_31_13_01_2025,-5.21,1.52,-8.00,0.01,-0.00,-0.00
9665,1.54,0,2.27,629,3,8143,21_04_31_13_01_2025,-5.22,1.51,-8.01,0.01,-0.00,-0.00
9462,1.56,0,2.27,629,3,8182,21_04_31_13_01_2025,-5.22,1.52,-8.01,0.00,-0.00,-0.00
9462,1.56,0,2.27,630,3,8221,21_04_31_13_01_2025,-5.22,1.51,-8.00,0.00,-0.00,-0.00
9487,1.55,0,2.27,629,3,8259,21_04_31_13_01_2025,-5.22,1.52,-8.01,0.00,-0.00,-0.00
9632,1.54,0,2.27,629,3,8300,21_04_31_13_01_2025,-5.21,1.51,-8.01,0.00,-0.00,-0.00
9427,1.56,0,2.27,629,3,8338,21_04_31_13_01_2025,-5.22,1.51,-7.99,0.00,-0.00,-0.00
9466,1.56,0,2.27,629,3,8376,21_04_31_13_01_2025,-5.22,1.51,-8.00,0.00,-0.00,-0.00
9350,1.56,0,2.27,629,3,8414,21_04_31_13_01_2025,-5.21,1.52,-8.00,0.00,-0.00,-0.00
9377,1.56,0,2.27,629,3,8452,21_04_31_13_01_2025,-5.23,1.52,-8.00,0.00,-0.00,-0.00
9338,1.57,0,2.27,629,3,8490,21_04_31_13_01_2025,-5.22,1.52,-8.00,0.00,-0.00,-0.00
9313,1.57,0,2.27,629,3,8528,21_04_31_13_01_2025,-5.22,1.52,-8.00,0.01,-0.00,-0.00
9184,1.58,0,2.27,629,3,8570,21_04_31_13_01_2025,-5.22,1.51,-8.00,0.00,-0.00,-0.00
9397,1.56,0,2.27,629,3,8608,21_04_31_13_01_2025,-5.22,1.51,-8.00,0.00,-0.00,0.00
9051,1.59,0,2.27,629,3,8646,21_04_32_13_01_2025,-5.22,1.51,-7.99,0.00,-0.00,-0.00
9290,1.57,0,2.27,630,3,8684,21_04_32_13_01_2025,-5.23,1.51,-7.99,0.01,-0.00,-0.00
9189,1.58,0,2.27,629,3,8722,21_04_32_13_01_2025,-5.21,1.51,-8.00,0.00,-0.00,-0.00
9561,1.55,0,2.27,629,3,8761,21_04_32_13_01_2025,-5.22,1.52,-7.99,0.00,-0.00,-0.00
9260,1.57,0,2.27,629,3,8802,21_04_32_13_01_2025,-5.22,1.51,-8.00,0.00,-0.00,-0.00
9137,1.58,0,2.27,630,3,8841,21_04_32_13_01_2025,-5.22,1.52,-7.99,0.00,-0.00,-0.00
9384,1.56,0,2.27,629,3,8879,21_04_32_13_01_2025,-5.22,1.52,-7.99,0.00,-0.00,-0.00
9090,1.58,0,2.27,629,3,8918,21_04_32_13_01_2025,-5.22,1.51,-7.99,0.00,-0.00,-0.00
9004,1.59,0,2.27,629,3,8956,21_04_32_13_01_2025,-5.22,1.52,-8.00,0.00,-0.00,-0.00
9342,1.57,0,2.27,629,3,8994,21_04_32_13_01_2025,-5.22,1.51,-7.99,0.01,-0.00,-0.00
9253,1.57,0,2.27,628,3,9036,21_04_32_13_01_2025,-5.22,1.52,-8.00,0.01,-0.00,-0.00
9136,1.58,0,2.27,630,3,9075,21_04_32_13_01_2025,-5.23,1.51,-7.99,0.01,-0.00,-0.00
9207,1.58,0,2.27,629,3,9114,21_04_32_13_01_2025,-5.22,1.51,-8.00,0.00,-0.00,-0.00
9236,1.57,0,2.27,629,3,9152,21_04_32_13_01_2025,-5.21,1.51,-8.00,0.01,-0.00,-0.00
9065,1.59,0,2.27,630,3,9190,21_04_32_13_01_2025,-5.22,1.52,-7.99,0.00,-0.00,-0.00
9201,1.58,0,2.27,629,3,9229,21_04_32_13_01_2025,-5.22,1.52,-8.01,0.00,-0.00,-0.00
9166,1.58,0,2.27,629,3,9270,21_04_32_13_01_2025,-5.23,1.51,-8.01,0.00,-0.00,-0.00
9278,1.57,0,2.27,629,3,9308,21_04_32_13_01_2025,-5.22,1.52,-7.99,0.00,-0.00,-0.00
9278,1.57,0,2.27,629,3,9346,21_04_32_13_01_2025,-5.22,1.52,-8.01,0.00,-0.00,-0.00
9126,1.58,0,2.27,630,3,9384,21_04_32_13_01_2025,-5.21,1.51,-8.00,0.01,-0.00,-0.00
9053,1.59,0,2.27,629,3,9422,21_04_32_13_01_2025,-5.21,1.51,-8.00,0.01,-0.01,-0.00
8969,1.59,0,2.27,629,3,9460,21_04_32_13_01_2025,-5.23,1.51,-8.01,0.00,-0.00,-0.00
8861,1.60,0,2.27,629,3,9501,21_04_32_13_01_2025,-5.22,1.52,-8.00,0.00,-0.00,0.00
9118,1.58,0,2.27,629,3,9540,21_04_32_13_01_2025,-5.22,1.51,-7.99,0.00,-0.00,0.00
8920,1.60,0,2.27,630,3,9578,21_04_32_13_01_2025,-5.21,1.51,-7.99,0.00,-0.00,-0.00
8898,1.60,0,2.27,629,3,9616,21_04_33_13_01_2025,-5.22,1.51,-8.00,0.00,-0.00,0.00
8712,1.61,0,2.27,629,3,9655,21_04_33_13_01_2025,-5.21,1.51,-8.00,0.00,-0.00,-0.00
8972,1.59,0,2.27,629,3,9693,21_04_33_13_01_2025,-5.22,1.51,-8.00,0.00,-0.00,-0.00
9113,1.58,0,2.27,629,3,9731,21_04_33_13_01_2025,-5.22,1.51,-7.99,0.01,-0.00,-0.00
9195,1.58,0,2.27,629,3,9767,21_04_33_13_01_2025,-5.22,1.51,-8.00,0.01,-0.00,-0.00
8870,1.60,0,2.27,629,3,9805,21_04_33_13_01_2025,-5.22,1.52,-8.01,0.00,-0.00,-0.00
8828,1.60,0,2.27,629,3,9843,21_04_33_13_01_2025,-5.21,1.52,-7.99,0.00,-0.00,-0.00
8959,1.59,0,2.27,629,3,9881,21_04_33_13_01_2025,-5.22,1.52,-7.99,0.00,-0.00,-0.00
8623,1.62,0,2.27,630,3,9920,21_04_33_13_01_2025,-5.23,1.52,-8.00,0.00,-0.00,-0.00
8623,1.62,0,2.27,629,3,9959,21_04_33_13_01_2025,-5.22,1.51,-8.00,0.00,-0.00,-0.00
8435,1.63,0,2.27,629,3,10000,21_04_33_13_01_2025,-5.23,1.51,-8.00,0.00,-0.00,-0.00
8607,1.62,0,2.27,629,3,10039,21_04_33_13_01_2025,-5.21,1.52,-8.01,0.01,-0.00,0.00
8769,1.61,0,2.27,629,3,10077,21_04_33_13_01_2025,-5.21,1.51,-8.00,0.00,-0.00,-0.00
8932,1.60,0,2.27,629,3,10115,21_04_33_13_01_2025,-5.22,1.51,-8.00,0.00,-0.00,-0.00
8909,1.60,0,2.27,629,3,10153,21_04_33_13_01_2025,-5.22,1.52,-8.00,0.01,-0.00,-0.00
8804,1.61,0,2.27,629,3,10192,21_04_33_13_01_2025,-5.22,1.51,-8.00,0.01,-0.00,-0.00
8962,1.59,0,2.27,629,3,10234,21_04_33_13_01_2025,-5.22,1.51,-8.01,0.00,-0.00,-0.00
8929,1.60,0,2.27,629,3,10272,21_04_33_13_01_2025,-5.22,1.52,-8.00,0.00,-0.00,-0.00
8750,1.61,0,2.27,629,3,10311,21_04_33_13_01_2025,-5.21,1.52,-7.99,0.00,-0.00,-0.00
8934,1.60,0,2.27,629,3,10349,21_04_33_13_01_2025,-5.21,1.51,-8.00,0.00,-0.00,-0.00
8697,1.61,0,2.27,629,3,10387,21_04_33_13_01_2025,-5.23,1.51,-7.99,0.00,-0.00,-0.00
8666,1.62,0,2.27,629,3,10424,21_04_33_13_01_2025,-5.22,1.51,-7.99,0.00,-0.00,0.00
8787,1.61,0,2.27,629,3,10465,21_04_33_13_01_2025,-5.22,1.51,-7.99,0.01,-0.00,-0.00
8875,1.60,0,2.27,629,3,10504,21_04_33_13_01_2025,-5.22,1.52,-8.00,0.01,-0.00,-0.00
8641,1.62,0,2.27,629,3,10541,21_04_33_13_01_2025,-5.22,1.51,-8.01,0.01,-0.00,-0.00
8402,1.64,0,2.27,629,3,10580,21_04_33_13_01_2025,-5.22,1.51,-8.00,0.00,-0.00,-0.00
8456,1.63,0,2.27,629,3,10619,21_04_34_13_01_2025,-5.22,1.52,-8.00,0.00,-0.00,-0.00
8744,1.61,0,2.27,629,3,10656,21_04_34_13_01_2025,-5.22,1.52,-7.99,0.01,-0.00,0.00
8852,1.60,0,2.27,629,3,10697,21_04_34_13_01_2025,-5.22,1.51,-8.00,0.01,-0.00,-0.00
8697,1.61,0,2.27,629,3,10735,21_04_34_13_01_2025,-5.21,1.51,-8.00,0.00,-0.00,-0.00
8339,1.64,0,2.27,630,3,10773,21_04_34_13_01_2025,-5.22,1.52,-8.00,0.01,-0.00,-0.00
8434,1.63,0,2.27,630,3,10811,21_04_34_13_01_2025,-5.22,1.52,-8.01,0.00,-0.00,-0.00
8429,1.63,0,2.27,630,3,10849,21_04_34_13_01_2025,-5.21,1.51,-8.00,0.01,-0.00,-0.00
8696,1.61,0,2.27,630,3,10888,21_04_34_13_01_2025,-5.22,1.51,-8.00,0.01,-0.00,-0.00
8429,1.63,0,2.27,629,3,10929,21_04_34_13_01_2025,-5.23,1.52,-7.99,0.00,-0.00,-0.00
8789,1.61,0,2.27,629,3,10967,21_04_34_13_01_2025,-5.22,1.51,-8.00,0.00,-0.00,-0.00
8293,1.64,0,2.27,629,3,11006,21_04_34_13_01_2025,-5.22,1.51,-8.01,0.01,-0.00,-0.00
8626,1.62,0,2.27,630,3,11043,21_04_34_13_01_2025,-5.22,1.52,-7.99,0.00,-0.00,0.00
8462,1.63,0,2.27,629,3,11081,21_04_34_13_01_2025,-5.22,1.52,-8.00,0.01,-0.00,0.00
8719,1.61,0,2.27,629,3,11120,21_04_34_13_01_2025,-5.22,1.51,-8.00,0.00,-0.00,-0.00
8370,1.64,0,2.27,629,3,11161,21_04_34_13_01_2025,-5.22,1.51,-8.01,0.00,-0.00,-0.00
8360,1.64,0,2.27,629,3,11201,21_04_34_13_01_2025,-5.22,1.52,-8.00,0.00,-0.00,-0.00
8460,1.63,0,2.27,629,3,11240,21_04_34_13_01_2025,-5.22,1.51,-8.00,0.01,-0.00,-0.00
8507,1.63,0,2.27,628,3,11278,21_04_34_13_01_2025,-5.22,1.51,-7.99,0.01,-0.00,-0.00
8164,1.65,0,2.27,629,3,11316,21_04_34_13_01_2025,-5.22,1.51,-8.00,0.00,-0.00,-0.00
8160,1.65,0,2.27,629,3,11355,21_04_34_13_01_2025,-5.22,1.51,-7.99,0.00,-0.00,0.00
8341,1.64,0,2.27,629,3,11397,21_04_34_13_01_2025,-5.22,1.51,-7.99,0.00,-0.00,-0.00
8247,1.65,0,2.27,629,3,11435,21_04_34_13_01_2025,-5.22,1.52,-8.00,0.01,-0.00,-0.00
8181,1.65,0,2.27,629,3,11473,21_04_34_13_01_2025,-5.22,1.51,-8.00,0.00,-0.00,-0.00
8314,1.64,0,2.27,629,3,11511,21_04_34_13_01_2025,-5.21,1.51,-8.00,0.01,-0.00,-0.00
8438,1.63,0,2.27,629,3,11550,21_04_34_13_01_2025,-5.22,1.52,-7.99,0.00,-0.00,-0.00
8385,1.64,0,2.27,629,3,11589,21_04_34_13_01_2025,-5.21,1.52,-8.00,0.00,-0.00,-0.00
8470,1.63,0,2.27,629,3,11630,21_04_35_13_01_2025,-5.23,1.51,-8.00,0.01,-0.00,-0.00
8670,1.62,0,2.27,629,3,11669,21_04_35_13_01_2025,-5.22,1.51,-7.99,0.00,-0.00,-0.00
8438,1.63,0,2.27,629,3,11707,21_04_35_13_01_2025,-5.23,1.51,-7.99,0.00,-0.00,-0.00
8473,1.63,0,2.27,629,3,11745,21_04_35_13_01_2025,-5.22,1.52,-8.00,0.00,-0.00,-0.00
8100,1.66,0,2.27,629,3,11784,21_04_35_13_01_2025,-5.22,1.51,-7.99,0.00,-0.00,-0.00
8265,1.65,0,2.27,629,3,11822,21_04_35_13_01_2025,-5.22,1.51,-8.00,0.01,-0.00,0.00
8275,1.65,0,2.27,629,3,11860,21_04_35_13_01_2025,-5.22,1.51,-7.99,0.00,-0.00,-0.00
8126,1.66,0,2.27,629,3,11902,21_04_35_13_01_2025,-5.22,1.51,-7.99,0.00,-0.00,-0.00
8076,1.66,0,2.27,629,3,11941,21_04_35_13_01_2025,-5.22,1.51,-8.00,0.01,-0.00,-0.00
8209,1.65,0,2.27,629,3,11979,21_04_35_13_01_2025,-5.23,1.51,-8.00,0.01,-0.00,-0.00
8178,1.65,0,2.27,629,3,12017,21_04_35_13_01_2025,-5.22,1.51,-7.99,0.01,-0.00,-0.00
8537,1.63,0,2.27,629,3,12056,21_04_35_13_01_2025,-5.22,1.51,-8.00,0.01,-0.00,-0.00
8461,1.63,0,2.27,630,3,12095,21_04_35_13_01_2025,-5.22,1.52,-8.01,0.01,-0.00,-0.00
8323,1.64,0,2.27,630,3,12135,21_04_35_13_01_2025,-5.23,1.51,-8.00,0.00,-0.00,-0.00
8237,1.65,0,2.27,628,3,12173,21_04_35_13_01_2025,-5.22,1.51,-8.00,0.01,-0.00,-0.00
7948,1.67,0,2.27,630,3,12212,21_04_35_13_01_2025,-5.20,1.51,-8.00,0.01,-0.00,-0.00
8091,1.66,0,2.27,629,3,12250,21_04_35_13_01_2025,-5.23,1.51,-8.00,0.00,-0.00,-0.00
7950,1.67,0,2.27,629,3,12288,21_04_35_13_01_2025,-5.22,1.51,-8.00,0.00,-0.00,-0.00
8208,1.65,0,2.27,629,3,12326,21_04_35_13_01_2025,-5.22,1.52,-8.00,0.01,-0.00,-0.00
8204,1.65,0,2.27,629,3,12379,21_04_35_13_01_2025,-5.22,1.51,-8.00,0.00,-0.00,-0.00
7793,1.68,0,2.27,629,3,12469,21_04_35_13_01_2025,-5.22,1.51,-7.99,0.00,-0.00,-0.00
8011,1.67,0,2.27,629,3,12507,21_04_35_13_01_2025,-5.22,1.51,-8.00,0.00,-0.00,0.00
7928,1.67,0,2.27,629,3,12575,21_04_35_13_01_2025,-5.22,1.51,-7.99,0.00,-0.00,-0.00
8002,1.67,0,2.27,629,3,12665,21_04_35_13_01_2025,-5.22,1.51,-8.00,0.01,-0.00,0.00
7940,1.67,0,2.27,629,3,12703,21_04_36_13_01_2025,-5.22,1.51,-7.99,0.01,-0.00,0.00
7887,1.68,0,2.27,629,3,12772,21_04_36_13_01_2025,-5.22,1.52,-8.00,0.01,-0.00,-0.00
7869,1.68,0,2.27,629,3,12862,21_04_36_13_01_2025,-5.21,1.51,-7.99,0.00,-0.00,-0.00
7594,1.70,0,2.27,629,3,12901,21_04_36_13_01_2025,-5.21,1.51,-7.99,0.00,-0.00,-0.00
7869,1.68,0,2.27,629,3,12967,21_04_36_13_01_2025,-5.21,1.51,-8.00,0.00,-0.00,-0.00
7893,1.67,0,2.27,630,3,13058,21_04_36_13_01_2025,-5.22,1.52,-8.00,0.00,-0.00,-0.00
7878,1.68,0,2.27,629,3,13097,21_04_36_13_01_2025,-5.22,1.51,-8.00,0.00,-0.00,-0.00
7496,1.70,0,2.27,630,3,13165,21_04_36_13_01_2025,-5.22,1.51,-8.00,0.01,-0.00,-0.00
7761,1.68,0,2.27,629,3,13255,21_04_36_13_01_2025,-5.22,1.51,-8.00,0.01,-0.00,0.00
7761,1.68,0,2.27,629,3,13293,21_04_36_13_01_2025,-5.22,1.51,-8.01,0.01,-0.00,-0.00
7703,1.69,0,2.27,630,3,13361,21_04_36_13_01_2025,-5.23,1.51,-8.00,0.01,-0.00,-0.00
7613,1.70,0,2.27,629,3,13398,21_04_36_13_01_2025,-5.21,1.52,-8.00,0.00,-0.00,-0.00
7854,1.68,0,2.27,629,3,13467,21_04_36_13_01_2025,-5.21,1.52,-8.00,0.00,-0.00,-0.00
7843,1.68,0,2.27,629,3,13556,21_04_36_13_01_2025,-5.22,1.51,-8.00,0.01,-0.00,-0.00
7724,1.69,0,2.27,629,3,13595,21_04_36_13_01_2025,-5.22,1.51,-8.00,0.00,-0.00,-0.00
7499,1.70,0,2.27,630,3,13662,21_04_37_13_01_2025,-5.22,1.51,-7.99,0.00,-0.00,0.00
7526,1.70,0,2.27,629,3,13753,21_04_37_13_01_2025,-5.21,1.52,-8.00,0.01,-0.00,-0.00
7707,1.69,0,2.27,630,3,13792,21_04_37_13_01_2025,-5.22,1.51,-8.00,0.00,-0.00,-0.00
7533,1.70,0,2.27,629,3,13860,21_04_37_13_01_2025,-5.21,1.51,-8.00,0.00,-0.00,-0.00
7542,1.70,0,2.27,630,3,13949,21_04_37_13_01_2025,-5.22,1.51,-8.00,0.00,-0.00,-0.00
7330,1.72,0,2.27,629,3,13987,21_04_37_13_01_2025,-5.22,1.52,-8.00,0.01,-0.00,-0.00
7443,1.71,0,2.27,629,3,14055,21_04_37_13_01_2025,-5.22,1.51,-8.00,0.01,-0.00,-0.00
7248,1.72,0,2.27,629,3,14146,21_04_37_13_01_2025,-5.21,1.51,-7.99,0.00,-0.00,-0.00
7251,1.72,0,2.27,629,3,14185,21_04_37_13_01_2025,-5.22,1.51,-7.99,0.00,-0.00,-0.00
7543,1.70,0,2.27,630,3,14251,21_04_37_13_01_2025,-5.22,1.52,-8.00,0.00,-0.00,-0.00
7349,1.72,0,2.27,629,3,14342,21_04_37_13_01_2025,-5.21,1.51,-7.99,0.00,-0.00,-0.00
7385,1.71,0,2.27,629,3,14381,21_04_37_13_01_2025,-5.23,1.51,-8.00,0.00,-0.00,-0.00
7502,1.70,0,2.27,629,3,14448,21_04_37_13_01_2025,-5.21,1.51,-8.00,0.00,-0.00,-0.00
7422,1.71,0,2.27,629,3,14540,21_04_37_13_01_2025,-5.22,1.51,-8.00,0.01,-0.00,-0.00
7108,1.73,0,2.27,629,3,14579,21_04_37_13_01_2025,-5.22,1.50,-8.00,0.00,-0.00,-0.00
7059,1.74,0,2.27,628,3,14644,21_04_37_13_01_2025,-5.22,1.51,-8.00,0.00,-0.00,-0.00
7306,1.72,0,2.27,629,3,14685,21_04_38_13_01_2025,-5.22,1.52,-7.99,0.01,-0.00,-0.00
7170,1.73,0,2.27,630,3,14750,21_04_38_13_01_2025,-5.22,1.51,-7.99,0.00,-0.00,-0.00
7010,1.74,0,2.27,630,3,14840,21_04_38_13_01_2025,-5.22,1.52,-7.99,0.00,-0.00,-0.00
7204,1.73,0,2.27,629,3,14879,21_04_38_13_01_2025,-5.22,1.52,-8.00,0.01,-0.00,-0.00
7071,1.74,0,2.27,630,3,14946,21_04_38_13_01_2025,-5.21,1.52,-8.00,0.00,-0.00,-0.00
7228,1.73,0,2.27,629,3,15036,21_04_38_13_01_2025,-5.22,1.52,-8.01,0.01,-0.00,-0.00
7137,1.73,0,2.27,629,3,15077,21_04_38_13_01_2025,-5.22,1.52,-8.00,0.00,-0.00,0.00
7292,1.72,0,2.27,630,3,15144,21_04_38_13_01_2025,-5.22,1.51,-8.00,0.01,-0.00,0.00
7065,1.74,0,2.27,629,3,15233,21_04_38_13_01_2025,-5.22,1.51,-8.00,0.01,-0.00,-0.00
7036,1.74,0,2.27,630,3,15272,21_04_38_13_01_2025,-5.22,1.51,-7.99,0.01,-0.00,-0.00
6818,1.76,0,2.27,629,3,15339,21_04_38_13_01_2025,-5.21,1.51,-8.01,0.01,-0.00,-0.00
7289,1.72,0,2.27,629,3,15429,21_04_38_13_01_2025,-5.22,1.51,-8.00,0.01,-0.00,-0.00
6801,1.76,0,2.27,629,3,15467,21_04_38_13_01_2025,-5.22,1.52,-8.00,0.01,-0.00,-0.00
7123,1.73,0,2.27,629,3,15536,21_04_38_13_01_2025,-5.22,1.52,-8.00,0.00,-0.00,-0.00
6862,1.75,0,2.27,630,3,15625,21_04_38_13_01_2025,-5.22,1.51,-8.01,0.01,-0.00,0.00
7010,1.74,0,2.27,629,3,15664,21_04_39_13_01_2025,-5.21,1.51,-8.00,0.01,-0.00,-0.00
6975,1.74,0,2.27,628,3,15732,21_04_39_13_01_2025,-5.22,1.51,-8.01,0.00,-0.00,-0.00
6813,1.76,0,2.27,629,3,15823,21_04_39_13_01_2025,-5.22,1.51,-8.00,0.01,-0.00,-0.00
6795,1.76,0,2.27,629,3,15861,21_04_39_13_01_2025,-5.23,1.51,-8.00,0.01,-0.00,-0.00
6652,1.77,0,2.27,629,3,15928,21_04_39_13_01_2025,-5.22,1.51,-8.00,0.01,-0.00,0.00
6883,1.75,0,2.27,629,3,15966,21_04_39_13_01_2025,-5.22,1.52,-8.00,0.00,-0.00,-0.00
6864,1.75,0,2.27,629,3,16034,21_04_39_13_01_2025,-5.22,1.51,-8.01,0.00,-0.00,-0.00
6919,1.75,0,2.27,629,3,16125,21_04_39_13_01_2025,-5.21,1.52,-8.00,0.00,-0.00,-0.00
6693,1.77,0,2.27,629,3,16163,21_04_39_13_01_2025,-5.22,1.51,-7.99,0.00,-0.00,-0.00
6616,1.77,0,2.27,629,3,16231,21_04_39_13_01_2025,-5.22,1.51,-8.01,0.01,-0.00,-0.00
6734,1.76,0,2.27,629,3,16321,21_04_39_13_01_2025,-5.23,1.52,-8.01,0.00,-0.00,-0.00
6593,1.77,0,2.27,630,3,16359,21_04_39_13_01_2025,-5.22,1.51,-7.99,0.00,-0.00,0.00
6540,1.78,0,2.27,630,3,16427,21_04_39_13_01_2025,-5.21,1.52,-7.99,0.01,-0.00,-0.00
6501,1.78,0,2.27,630,3,16517,21_04_39_13_01_2025,-5.22,1.51,-8.01,0.01,-0.00,-0.00
6686,1.77,0,2.27,628,3,16555,21_04_39_13_01_2025,-5.22,1.52,-8.00,0.01,-0.00,-0.00
6546,1.78,0,2.27,629,3,16623,21_04_39_13_01_2025,-5.22,1.51,-8.00,0.01,-0.00,-0.00
6786,1.76,0,2.27,629,3,16714,21_04_40_13_01_2025,-5.22,1.52,-8.01,0.00,-0.00,-0.00
6518,1.78,0,2.27,629,3,16751,21_04_40_13_01_2025,-5.22,1.52,-8.00,0.01,-0.00,-0.00
6596,1.77,0,2.27,630,3,16819,21_04_40_13_01_2025,-5.22,1.51,-8.00,0.01,-0.00,-0.00
6567,1.78,0,2.27,628,3,16910,21_04_40_13_01_2025,-5.22,1.52,-8.00,0.00,-0.00,-0.00
6681,1.77,0,2.27,629,3,16948,21_04_40_13_01_2025,-5.22,1.52,-8.00,0.00,-0.00,-0.00
6511,1.78,0,2.27,630,3,17015,21_04_40_13_01_2025,-5.22,1.51,-8.00,0.00,-0.00,-0.00
6273,1.80,0,2.27,629,3,17107,21_04_40_13_01_2025,-5.22,1.52,-8.00,0.00,-0.00,-0.00
6484,1.78,0,2.27,630,3,17145,21_04_40_13_01_2025,-5.22,1.51,-8.00,0.00,-0.00,-0.00
6399,1.79,0,2.27,629,3,17212,21_04_40_13_01_2025,-5.22,1.51,-7.99,0.00,-0.00,-0.00
6150,1.81,0,2.27,630,3,17256,21_04_40_13_01_2025,-5.22,1.51,-8.00,0.00,-0.00,-0.00
6285,1.80,0,2.27,629,3,17318,21_04_40_13_01_2025,-5.22,1.52,-8.00,0.00,-0.00,-0.00
6345,1.79,0,2.27,629,3,17409,21_04_40_13_01_2025,-5.21,1.51,-7.99,0.00,-0.00,0.00
6325,1.79,0,2.27,629,3,17449,21_04_40_13_01_2025,-5.23,1.51,-7.99,0.00,-0.00,-0.00
6331,1.79,0,2.27,629,3,17514,21_04_40_13_01_2025,-5.23,1.51,-8.01,0.01,-0.00,-0.00
6213,1.80,0,2.27,629,3,17605,21_04_40_13_01_2025,-5.22,1.52,-8.00,0.01,-0.00,0.00
6185,1.80,0,2.27,629,3,17644,21_04_41_13_01_2025,-5.22,1.51,-8.02,0.01,-0.00,-0.00
6291,1.80,0,2.27,630,3,17711,21_04_41_13_01_2025,-5.22,1.51,-8.00,0.00,-0.00,-0.00
6223,1.80,0,2.27,629,3,17801,21_04_41_13_01_2025,-5.23,1.51,-8.00,0.00,-0.00,-0.00
6047,1.81,0,2.27,629,3,17842,21_04_41_13_01_2025,-5.22,1.51,-8.01,0.01,-0.00,-0.00
6315,1.79,0,2.27,629,3,17908,21_04_41_13_01_2025,-5.22,1.52,-7.98,0.00,-0.00,-0.00
6126,1.81,0,2.27,629,3,17997,21_04_41_13_01_2025,-5.20,1.52,-8.00,0.01,-0.00,0.00
6176,1.80,0,2.27,629,3,18036,21_04_41_13_01_2025,-5.23,1.50,-8.01,0.00,-0.00,-0.00
5991,1.82,0,2.27,629,3,18103,21_04_41_13_01_2025,-5.23,1.52,-7.99,0.00,-0.00,-0.00
6241,1.80,0,2.27,629,3,18194,21_04_41_13_01_2025,-5.21,1.51,-8.00,0.01,-0.00,-0.00
6345,1.79,0,2.27,629,3,18235,21_04_41_13_01_2025,-5.23,1.51,-8.00,0.00,-0.00,0.00
5796,1.83,0,2.27,629,3,18300,21_04_41_13_01_2025,-5.22,1.52,-8.00,0.01,-0.00,-0.00
6197,1.80,0,2.27,629,3,18390,21_04_41_13_01_2025,-5.21,1.51,-8.00,0.01,-0.00,-0.00
6116,1.81,0,2.27,629,3,18428,21_04_41_13_01_2025,-5.21,1.51,-8.00,0.01,-0.00,-0.00
6059,1.81,0,2.27,630,3,18496,21_04_41_13_01_2025,-5.22,1.51,-8.01,0.00,-0.00,-0.00
6019,1.82,0,2.27,629,3,18535,21_04_41_13_01_2025,-5.22,1.52,-7.98,0.00,-0.00,-0.00
5858,1.83,0,2.27,629,3,18602,21_04_41_13_01_2025,-5.21,1.52,-7.99,0.00,-0.00,-0.00
5752,1.84,0,2.27,629,3,18692,21_04_42_13_01_2025,-5.22,1.50,-8.00,0.00,-0.00,-0.00
5988,1.82,0,2.27,629,3,18730,21_04_42_13_01_2025,-5.22,1.53,-7.99,0.01,-0.00,0.00
6047,1.81,0,2.27,630,3,18799,21_04_42_13_01_2025,-5.22,1.51,-7.99,0.01,-0.00,0.00
5857,1.83,0,2.27,630,3,18888,21_04_42_13_01_2025,-5.22,1.51,-8.02,0.00,-0.00,-0.00
5730,1.84,0,2.27,629,3,18928,21_04_42_13_01_2025,-5.23,1.52,-7.98,0.00,-0.00,-0.00
6003,1.82,0,2.27,629,3,18995,21_04_42_13_01_2025,-5.20,1.51,-8.00,0.00,-0.00,0.00
5529,1.85,0,2.27,629,3,19085,21_04_42_13_01_2025,-5.22,1.51,-7.99,0.00,-0.00,-0.00
5579,1.85,0,2.27,628,3,19123,21_04_42_13_01_2025,-5.21,1.51,-8.00,0.01,-0.00,-0.00
5699,1.84,0,2.27,629,3,19191,21_04_42_13_01_2025,-5.21,1.52,-7.99,0.00,-0.00,-0.00
5761,1.84,0,2.27,629,3,19281,21_04_42_13_01_2025,-5.22,1.50,-7.99,0.00,-0.00,-0.00
5441,1.86,0,2.27,629,3,19320,21_04_42_13_01_2025,-5.21,1.52,-8.00,0.00,-0.00,0.00
5818,1.83,0,2.27,629,3,19387,21_04_42_13_01_2025,-5.23,1.52,-7.99,0.01,-0.00,-0.00
5645,1.85,0,2.27,630,3,19477,21_04_42_13_01_2025,-5.23,1.50,-8.01,0.01,-0.00,-0.00
5570,1.85,0,2.27,629,3,19516,21_04_42_13_01_2025,-5.22,1.52,-8.00,0.01,-0.00,-0.00
5861,1.83,0,2.27,629,3,19583,21_04_42_13_01_2025,-5.22,1.52,-7.99,0.00,-0.00,-0.00
5411,1.86,0,2.27,629,3,19675,21_04_43_13_01_2025,-5.22,1.51,-8.01,0.01,-0.00,-0.00
5484,1.86,0,2.27,629,3,19714,21_04_43_13_01_2025,-5.22,1.51,-8.00,0.00,-0.00,-0.00
5558,1.85,0,2.27,629,3,19780,21_04_43_13_01_2025,-5.21,1.52,-8.01,0.00,-0.00,-0.00
5619,1.85,0,2.27,629,3,19820,21_04_43_13_01_2025,-5.22,1.51,-8.00,0.01,-0.00,-0.00
5632,1.85,0,2.27,629,3,19886,21_04_43_13_01_2025,-5.23,1.50,-8.00,0.00,-0.00,0.00
5223,1.88,0,2.27,629,3,19976,21_04_43_13_01_2025,-5.22,1.51,-7.99,0.00,-0.00,-0.00
5213,1.88,0,2.27,629,3,20015,21_04_43_13_01_2025,-5.22,1.51,-7.99,0.00,-0.00,0.00
5296,1.87,0,2.27,629,3,20082,21_04_43_13_01_2025,-5.22,1.51,-8.00,0.00,-0.00,-0.00
5413,1.86,0,2.27,628,3,20172,21_04_43_13_01_2025,-5.24,1.52,-8.00,0.00,-0.00,-0.00
5413,1.86,0,2.27,630,3,20213,21_04_43_13_01_2025,-5.23,1.51,-8.01,0.01,-0.00,-0.00
5556,1.85,0,2.27,630,3,20279,21_04_43_13_01_2025,-5.21,1.51,-8.00,0.00,-0.00,0.00
5492,1.86,0,2.27,629,3,20369,21_04_43_13_01_2025,-5.22,1.52,-8.00,0.00,-0.00,-0.00
5066,1.89,0,2.27,629,3,20407,21_04_43_13_01_2025,-5.22,1.51,-8.00,0.00,-0.00,-0.00
5511,1.86,0,2.27,630,3,20475,21_04_43_13_01_2025,-5.24,1.50,-8.00,0.00,-0.00,-0.00
5563,1.85,0,2.27,629,3,20565,21_04_43_13_01_2025,-5.21,1.52,-7.99,0.00,-0.00,0.00
5415,1.86,0,2.27,629,3,20606,21_04_43_13_01_2025,-5.24,1.52,-8.00,0.01,-0.00,-0.00
5575,1.85,0,2.27,630,3,20672,21_04_44_13_01_2025,-5.23,1.51,-7.99,0.00,-0.00,-0.00
5555,1.85,0,2.27,629,3,20761,21_04_44_13_01_2025,-5.21,1.52,-8.01,0.00,-0.00,-0.00
5338,1.87,0,2.27,629,3,20799,21_04_44_13_01_2025,-5.22,1.53,-8.00,0.01,-0.00,-0.00
5315,1.87,0,2.27,629,3,20868,21_04_44_13_01_2025,-5.22,1.51,-8.00,0.01,-0.00,-0.00
5203,1.88,0,2.27,629,3,20958,21_04_44_13_01_2025,-5.23,1.51,-8.00,0.00,-0.00,0.00
5437,1.86,0,2.27,629,3,21000,21_04_44_13_01_2025,-5.21,1.52,-7.99,0.01,-0.00,-0.00
5116,1.89,0,2.27,629,3,21064,21_04_44_13_01_2025,-5.22,1.51,-8.00,0.01,-0.00,-0.00
5198,1.88,0,2.27,629,3,21102,21_04_44_13_01_2025,-5.22,1.51,-8.00,0.00,-0.00,0.00
5013,1.89,0,2.27,629,3,21170,21_04_44_13_01_2025,-5.21,1.52,-7.99,0.01,-0.00,-0.00
5022,1.89,0,2.27,629,3,21260,21_04_44_13_01_2025,-5.22,1.51,-8.00,0.00,-0.00,-0.00
4883,1.90,0,2.27,630,3,21299,21_04_44_13_01_2025,-5.21,1.52,-7.99,0.01,-0.00,-0.00
4880,1.90,0,2.27,628,3,21367,21_04_44_13_01_2025,-5.24,1.52,-7.99,0.01,-0.00,-0.00
5175,1.88,0,2.27,630,3,21456,21_04_44_13_01_2025,-5.22,1.52,-8.00,0.01,-0.00,-0.00
5161,1.88,0,2.27,629,3,21494,21_04_44_13_01_2025,-5.24,1.51,-8.00,0.00,-0.00,-0.00
5002,1.89,0,2.27,630,3,21562,21_04_44_13_01_2025,-5.21,1.51,-8.00,0.00,-0.00,-0.00
4996,1.89,0,2.27,629,3,21652,21_04_44_13_01_2025,-5.22,1.52,-7.99,0.00,-0.00,-0.00
4873,1.90,0,2.27,629,3,21691,21_04_45_13_01_2025,-5.21,1.51,-8.00,0.01,-0.00,-0.00
5013,1.89,0,2.27,629,3,21759,21_04_45_13_01_2025,-5.21,1.51,-7.99,0.00,-0.01,-0.00
4667,1.92,0,2.27,629,3,21849,21_04_45_13_01_2025,-5.22,1.52,-7.99,0.01,-0.00,-0.00
4900,1.90,0,2.27,629,3,21887,21_04_45_13_01_2025,-5.22,1.51,-8.01,0.01,-0.00,-0.00
4928,1.90,0,2.27,630,3,21955,21_04_45_13_01_2025,-5.23,1.50,-8.00,0.00,-0.00,-0.00
4957,1.90,0,2.27,629,3,22045,21_04_45_13_01_2025,-5.21,1.51,-8.00,0.01,-0.00,-0.00
4914,1.90,0,2.27,630,3,22083,21_04_45_13_01_2025,-5.23,1.51,-8.00,0.00,-0.00,-0.00
4871,1.90,0,2.27,629,3,22151,21_04_45_13_01_2025,-5.21,1.52,-8.00,0.00,-0.00,-0.00
4935,1.90,0,2.27,629,3,22243,21_04_45_13_01_2025,-5.21,1.51,-7.99,0.01,-0.00,-0.00
4834,1.91,0,2.27,630,3,22281,21_04_45_13_01_2025,-5.23,1.50,-8.00,0.00,-0.00,-0.00
4737,1.91,0,2.27,629,3,22348,21_04_45_13_01_2025,-5.21,1.51,-8.00,0.00,-0.00,-0.00
5046,1.89,0,2.27,627,3,22387,21_04_45_13_01_2025,-5.23,1.51,-7.99,0.01,-0.00,-0.00
4768,1.91,0,2.27,630,3,22453,21_04_45_13_01_2025,-5.22,1.52,-7.98,0.01,-0.00,-0.00
4866,1.90,0,2.27,630,3,22544,21_04_45_13_01_2025,-5.21,1.50,-8.00,0.01,-0.00,-0.00
5045,1.89,0,2.27,629,3,22582,21_04_45_13_01_2025,-5.22,1.52,-7.99,0.01,-0.00,-0.00
4804,1.91,0,2.27,630,3,22651,21_04_45_13_01_2025,-5.22,1.51,-8.00,0.01,-0.00,-0.00
4718,1.92,0,2.27,629,3,22741,21_04_46_13_01_2025,-5.22,1.51,-8.01,0.00,-0.00,-0.00
4778,1.91,0,2.27,629,3,22780,21_04_46_13_01_2025,-5.22,1.51,-7.99,0.01,-0.00,-0.00
4880,1.90,0,2.27,630,3,22846,21_04_46_13_01_2025,-5.22,1.50,-8.01,0.00,-0.00,-0.00
4591,1.92,0,2.27,630,3,22936,21_04_46_13_01_2025,-5.22,1.51,-7.99,0.01,-0.00,-0.00
4607,1.92,0,2.27,629,3,22978,21_04_46_13_01_2025,-5.21,1.51,-8.00,0.01,-0.00,-0.00
4574,1.93,0,2.27,629,3,23043,21_04_46_13_01_2025,-5.21,1.51,-8.00,0.00,-0.00,-0.00
4329,1.94,0,2.27,630,3,23132,21_04_46_13_01_2025,-5.22,1.51,-8.00,0.00,-0.00,-0.00
4360,1.94,0,2.27,629,3,23171,21_04_46_13_01_2025,-5.21,1.51,-7.99,0.01,-0.00,-0.00
4871,1.90,0,2.27,629,3,23239,21_04_46_13_01_2025,-5.22,1.51,-8.00,0.01,-0.00,-0.00
4492,1.93,0,2.27,629,3,23329,21_04_46_13_01_2025,-5.23,1.52,-8.01,0.01,-0.00,-0.00
4729,1.91,0,2.27,629,3,23371,21_04_46_13_01_2025,-5.21,1.51,-7.99,0.00,-0.00,-0.00
4331,1.94,0,2.27,630,3,23435,21_04_46_13_01_2025,-5.21,1.53,-7.99,0.00,-0.00,-0.00
4504,1.93,0,2.27,629,3,23527,21_04_46_13_01_2025,-5.22,1.51,-8.00,0.01,-0.00,-0.00
4771,1.91,0,2.27,630,3,23565,21_04_46_13_01_2025,-5.22,1.52,-7.99,0.00,-0.00,-0.00
4670,1.92,0,2.27,629,3,23632,21_04_46_13_01_2025,-5.22,1.53,-8.00,0.01,-0.00,-0.00
4505,1.93,0,2.27,629,3,23672,21_04_47_13_01_2025,-5.22,1.50,-8.00,0.00,-0.00,-0.00
4502,1.93,0,2.27,629,3,23738,21_04_47_13_01_2025,-5.22,1.51,-7.99,0.01,-0.00,-0.00
4635,1.92,0,2.27,629,3,23828,21_04_47_13_01_2025,-5.21,1.51,-7.99,0.00,-0.00,-0.00
4342,1.94,0,2.27,630,3,23867,21_04_47_13_01_2025,-5.22,1.51,-8.01,0.00,-0.00,0.00
4266,1.95,0,2.27,629,3,23933,21_04_47_13_01_2025,-5.22,1.51,-8.01,0.00,-0.00,0.00
4346,1.94,0,2.27,629,3,24024,21_04_47_13_01_2025,-5.21,1.52,-7.99,0.01,-0.00,-0.00
4609,1.92,0,2.27,629,3,24063,21_04_47_13_01_2025,-5.22,1.51,-8.00,0.01,-0.00,-0.00
4271,1.95,0,2.27,629,3,24130,21_04_47_13_01_2025,-5.22,1.51,-8.01,0.01,-0.00,0.00
4336,1.94,0,2.27,629,3,24221,21_04_47_13_01_2025,-5.21,1.52,-7.99,0.00,-0.00,-0.00
4407,1.94,0,2.27,630,3,24259,21_04_47_13_01_2025,-5.23,1.51,-8.00,0.01,-0.00,-0.00
4407,1.94,0,2.27,629,3,24326,21_04_47_13_01_2025,-5.22,1.50,-8.00,0.00,-0.00,-0.00
4177,1.96,0,2.27,629,3,24416,21_04_47_13_01_2025,-5.23,1.52,-7.99,0.00,-0.00,-0.00
4284,1.95,0,2.27,628,3,24455,21_04_47_13_01_2025,-5.22,1.51,-8.00,0.00,-0.00,-0.00
4279,1.95,0,2.27,629,3,24523,21_04_47_13_01_2025,-5.22,1.51,-7.99,0.00,-0.00,-0.00
4226,1.95,0,2.27,630,3,24613,21_04_47_13_01_2025,-5.23,1.52,-8.00,0.00,-0.00,0.00
4042,1.97,0,2.27,629,3,24651,21_04_48_13_01_2025,-5.22,1.51,-8.00,0.01,-0.00,-0.00
4089,1.96,0,2.27,628,3,24720,21_04_48_13_01_2025,-5.22,1.51,-8.01,0.01,-0.00,0.00
3883,1.98,0,2.27,629,3,24810,21_04_48_13_01_2025,-5.22,1.51,-8.00,0.01,-0.00,-0.00
4115,1.96,0,2.27,629,3,24849,21_04_48_13_01_2025,-5.22,1.51,-8.00,0.01,-0.00,-0.00
4269,1.95,0,2.27,629,3,24916,21_04_48_13_01_2025,-5.22,1.52,-8.00,0.00,-0.00,-0.00
4077,1.96,0,2.27,629,3,24956,21_04_48_13_01_2025,-5.21,1.52,-7.99,0.00,-0.00,-0.00
3877,1.98,0,2.27,629,3,25022,21_04_48_13_01_2025,-5.20,1.51,-7.99,0.01,-0.00,-0.00
4262,1.95,0,2.27,629,3,25112,21_04_48_13_01_2025,-5.20,1.51,-7.99,0.01,-0.00,-0.00
4209,1.95,0,2.27,629,3,25153,21_04_48_13_01_2025,-5.22,1.51,-8.00,0.00,-0.00,-0.00
4036,1.97,0,2.27,629,3,25218,21_04_48_13_01_2025,-5.22,1.52,-7.99,0.00,-0.00,-0.00
4132,1.96,0,2.27,630,3,25308,21_04_48_13_01_2025,-5.22,1.50,-7.99,0.01,-0.00,-0.00
4066,1.96,0,2.27,630,3,25348,21_04_48_13_01_2025,-5.22,1.52,-8.00,0.01,-0.00,-0.00
4074,1.96,0,2.27,629,3,25415,21_04_48_13_01_2025,-5.23,1.51,-7.98,0.00,-0.00,-0.00
3854,1.98,0,2.27,629,3,25505,21_04_48_13_01_2025,-5.22,1.51,-8.01,0.00,-0.00,-0.00
3982,1.97,0,2.27,630,3,25545,21_04_48_13_01_2025,-5.22,1.52,-7.98,0.00,-0.00,-0.00
3650,2.00,0,2.27,629,3,25611,21_04_48_13_01_2025,-5.21,1.52,-8.01,0.01,-0.00,-0.00
3938,1.97,0,2.27,630,3,25701,21_04_49_13_01_2025,-5.22,1.50,-8.00,0.01,-0.00,-0.00
3933,1.97,0,2.27,630,3,25742,21_04_49_13_01_2025,-5.21,1.52,-8.00,0.00,-0.00,0.00
4068,1.96,0,2.27,629,3,25807,21_04_49_13_01_2025,-5.22,1.51,-8.00,0.01,-0.00,-0.00
3804,1.98,0,2.27,629,3,25897,21_04_49_13_01_2025,-5.23,1.51,-7.99,0.00,-0.00,-0.00
3966,1.97,0,2.27,629,3,25937,21_04_49_13_01_2025,-5.21,1.50,-8.00,0.00,-0.00,-0.00
4085,1.96,0,2.27,630,3,26003,21_04_49_13_01_2025,-5.21,1.52,-7.99,0.00,-0.00,0.00
3712,1.99,0,2.27,630,3,26095,21_04_49_13_01_2025,-5.22,1.52,-7.98,0.01,-0.00,-0.00
4063,1.96,0,2.27,629,3,26136,21_04_49_13_01_2025,-5.21,1.50,-7.99,0.00,-0.00,-0.00
4146,1.96,0,2.27,628,3,26199,21_04_49_13_01_2025,-5.23,1.53,-7.99,0.00,-0.00,0.00
3505,2.01,0,2.27,629,3,26239,21_04_49_13_01_2025,-5.21,1.51,-8.00,0.01,-0.00,-0.00
3882,1.98,0,2.27,629,3,26305,21_04_49_13_01_2025,-5.22,1.50,-8.02,0.00,-0.00,-0.00
3820,1.98,0,2.27,630,3,26395,21_04_49_13_01_2025,-5.23,1.52,-7.99,0.00,-0.00,-0.00
3896,1.98,0,2.27,629,3,26436,21_04_49_13_01_2025,-5.21,1.50,-8.01,0.01,-0.00,-0.00
3738,1.99,0,2.27,629,3,26502,21_04_49_13_01_2025,-5.23,1.50,-8.01,0.00,-0.00,-0.00
3461,2.01,0,2.27,630,3,26592,21_04_49_13_01_2025,-5.22,1.53,-7.99,0.00,-0.00,-0.00
3821,1.98,0,2.27,629,3,26633,21_04_50_13_01_2025,-5.22,1.50,-8.02,0.01,-0.00,-0.00
3375,2.02,0,2.27,629,3,26698,21_04_50_13_01_2025,-5.24,1.51,-7.99,0.01,-0.00,0.00
3540,2.00,0,2.27,629,3,26789,21_04_50_13_01_2025,-5.22,1.53,-7.99,0.00,-0.00,-0.00
3504,2.01,0,2.27,629,3,26830,21_04_50_13_01_2025,-5.23,1.52,-7.99,0.00,-0.00,-0.00
3502,2.01,0,2.27,629,3,26894,21_04_50_13_01_2025,-5.24,1.53,-8.00,0.00,-0.00,-0.00
3502,2.01,0,2.27,629,3,26985,21_04_50_13_01_2025,-5.20,1.51,-8.01,0.00,-0.00,0.00
3462,2.01,0,2.27,629,3,27024,21_04_50_13_01_2025,-5.23,1.53,-7.98,0.01,-0.00,-0.00
3428,2.01,0,2.27,629,3,27091,21_04_50_13_01_2025,-5.21,1.51,-8.00,0.01,-0.00,0.00
3404,2.01,0,2.27,630,3,27180,21_04_50_13_01_2025,-5.21,1.51,-8.01,0.01,-0.00,0.00
3280,2.02,0,2.27,630,3,27221,21_04_50_13_01_2025,-5.21,1.53,-7.99,0.01,-0.00,-0.00
3326,2.02,0,2.27,629,3,27287,21_04_50_13_01_2025,-5.21,1.51,-8.01,0.00,-0.00,0.00
3466,2.01,0,2.27,629,3,27378,21_04_50_13_01_2025,-5.23,1.52,-7.99,0.00,-0.00,-0.00
3358,2.02,0,2.27,629,3,27418,21_04_50_13_01_2025,-5.21,1.52,-8.01,0.00,-0.00,-0.00
3469,2.01,0,2.27,630,3,27484,21_04_50_13_01_2025,-5.22,1.51,-8.01,0.01,-0.00,-0.00
3069,2.04,0,2.27,630,3,27524,21_04_50_13_01_2025,-5.22,1.51,-7.99,0.01,-0.00,-0.00
3357,2.02,0,2.27,629,3,27589,21_04_50_13_01_2025,-5.20,1.51,-8.02,0.01,-0.00,-0.00
3126,2.04,0,2.27,629,3,27679,21_04_51_13_01_2025,-5.22,1.51,-8.00,0.01,-0.00,-0.00
3496,2.01,0,2.27,630,3,27720,21_04_51_13_01_2025,-5.20,1.51,-8.00,0.00,-0.00,-0.00
3008,2.04,0,2.27,629,3,27786,21_04_51_13_01_2025,-5.22,1.51,-8.00,0.00,-0.00,-0.00
3190,2.03,0,2.27,629,3,27876,21_04_51_13_01_2025,-5.22,1.52,-7.99,0.01,-0.00,-0.00
3239,2.03,0,2.27,629,3,27917,21_04_51_13_01_2025,-5.22,1.51,-8.00,0.00,-0.00,0.00
3070,2.04,0,2.27,629,3,27982,21_04_51_13_01_2025,-5.22,1.52,-8.00,0.01,-0.00,-0.00
3327,2.02,0,2.27,629,3,28072,21_04_51_13_01_2025,-5.23,1.51,-8.00,0.00,-0.00,-0.00
3282,2.02,0,2.27,629,3,28113,21_04_51_13_01_2025,-5.22,1.52,-8.00,0.00,-0.00,-0.00
3187,2.03,0,2.27,629,3,28178,21_04_51_13_01_2025,-5.22,1.52,-7.99,0.00,-0.00,0.00
3443,2.01,0,2.27,629,3,28269,21_04_51_13_01_2025,-5.21,1.51,-8.01,0.00,-0.00,-0.00
3169,2.03,0,2.27,629,3,28309,21_04_51_13_01_2025,-5.23,1.52,-8.00,0.00,-0.00,-0.00
3069,2.04,0,2.27,629,3,28375,21_04_51_13_01_2025,-5.22,1.52,-8.01,0.00,-0.00,-0.00
3052,2.04,0,2.27,629,3,28464,21_04_51_13_01_2025,-5.21,1.52,-8.01,0.00,-0.00,-0.00
3126,2.04,0,2.27,629,3,28505,21_04_51_13_01_2025,-5.22,1.52,-8.00,0.01,-0.00,-0.00
2977,2.05,0,2.27,630,3,28571,21_04_51_13_01_2025,-5.22,1.51,-8.00,0.01,-0.00,-0.00
3124,2.04,0,2.27,629,3,28662,21_04_51_13_01_2025,-5.23,1.52,-8.01,0.00,-0.00,0.00
3176,2.03,0,2.27,630,3,28702,21_04_52_13_01_2025,-5.19,1.60,-7.98,0.00,-0.00,-0.00
3104,2.04,0,2.27,629,3,28767,21_04_52_13_01_2025,-5.20,1.45,-8.01,0.01,-0.00,-0.00
3000,2.05,0,2.27,629,3,28811,21_04_52_13_01_2025,-5.21,1.50,-7.98,0.00,-0.00,0.00
3096,2.04,0,2.27,630,3,28874,21_04_52_13_01_2025,-5.23,1.53,-8.00,0.00,-0.00,0.00
3019,2.04,0,2.27,629,3,28963,21_04_52_13_01_2025,-4.93,1.51,-7.84,0.00,-0.00,0.01
3035,2.04,0,2.27,629,3,29003,21_04_52_13_01_2025,-5.21,1.59,-7.98,-0.01,-0.00,0.00
2907,2.05,0,2.27,629,3,29070,21_04_52_13_01_2025,-5.21,1.53,-8.05,-0.00,-0.00,0.00
3078,2.04,0,2.27,630,3,29160,21_04_52_13_01_2025,-4.75,1.64,-7.42,0.19,0.07,0.02
2644,2.07,0,2.27,630,3,29205,21_04_52_13_01_2025,-5.49,1.49,-8.44,0.04,-0.00,-0.01
3001,2.05,0,2.27,629,3,29265,21_04_52_13_01_2025,-5.17,1.54,-7.96,-0.00,-0.01,-0.00
3033,2.04,0,2.27,629,3,29356,21_04_52_13_01_2025,-5.25,1.50,-8.04,0.01,-0.01,-0.01
3091,2.04,0,2.27,630,3,29397,21_04_52_13_01_2025,-5.20,1.46,-7.98,0.00,-0.00,-0.00
3098,2.04,0,2.27,630,3,29463,21_04_52_13_01_2025,-5.18,1.49,-7.95,-0.00,-0.00,0.00
3113,2.04,0,2.27,629,3,29553,21_04_52_13_01_2025,-5.12,1.47,-7.96,0.01,-0.01,-0.00
3638,2.00,0,2.27,630,3,29596,21_04_52_13_01_2025,-5.22,1.47,-7.96,0.00,-0.00,-0.00
3474,2.01,0,2.27,629,3,29658,21_04_53_13_01_2025,-5.28,1.48,-8.08,0.01,-0.00,-0.00
3335,2.02,0,2.27,629,3,29749,21_04_53_13_01_2025,-5.15,1.49,-8.01,0.01,0.00,-0.00
3727,1.99,0,2.27,629,3,29789,21_04_53_13_01_2025,-5.25,1.48,-8.02,0.01,-0.00,-0.00
3869,1.98,0,2.27,629,3,29855,21_04_53_13_01_2025,-5.19,1.49,-8.03,0.01,-0.00,-0.00
4046,1.97,0,2.27,630,3,29946,21_04_53_13_01_2025,-5.34,1.36,-8.09,0.03,-0.00,-0.01
4712,1.92,0,2.27,630,3,29986,21_04_53_13_01_2025,-5.17,1.44,-8.02,0.00,-0.01,-0.01
4712,1.92,0,2.27,630,3,30051,21_04_53_13_01_2025,-5.17,1.41,-8.03,-0.02,0.01,-0.07
5002,1.89,0,2.27,630,3,30091,21_04_53_13_01_2025,-5.22,1.47,-7.96,-0.01,0.01,-0.04
5404,1.86,0,2.27,630,3,30158,21_04_53_13_01_2025,-5.23,1.36,-8.02,-0.05,0.01,-0.09
6023,1.82,0,2.27,630,3,30248,21_04_53_13_01_2025,-5.18,1.47,-7.99,0.01,-0.00,-0.00
8388,1.64,0,2.27,630,3,30288,21_04_53_13_01_2025,-5.04,1.68,-8.07,0.04,-0.02,0.09
10692,1.46,0,2.27,629,3,30353,21_04_53_13_01_2025,-5.31,1.20,-8.00,0.06,-0.02,0.11
13800,1.23,0,2.27,630,3,30443,21_04_53_13_01_2025,-5.22,1.53,-7.98,0.00,-0.00,-0.00
14856,1.15,0,2.27,630,3,30484,21_04_53_13_01_2025,-5.24,1.49,-8.01,-0.00,0.00,-0.02
15247,1.12,0,2.27,629,3,30550,21_04_53_13_01_2025,-5.19,1.36,-8.03,-0.01,0.00,-0.03
15265,1.12,0,2.27,629,3,30640,21_04_53_13_01_2025,-5.22,1.55,-7.99,-0.02,0.00,-0.04
15442,1.10,0,2.27,630,3,30680,21_04_54_13_01_2025,-5.18,1.49,-8.04,0.00,-0.00,-0.01
15659,1.09,0,2.27,629,3,30746,21_04_54_13_01_2025,-5.20,1.51,-8.00,0.01,-0.00,-0.01
15716,1.08,0,2.27,629,3,30836,21_04_54_13_01_2025,-5.17,1.57,-8.02,0.01,-0.00,-0.01
15723,1.08,0,2.27,628,3,30877,21_04_54_13_01_2025,-5.22,1.47,-8.00,0.01,-0.00,-0.00
16037,1.06,0,2.27,630,3,30942,21_04_54_13_01_2025,-5.16,1.69,-8.01,0.02,-0.01,0.03
15720,1.08,0,2.27,629,3,31033,21_04_54_13_01_2025,-5.24,1.38,-8.00,0.03,-0.01,0.03
15878,1.07,0,2.27,630,3,31073,21_04_54_13_01_2025,-5.21,1.49,-8.02,0.00,-0.01,-0.01
15754,1.08,0,2.27,630,3,31139,21_04_54_13_01_2025,-5.02,1.85,-8.04,0.08,-0.02,0.11
13956,1.22,0,2.27,630,3,31230,21_04_54_13_01_2025,-5.29,1.22,-8.01,0.02,-0.01,0.01
14756,1.15,0,2.27,630,3,31271,21_04_54_13_01_2025,-5.22,1.48,-8.01,-0.00,-0.00,-0.00
14876,1.15,0,2.27,630,3,31335,21_04_54_13_01_2025,-5.16,1.57,-8.03,0.02,-0.01,0.02
15086,1.13,0,2.27,630,3,31376,21_04_54_13_01_2025,-5.21,1.47,-8.02,0.01,-0.01,0.00
15149,1.13,0,2.27,629,3,31442,21_04_54_13_01_2025,-5.22,1.43,-8.01,-0.02,0.00,-0.04
15494,1.10,0,2.27,629,3,31532,21_04_54_13_01_2025,-5.19,1.59,-8.00,-0.02,0.01,-0.06
15763,1.08,0,2.27,630,3,31575,21_04_54_13_01_2025,-5.22,1.48,-8.00,0.01,-0.01,-0.00
15854,1.07,0,2.27,630,3,31637,21_04_54_13_01_2025,-5.20,1.47,-8.01,0.01,-0.00,-0.00
15616,1.09,0,2.27,629,3,31727,21_04_55_13_01_2025,-5.20,1.48,-8.01,0.00,-0.00,0.00
16063,1.06,0,2.27,629,3,31767,21_04_55_13_01_2025,-5.22,1.34,-8.02,-0.00,0.00,-0.01
16059,1.06,0,2.27,630,3,31835,21_04_55_13_01_2025,-5.18,1.51,-8.03,-0.02,0.01,-0.07
