-8085,2.89,1473,2.16,649,3,12130,10_05_51_14_01_2025,0.68,9.61,-0.69,-0.01,-1.30,0.67
-8035,2.88,1342,2.17,649,3,12180,10_05_51_14_01_2025,0.68,9.60,-0.73,0.00,-0.00,-0.00
-8297,2.90,1553,2.16,649,3,12220,10_05_51_14_01_2025,0.66,9.61,-0.71,0.00,-0.00,-0.00
-8110,2.89,1401,2.17,649,3,12261,10_05_51_14_01_2025,0.71,9.61,-0.70,0.00,-0.00,-0.00
-8248,2.90,1386,2.17,649,3,12301,10_05_51_14_01_2025,0.65,9.61,-0.75,0.01,-0.00,-0.00
-8024,2.88,1173,2.18,649,3,12341,10_05_51_14_01_2025,0.68,9.61,-0.71,0.00,-0.00,0.00
-8184,2.89,1409,2.17,649,3,12385,10_05_51_14_01_2025,0.69,9.61,-0.72,0.01,-0.00,-0.00
-8193,2.89,1270,2.18,649,3,12425,10_05_51_14_01_2025,0.65,9.61,-0.72,0.00,-0.00,-0.00
-7926,2.87,1202,2.18,649,3,12466,10_05_51_14_01_2025,0.70,9.61,-0.70,0.01,-0.00,-0.00
-8192,2.89,1342,2.17,649,3,12507,10_05_51_14_01_2025,0.66,9.60,-0.72,0.00,-0.00,-0.00
-8141,2.89,1422,2.16,649,3,12547,10_05_51_14_01_2025,0.68,9.61,-0.70,0.00,-0.00,-0.00
-8162,2.89,1490,2.16,649,3,12588,10_05_51_14_01_2025,0.69,9.61,-0.70,0.00,-0.00,-0.00
-8004,2.88,1307,2.17,648,3,12631,10_05_51_14_01_2025,0.65,9.61,-0.72,0.01,-0.00,0.00
-8096,2.89,1286,2.18,649,3,12672,10_05_51_14_01_2025,0.69,9.61,-0.70,0.01,-0.00,-0.00
-8173,2.89,1354,2.17,649,3,12713,10_05_51_14_01_2025,0.65,9.60,-0.73,0.00,-0.00,-0.00
-8118,2.89,1426,2.16,649,3,12755,10_05_51_14_01_2025,0.67,9.61,-0.68,0.00,-0.00,-0.00
-8042,2.88,1159,2.18,648,3,12796,10_05_52_14_01_2025,0.68,9.61,-0.71,0.01,-0.00,-0.00
-8117,2.89,1433,2.16,649,3,12837,10_05_52_14_01_2025,0.66,9.61,-0.71,0.00,-0.00,-0.00
-8080,2.88,1086,2.19,649,3,12880,10_05_52_14_01_2025,0.68,9.62,-0.70,0.00,-0.00,-0.00
-8146,2.89,1453,2.16,650,3,12921,10_05_52_14_01_2025,0.66,9.61,-0.71,0.00,-0.00,-0.00
-8266,2.90,1328,2.17,649,3,12962,10_05_52_14_01_2025,0.67,9.62,-0.70,0.00,-0.00,-0.00
-8098,2.89,1226,2.18,649,3,13003,10_05_52_14_01_2025,0.67,9.62,-0.71,0.00,-0.00,-0.00
-8176,2.89,1392,2.17,648,3,13044,10_05_52_14_01_2025,0.67,9.60,-0.71,0.00,-0.00,-0.00
-8114,2.89,1219,2.18,649,3,13084,10_05_52_14_01_2025,0.67,9.62,-0.71,0.01,-0.00,-0.00
-8254,2.90,1253,2.18,649,3,13128,10_05_52_14_01_2025,0.66,9.60,-0.70,0.00,-0.00,0.00
-8178,2.89,1356,2.17,649,3,13168,10_05_52_14_01_2025,0.68,9.61,-0.70,0.00,-0.00,-0.00
-8128,2.89,1267,2.18,649,3,13208,10_05_52_14_01_2025,0.67,9.61,-0.71,0.00,-0.00,-0.00
-7959,2.88,1438,2.16,649,3,13249,10_05_52_14_01_2025,0.67,9.61,-0.70,0.00,-0.00,0.00
-8185,2.89,1553,2.16,649,3,13289,10_05_52_14_01_2025,0.67,9.63,-0.70,0.01,-0.00,-0.00
-8073,2.88,1449,2.16,649,3,13330,10_05_52_14_01_2025,0.66,9.61,-0.70,0.01,-0.00,-0.00
-8159,2.89,1367,2.17,649,3,13374,10_05_52_14_01_2025,0.68,9.61,-0.70,0.00,-0.00,-0.00
-8102,2.89,1358,2.17,649,3,13414,10_05_52_14_01_2025,0.67,9.61,-0.70,0.01,-0.00,-0.00
-8043,2.88,1236,2.18,649,3,13455,10_05_52_14_01_2025,0.68,9.62,-0.69,0.00,-0.00,0.00
-8043,2.88,1244,2.18,649,3,13496,10_05_52_14_01_2025,0.67,9.61,-0.70,0.00,-0.00,-0.00
-8216,2.90,1320,2.17,649,3,13537,10_05_52_14_01_2025,0.67,9.61,-0.70,0.01,-0.00,-0.00
-8108,2.89,1221,2.18,648,3,13578,10_05_52_14_01_2025,0.68,9.61,-0.70,0.00,-0.00,-0.00
-8059,2.88,1278,2.18,649,3,13621,10_05_52_14_01_2025,0.67,9.61,-0.71,0.00,-0.00,-0.00
-8127,2.89,1187,2.18,650,3,13661,10_05_52_14_01_2025,0.67,9.62,-0.70,0.01,-0.00,-0.00
-8138,2.89,1255,2.18,649,3,13703,10_05_52_14_01_2025,0.67,9.61,-0.70,0.01,-0.00,0.00
-8162,2.89,1218,2.18,649,3,13743,10_05_52_14_01_2025,0.67,9.60,-0.70,0.00,-0.00,-0.00
-8063,2.88,1311,2.17,648,3,13784,10_05_52_14_01_2025,0.68,9.62,-0.69,0.00,-0.00,-0.00
-8141,2.89,1260,2.18,648,3,13825,10_05_53_14_01_2025,0.67,9.62,-0.70,0.00,-0.00,0.00
-8158,2.89,1196,2.18,649,3,13868,10_05_53_14_01_2025,0.67,9.61,-0.70,0.00,-0.00,0.00
-8054,2.88,1318,2.17,649,3,13909,10_05_53_14_01_2025,0.67,9.61,-0.69,0.01,-0.00,-0.00
-8106,2.89,1331,2.17,649,3,13950,10_05_53_14_01_2025,0.68,9.61,-0.71,0.00,-0.00,-0.00
-8141,2.89,1132,2.19,649,3,13991,10_05_53_14_01_2025,0.67,9.61,-0.70,0.00,-0.00,-0.00
-8085,2.89,1225,2.18,649,3,14031,10_05_53_14_01_2025,0.67,9.61,-0.70,0.00,-0.00,-0.00
-8224,2.90,1308,2.17,649,3,14072,10_05_53_14_01_2025,0.68,9.61,-0.70,0.01,-0.00,-0.00
-8137,2.89,1261,2.18,648,3,14115,10_05_53_14_01_2025,0.68,9.61,-0.70,0.00,-0.00,-0.00
-8180,2.89,1398,2.17,649,3,14156,10_05_53_14_01_2025,0.67,9.61,-0.70,0.00,-0.00,-0.00
-7989,2.88,1263,2.18,648,3,14196,10_05_53_14_01_2025,0.68,9.62,-0.69,0.00,-0.00,-0.00
-8235,2.90,1221,2.18,649,3,14237,10_05_53_14_01_2025,0.67,9.61,-0.70,0.01,-0.00,-0.00
-8101,2.89,1295,2.17,649,3,14278,10_05_53_14_01_2025,0.67,9.60,-0.70,0.01,-0.00,-0.00
-8249,2.90,1387,2.17,648,3,14318,10_05_53_14_01_2025,0.66,9.61,-0.70,0.01,-0.00,-0.00
-8148,2.89,1150,2.19,648,3,14362,10_05_53_14_01_2025,0.67,9.61,-0.70,0.00,-0.00,-0.00
-8135,2.89,1066,2.19,649,3,14402,10_05_53_14_01_2025,0.68,9.61,-0.69,0.01,-0.00,0.00
-8277,2.90,1229,2.18,649,3,14442,10_05_53_14_01_2025,0.67,9.61,-0.70,0.00,-0.00,-0.00
-8117,2.89,1355,2.17,649,3,14484,10_05_53_14_01_2025,0.68,9.61,-0.70,0.00,-0.00,-0.00
-8152,2.89,1098,2.19,649,3,14524,10_05_53_14_01_2025,0.67,9.62,-0.71,0.01,-0.00,-0.00
-8092,2.89,1237,2.18,649,3,14567,10_05_53_14_01_2025,0.66,9.61,-0.69,0.01,-0.00,-0.00
-8245,2.90,1252,2.18,649,3,14608,10_05_53_14_01_2025,0.67,9.61,-0.70,0.00,-0.00,-0.00
-7988,2.88,1389,2.17,649,3,14648,10_05_53_14_01_2025,0.67,9.61,-0.71,0.00,-0.00,-0.00
-8194,2.89,1211,2.18,649,3,14689,10_05_53_14_01_2025,0.68,9.62,-0.70,0.00,-0.00,-0.00
-8375,2.91,1344,2.17,649,3,14730,10_05_53_14_01_2025,0.67,9.62,-0.70,0.01,-0.00,-0.00
-8169,2.89,1220,2.18,649,3,14770,10_05_53_14_01_2025,0.67,9.60,-0.70,0.00,-0.00,-0.00
-8022,2.88,954,2.20,649,3,14814,10_05_54_14_01_2025,0.67,9.62,-0.70,0.01,-0.00,-0.00
-8166,2.89,1280,2.18,648,3,14855,10_05_54_14_01_2025,0.68,9.61,-0.70,0.00,-0.00,-0.00
-8092,2.89,1208,2.18,649,3,14895,10_05_54_14_01_2025,0.67,9.62,-0.70,0.00,-0.00,-0.00
-8216,2.90,1095,2.19,648,3,14937,10_05_54_14_01_2025,0.68,9.62,-0.70,0.00,-0.00,-0.00
-8204,2.89,1310,2.17,649,3,14977,10_05_54_14_01_2025,0.67,9.61,-0.71,0.00,-0.00,-0.00
-8025,2.88,1172,2.18,649,3,15018,10_05_54_14_01_2025,0.68,9.61,-0.69,0.00,-0.00,-0.00
-8048,2.88,1262,2.18,649,3,15061,10_05_54_14_01_2025,0.67,9.62,-0.70,0.00,-0.00,-0.00
-7938,2.87,1101,2.19,649,3,15102,10_05_54_14_01_2025,0.68,9.62,-0.70,0.00,-0.00,-0.00
-8175,2.89,1447,2.16,648,3,15144,10_05_54_14_01_2025,0.67,9.62,-0.70,0.00,-0.00,-0.00
-8167,2.89,1173,2.18,649,3,15184,10_05_54_14_01_2025,0.67,9.61,-0.70,0.01,-0.00,-0.00
-8189,2.89,1364,2.17,648,3,15225,10_05_54_14_01_2025,0.67,9.61,-0.71,0.00,-0.00,-0.00
-8101,2.89,1095,2.19,649,3,15266,10_05_54_14_01_2025,0.66,9.61,-0.69,0.00,-0.00,-0.00
-7981,2.88,1103,2.19,649,3,15309,10_05_54_14_01_2025,0.68,9.61,-0.69,0.00,-0.00,-0.00
-8013,2.88,1249,2.18,649,3,15351,10_05_54_14_01_2025,0.67,9.61,-0.70,0.01,-0.00,-0.00
-7978,2.88,1316,2.17,648,3,15391,10_05_54_14_01_2025,0.68,9.61,-0.70,0.00,-0.00,-0.00
-7919,2.87,1308,2.17,649,3,15431,10_05_54_14_01_2025,0.71,9.60,-0.70,0.00,-0.00,-0.00
-8218,2.90,1406,2.17,649,3,15473,10_05_54_14_01_2025,0.66,9.63,-0.71,0.00,-0.00,-0.00
-8374,2.91,1067,2.19,649,3,15513,10_05_54_14_01_2025,0.68,9.62,-0.73,0.00,-0.00,-0.00
-8106,2.89,2428,2.09,649,3,15556,10_05_54_14_01_2025,0.68,9.60,-0.69,0.01,-0.00,-0.00
-8099,2.89,2461,2.09,649,3,15598,10_05_54_14_01_2025,0.65,9.58,-0.70,0.01,-0.01,0.00
-8087,2.89,1914,2.13,648,3,15638,10_05_54_14_01_2025,0.75,9.60,-0.70,0.00,-0.00,-0.00
-7969,2.88,1222,2.18,649,3,15679,10_05_54_14_01_2025,0.58,9.61,-0.69,0.00,0.00,-0.00
-8081,2.88,204,2.26,648,3,15719,10_05_54_14_01_2025,0.73,9.59,-0.70,0.00,-0.00,0.00
-8009,2.88,77,2.27,648,3,15760,10_05_54_14_01_2025,0.68,9.62,-0.69,0.01,-0.01,-0.00
-8041,2.88,-134,2.28,648,3,15804,10_05_55_14_01_2025,0.61,9.58,-0.71,0.00,-0.00,0.00
-8152,2.89,-26,2.27,649,3,15844,10_05_55_14_01_2025,0.69,9.60,-0.70,0.00,-0.00,-0.00
-8394,2.91,-1205,2.36,649,3,15885,10_05_55_14_01_2025,0.66,9.60,-0.66,0.00,-0.00,0.00
-8241,2.90,-3065,2.50,648,3,15926,10_05_55_14_01_2025,0.72,9.61,-0.69,0.01,-0.00,0.00
-8014,2.88,-4282,2.60,648,3,15966,10_05_55_14_01_2025,0.66,9.63,-0.72,0.00,-0.01,-0.00
-8261,2.90,-3764,2.56,648,3,16007,10_05_55_14_01_2025,0.63,9.62,-0.67,0.01,-0.01,0.00
-8059,2.88,-10183,3.04,649,3,16050,10_05_55_14_01_2025,0.62,9.60,-0.72,0.00,0.00,-0.00
-8125,2.89,-8712,2.93,649,3,16090,10_05_55_14_01_2025,0.69,9.68,-0.67,0.01,0.00,0.00
-8041,2.88,-11715,3.16,649,3,16131,10_05_55_14_01_2025,0.71,9.47,-0.79,0.04,0.00,0.03
-8168,2.89,-15064,3.41,649,3,16171,10_05_55_14_01_2025,0.67,9.63,-0.71,0.01,0.00,0.00
-8142,2.89,-14877,3.40,649,3,16211,10_05_55_14_01_2025,0.73,9.59,-0.73,0.01,-0.09,0.00
-8224,2.90,-17594,3.61,649,3,16252,10_05_55_14_01_2025,0.65,9.60,-0.74,0.01,-0.02,0.00
-8367,2.91,-23257,4.03,649,3,16295,10_05_55_14_01_2025,0.77,9.61,-0.78,0.01,-0.02,0.00
-8496,2.92,-28082,4.40,649,3,16338,10_05_55_14_01_2025,0.63,9.62,-0.71,0.00,-0.01,-0.00
-8208,2.89,-37367,5.10,649,3,16378,10_05_55_14_01_2025,0.72,9.59,-0.75,0.00,0.00,-0.00
-8397,2.91,-43498,5.57,649,3,16419,10_05_55_14_01_2025,0.69,9.61,-0.75,0.01,0.00,-0.00
-8353,2.91,-49683,6.04,649,3,16460,10_05_55_14_01_2025,0.69,9.61,-0.74,0.00,-0.00,0.00
-8162,2.89,-52503,6.25,649,3,16500,10_05_55_14_01_2025,0.69,9.60,-0.75,0.00,0.01,-0.00
-8145,2.89,-56259,6.53,649,3,16544,10_05_55_14_01_2025,0.63,9.62,-0.71,0.00,0.02,-0.00
-8332,2.90,-62673,7.02,649,3,16585,10_05_55_14_01_2025,0.68,9.66,-0.65,0.01,0.02,-0.00
-8489,2.92,-69097,7.51,648,3,16626,10_05_55_14_01_2025,0.70,9.59,-0.76,0.01,0.01,0.00
-8211,2.89,-71491,7.69,649,3,16667,10_05_55_14_01_2025,0.81,9.56,-0.80,0.01,0.01,-0.00
-8583,2.92,-76507,8.07,649,3,16707,10_05_55_14_01_2025,0.65,9.56,-0.81,0.00,-0.00,-0.00
-8612,2.93,-78591,8.23,649,3,16751,10_05_55_14_01_2025,0.67,9.64,-0.68,0.00,0.00,0.00
-8391,2.91,-82288,8.51,649,3,16792,10_05_55_14_01_2025,0.77,9.57,-0.71,0.06,0.01,0.05
-8411,2.91,-83614,8.61,649,3,16832,10_05_56_14_01_2025,0.72,9.66,-0.69,0.04,0.01,0.01
-8529,2.92,-87361,8.89,649,3,16872,10_05_56_14_01_2025,0.74,9.59,-0.79,0.01,0.00,-0.00
-8362,2.91,-88739,9.00,649,3,16913,10_05_56_14_01_2025,0.83,9.58,-0.83,0.01,-0.00,-0.00
-8363,2.91,-90521,9.13,648,3,16954,10_05_56_14_01_2025,0.72,9.59,-0.81,0.00,-0.01,-0.00
-8475,2.91,-91385,9.20,649,3,16998,10_05_56_14_01_2025,0.73,9.61,-0.74,0.00,-0.00,0.00
-8354,2.91,-91336,9.19,649,3,17038,10_05_56_14_01_2025,0.80,9.62,-0.78,0.01,-0.00,-0.00
-8408,2.91,-88169,8.95,648,3,17078,10_05_56_14_01_2025,0.75,9.63,-0.74,0.01,-0.01,-0.00
-8371,2.91,-80539,8.37,648,3,17119,10_05_56_14_01_2025,0.84,9.60,-0.77,0.01,-0.02,0.00
-8243,2.90,-60232,6.84,649,3,17159,10_05_56_14_01_2025,0.89,9.59,-0.82,0.01,-0.04,0.00
-8158,2.89,-27325,4.34,649,3,17200,10_05_56_14_01_2025,0.76,9.46,-0.78,0.01,-0.05,0.00
-8283,2.90,-12602,3.23,649,3,17244,10_05_56_14_01_2025,0.64,9.47,-0.94,0.00,-0.05,0.01
-7875,2.87,-2551,2.47,648,3,17284,10_05_56_14_01_2025,0.77,9.61,-0.80,-0.01,-0.04,0.00
-7749,2.86,657,2.22,649,3,17325,10_05_56_14_01_2025,0.66,9.77,-0.60,0.00,-0.03,0.00
-8007,2.88,944,2.20,649,3,17366,10_05_56_14_01_2025,0.72,9.65,-0.73,0.02,-0.03,0.00
-8033,2.88,1286,2.18,649,3,17406,10_05_56_14_01_2025,0.78,9.51,-0.90,0.00,-0.03,-0.00
-8090,2.89,1265,2.18,649,3,17448,10_05_56_14_01_2025,0.62,9.68,-0.69,0.00,-0.02,-0.00
-8104,2.89,1195,2.18,649,3,17492,10_05_56_14_01_2025,0.69,9.58,-0.88,0.01,-0.01,0.00
-8164,2.89,1088,2.19,649,3,17532,10_05_56_14_01_2025,0.74,9.63,-0.85,0.00,-0.00,-0.00
-8093,2.89,1026,2.19,649,3,17573,10_05_56_14_01_2025,0.67,9.68,-0.67,0.01,0.00,-0.00
-8035,2.88,1163,2.18,649,3,17613,10_05_56_14_01_2025,0.78,9.57,-0.87,0.01,0.00,0.00
-8050,2.88,1126,2.19,648,3,17654,10_05_56_14_01_2025,0.76,9.60,-0.79,0.00,0.00,-0.00
-8056,2.88,981,2.20,649,3,17695,10_05_56_14_01_2025,0.70,9.63,-0.72,0.01,0.00,-0.00
-8020,2.88,1213,2.18,648,3,17738,10_05_56_14_01_2025,0.82,9.57,-0.84,0.01,-0.00,-0.00
-8276,2.90,678,2.22,649,3,17779,10_05_56_14_01_2025,0.70,9.62,-0.74,0.00,-0.01,-0.00
-7808,2.86,1120,2.19,649,3,17819,10_05_57_14_01_2025,0.74,9.58,-0.79,0.01,-0.00,-0.00
-7581,2.85,964,2.20,649,3,17860,10_05_57_14_01_2025,0.78,9.58,-0.84,0.00,0.00,-0.00
-7879,2.87,868,2.21,648,3,17900,10_05_57_14_01_2025,0.70,9.64,-0.72,0.00,-0.00,-0.00
-7759,2.86,994,2.20,649,3,17941,10_05_57_14_01_2025,0.77,9.60,-0.78,0.01,-0.00,0.00
-7919,2.87,1176,2.18,649,3,17984,10_05_57_14_01_2025,0.78,9.62,-0.79,0.01,-0.01,-0.00
-8360,2.91,910,2.20,649,3,18025,10_05_57_14_01_2025,0.68,9.58,-0.80,0.01,-0.01,0.00
-9515,2.99,1043,2.19,649,3,18065,10_05_57_14_01_2025,0.76,9.61,-0.78,0.01,-0.00,-0.00
-11429,3.14,826,2.21,649,3,18106,10_05_57_14_01_2025,0.75,9.62,-0.76,0.01,-0.01,-0.00
-13571,3.30,975,2.20,649,3,18147,10_05_57_14_01_2025,0.71,9.60,-0.78,0.01,-0.01,-0.00
-14336,3.36,1010,2.20,648,3,18188,10_05_57_14_01_2025,0.75,9.59,-0.79,0.00,-0.00,-0.00
-14144,3.34,1060,2.19,649,3,18232,10_05_57_14_01_2025,0.75,9.59,-0.79,0.00,-0.01,-0.00
-14262,3.35,962,2.20,649,3,18272,10_05_57_14_01_2025,0.71,9.60,-0.79,0.00,-0.01,-0.00
-14595,3.38,751,2.22,649,3,18312,10_05_57_14_01_2025,0.74,9.61,-0.77,0.01,-0.01,-0.00
-17458,3.60,1055,2.19,649,3,18353,10_05_57_14_01_2025,0.73,9.59,-0.80,0.01,-0.00,-0.00
-23074,4.02,902,2.20,649,3,18394,10_05_57_14_01_2025,0.76,9.60,-0.78,0.01,-0.00,0.00
-31362,4.65,853,2.21,649,3,18435,10_05_57_14_01_2025,0.80,9.60,-0.81,0.01,-0.01,-0.00
-41366,5.41,731,2.22,648,3,18478,10_05_57_14_01_2025,0.66,9.58,-0.78,0.02,-0.01,0.01
-57766,6.65,1066,2.19,649,3,18519,10_05_57_14_01_2025,0.76,9.63,-0.71,0.01,-0.00,0.00
-73812,7.86,997,2.20,649,3,18560,10_05_57_14_01_2025,0.70,9.52,-0.93,0.00,-0.00,-0.00
-83881,8.63,1161,2.18,649,3,18601,10_05_57_14_01_2025,0.76,9.67,-0.65,0.00,-0.00,-0.00
-100910,9.92,1295,2.17,649,3,18641,10_05_57_14_01_2025,0.70,9.52,-0.92,0.01,-0.00,0.00
-107209,10.39,908,2.20,649,3,18686,10_05_57_14_01_2025,0.83,9.63,-0.71,0.00,-0.00,-0.00
-119017,11.29,1106,2.19,649,3,18727,10_05_57_14_01_2025,0.60,9.62,-0.78,0.01,0.00,-0.01
-120565,11.41,1189,2.18,649,3,18768,10_05_57_14_01_2025,0.81,9.59,-0.79,0.00,0.01,0.00
-116462,11.10,1361,2.17,649,3,18809,10_05_58_14_01_2025,0.82,9.61,-0.77,0.01,-0.01,0.00
-102291,10.02,1346,2.17,649,3,18850,10_05_58_14_01_2025,0.80,9.59,-0.84,0.01,-0.02,0.01
-78177,8.20,1406,2.17,649,3,18891,10_05_58_14_01_2025,0.88,9.66,-0.77,0.04,-0.03,0.03
-51933,6.21,1242,2.18,648,3,18934,10_05_58_14_01_2025,0.56,9.61,-0.77,0.01,-0.01,-0.01
-22815,4.00,1559,2.15,648,3,18975,10_05_58_14_01_2025,0.80,9.54,-0.93,0.01,-0.02,0.01
-10868,3.10,1728,2.14,649,3,19017,10_05_58_14_01_2025,0.83,9.57,-0.85,-0.00,-0.03,0.01
-7766,2.86,1612,2.15,648,3,19056,10_05_58_14_01_2025,0.59,9.62,-0.69,0.00,-0.02,0.00
-7684,2.85,1306,2.17,648,3,19097,10_05_58_14_01_2025,0.69,9.51,-0.95,0.01,0.00,0.00
-8189,2.89,1507,2.16,648,3,19138,10_05_58_14_01_2025,0.68,9.58,-0.81,0.00,0.01,-0.00
-8247,2.90,1480,2.16,649,3,19181,10_05_58_14_01_2025,0.67,9.61,-0.78,0.00,0.03,-0.00
-7978,2.88,1459,2.16,649,3,19223,10_05_58_14_01_2025,0.83,9.53,-0.92,0.00,0.03,-0.00
-8333,2.90,1253,2.18,649,3,19263,10_05_58_14_01_2025,0.74,9.63,-0.75,-0.00,0.03,-0.01
-8149,2.89,1334,2.17,649,3,19304,10_05_58_14_01_2025,0.85,9.62,-0.80,0.01,0.02,-0.00
-8051,2.88,1260,2.18,648,3,19345,10_05_58_14_01_2025,0.85,9.60,-0.81,0.01,0.01,-0.00
-8125,2.89,1401,2.17,649,3,19385,10_05_58_14_01_2025,0.78,9.59,-0.80,0.01,0.00,-0.00
-8235,2.90,1297,2.17,649,3,19429,10_05_58_14_01_2025,0.83,9.56,-0.85,0.01,-0.00,-0.00
-8066,2.88,1426,2.16,648,3,19470,10_05_58_14_01_2025,0.79,9.57,-0.85,0.00,-0.01,-0.00
-8283,2.90,1467,2.16,649,3,19510,10_05_58_14_01_2025,0.74,9.62,-0.79,0.00,-0.01,0.00
-8240,2.90,1222,2.18,649,3,19551,10_05_58_14_01_2025,0.80,9.62,-0.79,0.00,-0.01,0.00
-8159,2.89,1267,2.18,649,3,19591,10_05_58_14_01_2025,0.77,9.59,-0.84,0.01,-0.01,-0.00
-8282,2.90,1174,2.18,649,3,19632,10_05_58_14_01_2025,0.74,9.59,-0.83,0.00,-0.01,0.00
-8089,2.89,1411,2.17,649,3,19675,10_05_58_14_01_2025,0.77,9.60,-0.82,0.01,-0.01,-0.00
-8159,2.89,1373,2.17,649,3,19716,10_05_58_14_01_2025,0.73,9.60,-0.81,0.00,-0.00,-0.00
-8252,2.90,1293,2.17,649,3,19756,10_05_58_14_01_2025,0.78,9.59,-0.82,0.01,-0.00,-0.00
-8094,2.89,1457,2.16,649,3,19797,10_05_59_14_01_2025,0.78,9.59,-0.81,0.00,-0.00,-0.00
-8291,2.90,1116,2.19,649,3,19838,10_05_59_14_01_2025,0.65,9.63,-0.81,0.00,-0.00,-0.00
-8191,2.89,1428,2.16,649,3,19879,10_05_59_14_01_2025,0.81,9.59,-0.82,0.00,-0.00,0.00
-8078,2.88,1318,2.17,648,3,19922,10_05_59_14_01_2025,0.81,9.63,-0.81,0.00,-0.00,-0.00
-8221,2.90,1430,2.16,649,3,19962,10_05_59_14_01_2025,0.68,9.62,-0.79,0.01,-0.00,-0.00
-8228,2.90,1360,2.17,648,3,20004,10_05_59_14_01_2025,0.86,9.57,-0.86,0.01,-0.00,0.00
-8172,2.89,1491,2.16,647,3,20044,10_05_59_14_01_2025,0.75,9.60,-0.82,0.00,-0.01,-0.00
-8058,2.88,1169,2.18,649,3,20085,10_05_59_14_01_2025,0.73,9.61,-0.80,0.00,-0.00,0.00
-8360,2.91,1528,2.16,649,3,20126,10_05_59_14_01_2025,0.84,9.60,-0.83,0.01,-0.00,-0.00
-8213,2.89,1251,2.18,648,3,20169,10_05_59_14_01_2025,0.72,9.60,-0.81,0.00,-0.01,-0.00
-8152,2.89,1447,2.16,649,3,20210,10_05_59_14_01_2025,0.78,9.59,-0.82,0.00,-0.00,0.00
-8128,2.89,1248,2.18,649,3,20250,10_05_59_14_01_2025,0.82,9.59,-0.83,0.01,-0.00,-0.00
-8194,2.89,1319,2.17,649,3,20291,10_05_59_14_01_2025,0.69,9.62,-0.81,0.00,-0.00,-0.00
-8278,2.90,1097,2.19,648,3,20332,10_05_59_14_01_2025,0.78,9.59,-0.82,0.01,-0.01,0.00
-8351,2.91,1398,2.17,648,3,20372,10_05_59_14_01_2025,0.77,9.59,-0.81,0.01,-0.00,-0.00
-7983,2.88,1322,2.17,649,3,20416,10_05_59_14_01_2025,0.77,9.59,-0.81,0.00,-0.00,0.00
-8262,2.90,1232,2.18,649,3,20457,10_05_59_14_01_2025,0.79,9.59,-0.83,0.00,-0.00,-0.00
-8359,2.91,1339,2.17,649,3,20510,10_05_59_14_01_2025,0.73,9.59,-0.81,0.00,-0.00,-0.00
-8249,2.90,1352,2.17,649,3,20599,10_05_59_14_01_2025,0.80,9.59,-0.81,0.01,-0.00,-0.00
-8172,2.89,1203,2.18,649,3,20640,10_05_59_14_01_2025,0.79,9.59,-0.84,0.00,-0.00,-0.00
-8197,2.89,1421,2.17,649,3,20705,10_05_59_14_01_2025,0.76,9.59,-0.82,0.00,-0.00,-0.00
-8377,2.91,1297,2.17,648,3,20795,10_05_59_14_01_2025,0.78,9.60,-0.82,0.01,-0.00,0.00
-8305,2.90,1227,2.18,649,3,20837,10_06_00_14_01_2025,0.78,9.60,-0.82,0.00,-0.00,0.00
-8242,2.90,1227,2.18,649,3,20902,10_06_00_14_01_2025,0.78,9.60,-0.83,0.01,-0.00,-0.00
-8093,2.89,1338,2.17,649,3,20991,10_06_00_14_01_2025,0.75,9.60,-0.82,0.01,-0.00,-0.00
-8146,2.89,1135,2.19,649,3,21032,10_06_00_14_01_2025,0.75,9.60,-0.81,0.00,-0.00,-0.00
-8257,2.90,1241,2.18,649,3,21098,10_06_00_14_01_2025,0.78,9.59,-0.81,0.00,-0.00,0.00
-8085,2.89,1294,2.17,649,3,21189,10_06_00_14_01_2025,0.76,9.60,-0.81,0.00,-0.00,-0.00
-7985,2.88,1514,2.16,649,3,21230,10_06_00_14_01_2025,0.76,9.57,-0.82,0.00,-0.01,-0.00
-8271,2.90,1842,2.13,648,3,21294,10_06_00_14_01_2025,0.75,9.59,-0.84,0.00,-0.00,-0.00
-8411,2.91,1488,2.16,649,3,21334,10_06_00_14_01_2025,0.78,9.56,-0.80,0.00,-0.00,0.00
-8004,2.88,1409,2.17,649,3,21399,10_06_00_14_01_2025,0.79,9.54,-0.84,0.01,-0.00,-0.00
-7259,2.82,1496,2.16,649,3,21490,10_06_00_14_01_2025,0.81,9.60,-0.84,0.01,-0.01,-0.00
-12379,3.21,1357,2.17,649,3,21531,10_06_00_14_01_2025,0.73,9.64,-0.77,0.01,-0.02,0.00
-15052,3.41,1005,2.20,649,3,21598,10_06_00_14_01_2025,0.76,9.55,-0.87,0.00,-0.01,0.00
-18246,3.65,1072,2.19,649,3,21686,10_06_00_14_01_2025,0.77,9.64,-0.78,0.00,-0.01,-0.00
-17291,3.58,1016,2.20,649,3,21727,10_06_00_14_01_2025,0.76,9.57,-0.87,0.00,-0.00,-0.00
-17027,3.56,985,2.20,649,3,21792,10_06_00_14_01_2025,0.73,9.66,-0.74,0.00,-0.00,-0.00
-18047,3.64,1011,2.20,649,3,21883,10_06_01_14_01_2025,0.85,9.59,-0.86,0.00,-0.01,0.00
-21844,3.93,1267,2.18,649,3,21924,10_06_01_14_01_2025,0.70,9.57,-0.88,0.01,-0.00,-0.00
-24675,4.14,1265,2.18,649,3,21989,10_06_01_14_01_2025,0.83,9.65,-0.77,0.00,-0.00,-0.00
-24675,4.14,1347,2.17,649,3,22079,10_06_01_14_01_2025,0.75,9.56,-0.86,0.01,-0.01,-0.00
-39574,5.27,1261,2.18,649,3,22120,10_06_01_14_01_2025,0.81,9.59,-0.83,0.01,-0.01,-0.00
-44970,5.68,1291,2.17,649,3,22185,10_06_01_14_01_2025,0.67,9.58,-0.87,0.00,-0.01,-0.00
-56433,6.55,1450,2.16,649,3,22275,10_06_01_14_01_2025,0.80,9.57,-0.88,0.01,-0.00,0.00
-73330,7.83,1468,2.16,649,3,22316,10_06_01_14_01_2025,0.73,9.60,-0.81,0.01,0.00,-0.00
-81622,8.46,1427,2.16,649,3,22382,10_06_01_14_01_2025,0.75,9.54,-0.89,0.01,0.00,0.00
-92568,9.29,1536,2.16,648,3,22473,10_06_01_14_01_2025,0.69,9.59,-0.83,0.01,-0.00,-0.00
-104976,10.23,1510,2.16,649,3,22513,10_06_01_14_01_2025,0.79,9.60,-0.84,0.01,-0.01,-0.00
-107417,10.41,1755,2.14,648,3,22581,10_06_01_14_01_2025,0.79,9.58,-0.85,0.01,-0.01,-0.00
-112398,10.79,1423,2.16,649,3,22672,10_06_01_14_01_2025,0.76,9.61,-0.80,0.00,-0.01,0.00
-124195,11.68,1304,2.17,649,3,22712,10_06_01_14_01_2025,0.93,9.66,-0.70,0.00,0.01,-0.00
-131595,12.24,1718,2.14,649,3,22780,10_06_01_14_01_2025,0.78,9.56,-0.91,0.01,-0.00,-0.01
-124815,11.73,1688,2.14,649,3,22871,10_06_02_14_01_2025,0.94,9.69,-0.65,0.01,-0.01,-0.00
-69870,7.57,1487,2.16,649,3,22913,10_06_02_14_01_2025,0.86,9.63,-0.74,0.00,-0.02,0.01
-39075,5.23,1875,2.13,649,3,22977,10_06_02_14_01_2025,0.99,9.60,-0.83,0.01,-0.03,0.01
-11843,3.17,1498,2.16,649,3,23068,10_06_02_14_01_2025,0.51,9.59,-0.79,0.00,-0.02,0.00
-7077,2.81,1235,2.18,649,3,23108,10_06_02_14_01_2025,0.62,9.58,-0.82,0.00,0.02,-0.01
-8249,2.90,1331,2.17,648,3,23173,10_06_02_14_01_2025,0.65,9.59,-0.84,0.00,0.03,-0.00
-8096,2.89,1375,2.17,650,3,23264,10_06_02_14_01_2025,0.80,9.61,-0.80,0.00,0.04,-0.01
-8205,2.89,1319,2.17,649,3,23307,10_06_02_14_01_2025,0.85,9.63,-0.77,0.01,0.02,-0.00
-8085,2.89,1380,2.17,649,3,23370,10_06_02_14_01_2025,0.82,9.62,-0.81,0.01,0.01,-0.01
-8055,2.88,1432,2.16,648,3,23460,10_06_02_14_01_2025,0.83,9.57,-0.86,0.00,0.00,-0.00
-8099,2.89,1413,2.17,649,3,23500,10_06_02_14_01_2025,0.75,9.62,-0.80,0.01,-0.01,-0.00
-8327,2.90,1301,2.17,649,3,23567,10_06_02_14_01_2025,0.79,9.57,-0.85,0.01,-0.01,0.00
-8166,2.89,1294,2.17,650,3,23657,10_06_02_14_01_2025,0.72,9.61,-0.80,0.00,-0.01,-0.00
-8023,2.88,1385,2.17,649,3,23698,10_06_02_14_01_2025,0.75,9.59,-0.83,0.00,-0.01,-0.00
-8091,2.89,1552,2.16,649,3,23762,10_06_02_14_01_2025,0.72,9.63,-0.80,0.01,-0.00,-0.00
-8336,2.90,1283,2.18,649,3,23805,10_06_03_14_01_2025,0.80,9.58,-0.84,0.00,-0.01,-0.00
-8182,2.89,1451,2.16,649,3,23870,10_06_03_14_01_2025,0.72,9.60,-0.80,0.00,-0.00,-0.00
-8012,2.88,1364,2.17,649,3,23960,10_06_03_14_01_2025,0.81,9.59,-0.83,0.00,-0.00,-0.00
-7967,2.88,1929,2.13,649,3,24001,10_06_03_14_01_2025,0.82,9.59,-0.84,0.01,-0.01,0.00
-8120,2.89,1432,2.16,649,3,24064,10_06_03_14_01_2025,0.75,9.60,-0.82,0.01,-0.01,-0.00
-8301,2.90,-4003,2.58,649,3,24155,10_06_03_14_01_2025,0.81,9.59,-0.80,0.01,-0.00,0.00
-7892,2.87,-16105,3.49,649,3,24196,10_06_03_14_01_2025,0.80,9.60,-0.80,0.00,-0.00,0.00
-7809,2.86,-20140,3.80,649,3,24261,10_06_03_14_01_2025,0.78,9.59,-0.83,0.01,-0.01,-0.00
-7957,2.88,-30733,4.60,649,3,24351,10_06_03_14_01_2025,0.76,9.59,-0.83,0.00,-0.01,-0.00
-7977,2.88,-56618,6.56,649,3,24391,10_06_03_14_01_2025,0.77,9.59,-0.84,0.00,-0.00,-0.00
-7990,2.88,-68528,7.46,649,3,24457,10_06_03_14_01_2025,0.78,9.61,-0.80,0.01,-0.01,0.00
-7743,2.86,-92562,9.28,648,3,24547,10_06_03_14_01_2025,0.77,9.58,-0.85,0.01,-0.01,0.00
-7852,2.87,-115849,11.05,649,3,24588,10_06_03_14_01_2025,0.78,9.57,-0.82,0.01,-0.01,0.00
-7701,2.86,-123290,11.61,649,3,24655,10_06_03_14_01_2025,0.80,9.58,-0.84,0.01,-0.02,-0.00
-7746,2.86,-131318,12.22,649,3,24747,10_06_03_14_01_2025,0.64,9.55,-0.89,0.00,-0.02,0.00
-7869,2.87,-138085,12.73,649,3,24788,10_06_03_14_01_2025,0.57,9.63,-0.81,0.01,-0.01,-0.00
-7940,2.87,-140360,12.91,649,3,24854,10_06_04_14_01_2025,0.81,9.59,-0.88,0.00,-0.01,0.00
-7871,2.87,-143294,13.13,649,3,24948,10_06_04_14_01_2025,0.67,9.57,-0.87,0.01,0.00,-0.00
-7965,2.88,-148215,13.50,649,3,25039,10_06_04_14_01_2025,0.76,9.63,-0.75,0.00,0.00,-0.00
-7773,2.86,-150778,13.70,647,3,25081,10_06_04_14_01_2025,0.88,9.67,-0.72,0.00,-0.00,-0.00
-7920,2.87,-150357,13.66,649,3,25146,10_06_04_14_01_2025,0.64,9.56,-0.86,0.01,-0.00,-0.00
-8076,2.88,-137593,12.70,649,3,25238,10_06_04_14_01_2025,0.94,9.66,-0.75,0.01,-0.01,0.00
-7925,2.87,-122866,11.58,649,3,25280,10_06_04_14_01_2025,0.83,9.61,-0.81,0.01,-0.01,-0.00
-7997,2.88,-117034,11.14,648,3,25348,10_06_04_14_01_2025,0.64,9.53,-0.93,0.00,-0.01,0.00
-7976,2.88,-106957,10.38,648,3,25438,10_06_04_14_01_2025,0.80,9.58,-0.88,0.01,-0.01,-0.00
-7822,2.87,-84588,8.68,649,3,25479,10_06_04_14_01_2025,0.65,9.64,-0.75,0.01,-0.01,-0.00
-7970,2.88,-73898,7.87,649,3,25545,10_06_04_14_01_2025,0.74,9.54,-0.92,0.01,-0.00,0.00
-7838,2.87,-65998,7.27,649,3,25634,10_06_04_14_01_2025,0.76,9.63,-0.75,0.01,0.00,-0.00
-7923,2.87,-59757,6.80,649,3,25678,10_06_04_14_01_2025,0.73,9.64,-0.75,0.00,0.00,-0.00
-7807,2.86,-55952,6.51,648,3,25741,10_06_04_14_01_2025,0.69,9.62,-0.78,0.01,0.01,-0.00
-7931,2.87,-44154,5.62,649,3,25831,10_06_04_14_01_2025,0.86,9.63,-0.78,0.00,0.01,-0.01
-7887,2.87,-23655,4.06,649,3,25871,10_06_05_14_01_2025,0.96,9.57,-0.85,0.00,-0.02,0.00
-8070,2.88,-18070,3.64,649,3,25937,10_06_05_14_01_2025,0.72,9.64,-0.77,0.00,-0.03,-0.00
-7871,2.87,-13080,3.26,648,3,26028,10_06_05_14_01_2025,0.81,9.57,-0.87,0.01,-0.02,0.00
-7569,2.85,-287,2.29,649,3,26071,10_06_05_14_01_2025,0.74,9.57,-0.85,0.01,-0.00,0.00
-7832,2.87,3383,2.02,649,3,26133,10_06_05_14_01_2025,0.83,9.58,-0.84,0.00,-0.00,0.00
-7823,2.87,18685,0.86,648,3,26225,10_06_05_14_01_2025,0.72,9.61,-0.83,0.01,-0.00,-0.00
-8021,2.88,35300,-0.40,649,3,26266,10_06_05_14_01_2025,0.78,9.63,-0.79,0.01,-0.00,-0.00
-7723,2.86,40156,-0.77,649,3,26333,10_06_05_14_01_2025,0.78,9.58,-0.86,0.01,-0.00,-0.00
-7464,2.84,46650,-1.26,649,3,26423,10_06_05_14_01_2025,0.76,9.60,-0.79,0.00,0.00,-0.00
-7797,2.86,41033,-0.84,649,3,26467,10_06_05_14_01_2025,0.77,9.61,-0.81,0.00,-0.00,-0.00
-7745,2.86,34847,-0.37,648,3,26531,10_06_05_14_01_2025,0.74,9.61,-0.80,0.00,-0.00,0.00
-7685,2.85,23703,0.48,649,3,26622,10_06_05_14_01_2025,0.76,9.59,-0.84,0.00,-0.00,-0.00
-7973,2.88,2391,2.09,649,3,26664,10_06_05_14_01_2025,0.82,9.59,-0.84,0.00,-0.00,-0.00
-7916,2.87,-8372,2.91,649,3,26729,10_06_05_14_01_2025,0.73,9.66,-0.77,0.00,-0.00,-0.00
-7939,2.87,-33141,4.78,649,3,26818,10_06_05_14_01_2025,0.78,9.56,-0.90,0.00,-0.01,-0.00
-7775,2.86,-78003,8.18,649,3,26861,10_06_06_14_01_2025,0.77,9.56,-0.87,0.00,0.00,0.00
-7844,2.87,-91815,9.23,649,3,26924,10_06_06_14_01_2025,0.80,9.63,-0.78,0.00,0.01,-0.00
-7940,2.87,-121108,11.45,648,3,27016,10_06_06_14_01_2025,0.79,9.54,-0.87,0.01,0.01,-0.00
-8006,2.88,-147692,13.46,649,3,27057,10_06_06_14_01_2025,0.61,9.56,-0.88,0.01,-0.01,0.00
-8057,2.88,-163477,14.66,648,3,27123,10_06_06_14_01_2025,0.90,9.60,-0.83,0.00,-0.01,0.00
-7689,2.86,-161153,14.48,649,3,27216,10_06_06_14_01_2025,0.64,9.61,-0.81,0.01,-0.00,0.00
-7587,2.85,-173407,15.41,649,3,27260,10_06_06_14_01_2025,0.78,9.68,-0.69,0.00,0.00,-0.00
-7766,2.86,-179429,15.87,649,3,27324,10_06_06_14_01_2025,0.71,9.49,-0.99,0.01,-0.00,-0.00
-7910,2.87,-183092,16.14,648,3,27416,10_06_06_14_01_2025,0.85,9.69,-0.74,0.00,0.00,-0.00
-7940,2.87,-180637,15.96,650,3,27508,10_06_06_14_01_2025,0.82,9.64,-0.74,0.01,-0.01,-0.00
-7893,2.87,-144287,13.20,649,3,27549,10_06_06_14_01_2025,0.71,9.57,-0.85,0.00,-0.02,0.00
-7996,2.88,-124128,11.68,648,3,27614,10_06_06_14_01_2025,0.79,9.73,-0.68,0.01,-0.01,0.00
-7820,2.87,-105778,10.29,648,3,27707,10_06_06_14_01_2025,0.65,9.58,-0.84,-0.00,-0.01,-0.00
-7636,2.85,-68842,7.49,649,3,27748,10_06_06_14_01_2025,0.66,9.51,-0.98,-0.00,0.01,0.00
-7881,2.87,-46893,5.83,649,3,27813,10_06_06_14_01_2025,0.88,9.71,-0.62,0.00,0.00,0.00
-7803,2.86,-24772,4.15,649,3,27903,10_06_07_14_01_2025,0.70,9.51,-1.00,0.01,-0.02,-0.00
-7658,2.85,-8080,2.88,648,3,27943,10_06_07_14_01_2025,0.69,9.53,-0.93,0.01,-0.01,-0.00
-7736,2.86,-4417,2.61,649,3,28010,10_06_07_14_01_2025,0.73,9.61,-0.80,0.00,-0.01,0.00
-7939,2.87,1769,2.14,649,3,28101,10_06_07_14_01_2025,0.68,9.57,-0.90,0.01,0.00,-0.00
-7920,2.87,5380,1.87,648,3,28141,10_06_07_14_01_2025,0.75,9.60,-0.81,0.01,-0.00,-0.00
-7956,2.88,6319,1.79,649,3,28205,10_06_07_14_01_2025,0.75,9.59,-0.85,0.00,-0.00,-0.00
-8044,2.88,7338,1.72,649,3,28246,10_06_07_14_01_2025,0.76,9.59,-0.84,0.01,-0.00,-0.00
-7850,2.87,8682,1.62,649,3,28312,10_06_07_14_01_2025,0.76,9.59,-0.84,0.01,-0.00,0.00
-7978,2.88,9976,1.52,648,3,28402,10_06_07_14_01_2025,0.75,9.59,-0.84,0.01,-0.01,-0.00
-7894,2.87,8097,1.66,649,3,28442,10_06_07_14_01_2025,0.78,9.60,-0.82,0.00,-0.00,-0.00
-7975,2.88,6806,1.76,648,3,28507,10_06_07_14_01_2025,0.75,9.60,-0.83,0.01,-0.00,-0.00
-8010,2.88,104,2.26,649,3,28598,10_06_07_14_01_2025,0.76,9.61,-0.83,0.01,-0.01,-0.00
-7820,2.87,-37432,5.11,648,3,28639,10_06_07_14_01_2025,0.80,9.63,-0.75,0.01,0.01,-0.00
-7756,2.86,-66214,7.29,649,3,28705,10_06_07_14_01_2025,0.70,9.55,-0.91,0.01,0.01,-0.01
-7880,2.87,-98714,9.75,649,3,28794,10_06_07_14_01_2025,0.83,9.65,-0.74,0.00,0.02,0.00
-7621,2.85,-121129,11.45,649,3,28834,10_06_08_14_01_2025,0.76,9.59,-0.78,0.00,0.00,0.00
-7776,2.86,-136353,12.60,649,3,28902,10_06_08_14_01_2025,0.87,9.60,-0.80,0.01,-0.01,0.00
-7800,2.86,-161417,14.50,649,3,28994,10_06_08_14_01_2025,0.70,9.65,-0.74,0.00,-0.00,-0.00
-7890,2.87,-162553,14.59,649,3,29036,10_06_08_14_01_2025,0.80,9.59,-0.86,0.01,-0.01,-0.00
-7772,2.86,-172138,15.31,648,3,29103,10_06_08_14_01_2025,0.78,9.60,-0.79,0.00,-0.01,0.01
-7911,2.87,-172733,15.36,649,3,29193,10_06_08_14_01_2025,0.76,9.62,-0.81,0.01,-0.00,-0.00
-7977,2.88,-174468,15.49,649,3,29286,10_06_08_14_01_2025,0.96,9.64,-0.75,0.01,-0.01,-0.00
-7793,2.86,-181109,15.99,648,3,29326,10_06_08_14_01_2025,0.78,9.69,-0.61,0.00,0.00,0.00
-7757,2.86,-176803,15.67,648,3,29394,10_06_08_14_01_2025,0.73,9.51,-0.93,0.01,0.01,-0.00
-7821,2.87,-144392,13.21,649,3,29485,10_06_08_14_01_2025,0.85,9.61,-0.83,0.01,-0.01,-0.01
-7800,2.86,-92842,9.31,648,3,29529,10_06_08_14_01_2025,0.66,9.64,-0.79,0.00,-0.01,0.01
-7848,2.87,-64454,7.16,648,3,29591,10_06_08_14_01_2025,0.95,9.74,-0.78,0.01,-0.01,0.00
-8020,2.88,-17204,3.58,649,3,29681,10_06_08_14_01_2025,0.60,9.50,-0.88,0.01,-0.03,-0.00
-7782,2.86,-1554,2.39,649,3,29722,10_06_08_14_01_2025,0.78,9.61,-0.79,0.01,-0.01,-0.00
-7721,2.86,660,2.22,649,3,29788,10_06_08_14_01_2025,0.60,9.57,-0.83,0.00,-0.00,0.00
-7810,2.86,1364,2.17,649,3,29877,10_06_09_14_01_2025,0.78,9.61,-0.81,0.00,0.00,-0.01
-7886,2.87,1442,2.16,648,3,29921,10_06_09_14_01_2025,0.87,9.61,-0.80,0.00,0.00,-0.00
-7667,2.85,1416,2.17,649,3,29983,10_06_09_14_01_2025,0.72,9.61,-0.80,0.01,-0.00,-0.00
-7964,2.88,1401,2.17,649,3,30075,10_06_09_14_01_2025,0.82,9.59,-0.84,0.01,-0.00,-0.00
-7826,2.87,1564,2.15,649,3,30117,10_06_09_14_01_2025,0.82,9.60,-0.81,0.00,-0.00,-0.00
-7711,2.86,1360,2.17,649,3,30180,10_06_09_14_01_2025,0.76,9.59,-0.81,0.01,-0.00,-0.00
-7711,2.86,1365,2.17,649,3,30220,10_06_09_14_01_2025,0.80,9.58,-0.84,0.01,-0.00,0.00
-7721,2.86,1283,2.18,649,3,30286,10_06_09_14_01_2025,0.75,9.60,-0.83,0.01,-0.00,-0.00
-7800,2.86,1469,2.16,649,3,30376,10_06_09_14_01_2025,0.80,9.60,-0.80,0.00,-0.00,0.00
-7688,2.86,1302,2.17,648,3,30417,10_06_09_14_01_2025,0.77,9.59,-0.83,0.00,-0.00,0.00
-7691,2.86,1506,2.16,649,3,30482,10_06_09_14_01_2025,0.78,9.60,-0.82,0.00,-0.01,-0.00
-7695,2.86,1348,2.17,649,3,30573,10_06_09_14_01_2025,0.78,9.60,-0.81,0.01,-0.00,-0.00
-7788,2.86,1373,2.17,649,3,30613,10_06_09_14_01_2025,0.75,9.60,-0.82,0.00,-0.00,-0.00
-7729,2.86,1267,2.18,649,3,30680,10_06_09_14_01_2025,0.77,9.60,-0.83,0.00,-0.00,-0.00
-7709,2.86,1297,2.17,648,3,30770,10_06_09_14_01_2025,0.76,9.60,-0.81,0.01,-0.00,0.00
-7783,2.86,1204,2.18,649,3,30811,10_06_10_14_01_2025,0.75,9.60,-0.82,0.00,-0.00,-0.00
-7909,2.87,1366,2.17,649,3,30875,10_06_10_14_01_2025,0.77,9.61,-0.81,0.01,-0.00,-0.00
-7753,2.86,1314,2.17,649,3,30965,10_06_10_14_01_2025,0.75,9.59,-0.83,0.00,-0.00,-0.00
-7717,2.86,1438,2.16,648,3,31005,10_06_10_14_01_2025,0.75,9.60,-0.82,0.01,-0.00,-0.00
-8092,2.89,1328,2.17,648,3,31072,10_06_10_14_01_2025,0.76,9.61,-0.81,0.01,-0.00,-0.00
-7741,2.86,1300,2.17,649,3,31161,10_06_10_14_01_2025,0.76,9.59,-0.83,0.00,-0.00,-0.00
-7866,2.87,1229,2.18,649,3,31202,10_06_10_14_01_2025,0.76,9.60,-0.81,0.00,-0.00,0.00
-7708,2.86,1327,2.17,649,3,31267,10_06_10_14_01_2025,0.76,9.60,-0.81,0.01,-0.00,-0.00
-7915,2.87,1440,2.16,649,3,31358,10_06_10_14_01_2025,0.76,9.59,-0.82,0.00,-0.00,-0.00
-7854,2.87,1482,2.16,649,3,31398,10_06_10_14_01_2025,0.77,9.59,-0.84,0.01,-0.00,-0.00
-7850,2.87,1508,2.16,650,3,31464,10_06_10_14_01_2025,0.77,9.61,-0.82,0.00,-0.01,-0.00
-7967,2.88,1603,2.15,649,3,31504,10_06_10_14_01_2025,0.74,9.59,-0.83,0.01,-0.00,-0.00
-7797,2.86,1405,2.17,650,3,31570,10_06_10_14_01_2025,0.75,9.60,-0.82,0.00,-0.00,0.00
-7742,2.86,1386,2.17,649,3,31660,10_06_10_14_01_2025,0.76,9.59,-0.83,0.01,-0.00,-0.00
-7871,2.87,1500,2.16,648,3,31701,10_06_10_14_01_2025,0.78,9.59,-0.83,0.00,-0.00,-0.00
-7707,2.86,1414,2.17,649,3,31766,10_06_10_14_01_2025,0.76,9.60,-0.81,0.00,-0.00,-0.00
-7882,2.87,1443,2.16,649,3,31857,10_06_11_14_01_2025,0.77,9.59,-0.84,0.01,-0.00,-0.00
-7678,2.85,1290,2.17,648,3,31899,10_06_11_14_01_2025,0.75,9.59,-0.82,0.01,-0.00,-0.00
-7716,2.86,1613,2.15,649,3,31962,10_06_11_14_01_2025,0.78,9.59,-0.83,0.00,-0.01,-0.00
-7714,2.86,1418,2.17,648,3,32052,10_06_11_14_01_2025,0.74,9.59,-0.83,0.00,-0.00,0.00
-7733,2.86,1290,2.17,649,3,32095,10_06_11_14_01_2025,0.73,9.60,-0.81,0.00,-0.00,-0.00
-7818,2.87,1486,2.16,649,3,32159,10_06_11_14_01_2025,0.81,9.59,-0.82,0.01,-0.00,-0.00
-7862,2.87,1457,2.16,649,3,32248,10_06_11_14_01_2025,0.73,9.60,-0.81,0.01,-0.00,-0.00
-7993,2.88,1329,2.17,649,3,32291,10_06_11_14_01_2025,0.74,9.60,-0.83,0.00,-0.00,-0.00
-7833,2.87,1635,2.15,649,3,32355,10_06_11_14_01_2025,0.79,9.60,-0.81,0.01,-0.00,-0.00
-7934,2.87,1354,2.17,648,3,32445,10_06_11_14_01_2025,0.71,9.59,-0.82,0.00,-0.00,-0.00
-7723,2.86,1330,2.17,649,3,32488,10_06_11_14_01_2025,0.77,9.60,-0.84,0.01,-0.00,-0.00
-7849,2.87,1555,2.15,649,3,32551,10_06_11_14_01_2025,0.75,9.62,-0.81,0.00,-0.01,0.00
-7662,2.85,1525,2.16,649,3,32642,10_06_11_14_01_2025,0.75,9.59,-0.83,0.01,-0.01,-0.00
-7896,2.87,1158,2.18,648,3,32685,10_06_11_14_01_2025,0.79,9.59,-0.82,0.00,-0.00,-0.00
-7689,2.86,1226,2.18,649,3,32747,10_06_11_14_01_2025,0.73,9.59,-0.81,0.00,-0.00,-0.00
-7835,2.87,1470,2.16,649,3,32791,10_06_11_14_01_2025,0.81,9.60,-0.83,0.01,-0.00,-0.00
-7807,2.86,1296,2.17,649,3,32853,10_06_12_14_01_2025,0.71,9.59,-0.82,0.00,-0.00,-0.00
-7724,2.86,1373,2.17,649,3,32944,10_06_12_14_01_2025,0.82,9.60,-0.82,0.01,-0.00,-0.00
-7938,2.87,1491,2.16,649,3,32986,10_06_12_14_01_2025,0.78,9.60,-0.81,0.01,-0.00,-0.00
-7860,2.87,1378,2.17,649,3,33049,10_06_12_14_01_2025,0.78,9.58,-0.84,0.00,-0.01,-0.00
-7947,2.87,1397,2.17,649,3,33142,10_06_12_14_01_2025,0.77,9.60,-0.80,0.01,-0.00,0.00
-7948,2.87,1359,2.17,649,3,33184,10_06_12_14_01_2025,0.75,9.61,-0.79,0.00,-0.01,-0.00
-7721,2.86,1359,2.17,649,3,35255,10_06_12_14_01_2025,0.77,9.58,-0.83,0.01,-0.00,-0.00
-7840,2.87,1515,2.16,649,3,37734,10_06_14_14_01_2025,0.76,9.59,-0.84,0.01,-0.00,-0.00
-7728,2.86,1505,2.16,649,3,40213,10_06_16_14_01_2025,0.76,9.60,-0.81,0.00,-0.00,-0.00
-7791,2.86,1684,2.15,649,3,42690,10_06_19_14_01_2025,0.77,9.60,-0.80,0.01,-0.00,-0.00
-7553,2.84,1511,2.16,649,3,45165,10_06_21_14_01_2025,0.70,9.60,-0.86,0.01,-0.00,-0.00
-7593,2.85,1697,2.14,648,3,45395,10_06_24_14_01_2025,0.74,9.59,-0.98,0.01,-0.00,0.00
-7781,2.86,1662,2.15,649,3,45485,10_06_24_14_01_2025,0.69,9.57,-0.99,0.00,-0.00,-0.00
-7691,2.86,1706,2.14,649,3,45531,10_06_24_14_01_2025,0.73,9.60,-0.96,0.00,-0.00,-0.00
-7563,2.85,1671,2.15,648,3,45591,10_06_24_14_01_2025,0.73,9.58,-0.98,0.01,-0.00,0.00
-7664,2.85,1617,2.15,649,3,45682,10_06_24_14_01_2025,0.70,9.57,-0.99,0.01,-0.00,-0.00
-7537,2.84,1437,2.16,649,3,45725,10_06_24_14_01_2025,0.73,9.60,-0.97,0.01,-0.00,-0.00
-7588,2.85,1620,2.15,649,3,45788,10_06_24_14_01_2025,0.73,9.58,-0.97,0.00,-0.01,-0.00
-7743,2.86,1787,2.14,649,3,45878,10_06_25_14_01_2025,0.71,9.57,-1.00,0.00,-0.00,-0.00
-7444,2.84,1760,2.14,649,3,45923,10_06_25_14_01_2025,0.72,9.58,-0.97,0.00,-0.00,-0.00
-7553,2.84,1766,2.14,648,3,45984,10_06_25_14_01_2025,0.72,9.58,-0.98,0.00,-0.00,-0.00
-7599,2.85,1673,2.15,649,3,46074,10_06_25_14_01_2025,0.72,9.58,-1.00,0.00,-0.00,-0.00
-7674,2.85,1564,2.15,649,3,46118,10_06_25_14_01_2025,0.73,9.58,-0.97,0.00,-0.00,-0.00
-7674,2.85,1721,2.14,649,3,46180,10_06_25_14_01_2025,0.71,9.58,-0.99,0.01,-0.00,0.00
-7674,2.85,1710,2.14,649,3,46270,10_06_25_14_01_2025,0.71,9.57,-0.98,0.00,-0.00,-0.00
-7644,2.85,1772,2.14,648,3,46325,10_06_25_14_01_2025,0.71,9.60,-0.96,0.00,0.00,-0.00
-7701,2.86,1712,2.14,646,3,46377,10_06_25_14_01_2025,0.71,9.59,-1.00,0.00,0.00,-0.00
-7613,2.85,1805,2.14,649,3,46468,10_06_25_14_01_2025,0.73,9.59,-0.97,0.00,0.00,-0.00
-7602,2.85,1631,2.15,649,3,46510,10_06_25_14_01_2025,0.74,9.59,-0.98,0.01,-0.00,-0.00
-7650,2.85,1651,2.15,649,3,46573,10_06_25_14_01_2025,0.72,9.58,-0.99,0.00,-0.00,-0.00
-7522,2.84,1574,2.15,649,3,46616,10_06_25_14_01_2025,0.71,9.59,-0.97,0.01,-0.00,-0.00
-7714,2.86,1745,2.14,649,3,46679,10_06_25_14_01_2025,0.73,9.59,-0.97,0.00,-0.00,-0.00
-7593,2.85,1823,2.13,649,3,46769,10_06_25_14_01_2025,0.72,9.57,-0.99,0.00,-0.00,-0.00
-7611,2.85,1596,2.15,649,3,46812,10_06_26_14_01_2025,0.72,9.59,-0.96,0.01,-0.00,-0.00
-7611,2.85,1723,2.14,649,3,46875,10_06_26_14_01_2025,0.74,9.58,-0.98,0.01,-0.00,-0.00
-7677,2.85,1703,2.14,649,3,46965,10_06_26_14_01_2025,0.74,9.56,-1.00,0.00,-0.00,-0.00
-7466,2.84,1888,2.13,649,3,47008,10_06_26_14_01_2025,0.69,9.58,-0.98,0.00,0.00,-0.00
-7757,2.86,1969,2.12,649,3,47072,10_06_26_14_01_2025,0.73,9.58,-0.97,0.01,0.00,-0.00
-7517,2.84,1726,2.14,649,3,47161,10_06_26_14_01_2025,0.73,9.58,-0.97,0.00,0.00,-0.00
-7612,2.85,1886,2.13,649,3,47203,10_06_26_14_01_2025,0.69,9.59,-0.95,0.00,0.00,-0.00
-7640,2.85,1696,2.14,649,3,47267,10_06_26_14_01_2025,0.73,9.57,-0.99,0.01,0.00,-0.00
-7672,2.85,1817,2.14,649,3,47357,10_06_26_14_01_2025,0.80,9.59,-0.97,0.00,-0.00,-0.00
-7703,2.86,1918,2.13,649,3,47403,10_06_26_14_01_2025,0.76,9.59,-0.98,0.01,-0.01,0.00
-7569,2.85,1918,2.13,649,3,47464,10_06_26_14_01_2025,0.68,9.57,-0.99,0.01,-0.01,-0.00
-7627,2.85,1836,2.13,649,3,47554,10_06_26_14_01_2025,0.75,9.59,-0.99,0.00,0.00,-0.00
-7688,2.86,1798,2.14,649,3,47597,10_06_26_14_01_2025,0.69,9.59,-0.96,0.01,-0.00,-0.00
-7606,2.85,1773,2.14,648,3,47659,10_06_26_14_01_2025,0.73,9.59,-0.98,0.01,-0.00,-0.00
-7718,2.86,1729,2.14,649,3,47751,10_06_26_14_01_2025,0.72,9.60,-0.95,0.01,-0.00,-0.00
-7799,2.86,1729,2.14,649,3,47796,10_06_26_14_01_2025,0.72,9.55,-1.01,0.00,0.00,-0.00
-7461,2.84,1872,2.13,649,3,47961,10_06_27_14_01_2025,0.74,9.56,-0.99,0.01,0.00,-0.00
-7603,2.85,1800,2.14,649,3,48162,10_06_27_14_01_2025,0.73,9.57,-0.98,0.00,-0.00,-0.00
-7559,2.85,1753,2.14,649,3,48206,10_06_27_14_01_2025,0.71,9.59,-0.98,0.01,-0.00,0.00
-7596,2.85,1944,2.13,649,3,48249,10_06_27_14_01_2025,0.74,9.60,-0.94,0.01,-0.00,0.00
-7663,2.85,1751,2.14,649,3,48292,10_06_27_14_01_2025,0.71,9.56,-0.98,0.01,-0.00,-0.00
-7800,2.86,1605,2.15,649,3,48338,10_06_27_14_01_2025,0.73,9.57,-0.99,0.00,-0.00,0.00
-7518,2.84,1683,2.15,650,3,48380,10_06_27_14_01_2025,0.70,9.59,-0.95,0.00,-0.00,-0.00
-7786,2.86,1615,2.15,649,3,48423,10_06_27_14_01_2025,0.70,9.59,-0.96,0.00,-0.00,-0.00
-7709,2.86,1606,2.15,650,3,48465,10_06_27_14_01_2025,0.74,9.58,-0.97,0.01,-0.00,-0.00
-7671,2.85,1793,2.14,649,3,48508,10_06_27_14_01_2025,0.73,9.58,-0.97,0.01,-0.00,-0.00
-7561,2.85,1632,2.15,649,3,48551,10_06_27_14_01_2025,0.72,9.58,-0.97,0.00,-0.00,-0.00
-7689,2.86,1834,2.13,649,3,48597,10_06_27_14_01_2025,0.71,9.59,-0.98,0.00,-0.00,-0.00
-7668,2.85,1734,2.14,649,3,48641,10_06_27_14_01_2025,0.71,9.60,-0.96,0.00,-0.00,-0.00
-7603,2.85,1795,2.14,649,3,48683,10_06_27_14_01_2025,0.75,9.61,-0.95,0.01,-0.00,-0.00
-7684,2.85,1577,2.15,649,3,48748,10_06_27_14_01_2025,0.71,9.58,-0.98,0.01,-0.01,-0.00
-7529,2.84,1939,2.13,649,3,48838,10_06_27_14_01_2025,0.73,9.58,-0.97,0.00,-0.00,0.00
-7611,2.85,1862,2.13,649,3,48881,10_06_28_14_01_2025,0.72,9.59,-0.98,0.00,-0.00,-0.00
-7663,2.85,1709,2.14,649,3,48943,10_06_28_14_01_2025,0.75,9.59,-0.95,0.00,-0.00,-0.00
-7677,2.85,1809,2.14,649,3,49034,10_06_28_14_01_2025,0.69,9.58,-0.98,0.00,-0.00,0.00
-7755,2.86,1856,2.13,649,3,49078,10_06_28_14_01_2025,0.69,9.59,-0.97,0.00,-0.00,-0.00
-7619,2.85,1832,2.13,649,3,49140,10_06_28_14_01_2025,0.72,9.58,-0.98,0.00,-0.00,-0.00
-7581,2.85,1669,2.15,649,3,49183,10_06_28_14_01_2025,0.71,9.56,-1.00,0.00,0.00,-0.00
-7621,2.85,1793,2.14,648,3,49245,10_06_28_14_01_2025,0.77,9.57,-1.00,0.00,-0.01,0.00
-7621,2.85,1545,2.16,649,3,49336,10_06_28_14_01_2025,0.81,9.59,-0.93,0.00,-0.02,-0.00
-7534,2.84,1733,2.14,649,3,49379,10_06_28_14_01_2025,0.73,9.54,-1.04,0.01,-0.03,0.00
-7582,2.85,1784,2.14,649,3,49443,10_06_28_14_01_2025,0.77,9.58,-1.03,0.01,-0.04,0.00
-7521,2.84,1875,2.13,649,3,49532,10_06_28_14_01_2025,0.62,9.61,-0.97,0.01,-0.02,0.00
-7752,2.86,1743,2.14,649,3,49575,10_06_28_14_01_2025,0.64,9.58,-0.97,0.01,-0.00,-0.00
-7714,2.86,1858,2.13,649,3,49638,10_06_28_14_01_2025,0.67,9.56,-1.03,0.00,0.01,-0.00
-7524,2.84,1769,2.14,649,3,49729,10_06_28_14_01_2025,0.69,9.61,-0.94,0.00,0.01,-0.00
-7665,2.85,1999,2.12,649,3,49773,10_06_28_14_01_2025,0.75,9.59,-0.97,0.00,0.02,-0.00
-7448,2.84,1712,2.14,649,3,49835,10_06_29_14_01_2025,0.74,9.60,-0.96,0.01,0.01,-0.00
-7567,2.85,1811,2.14,649,3,49924,10_06_29_14_01_2025,0.75,9.60,-0.96,0.01,0.01,-0.00
-7479,2.84,1793,2.14,649,3,49967,10_06_29_14_01_2025,0.74,9.56,-1.01,0.01,-0.00,0.00
-7861,2.87,1725,2.14,648,3,50031,10_06_29_14_01_2025,0.73,9.56,-1.00,0.01,-0.00,-0.00
-7717,2.86,1788,2.14,649,3,50121,10_06_29_14_01_2025,0.71,9.61,-0.94,0.00,-0.01,-0.00
-7647,2.85,1695,2.14,650,3,50164,10_06_29_14_01_2025,0.70,9.58,-1.00,0.01,-0.01,0.00
-7621,2.85,1807,2.14,649,3,50227,10_06_29_14_01_2025,0.73,9.56,-1.00,0.00,-0.00,0.00
-7629,2.85,1822,2.13,649,3,50318,10_06_29_14_01_2025,0.69,9.58,-0.98,0.00,-0.00,-0.00
-7610,2.85,1948,2.13,649,3,50361,10_06_29_14_01_2025,0.73,9.58,-0.99,0.00,-0.00,-0.00
-7560,2.85,1830,2.13,649,3,50423,10_06_29_14_01_2025,0.72,9.57,-1.00,0.00,-0.00,0.00
-7642,2.85,1702,2.14,649,3,50470,10_06_29_14_01_2025,0.71,9.60,-0.96,0.00,-0.00,-0.00
-7522,2.84,1741,2.14,649,3,50530,10_06_29_14_01_2025,0.74,9.58,-0.97,0.00,-0.00,0.00
-7674,2.85,1723,2.14,649,3,50619,10_06_29_14_01_2025,0.71,9.58,-0.97,0.01,-0.01,-0.00
-7435,2.84,1646,2.15,649,3,50661,10_06_29_14_01_2025,0.73,9.56,-1.00,0.01,-0.00,0.00
-7654,2.85,1878,2.13,649,3,50725,10_06_29_14_01_2025,0.73,9.60,-0.97,0.00,-0.00,-0.00
-7767,2.86,1768,2.14,649,3,50816,10_06_29_14_01_2025,0.70,9.58,-0.96,0.01,-0.00,0.00
-7692,2.86,1846,2.13,649,3,50861,10_06_30_14_01_2025,0.70,9.57,-0.98,0.00,-0.00,-0.00
-7685,2.85,1722,2.14,649,3,50922,10_06_30_14_01_2025,0.70,9.59,-0.95,0.01,-0.00,-0.00
-7652,2.85,1869,2.13,649,3,51012,10_06_30_14_01_2025,0.73,9.57,-1.00,0.01,-0.00,-0.00
-7574,2.85,1846,2.13,649,3,51054,10_06_30_14_01_2025,0.70,9.59,-0.97,0.00,-0.00,0.00
-7364,2.83,1797,2.14,649,3,51118,10_06_30_14_01_2025,0.72,9.59,-0.96,0.00,-0.00,-0.00
-7769,2.86,1890,2.13,649,3,51209,10_06_30_14_01_2025,0.72,9.59,-0.98,0.01,-0.00,-0.00
-7479,2.84,1930,2.13,649,3,51254,10_06_30_14_01_2025,0.72,9.57,-0.98,0.00,-0.00,-0.00
-7684,2.85,1816,2.14,649,3,51315,10_06_30_14_01_2025,0.73,9.58,-0.97,0.00,-0.00,-0.00
-7456,2.84,1803,2.14,649,3,51404,10_06_30_14_01_2025,0.73,9.61,-0.96,0.01,-0.00,-0.00
-7687,2.86,1529,2.16,648,3,51446,10_06_30_14_01_2025,0.73,9.55,-1.00,0.01,-0.01,-0.00
-7569,2.85,1797,2.14,649,3,51511,10_06_30_14_01_2025,0.71,9.59,-0.95,0.00,-0.00,-0.00
-7740,2.86,1964,2.12,649,3,51602,10_06_30_14_01_2025,0.73,9.59,-0.96,0.01,-0.00,-0.00
-7651,2.85,1790,2.14,649,3,51648,10_06_30_14_01_2025,0.71,9.59,-0.96,0.01,-0.01,0.00
-7652,2.85,1723,2.14,649,3,51707,10_06_30_14_01_2025,0.72,9.58,-0.97,0.01,-0.00,-0.00
-7552,2.84,1841,2.13,649,3,51751,10_06_30_14_01_2025,0.72,9.56,-0.99,0.00,-0.00,-0.00
-7661,2.85,1942,2.13,648,3,51814,10_06_30_14_01_2025,0.71,9.60,-0.95,0.00,-0.00,-0.00
-7613,2.85,1744,2.14,649,3,52873,10_06_31_14_01_2025,0.68,9.57,-0.99,0.01,0.00,-0.00
