-7677,2.85,3478,2.01,647,3,26893,10_04_51_14_01_2025
-7540,2.84,3455,2.01,647,3,27363,10_04_51_14_01_2025
-7637,2.85,3179,2.03,648,3,27743,10_04_51_14_01_2025
-7661,2.85,3440,2.01,647,3,28113,10_04_51_14_01_2025
-7680,2.85,3358,2.02,647,3,28483,10_04_51_14_01_2025
-7688,2.86,3310,2.02,647,3,28843,10_04_51_14_01_2025
-7826,2.87,3453,2.01,647,3,29203,10_04_51_14_01_2025
-7581,2.85,3397,2.02,647,3,29573,10_04_51_14_01_2025
-7737,2.86,3357,2.02,647,3,29943,10_04_52_14_01_2025
-7696,2.86,3404,2.01,647,3,30313,10_04_52_14_01_2025
-7764,2.86,3334,2.02,647,3,30703,10_04_52_14_01_2025
-7825,2.87,3305,2.02,647,3,31073,10_04_52_14_01_2025
-7602,2.85,3258,2.03,647,3,31443,10_04_52_14_01_2025
-7563,2.85,3450,2.01,647,3,31813,10_04_52_14_01_2025
-7594,2.85,3453,2.01,647,3,32173,10_04_52_14_01_2025
-7646,2.85,3568,2.00,647,3,32533,10_04_52_14_01_2025
-7723,2.86,3347,2.02,647,3,32903,10_04_52_14_01_2025
-7505,2.84,3483,2.01,647,3,33273,10_04_52_14_01_2025
-7475,2.84,3404,2.01,647,3,33633,10_04_52_14_01_2025
-7578,2.85,3432,2.01,647,3,34023,10_04_52_14_01_2025
-7676,2.85,3498,2.01,647,3,34393,10_04_52_14_01_2025
-7551,2.84,3364,2.02,647,3,34763,10_04_52_14_01_2025
-7659,2.85,3488,2.01,647,3,35123,10_04_52_14_01_2025
-7493,2.84,3401,2.02,647,3,35483,10_04_52_14_01_2025
-7570,2.85,3534,2.01,647,3,35843,10_04_52_14_01_2025
-7565,2.85,3482,2.01,647,3,36213,10_04_52_14_01_2025
-7647,2.85,3392,2.02,647,3,36593,10_04_52_14_01_2025
-7709,2.86,3350,2.02,647,3,36953,10_04_52_14_01_2025
-7627,2.85,3392,2.02,648,3,37323,10_04_52_14_01_2025
-7669,2.85,3497,2.01,647,3,37713,10_04_52_14_01_2025
-7667,2.85,3493,2.01,647,3,38093,10_04_52_14_01_2025
-7680,2.85,3264,2.03,647,3,38453,10_04_52_14_01_2025
-7763,2.86,3395,2.02,646,3,38823,10_04_52_14_01_2025
-7512,2.84,3514,2.01,647,3,39193,10_04_52_14_01_2025
-7399,2.83,3420,2.01,647,3,39573,10_04_52_14_01_2025
-7627,2.85,3518,2.01,647,3,39933,10_04_53_14_01_2025
-7465,2.84,3379,2.02,647,3,40293,10_04_53_14_01_2025
-7595,2.85,3422,2.01,647,3,40653,10_04_53_14_01_2025
-7637,2.85,3569,2.00,647,3,41053,10_04_53_14_01_2025
-7577,2.85,3712,1.99,648,3,41423,10_04_53_14_01_2025
-7616,2.85,3424,2.01,647,3,41783,10_04_53_14_01_2025
-7633,2.85,3484,2.01,648,3,42143,10_04_53_14_01_2025
-7587,2.85,3540,2.00,647,3,42513,10_04_53_14_01_2025
-7678,2.85,3419,2.01,647,3,42883,10_04_53_14_01_2025
-7601,2.85,3402,2.02,647,3,43253,10_04_53_14_01_2025
-7647,2.85,3199,2.03,647,3,43613,10_04_53_14_01_2025
-7569,2.85,3499,2.01,648,3,43983,10_04_53_14_01_2025
-7624,2.85,3468,2.01,646,3,44353,10_04_53_14_01_2025
-7585,2.85,3601,2.00,647,3,44743,10_04_53_14_01_2025
-7560,2.85,3337,2.02,647,3,45113,10_04_53_14_01_2025
-7525,2.84,3620,2.00,646,3,45483,10_04_53_14_01_2025
-7619,2.85,3364,2.02,647,3,45853,10_04_53_14_01_2025
-7515,2.84,3490,2.01,647,3,46223,10_04_53_14_01_2025
-7529,2.84,3595,2.00,648,3,46593,10_04_53_14_01_2025
-7503,2.84,3337,2.02,647,3,46953,10_04_53_14_01_2025
-7552,2.84,3477,2.01,648,3,47333,10_04_53_14_01_2025
-7504,2.84,3492,2.01,647,3,47703,10_04_53_14_01_2025
-7641,2.85,3598,2.00,647,3,48093,10_04_53_14_01_2025
-7557,2.85,3450,2.01,647,3,48463,10_04_53_14_01_2025
-7516,2.84,3564,2.00,647,3,48833,10_04_53_14_01_2025
-7822,2.87,3365,2.02,647,3,49203,10_04_53_14_01_2025
-7535,2.84,3378,2.02,647,3,49573,10_04_53_14_01_2025
-7488,2.84,3393,2.02,647,3,49933,10_04_54_14_01_2025
-7473,2.84,3164,2.03,647,3,50303,10_04_54_14_01_2025
-7548,2.84,3545,2.00,647,3,50673,10_04_54_14_01_2025
-7636,2.85,3408,2.01,646,3,51043,10_04_54_14_01_2025
-7722,2.86,3674,1.99,648,3,51413,10_04_54_14_01_2025
-7487,2.84,3392,2.02,648,3,51803,10_04_54_14_01_2025
-7283,2.82,3542,2.00,648,3,52173,10_04_54_14_01_2025
-7623,2.85,3556,2.00,647,3,52533,10_04_54_14_01_2025
-7605,2.85,3323,2.02,647,3,52893,10_04_54_14_01_2025
-7659,2.85,3510,2.01,648,3,53263,10_04_54_14_01_2025
-7516,2.84,3570,2.00,647,3,53633,10_04_54_14_01_2025
-7734,2.86,3544,2.00,648,3,54003,10_04_54_14_01_2025
-7760,2.86,3495,2.01,648,3,54363,10_04_54_14_01_2025
-7671,2.85,3659,2.00,647,3,54733,10_04_54_14_01_2025
-7613,2.85,3417,2.01,647,3,55123,10_04_54_14_01_2025
-7446,2.84,3480,2.01,647,3,55493,10_04_54_14_01_2025
-7560,2.85,3365,2.02,646,3,55853,10_04_54_14_01_2025
-7642,2.85,3360,2.02,648,3,56213,10_04_54_14_01_2025
-7640,2.85,3392,2.02,648,3,56583,10_04_54_14_01_2025
-7562,2.85,3466,2.01,647,3,56963,10_04_54_14_01_2025
-7692,2.86,3428,2.01,647,3,57333,10_04_54_14_01_2025
-7696,2.86,3617,2.00,647,3,57693,10_04_54_14_01_2025
-7485,2.84,3488,2.01,647,3,58063,10_04_54_14_01_2025
-7638,2.85,3436,2.01,648,3,58443,10_04_54_14_01_2025
-7692,2.86,3556,2.00,648,3,58833,10_04_54_14_01_2025
-7849,2.87,3450,2.01,647,3,59203,10_04_54_14_01_2025
-7512,2.84,3508,2.01,648,3,59563,10_04_54_14_01_2025
-7696,2.86,3545,2.00,647,3,59943,10_04_55_14_01_2025
-7602,2.85,3540,2.00,648,3,60313,10_04_55_14_01_2025
-7447,2.84,3335,2.02,648,3,60693,10_04_55_14_01_2025
-7483,2.84,3540,2.00,647,3,61063,10_04_55_14_01_2025
-7657,2.85,3445,2.01,647,3,61443,10_04_55_14_01_2025
-7677,2.85,3586,2.00,647,3,61813,10_04_55_14_01_2025
-7688,2.86,3429,2.01,645,3,62213,10_04_55_14_01_2025
-7445,2.84,3418,2.01,648,3,62583,10_04_55_14_01_2025
-7754,2.86,3380,2.02,647,3,63023,10_04_55_14_01_2025
-7735,2.86,3669,1.99,647,3,63383,10_04_55_14_01_2025
-7724,2.86,3461,2.01,647,3,63753,10_04_55_14_01_2025
-7624,2.85,3572,2.00,647,3,64133,10_04_55_14_01_2025
-7649,2.85,3404,2.01,648,3,64503,10_04_55_14_01_2025
-7497,2.84,3453,2.01,647,3,64873,10_04_55_14_01_2025
-7538,2.84,3403,2.01,647,3,65243,10_04_55_14_01_2025
-7594,2.85,3604,2.00,647,3,65623,10_04_55_14_01_2025
-7581,2.85,3526,2.01,647,3,66023,10_04_55_14_01_2025
-7747,2.86,3651,2.00,648,3,66393,10_04_55_14_01_2025
-7671,2.85,3569,2.00,647,3,66763,10_04_55_14_01_2025
-7637,2.85,3456,2.01,647,3,67133,10_04_55_14_01_2025
-7447,2.84,3785,1.99,647,3,67513,10_04_55_14_01_2025
-7658,2.85,3602,2.00,648,3,67883,10_04_55_14_01_2025
-7555,2.85,3602,2.00,648,3,68243,10_04_55_14_01_2025
-7487,2.84,3443,2.01,648,3,68623,10_04_55_14_01_2025
-7512,2.84,3556,2.00,648,3,68993,10_04_55_14_01_2025
-7553,2.84,3451,2.01,647,3,69383,10_04_55_14_01_2025
-7622,2.85,3373,2.02,647,3,69753,10_04_56_14_01_2025
-7602,2.85,3623,2.00,647,3,70123,10_04_56_14_01_2025
-7586,2.85,3417,2.01,647,3,70503,10_04_56_14_01_2025
-7737,2.86,3563,2.00,647,3,70873,10_04_56_14_01_2025
-7758,2.86,3630,2.00,647,3,71233,10_04_56_14_01_2025
-7807,2.86,3555,2.00,647,3,71613,10_04_56_14_01_2025
-7566,2.85,3519,2.01,647,3,71993,10_04_56_14_01_2025
-7655,2.85,3524,2.01,648,3,72363,10_04_56_14_01_2025
-7583,2.85,3497,2.01,647,3,72733,10_04_56_14_01_2025
-7683,2.85,3518,2.01,647,3,73143,10_04_56_14_01_2025
-7521,2.84,3386,2.02,647,3,73513,10_04_56_14_01_2025
-7518,2.84,3574,2.00,647,3,73883,10_04_56_14_01_2025
-7496,2.84,3384,2.02,647,3,74253,10_04_56_14_01_2025
-7655,2.85,3556,2.00,648,3,74623,10_04_56_14_01_2025
-7712,2.86,3498,2.01,647,3,75003,10_04_56_14_01_2025
-7650,2.85,3519,2.01,647,3,75363,10_04_56_14_01_2025
-7543,2.84,3495,2.01,647,3,75743,10_04_56_14_01_2025
-7670,2.85,3533,2.01,648,3,76113,10_04_56_14_01_2025
-7587,2.85,3310,2.02,647,3,76513,10_04_56_14_01_2025
-7565,2.85,3375,2.02,647,3,76883,10_04_56_14_01_2025
-7541,2.84,3476,2.01,648,3,77253,10_04_56_14_01_2025
-7593,2.85,3589,2.00,648,3,77623,10_04_56_14_01_2025
-7697,2.86,3455,2.01,647,3,78003,10_04_56_14_01_2025
-7669,2.85,3391,2.02,647,3,78363,10_04_56_14_01_2025
-7628,2.85,3522,2.01,647,3,78743,10_04_56_14_01_2025
-7519,2.84,3405,2.01,647,3,79123,10_04_56_14_01_2025
-7641,2.85,3416,2.01,648,3,79493,10_04_56_14_01_2025
-7610,2.85,3516,2.01,648,3,79853,10_04_57_14_01_2025
-7549,2.84,3389,2.02,647,3,80243,10_04_57_14_01_2025
-7469,2.84,3558,2.00,647,3,80623,10_04_57_14_01_2025
-7818,2.87,3553,2.00,648,3,80993,10_04_57_14_01_2025
-7701,2.86,3510,2.01,648,3,81353,10_04_57_14_01_2025
-7659,2.85,3500,2.01,647,3,81733,10_04_57_14_01_2025
-7662,2.85,3452,2.01,648,3,82103,10_04_57_14_01_2025
-7620,2.85,3589,2.00,647,3,82483,10_04_57_14_01_2025
-7544,2.84,3411,2.01,648,3,82853,10_04_57_14_01_2025
-7733,2.86,3419,2.01,647,3,83223,10_04_57_14_01_2025
-7558,2.85,3431,2.01,648,3,83623,10_04_57_14_01_2025
-7507,2.84,3514,2.01,647,3,84003,10_04_57_14_01_2025
-7641,2.85,3723,1.99,647,3,84363,10_04_57_14_01_2025
-7659,2.85,3555,2.00,647,3,84733,10_04_57_14_01_2025
-7618,2.85,3531,2.01,647,3,85113,10_04_57_14_01_2025
-7535,2.84,3680,1.99,647,3,85493,10_04_57_14_01_2025
-7695,2.86,3351,2.02,647,3,85853,10_04_57_14_01_2025
-7489,2.84,3427,2.01,647,3,86223,10_04_57_14_01_2025
-7641,2.85,3448,2.01,647,3,86593,10_04_57_14_01_2025
-7577,2.85,3466,2.01,648,3,86973,10_04_57_14_01_2025
-7683,2.85,3688,1.99,648,3,87373,10_04_57_14_01_2025
-7769,2.86,3416,2.01,648,3,87733,10_04_57_14_01_2025
-7639,2.85,3656,2.00,648,3,88113,10_04_57_14_01_2025
-7601,2.85,3562,2.00,647,3,88493,10_04_57_14_01_2025
-7622,2.85,3632,2.00,648,3,88863,10_04_57_14_01_2025
-7597,2.85,3710,1.99,648,3,89233,10_04_57_14_01_2025
-7758,2.86,3455,2.01,647,3,89613,10_04_57_14_01_2025
-7645,2.85,3644,2.00,647,3,89983,10_04_58_14_01_2025
-7544,2.84,3462,2.01,647,3,90353,10_04_58_14_01_2025
-7654,2.85,3464,2.01,644,3,90743,10_04_58_14_01_2025
-7422,2.84,3424,2.01,648,3,91123,10_04_58_14_01_2025
-7571,2.85,3490,2.01,648,3,91493,10_04_58_14_01_2025
-7526,2.84,3239,2.03,648,3,91863,10_04_58_14_01_2025
-7616,2.85,3427,2.01,647,3,92233,10_04_58_14_01_2025
-7476,2.84,3443,2.01,647,3,92623,10_04_58_14_01_2025
-7653,2.85,3465,2.01,647,3,93523,10_04_58_14_01_2025
-7599,2.85,3465,2.01,648,3,93903,10_04_58_14_01_2025
-7722,2.86,3390,2.02,648,3,94583,10_04_58_14_01_2025
-7828,2.87,3563,2.00,648,3,95483,10_04_58_14_01_2025
-7550,2.84,3547,2.00,647,3,95883,10_04_58_14_01_2025
-7522,2.84,3468,2.01,647,3,96563,10_04_58_14_01_2025
-7459,2.84,3571,2.00,648,3,97453,10_04_58_14_01_2025
-7558,2.85,3437,2.01,647,3,97823,10_04_58_14_01_2025
-7539,2.84,3542,2.00,647,3,98513,10_04_58_14_01_2025
-7781,2.86,3489,2.01,647,3,99423,10_04_58_14_01_2025
-7383,2.83,3523,2.01,648,3,99793,10_04_59_14_01_2025
-7570,2.85,3418,2.01,647,3,100483,10_04_59_14_01_2025
-7622,2.85,3590,2.00,647,3,100853,10_04_59_14_01_2025
-7693,2.86,3526,2.01,648,3,101533,10_04_59_14_01_2025
-7748,2.86,3441,2.01,647,3,102433,10_04_59_14_01_2025
-7769,2.86,3535,2.00,645,3,102803,10_04_59_14_01_2025
-7737,2.86,3632,2.00,647,3,103513,10_04_59_14_01_2025
-7565,2.85,3497,2.01,648,3,104403,10_04_59_14_01_2025
-7663,2.85,3472,2.01,647,3,104763,10_04_59_14_01_2025
-7566,2.85,3425,2.01,647,3,105463,10_04_59_14_01_2025
-7460,2.84,3411,2.01,648,3,106363,10_04_59_14_01_2025
-7787,2.86,3635,2.00,647,3,106743,10_04_59_14_01_2025
-8296,2.90,3519,2.01,648,3,107433,10_04_59_14_01_2025
-9070,2.96,3461,2.01,647,3,108323,10_04_59_14_01_2025
-8068,2.88,3658,2.00,648,3,108693,10_04_59_14_01_2025
-7740,2.86,3769,1.99,647,3,109383,10_04_59_14_01_2025
-6854,2.79,3490,2.01,648,3,110283,10_05_00_14_01_2025
-17828,3.62,4143,1.96,648,3,110663,10_05_00_14_01_2025
-24193,4.11,4143,1.96,648,3,111353,10_05_00_14_01_2025
-25636,4.21,3824,1.98,647,3,112273,10_05_00_14_01_2025
-23009,4.02,3907,1.98,648,3,112633,10_05_00_14_01_2025
-25702,4.22,3949,1.97,647,3,113313,10_05_00_14_01_2025
-35189,4.94,3910,1.98,647,3,113733,10_05_00_14_01_2025
-42207,5.47,3875,1.98,648,3,114373,10_05_00_14_01_2025
-54316,6.39,3670,1.99,647,3,115283,10_05_00_14_01_2025
-69720,7.55,3532,2.01,647,3,115653,10_05_00_14_01_2025
-74763,7.94,3800,1.98,647,3,116343,10_05_00_14_01_2025
-83944,8.63,3658,2.00,647,3,117253,10_05_00_14_01_2025
-92466,9.28,3798,1.99,648,3,117633,10_05_00_14_01_2025
-95922,9.54,3992,1.97,647,3,118293,10_05_00_14_01_2025
-104932,10.22,3757,1.99,647,3,119213,10_05_00_14_01_2025
-108445,10.49,3891,1.98,649,3,119613,10_05_00_14_01_2025
-110275,10.63,3675,1.99,647,3,120313,10_05_01_14_01_2025
-107697,10.43,3653,2.00,648,3,121223,10_05_01_14_01_2025
-108670,10.51,3951,1.97,648,3,122143,10_05_01_14_01_2025
-110933,10.68,3933,1.97,647,3,122503,10_05_01_14_01_2025
-109489,10.57,3897,1.98,648,3,123223,10_05_01_14_01_2025
-102438,10.03,3933,1.97,648,3,124143,10_05_01_14_01_2025
-86630,8.84,4130,1.96,648,3,124523,10_05_01_14_01_2025
-79660,8.31,4019,1.97,647,3,125183,10_05_01_14_01_2025
-66247,7.29,3863,1.98,647,3,126093,10_05_01_14_01_2025
-44080,5.61,3643,2.00,648,3,126463,10_05_01_14_01_2025
-37102,5.08,3876,1.98,647,3,127163,10_05_01_14_01_2025
-27116,4.33,3526,2.01,647,3,128063,10_05_01_14_01_2025
-13186,3.27,3716,1.99,648,3,128443,10_05_01_14_01_2025
-9907,3.02,3302,2.02,647,3,129143,10_05_01_14_01_2025
-8928,2.95,3421,2.01,647,3,129503,10_05_01_14_01_2025
-7730,2.86,3446,2.01,647,3,130193,10_05_02_14_01_2025
-7965,2.88,3539,2.00,648,3,131083,10_05_02_14_01_2025
-8113,2.89,3612,2.00,648,3,131483,10_05_02_14_01_2025
-8121,2.89,3342,2.02,647,3,132153,10_05_02_14_01_2025
-7990,2.88,3438,2.01,648,3,133043,10_05_02_14_01_2025
-7893,2.87,3400,2.02,648,3,133423,10_05_02_14_01_2025
-8112,2.89,3211,2.03,648,3,134123,10_05_02_14_01_2025
-8157,2.89,3492,2.01,648,3,135013,10_05_02_14_01_2025
-8016,2.88,3458,2.01,648,3,135383,10_05_02_14_01_2025
-8127,2.89,3393,2.02,647,3,136073,10_05_02_14_01_2025
-8128,2.89,3339,2.02,648,3,136983,10_05_02_14_01_2025
-7966,2.88,3433,2.01,647,3,137383,10_05_02_14_01_2025
-8058,2.88,3375,2.02,647,3,138043,10_05_02_14_01_2025
-7983,2.88,3439,2.01,646,3,138933,10_05_02_14_01_2025
-8165,2.89,3506,2.01,648,3,139303,10_05_02_14_01_2025
-7989,2.88,3436,2.01,645,3,140003,10_05_03_14_01_2025
-7889,2.87,3412,2.01,648,3,140913,10_05_03_14_01_2025
-8004,2.88,3444,2.01,648,3,141293,10_05_03_14_01_2025
-8061,2.88,3321,2.02,648,3,141963,10_05_03_14_01_2025
-8008,2.88,3350,2.02,648,3,142333,10_05_03_14_01_2025
-7951,2.88,3571,2.00,648,3,143023,10_05_03_14_01_2025
-8151,2.89,3521,2.01,647,3,143923,10_05_03_14_01_2025
-8306,2.90,1618,2.15,647,3,144303,10_05_03_14_01_2025
-8234,2.90,1186,2.18,648,3,144993,10_05_03_14_01_2025
-8198,2.89,-221,2.29,648,3,145893,10_05_03_14_01_2025
-8140,2.89,401,2.24,648,3,146253,10_05_03_14_01_2025
-8087,2.89,-685,2.32,648,3,146963,10_05_03_14_01_2025
-8402,2.91,-13295,3.28,648,3,147863,10_05_03_14_01_2025
-8254,2.90,-49609,6.03,648,3,148243,10_05_03_14_01_2025
-8175,2.89,-63143,7.06,648,3,148913,10_05_03_14_01_2025
-8285,2.90,-91397,9.20,648,3,149813,10_05_03_14_01_2025
-8318,2.90,-106726,10.36,648,3,150183,10_05_04_14_01_2025
-8211,2.89,-108593,10.50,648,3,150903,10_05_04_14_01_2025
-8442,2.91,-114544,10.95,648,3,151823,10_05_04_14_01_2025
-8104,2.89,-106413,10.33,648,3,152193,10_05_04_14_01_2025
-8277,2.90,-113136,10.84,647,3,152893,10_05_04_14_01_2025
-8279,2.90,-109006,10.53,648,3,153813,10_05_04_14_01_2025
-8276,2.90,-103098,10.08,647,3,154743,10_05_04_14_01_2025
-8165,2.89,-68867,7.49,648,3,155153,10_05_04_14_01_2025
-8026,2.88,-66248,7.29,648,3,155793,10_05_04_14_01_2025
-8051,2.88,-57975,6.66,648,3,156163,10_05_04_14_01_2025
-8167,2.89,-56869,6.58,645,3,156853,10_05_04_14_01_2025
-8263,2.90,-55733,6.49,648,3,157753,10_05_04_14_01_2025
-8298,2.90,-41517,5.42,647,3,158133,10_05_04_14_01_2025
-8263,2.90,-27873,4.38,646,3,158823,10_05_04_14_01_2025
-8048,2.88,-8496,2.92,647,3,159723,10_05_04_14_01_2025
-7743,2.86,2148,2.11,648,3,160093,10_05_05_14_01_2025
-7911,2.87,4580,1.93,648,3,160793,10_05_05_14_01_2025
-8017,2.88,3744,1.99,648,3,161693,10_05_05_14_01_2025
-8090,2.89,3295,2.02,647,3,162073,10_05_05_14_01_2025
-7855,2.87,2906,2.05,648,3,162753,10_05_05_14_01_2025
-7996,2.88,2912,2.05,648,3,163653,10_05_05_14_01_2025
-7959,2.88,2663,2.07,648,3,164023,10_05_05_14_01_2025
-8287,2.90,2938,2.05,647,3,164713,10_05_05_14_01_2025
-8017,2.88,2933,2.05,647,3,165613,10_05_05_14_01_2025
-8160,2.89,3258,2.03,647,3,165993,10_05_05_14_01_2025
-8024,2.88,3202,2.03,647,3,166673,10_05_05_14_01_2025
-7834,2.87,3276,2.02,646,3,167583,10_05_05_14_01_2025
-9198,2.97,3123,2.04,648,3,167953,10_05_05_14_01_2025
-9773,3.01,3133,2.04,648,3,168643,10_05_05_14_01_2025
-10167,3.04,3301,2.02,647,3,169023,10_05_05_14_01_2025
-10444,3.06,3574,2.00,648,3,169693,10_05_05_14_01_2025
-11280,3.13,3136,2.04,648,3,170593,10_05_06_14_01_2025
-15458,3.44,3523,2.01,648,3,170953,10_05_06_14_01_2025
-21749,3.92,3489,2.01,648,3,171673,10_05_06_14_01_2025
-42470,5.49,3056,2.04,648,3,172563,10_05_06_14_01_2025
-80070,8.34,2951,2.05,648,3,172963,10_05_06_14_01_2025
-97202,9.64,2590,2.08,648,3,173623,10_05_06_14_01_2025
-127366,11.92,2616,2.07,647,3,174543,10_05_06_14_01_2025
-133520,12.39,2938,2.05,648,3,174923,10_05_06_14_01_2025
-125416,11.77,2674,2.07,646,3,175633,10_05_06_14_01_2025
-132030,12.27,2404,2.09,646,3,176543,10_05_06_14_01_2025
-143576,13.15,2909,2.05,648,3,177463,10_05_06_14_01_2025
-139684,12.85,2863,2.06,648,3,177823,10_05_06_14_01_2025
-130899,12.19,3215,2.03,648,3,178543,10_05_06_14_01_2025
-130899,12.19,3379,2.02,648,3,179453,10_05_06_14_01_2025
-27459,4.35,3634,2.00,648,3,179833,10_05_07_14_01_2025
-14460,3.37,3244,2.03,647,3,180513,10_05_07_14_01_2025
-7316,2.83,2767,2.06,648,3,181423,10_05_07_14_01_2025
-7799,2.86,2806,2.06,647,3,181803,10_05_07_14_01_2025
-7881,2.87,3078,2.04,648,3,182483,10_05_07_14_01_2025
-8076,2.88,2892,2.05,647,3,183393,10_05_07_14_01_2025
-7983,2.88,3034,2.04,648,3,183763,10_05_07_14_01_2025
-8107,2.89,3109,2.04,647,3,184443,10_05_07_14_01_2025
-8318,2.90,3005,2.05,648,3,184853,10_05_07_14_01_2025
-8055,2.88,2919,2.05,648,3,185513,10_05_07_14_01_2025
-8061,2.88,3026,2.04,647,3,186403,10_05_07_14_01_2025
-7946,2.87,2907,2.05,647,3,186773,10_05_07_14_01_2025
-8133,2.89,3058,2.04,647,3,187463,10_05_07_14_01_2025
-8236,2.90,2763,2.06,648,3,188373,10_05_07_14_01_2025
-8227,2.90,2901,2.05,647,3,188753,10_05_07_14_01_2025
-8365,2.91,3031,2.04,647,3,189433,10_05_07_14_01_2025
-8058,2.88,2970,2.05,648,3,190333,10_05_08_14_01_2025
-8255,2.90,2975,2.05,647,3,190723,10_05_08_14_01_2025
-8377,2.91,2996,2.05,647,3,191393,10_05_08_14_01_2025
-8158,2.89,2919,2.05,648,3,192303,10_05_08_14_01_2025
-8272,2.90,2823,2.06,648,3,192673,10_05_08_14_01_2025
-8216,2.90,2854,2.06,647,3,193353,10_05_08_14_01_2025
-8236,2.90,3071,2.04,648,3,194253,10_05_08_14_01_2025
-8153,2.89,2877,2.05,648,3,194623,10_05_08_14_01_2025
-8355,2.91,2954,2.05,648,3,195323,10_05_08_14_01_2025
-8082,2.88,2883,2.05,648,3,196233,10_05_08_14_01_2025
-8317,2.90,3033,2.04,648,3,196613,10_05_08_14_01_2025
-8074,2.88,3018,2.04,648,3,197283,10_05_08_14_01_2025
-8200,2.89,3153,2.03,647,3,197653,10_05_08_14_01_2025
-8209,2.89,2800,2.06,648,3,198353,10_05_08_14_01_2025
-8151,2.89,3021,2.04,648,3,199253,10_05_08_14_01_2025
-8344,2.90,2885,2.05,648,3,199623,10_05_08_14_01_2025
-8318,2.90,3068,2.04,648,3,200303,10_05_09_14_01_2025
-8222,2.90,2964,2.05,648,3,201213,10_05_09_14_01_2025
-8352,2.91,3105,2.04,646,3,201583,10_05_09_14_01_2025
-8252,2.90,3186,2.03,648,3,202283,10_05_09_14_01_2025
-8245,2.90,2965,2.05,648,3,203173,10_05_09_14_01_2025
-8338,2.90,2950,2.05,649,3,203553,10_05_09_14_01_2025
-8251,2.90,3058,2.04,648,3,204233,10_05_09_14_01_2025
-8406,2.91,2885,2.05,648,3,205133,10_05_09_14_01_2025
-8163,2.89,2917,2.05,648,3,205513,10_05_09_14_01_2025
-8251,2.90,3027,2.04,647,3,206213,10_05_09_14_01_2025
-8053,2.88,3036,2.04,647,3,207103,10_05_09_14_01_2025
-8181,2.89,2921,2.05,648,3,207473,10_05_09_14_01_2025
-8215,2.90,3089,2.04,648,3,208163,10_05_09_14_01_2025
-8347,2.91,3095,2.04,646,3,209073,10_05_09_14_01_2025
-8208,2.89,2870,2.06,648,3,209453,10_05_09_14_01_2025
-8410,2.91,3142,2.03,648,3,210133,10_05_10_14_01_2025
-8218,2.90,3151,2.03,648,3,210493,10_05_10_14_01_2025
-8271,2.90,3027,2.04,648,3,211183,10_05_10_14_01_2025
-8284,2.90,2986,2.05,647,3,212093,10_05_10_14_01_2025
-8321,2.90,2910,2.05,648,3,212473,10_05_10_14_01_2025
-8274,2.90,3013,2.04,648,3,213153,10_05_10_14_01_2025
-8202,2.89,2933,2.05,647,3,214053,10_05_10_14_01_2025
-8417,2.91,3080,2.04,648,3,214423,10_05_10_14_01_2025
-8173,2.89,2922,2.05,647,3,235123,10_05_10_14_01_2025
-8333,2.90,2978,2.05,647,3,259863,10_05_12_14_01_2025
-8413,2.91,3050,2.04,647,3,284623,10_05_15_14_01_2025
-8413,2.91,2913,2.05,648,3,309353,10_05_17_14_01_2025
-8200,2.89,2849,2.06,648,3,334083,10_05_19_14_01_2025
