-9881,3.02,1708,2.14,537,2,2682,11_04_12_03_02_2025,-0.56,6.34,-7.40,0.12,-1.34,0.69
-9706,3.01,1778,2.14,537,2,2736,11_04_13_03_02_2025,-0.64,6.18,-7.29,0.01,-0.02,0.01
-9806,3.02,1605,2.15,537,2,2779,11_04_13_03_02_2025,-0.67,6.23,-7.38,0.02,-0.01,0.01
-9727,3.01,1948,2.13,537,2,2820,11_04_13_03_02_2025,-0.68,6.18,-7.45,0.01,-0.01,0.00
-9802,3.02,1522,2.16,537,2,2862,11_04_13_03_02_2025,-0.94,6.19,-7.49,-0.01,0.02,0.04
-9846,3.02,1921,2.13,537,2,2904,11_04_13_03_02_2025,-0.73,6.01,-7.26,-0.41,0.53,0.52
-9765,3.01,1904,2.13,537,2,2949,11_04_13_03_02_2025,-0.13,6.50,-7.32,-0.03,-0.02,0.13
-9865,3.02,1708,2.14,537,2,2990,11_04_13_03_02_2025,-0.05,6.51,-7.30,0.06,-0.22,-0.18
-9636,3.00,1671,2.15,537,2,3032,11_04_13_03_02_2025,-0.78,6.35,-7.11,-0.01,-0.08,-0.00
-9810,3.02,1650,2.15,537,2,3075,11_04_13_03_02_2025,-0.68,6.35,-7.09,-0.05,-0.10,-0.14
-9841,3.02,1688,2.14,537,2,3117,11_04_13_03_02_2025,-0.33,6.68,-6.92,0.00,-0.12,-0.03
-9798,3.02,1862,2.13,537,2,3159,11_04_13_03_02_2025,-0.39,6.39,-7.22,0.02,-0.10,0.06
-9766,3.01,1854,2.13,537,2,3203,11_04_13_03_02_2025,-0.49,6.47,-7.18,0.00,-0.04,0.07
-9680,3.01,1824,2.13,537,2,3246,11_04_13_03_02_2025,-0.39,6.55,-7.20,0.01,-0.01,0.00
-9716,3.01,1957,2.12,538,2,3288,11_04_13_03_02_2025,-0.55,6.39,-7.14,0.00,-0.01,0.00
-9790,3.01,1831,2.13,537,2,3329,11_04_13_03_02_2025,-0.52,6.36,-7.20,0.01,-0.01,0.00
-9892,3.02,1831,2.13,538,2,3371,11_04_13_03_02_2025,-0.54,6.36,-7.26,0.01,0.00,0.00
-9680,3.01,1886,2.13,537,2,3413,11_04_13_03_02_2025,-0.56,6.40,-7.28,0.00,-0.01,-0.00
-9566,3.00,1630,2.15,536,2,3458,11_04_13_03_02_2025,-0.55,6.37,-7.20,0.00,-0.01,-0.00
-9768,3.01,1816,2.14,537,2,3499,11_04_13_03_02_2025,-0.50,6.40,-7.23,0.00,0.00,0.00
-9773,3.01,1810,2.14,537,2,3541,11_04_13_03_02_2025,-0.50,6.42,-7.21,0.00,0.00,0.00
-9860,3.02,1839,2.13,538,2,3583,11_04_13_03_02_2025,-0.48,6.43,-7.22,0.01,-0.00,0.00
-9615,3.00,2028,2.12,537,2,3624,11_04_13_03_02_2025,-0.47,6.45,-7.19,0.00,-0.01,-0.00
-9887,3.02,1850,2.13,537,2,3666,11_04_13_03_02_2025,-0.52,6.39,-7.15,0.01,0.00,0.01
-9892,3.02,1797,2.14,538,2,3710,11_04_13_03_02_2025,-0.55,6.33,-7.20,0.01,-0.01,0.00
-9910,3.02,1683,2.15,537,2,3752,11_04_14_03_02_2025,-0.50,6.42,-7.35,0.01,0.01,0.01
-9726,3.01,1834,2.13,537,2,3794,11_04_14_03_02_2025,-0.45,6.47,-7.30,-0.00,-0.01,-0.01
-9798,3.02,1805,2.14,538,2,3835,11_04_14_03_02_2025,-0.52,6.37,-7.15,0.00,0.00,-0.01
-9905,3.02,1948,2.13,537,2,3877,11_04_14_03_02_2025,-0.51,6.44,-7.28,0.01,-0.00,0.00
-9766,3.01,1851,2.13,537,2,3919,11_04_14_03_02_2025,-0.51,6.40,-7.30,0.00,-0.02,0.00
-9653,3.00,2023,2.12,537,2,3963,11_04_14_03_02_2025,-0.53,6.41,-7.21,-0.00,-0.02,-0.01
-9735,3.01,1859,2.13,537,2,4006,11_04_14_03_02_2025,-0.55,6.35,-7.17,-0.00,-0.01,-0.01
-9721,3.01,1883,2.13,538,2,4047,11_04_14_03_02_2025,-0.57,6.34,-7.14,0.01,-0.00,-0.00
-9849,3.02,1884,2.13,538,2,4089,11_04_14_03_02_2025,-0.51,6.43,-7.24,0.01,0.01,0.01
-9816,3.02,1937,2.13,537,2,4131,11_04_14_03_02_2025,-0.48,6.45,-7.27,0.01,-0.00,0.00
-9847,3.02,1778,2.14,537,2,4172,11_04_14_03_02_2025,-0.43,6.47,-7.35,0.01,0.00,0.01
-9669,3.01,1801,2.14,537,2,4217,11_04_14_03_02_2025,-0.53,6.39,-7.26,0.00,-0.01,-0.01
-10024,3.03,1784,2.14,537,2,4259,11_04_14_03_02_2025,-0.54,6.38,-7.19,0.01,0.01,0.01
-9619,3.00,1996,2.12,537,2,4302,11_04_14_03_02_2025,-0.53,6.40,-7.27,0.01,-0.00,0.00
-9809,3.02,1719,2.14,537,2,4344,11_04_14_03_02_2025,-0.50,6.39,-7.28,0.00,-0.00,0.00
-9977,3.03,1929,2.13,537,2,4386,11_04_14_03_02_2025,-0.48,6.47,-7.29,-0.00,-0.01,-0.01
-9831,3.02,2069,2.12,537,2,4428,11_04_14_03_02_2025,-0.49,6.40,-7.11,-0.00,-0.01,-0.01
-9867,3.02,1792,2.14,537,2,4472,11_04_14_03_02_2025,-0.47,6.43,-7.21,0.01,-0.01,-0.00
-9728,3.01,1890,2.13,538,2,4514,11_04_14_03_02_2025,-0.55,6.33,-7.16,0.01,-0.00,0.01
-9780,3.01,1892,2.13,537,2,4555,11_04_14_03_02_2025,-0.50,6.49,-7.32,0.00,-0.02,-0.01
-9750,3.01,1891,2.13,537,2,4598,11_04_14_03_02_2025,-0.58,6.35,-7.22,-0.01,-0.02,-0.02
-9960,3.03,1905,2.13,537,2,4640,11_04_14_03_02_2025,-0.58,6.31,-7.25,0.01,0.01,0.01
-9795,3.01,1982,2.12,538,2,4681,11_04_14_03_02_2025,-0.53,6.38,-7.20,0.00,0.00,-0.00
-9726,3.01,1788,2.14,537,2,4726,11_04_15_03_02_2025,-0.50,6.40,-7.10,0.00,0.01,0.01
-9746,3.01,1887,2.13,537,2,4767,11_04_15_03_02_2025,-0.50,6.48,-7.26,0.01,0.00,0.01
-9747,3.01,1790,2.14,537,2,4809,11_04_15_03_02_2025,-0.53,6.35,-7.18,0.00,-0.01,0.00
-9808,3.02,1914,2.13,537,2,4850,11_04_15_03_02_2025,-0.52,6.41,-7.25,0.00,-0.01,-0.00
-9791,3.01,1857,2.13,537,2,4892,11_04_15_03_02_2025,-0.53,6.38,-7.20,0.00,-0.01,-0.00
-9815,3.02,1942,2.13,537,2,4934,11_04_15_03_02_2025,-0.53,6.37,-7.22,0.00,-0.01,-0.00
-9609,3.00,1824,2.13,538,2,4978,11_04_15_03_02_2025,-0.51,6.39,-7.20,0.00,0.00,0.00
-9691,3.01,1944,2.13,538,2,5020,11_04_15_03_02_2025,-0.52,6.39,-7.19,0.01,0.00,0.00
-9642,3.00,1960,2.12,538,2,5061,11_04_15_03_02_2025,-0.49,6.45,-7.31,0.01,-0.01,-0.01
-9738,3.01,1920,2.13,537,2,5102,11_04_15_03_02_2025,-0.51,6.42,-7.16,0.00,-0.00,0.00
-9880,3.02,1878,2.13,537,2,5145,11_04_15_03_02_2025,-0.54,6.39,-7.27,0.00,-0.01,-0.01
-9704,3.01,2004,2.12,538,2,5186,11_04_15_03_02_2025,-0.53,6.39,-7.17,-0.00,-0.03,-0.00
-9598,3.00,1979,2.12,537,2,5231,11_04_15_03_02_2025,-0.56,6.38,-7.18,0.02,0.02,0.02
-9792,3.01,1963,2.12,537,2,5273,11_04_15_03_02_2025,-0.48,6.44,-7.23,0.01,0.00,0.00
-9852,3.02,2029,2.12,537,2,5314,11_04_15_03_02_2025,-0.52,6.41,-7.22,-0.00,-0.01,-0.01
-9778,3.01,1849,2.13,537,2,5356,11_04_15_03_02_2025,-0.51,6.40,-7.15,0.00,-0.00,0.00
-9813,3.02,1722,2.14,538,2,5398,11_04_15_03_02_2025,-0.54,6.37,-7.25,0.00,-0.01,-0.00
-9871,3.02,1845,2.13,537,2,5440,11_04_15_03_02_2025,-0.55,6.35,-7.15,0.00,-0.01,-0.00
-9721,3.01,2004,2.12,537,2,5485,11_04_15_03_02_2025,-0.53,6.41,-7.25,0.00,-0.01,-0.00
-9634,3.00,1648,2.15,537,2,5528,11_04_15_03_02_2025,-0.54,6.36,-7.16,0.00,-0.01,-0.00
-9757,3.01,1890,2.13,538,2,5570,11_04_15_03_02_2025,-0.52,6.39,-7.22,0.00,0.00,0.00
-9640,3.00,1953,2.12,537,2,5612,11_04_15_03_02_2025,-0.49,6.44,-7.25,0.01,-0.00,0.00
-9735,3.01,2027,2.12,537,2,5654,11_04_15_03_02_2025,-0.53,6.41,-7.22,0.00,-0.01,-0.01
-9797,3.01,1973,2.12,537,2,5696,11_04_15_03_02_2025,-0.53,6.42,-7.20,0.00,-0.00,0.00
-9787,3.01,1877,2.13,538,2,5741,11_04_16_03_02_2025,-0.56,6.35,-7.17,0.01,-0.00,0.00
-9930,3.03,1902,2.13,538,2,5783,11_04_16_03_02_2025,-0.50,6.42,-7.22,0.01,0.00,0.01
-9687,3.01,1972,2.12,537,2,5825,11_04_16_03_02_2025,-0.49,6.49,-7.45,0.02,0.02,0.02
-9977,3.03,1904,2.13,537,2,5867,11_04_16_03_02_2025,-0.54,6.34,-7.23,-0.00,-0.00,0.00
-9876,3.02,1612,2.15,538,2,5909,11_04_16_03_02_2025,-0.39,6.52,-7.18,0.01,0.01,0.01
-9799,3.02,1989,2.12,538,2,5952,11_04_16_03_02_2025,-0.50,6.39,-7.26,0.01,0.00,0.01
-9685,3.01,1815,2.14,537,2,5996,11_04_16_03_02_2025,-0.44,6.51,-7.23,0.00,-0.01,-0.01
-9799,3.02,2128,2.11,537,2,6039,11_04_16_03_02_2025,-0.60,6.15,-7.09,-0.01,-0.02,-0.02
-9517,2.99,1924,2.13,537,2,6081,11_04_16_03_02_2025,-0.49,6.44,-7.19,0.01,-0.00,0.00
-9604,3.00,1822,2.13,537,2,6123,11_04_16_03_02_2025,-0.61,6.35,-7.19,0.00,-0.01,-0.00
-9547,3.00,1936,2.13,538,2,6166,11_04_16_03_02_2025,-0.53,6.37,-7.18,0.01,0.00,0.00
-9915,3.02,1942,2.13,538,2,6207,11_04_16_03_02_2025,-0.80,6.21,-7.04,-0.00,0.00,0.00
-9938,3.03,1996,2.12,537,2,6253,11_04_16_03_02_2025,-0.37,6.58,-7.37,-0.00,-0.01,0.00
-9739,3.01,2009,2.12,537,2,6294,11_04_16_03_02_2025,-0.47,6.37,-7.17,0.00,0.00,0.01
-9698,3.01,2035,2.12,537,2,6337,11_04_16_03_02_2025,-0.47,6.53,-7.14,0.01,0.00,0.01
-9801,3.02,1857,2.13,538,2,6380,11_04_16_03_02_2025,-0.48,6.52,-7.33,0.00,-0.01,-0.02
-9748,3.01,1725,2.14,537,2,6422,11_04_16_03_02_2025,-0.54,6.14,-6.96,-0.01,-0.02,-0.02
-9606,3.00,1891,2.13,538,2,6467,11_04_16_03_02_2025,-0.45,6.52,-7.31,0.00,-0.01,0.01
-9903,3.02,1889,2.13,537,2,6508,11_04_16_03_02_2025,-0.61,6.28,-7.12,0.00,-0.01,-0.00
-9516,2.99,1959,2.12,537,2,6551,11_04_16_03_02_2025,-0.55,6.43,-7.21,0.00,-0.00,-0.00
-9775,3.01,1845,2.13,537,2,6592,11_04_16_03_02_2025,-0.68,5.98,-6.87,0.00,0.01,0.01
-9643,3.00,1817,2.14,538,2,6634,11_04_16_03_02_2025,-0.34,6.69,-7.50,0.01,0.01,0.02
-9695,3.01,1936,2.13,538,2,6677,11_04_16_03_02_2025,-0.55,6.22,-7.13,0.00,-0.00,-0.00
-9948,3.03,2072,2.12,537,2,6722,11_04_17_03_02_2025,-0.49,6.39,-7.15,0.01,0.00,0.00
-9873,3.02,1929,2.13,537,2,6765,11_04_17_03_02_2025,-0.46,6.47,-7.27,0.00,-0.00,-0.00
-9885,3.02,1919,2.13,537,2,6807,11_04_17_03_02_2025,-0.49,6.28,-7.08,0.01,0.00,0.00
-9779,3.01,2095,2.11,537,2,6849,11_04_17_03_02_2025,-0.45,6.56,-7.37,0.01,0.00,0.01
-9885,3.02,1901,2.13,537,2,6891,11_04_17_03_02_2025,-0.52,6.33,-7.12,-0.00,-0.02,-0.01
-9642,3.00,1880,2.13,537,2,6933,11_04_17_03_02_2025,-0.49,6.42,-7.19,0.01,-0.00,-0.00
-9900,3.02,2126,2.11,537,2,6979,11_04_17_03_02_2025,-0.53,6.31,-7.14,0.00,0.00,0.00
-9835,3.02,1875,2.13,538,2,7020,11_04_17_03_02_2025,-0.47,6.47,-7.32,0.01,-0.00,-0.00
-9738,3.01,1870,2.13,537,2,7063,11_04_17_03_02_2025,-0.50,6.35,-7.14,-0.00,-0.01,-0.00
-9802,3.02,1925,2.13,537,2,7105,11_04_17_03_02_2025,-0.48,6.43,-7.21,0.00,-0.00,-0.00
-9852,3.02,1954,2.12,538,2,7148,11_04_17_03_02_2025,-0.51,6.38,-7.18,0.00,-0.01,-0.00
-9745,3.01,2104,2.11,538,2,7307,11_04_17_03_02_2025,-0.38,6.54,-7.45,0.03,0.04,0.04
-9712,3.01,1981,2.12,537,2,7382,11_04_17_03_02_2025,-0.36,6.63,-7.58,-0.01,-0.04,-0.04
-9608,3.00,1847,2.13,536,2,7424,11_04_17_03_02_2025,-0.50,6.29,-7.02,-0.02,-0.06,-0.04
-9810,3.02,2128,2.11,538,2,7467,11_04_17_03_02_2025,-0.56,6.35,-7.06,-0.00,-0.02,-0.02
-9753,3.01,2137,2.11,537,2,7509,11_04_17_03_02_2025,-0.61,6.25,-7.03,0.02,0.03,0.03
-9967,3.03,1834,2.13,537,2,7552,11_04_17_03_02_2025,-0.41,6.50,-7.35,0.02,0.02,0.02
-9901,3.02,2100,2.11,537,2,7594,11_04_17_03_02_2025,-0.53,6.29,-7.24,-0.00,-0.01,-0.00
-9744,3.01,1950,2.12,538,2,7639,11_04_17_03_02_2025,-0.47,6.39,-7.19,-0.01,-0.02,-0.02
-9781,3.01,1882,2.13,537,2,7681,11_04_17_03_02_2025,-0.56,6.32,-7.04,0.00,0.00,0.00
-9811,3.02,2012,2.12,537,2,7724,11_04_18_03_02_2025,-0.46,6.41,-7.15,0.02,0.02,0.02
-9755,3.01,2017,2.12,537,2,7766,11_04_18_03_02_2025,-0.45,6.39,-7.26,0.02,0.02,0.02
-9677,3.01,1825,2.13,537,2,7809,11_04_18_03_02_2025,-0.41,6.43,-7.28,0.01,0.01,0.02
-9903,3.02,2158,2.11,537,2,7851,11_04_18_03_02_2025,-0.43,6.45,-7.26,0.01,-0.00,0.00
-9752,3.01,2070,2.12,538,2,7896,11_04_18_03_02_2025,-0.46,6.46,-7.34,0.00,-0.02,-0.01
-9954,3.03,2022,2.12,537,2,7939,11_04_18_03_02_2025,-0.47,6.38,-7.35,-0.00,-0.03,-0.03
-9695,3.01,1929,2.13,537,2,7981,11_04_18_03_02_2025,-0.55,6.27,-7.08,-0.01,-0.02,-0.02
-9643,3.00,1726,2.14,537,2,8023,11_04_18_03_02_2025,-0.54,6.35,-7.17,0.01,0.00,0.01
-9894,3.02,2189,2.11,537,2,8065,11_04_18_03_02_2025,-0.48,6.42,-7.25,0.01,0.01,0.01
-9702,3.01,1970,2.12,537,2,8107,11_04_18_03_02_2025,-0.44,6.41,-7.27,0.00,-0.00,0.00
-9908,3.02,1904,2.13,537,2,8153,11_04_18_03_02_2025,-0.47,6.42,-7.26,-0.00,-0.01,-0.01
-9912,3.02,1853,2.13,537,2,8195,11_04_18_03_02_2025,-0.51,6.35,-7.14,0.00,-0.00,-0.00
-9853,3.02,1909,2.13,538,2,8237,11_04_18_03_02_2025,-0.49,6.39,-7.18,0.01,0.01,0.01
-9643,3.00,2072,2.12,538,2,8279,11_04_18_03_02_2025,-0.44,6.41,-7.27,0.01,0.00,0.00
-9796,3.01,1823,2.13,537,2,8322,11_04_18_03_02_2025,-0.46,6.39,-7.24,0.01,-0.00,0.00
-9906,3.02,2118,2.11,537,2,8363,11_04_18_03_02_2025,-0.53,6.36,-7.19,0.01,-0.00,0.00
-9775,3.01,2024,2.12,537,2,8409,11_04_18_03_02_2025,-0.49,6.49,-7.52,0.01,0.01,0.00
-9785,3.01,1958,2.12,537,2,8452,11_04_18_03_02_2025,-0.45,6.35,-7.15,0.00,-0.00,-0.00
-9806,3.02,2084,2.11,537,2,8493,11_04_18_03_02_2025,-0.42,6.48,-7.39,-0.00,-0.01,-0.01
-9817,3.02,1989,2.12,536,2,8536,11_04_18_03_02_2025,-0.52,6.32,-7.11,-0.01,-0.02,-0.02
-9643,3.00,2012,2.12,538,2,8580,11_04_18_03_02_2025,-0.48,6.39,-7.18,0.00,-0.01,-0.00
-9639,3.00,2007,2.12,538,2,8622,11_04_18_03_02_2025,-0.47,6.38,-7.22,0.01,0.00,0.00
-9747,3.01,1946,2.13,537,2,8667,11_04_18_03_02_2025,-0.49,6.45,-7.27,0.00,-0.01,-0.00
-9851,3.02,2004,2.12,537,2,8709,11_04_18_03_02_2025,-0.51,6.46,-7.31,-0.01,-0.03,-0.03
-9785,3.01,2045,2.12,538,2,8752,11_04_19_03_02_2025,-0.47,6.33,-7.05,0.00,-0.00,0.00
-9904,3.02,1954,2.12,537,2,8793,11_04_19_03_02_2025,-0.50,6.43,-7.25,0.01,0.00,0.00
-9670,3.01,1909,2.13,538,2,8836,11_04_19_03_02_2025,-0.47,6.35,-7.17,0.01,0.01,0.00
-9807,3.02,2055,2.12,537,2,8877,11_04_19_03_02_2025,-0.52,6.33,-7.10,0.02,0.01,0.02
-9821,3.02,1975,2.12,537,2,8922,11_04_19_03_02_2025,-0.36,6.61,-7.52,-0.02,-0.03,-0.03
-9730,3.01,1832,2.13,538,2,8964,11_04_19_03_02_2025,-0.50,6.19,-6.88,-0.00,-0.01,-0.00
-9855,3.02,1925,2.13,538,2,9006,11_04_19_03_02_2025,-0.45,6.51,-7.37,0.01,0.00,0.01
-9822,3.02,1992,2.12,538,2,9049,11_04_19_03_02_2025,-0.54,6.30,-7.06,0.01,0.01,0.02
-9723,3.01,2041,2.12,538,2,9090,11_04_19_03_02_2025,-0.33,6.54,-7.32,0.03,0.04,0.03
-9723,3.01,1960,2.12,537,2,9133,11_04_19_03_02_2025,-0.46,6.37,-7.42,0.00,-0.00,-0.01
-9573,3.00,2001,2.12,537,2,9177,11_04_19_03_02_2025,-0.49,6.36,-7.13,-0.01,-0.04,-0.03
-9806,3.02,2088,2.11,538,2,9219,11_04_19_03_02_2025,-0.39,6.48,-7.25,-0.01,-0.04,-0.04
-9875,3.02,2152,2.11,537,2,9262,11_04_19_03_02_2025,-0.61,6.13,-6.88,0.01,0.01,0.01
-9844,3.02,1912,2.13,537,2,9304,11_04_19_03_02_2025,-0.46,6.58,-7.31,0.02,0.03,0.01
-9941,3.03,2058,2.12,537,2,9347,11_04_19_03_02_2025,-0.47,6.38,-7.36,0.01,-0.00,0.01
-9726,3.01,2013,2.12,537,2,9389,11_04_19_03_02_2025,-0.45,6.47,-7.33,-0.01,-0.02,-0.02
-9644,3.00,2029,2.12,537,2,9434,11_04_19_03_02_2025,-0.15,6.81,-8.25,-0.09,0.86,-0.35
-9761,3.01,2070,2.12,538,2,9476,11_04_19_03_02_2025,-2.24,6.16,-7.65,0.08,-0.21,0.20
-9762,3.01,1853,2.13,537,2,9518,11_04_19_03_02_2025,-0.41,6.54,-7.15,0.00,0.01,0.03
-9960,3.03,2140,2.11,537,2,9561,11_04_19_03_02_2025,-0.52,6.43,-7.27,0.01,-0.01,-0.00
-9753,3.01,1996,2.12,537,2,9603,11_04_19_03_02_2025,-0.51,6.36,-7.25,-0.00,-0.02,-0.02
-9782,3.01,2019,2.12,537,2,9646,11_04_19_03_02_2025,-0.49,6.31,-7.08,0.00,-0.00,-0.01
-9781,3.01,2109,2.11,538,2,9691,11_04_19_03_02_2025,-0.58,7.11,-8.50,0.02,0.05,0.03
-9811,3.02,1968,2.12,537,2,9734,11_04_20_03_02_2025,-0.42,6.09,-6.92,-0.01,-0.01,-0.00
-9796,3.01,1906,2.13,538,2,9775,11_04_20_03_02_2025,-0.32,6.74,-7.62,0.00,-0.00,0.01
-9864,3.02,1934,2.13,538,2,9818,11_04_20_03_02_2025,-0.52,6.26,-6.90,-0.02,-0.04,-0.02
-9554,3.00,1922,2.13,537,2,9861,11_04_20_03_02_2025,-0.55,6.26,-7.21,0.01,-0.00,-0.00
-9736,3.01,1922,2.13,538,2,9903,11_04_20_03_02_2025,-0.38,6.53,-7.30,0.01,0.02,0.03
-9844,3.02,1975,2.12,537,2,9948,11_04_20_03_02_2025,-0.53,6.36,-7.30,0.00,-0.01,-0.01
-9799,3.02,2042,2.12,538,2,9990,11_04_20_03_02_2025,-0.41,6.04,-6.47,0.00,0.01,-0.00
-9804,3.02,2053,2.12,537,2,10033,11_04_20_03_02_2025,-0.51,6.72,-7.94,-0.03,-0.05,-0.03
-9912,3.02,1773,2.14,538,2,10075,11_04_20_03_02_2025,-0.44,6.07,-6.71,-0.01,0.00,-0.00
-9855,3.02,1858,2.13,537,2,10116,11_04_20_03_02_2025,-0.40,6.73,-7.54,0.02,0.01,0.02
-10015,3.03,1779,2.14,537,2,10162,11_04_20_03_02_2025,-0.56,6.20,-6.96,-0.01,-0.03,-0.02
-9666,3.01,1942,2.13,537,2,10204,11_04_20_03_02_2025,-0.52,6.25,-7.10,0.02,0.02,0.03
-9801,3.02,1908,2.13,537,2,10246,11_04_20_03_02_2025,-0.21,6.74,-7.61,0.02,0.05,0.05
-9821,3.02,1908,2.13,537,2,10288,11_04_20_03_02_2025,-0.50,6.37,-7.33,0.01,-0.02,-0.03
-9756,3.01,1862,2.13,537,2,10331,11_04_20_03_02_2025,-0.30,6.64,-7.46,-0.00,-0.02,-0.02
-9937,3.03,1999,2.12,537,2,10374,11_04_20_03_02_2025,-0.44,6.28,-7.09,-0.02,-0.06,-0.05
-9752,3.01,1911,2.13,537,2,10419,11_04_20_03_02_2025,-0.53,6.37,-6.99,0.01,0.02,0.02
-9705,3.01,1899,2.13,538,2,10461,11_04_20_03_02_2025,-0.53,6.46,-7.33,0.01,-0.01,-0.01
-9696,3.01,1810,2.14,537,2,10503,11_04_20_03_02_2025,-0.46,6.36,-7.20,0.01,0.01,0.02
-9692,3.01,1739,2.14,537,2,10546,11_04_20_03_02_2025,-0.43,6.45,-7.36,-0.00,-0.01,-0.01
-9860,3.02,1912,2.13,537,2,10587,11_04_20_03_02_2025,-0.56,6.29,-7.03,-0.00,-0.01,-0.01
-9760,3.01,1933,2.13,538,2,10630,11_04_20_03_02_2025,-0.47,6.46,-7.21,0.01,0.00,-0.00
-9824,3.02,2158,2.11,537,2,10675,11_04_20_03_02_2025,-0.43,6.36,-7.22,0.00,0.00,0.00
-9844,3.02,1988,2.12,537,2,10717,11_04_20_03_02_2025,-0.40,6.41,-7.31,0.00,0.00,-0.00
-9674,3.01,2134,2.11,538,2,10759,11_04_21_03_02_2025,-0.44,6.57,-7.44,-0.00,-0.00,0.01
-9727,3.01,1927,2.13,537,2,10801,11_04_21_03_02_2025,-0.50,6.30,-6.98,0.00,-0.01,-0.01
-9682,3.01,1842,2.13,538,2,10843,11_04_21_03_02_2025,-0.52,6.38,-7.23,0.01,-0.01,0.00
-9787,3.01,1929,2.13,538,2,10885,11_04_21_03_02_2025,-0.47,6.37,-7.23,0.00,-0.00,-0.01
-9875,3.02,1923,2.13,538,2,10930,11_04_21_03_02_2025,-0.45,6.43,-7.22,0.00,-0.00,-0.00
-9886,3.02,2063,2.12,537,2,10973,11_04_21_03_02_2025,-0.48,6.40,-7.15,0.00,-0.00,-0.00
-9873,3.02,2023,2.12,538,2,11015,11_04_21_03_02_2025,-0.43,6.46,-7.25,0.00,0.00,0.00
-9735,3.01,1980,2.12,538,2,11058,11_04_21_03_02_2025,-0.50,6.36,-7.17,0.00,-0.01,-0.00
-9510,2.99,1963,2.12,538,2,11100,11_04_21_03_02_2025,-0.46,6.46,-7.17,0.01,-0.00,0.00
-9820,3.02,1895,2.13,538,2,11142,11_04_21_03_02_2025,-0.50,6.33,-7.19,0.00,-0.02,-0.01
-9782,3.01,2125,2.11,538,2,11187,11_04_21_03_02_2025,-0.46,6.33,-7.09,0.01,-0.00,-0.00
-9732,3.01,2037,2.12,538,2,11229,11_04_21_03_02_2025,-0.50,6.54,-7.51,0.02,0.02,0.02
-9700,3.01,1990,2.12,538,2,11272,11_04_21_03_02_2025,-0.51,6.26,-7.09,0.00,-0.02,-0.01
-9735,3.01,1828,2.13,537,2,11314,11_04_21_03_02_2025,-0.46,6.47,-7.31,0.01,0.00,0.00
-9702,3.01,1907,2.13,537,2,11357,11_04_21_03_02_2025,-0.47,6.37,-7.16,-0.00,-0.01,-0.01
-9576,3.00,1836,2.13,538,2,11399,11_04_21_03_02_2025,-0.48,6.41,-7.18,0.01,-0.00,0.00
-9761,3.01,2045,2.12,538,2,11444,11_04_21_03_02_2025,-0.43,6.46,-7.25,0.00,-0.01,-0.00
-9573,3.00,2001,2.12,537,2,11486,11_04_21_03_02_2025,-0.50,6.35,-7.18,0.00,-0.01,-0.00
-9802,3.02,2011,2.12,538,2,11528,11_04_21_03_02_2025,-0.49,6.39,-7.22,0.00,-0.01,-0.00
-9466,2.99,2028,2.12,538,2,11571,11_04_21_03_02_2025,-0.50,6.37,-7.17,0.00,-0.00,0.00
-9751,3.01,1954,2.12,537,2,11613,11_04_21_03_02_2025,-0.44,6.46,-7.27,0.01,0.00,0.00
-9575,3.00,2048,2.12,538,2,11656,11_04_21_03_02_2025,-0.47,6.41,-7.21,0.00,-0.00,-0.00
-9972,3.03,2052,2.12,538,2,11700,11_04_21_03_02_2025,-0.49,6.39,-7.18,0.01,-0.00,-0.00
-9617,3.00,1956,2.12,537,2,11743,11_04_22_03_02_2025,-0.47,6.40,-7.20,0.00,-0.00,-0.00
-9778,3.01,1944,2.13,538,2,11785,11_04_22_03_02_2025,-0.47,6.39,-7.18,0.01,0.00,0.00
-9828,3.02,2073,2.12,538,2,11827,11_04_22_03_02_2025,-0.45,6.43,-7.26,0.01,-0.00,0.00
-9795,3.01,1990,2.12,538,2,11869,11_04_22_03_02_2025,-0.48,6.38,-7.19,0.00,-0.01,-0.00
-9688,3.01,2063,2.12,538,2,11914,11_04_22_03_02_2025,-0.46,6.39,-7.18,0.01,0.00,0.00
-9668,3.01,1957,2.12,538,2,11957,11_04_22_03_02_2025,-0.49,6.41,-7.24,0.01,0.00,0.00
-9690,3.01,1999,2.12,537,2,11999,11_04_22_03_02_2025,-0.44,6.37,-7.21,0.01,0.00,-0.00
-9842,3.02,1944,2.13,538,2,12041,11_04_22_03_02_2025,-0.46,6.46,-7.31,0.02,0.01,0.01
-9639,3.00,2014,2.12,537,2,12083,11_04_22_03_02_2025,-0.47,6.39,-7.21,0.00,-0.01,-0.00
-9834,3.02,2134,2.11,538,2,12125,11_04_22_03_02_2025,-0.48,6.39,-7.19,0.01,-0.00,-0.00
-9753,3.01,1996,2.12,538,2,12171,11_04_22_03_02_2025,-0.45,6.40,-7.23,-0.00,-0.01,-0.00
-9759,3.01,1839,2.13,538,2,12213,11_04_22_03_02_2025,-0.44,6.33,-7.14,0.01,-0.00,-0.00
-9854,3.02,2029,2.12,537,2,12256,11_04_22_03_02_2025,-0.50,6.39,-7.28,0.01,0.00,0.00
-9772,3.01,2145,2.11,537,2,12299,11_04_22_03_02_2025,-0.48,6.36,-7.23,0.01,-0.00,0.00
-9777,3.01,2007,2.12,538,2,12342,11_04_22_03_02_2025,-0.38,6.48,-7.32,0.01,0.01,0.01
-9724,3.01,2033,2.12,538,2,12384,11_04_22_03_02_2025,-0.47,6.36,-7.21,0.00,-0.00,-0.00
-9787,3.01,1977,2.12,538,2,12429,11_04_22_03_02_2025,-0.46,6.45,-7.27,0.00,-0.01,-0.00
-9690,3.01,2092,2.11,537,2,12471,11_04_22_03_02_2025,-0.47,6.35,-7.17,0.00,-0.01,-0.00
-9888,3.02,2055,2.12,538,2,12513,11_04_22_03_02_2025,-0.46,6.44,-7.28,0.00,-0.00,0.00
-9732,3.01,1998,2.12,538,2,12556,11_04_22_03_02_2025,-0.46,6.34,-7.15,0.00,-0.01,-0.00
-9531,2.99,2011,2.12,538,2,12598,11_04_22_03_02_2025,-0.43,6.43,-7.24,0.00,0.00,0.00
-9608,3.00,1877,2.13,538,2,12640,11_04_22_03_02_2025,-0.47,6.41,-7.23,0.00,-0.00,0.00
-9813,3.02,2014,2.12,538,2,12685,11_04_22_03_02_2025,-0.45,6.37,-7.15,0.01,-0.00,0.00
-9752,3.01,2072,2.12,537,2,12726,11_04_23_03_02_2025,-0.45,6.43,-7.23,0.00,-0.00,-0.00
-9750,3.01,2061,2.12,538,2,12794,11_04_23_03_02_2025,-0.40,6.25,-7.06,0.01,0.00,-0.00
-9732,3.01,2024,2.12,538,2,12836,11_04_23_03_02_2025,-0.49,6.45,-7.40,-0.00,-0.03,-0.02
-9598,3.00,1947,2.13,537,2,12901,11_04_23_03_02_2025,-0.37,6.50,-7.21,-0.01,-0.02,-0.01
-9877,3.02,2099,2.11,538,2,12991,11_04_23_03_02_2025,-0.49,6.35,-7.09,-0.00,-0.02,-0.02
-9724,3.01,1915,2.13,538,2,13036,11_04_23_03_02_2025,-0.36,6.38,-7.11,0.03,0.03,0.02
-9800,3.02,1922,2.13,537,2,13097,11_04_23_03_02_2025,-0.28,6.70,-7.70,0.00,-0.00,-0.01
-9831,3.02,1767,2.14,538,2,13187,11_04_23_03_02_2025,-0.41,6.37,-7.07,-0.01,-0.00,0.01
-9761,3.01,2073,2.12,537,2,13229,11_04_23_03_02_2025,-0.57,6.18,-7.00,0.01,-0.02,-0.00
-9883,3.02,2006,2.12,538,2,13294,11_04_23_03_02_2025,-0.44,6.50,-7.44,0.01,0.00,0.01
-9647,3.00,2073,2.12,538,2,13385,11_04_23_03_02_2025,-0.41,6.39,-7.06,0.01,0.01,-0.00
-9825,3.02,2136,2.11,538,2,13430,11_04_23_03_02_2025,-0.48,6.27,-7.03,-0.00,-0.01,-0.00
-9819,3.02,2148,2.11,538,2,13490,11_04_23_03_02_2025,-0.42,6.53,-7.35,0.01,-0.00,0.01
-9775,3.01,2088,2.11,537,2,13532,11_04_23_03_02_2025,-0.54,6.30,-7.11,0.00,-0.01,-0.00
-9813,3.02,1918,2.13,537,2,13596,11_04_23_03_02_2025,-0.49,6.44,-7.30,0.01,-0.00,0.00
-9683,3.01,2034,2.12,538,2,13686,11_04_23_03_02_2025,-0.45,6.40,-7.27,-0.00,-0.00,-0.00
-9892,3.02,1951,2.12,538,2,13728,11_04_24_03_02_2025,-0.47,6.42,-7.19,0.01,0.00,0.01
-9939,3.03,1875,2.13,538,2,13792,11_04_24_03_02_2025,-0.45,6.45,-7.23,0.01,0.00,0.00
-9660,3.00,2130,2.11,538,2,13882,11_04_24_03_02_2025,-0.68,5.99,-7.08,0.00,-0.01,-0.00
-9816,3.02,1950,2.12,538,2,13925,11_04_24_03_02_2025,-0.45,6.46,-7.38,0.00,-0.01,0.00
-9887,3.02,2176,2.11,537,2,13988,11_04_24_03_02_2025,-0.47,6.40,-7.19,-0.01,-0.03,-0.02
-9888,3.02,2162,2.11,538,2,14078,11_04_24_03_02_2025,-0.84,5.98,-6.71,-0.01,-0.06,-0.06
-9592,3.00,2032,2.12,538,2,14124,11_04_24_03_02_2025,-0.48,6.33,-7.16,0.01,0.01,0.01
-9818,3.02,2072,2.12,538,2,14185,11_04_24_03_02_2025,-0.36,6.49,-7.29,-0.00,-0.01,-0.00
-9667,3.01,2164,2.11,538,2,14275,11_04_24_03_02_2025,-0.50,6.37,-7.14,-0.00,-0.01,-0.01
-9883,3.02,2164,2.11,538,2,14317,11_04_24_03_02_2025,-0.46,6.40,-7.29,0.01,-0.00,0.00
-9903,3.02,2046,2.12,538,2,14381,11_04_24_03_02_2025,-0.53,6.32,-7.16,0.00,-0.00,-0.00
-9994,3.03,2003,2.12,538,2,14472,11_04_24_03_02_2025,-0.55,6.21,-7.07,0.04,0.02,0.01
-9637,3.00,2008,2.12,538,2,14517,11_04_24_03_02_2025,-0.41,6.29,-7.00,0.00,-0.00,0.01
-9651,3.00,1988,2.12,538,2,14578,11_04_24_03_02_2025,-0.47,6.48,-7.31,-0.01,-0.03,-0.03
-9806,3.02,1974,2.12,538,2,14669,11_04_24_03_02_2025,-0.49,6.39,-7.17,0.01,0.01,0.01
-9883,3.02,1997,2.12,538,2,14710,11_04_24_03_02_2025,-0.45,6.40,-7.21,0.00,-0.01,-0.01
-9753,3.01,2005,2.12,537,2,14774,11_04_25_03_02_2025,-0.50,6.42,-7.25,-0.00,-0.01,-0.01
-9811,3.02,1972,2.12,537,2,14817,11_04_25_03_02_2025,-0.89,5.61,-6.43,0.01,0.01,0.02
-9920,3.02,2087,2.11,538,2,14879,11_04_25_03_02_2025,-0.31,6.54,-7.31,-0.00,-0.02,-0.01
-9631,3.00,2025,2.12,538,2,14970,11_04_25_03_02_2025,-0.41,6.54,-7.31,0.00,-0.00,-0.00
-9751,3.01,2082,2.12,537,2,15012,11_04_25_03_02_2025,-0.60,6.25,-7.08,0.01,-0.01,-0.01
-9892,3.02,1978,2.12,538,2,15077,11_04_25_03_02_2025,-0.43,6.47,-7.38,0.01,0.00,-0.00
-9818,3.02,2026,2.12,538,2,15167,11_04_25_03_02_2025,-0.43,6.40,-7.13,-0.00,0.00,0.01
-9864,3.02,2027,2.12,537,2,15209,11_04_25_03_02_2025,-0.36,6.50,-7.21,0.00,-0.00,0.00
-9864,3.02,2057,2.12,538,2,15272,11_04_25_03_02_2025,-0.53,6.28,-7.03,-0.00,0.01,0.01
-9756,3.01,2058,2.12,538,2,15363,11_04_25_03_02_2025,-0.34,6.54,-7.34,-0.01,-0.01,-0.02
-9699,3.01,1978,2.12,537,2,15406,11_04_25_03_02_2025,-0.41,6.55,-7.30,0.01,-0.00,-0.00
-9841,3.02,2100,2.11,538,2,15470,11_04_25_03_02_2025,-0.43,6.40,-7.23,0.00,-0.01,0.00
-9830,3.02,2002,2.12,538,2,15559,11_04_25_03_02_2025,-0.55,6.29,-7.15,0.00,-0.01,-0.00
-9707,3.01,1983,2.12,537,2,15601,11_04_25_03_02_2025,-0.46,6.39,-7.22,0.00,0.00,0.00
-9960,3.03,1879,2.13,537,2,15665,11_04_25_03_02_2025,-0.45,6.39,-7.15,0.03,0.06,0.06
-9685,3.01,1879,2.13,537,2,15755,11_04_25_03_02_2025,-0.36,6.54,-7.18,0.01,0.00,0.01
-9804,3.02,2072,2.12,538,2,15799,11_04_26_03_02_2025,-0.29,6.30,-6.71,-0.01,-0.02,-0.02
-9819,3.02,2065,2.12,538,2,15862,11_04_26_03_02_2025,-0.73,6.29,-7.23,0.02,0.01,0.01
-9678,3.01,1924,2.13,538,2,15953,11_04_26_03_02_2025,-0.24,6.63,-7.52,0.02,0.05,0.04
-9881,3.02,1924,2.13,538,2,15994,11_04_26_03_02_2025,-0.40,6.45,-7.33,-0.03,-0.08,-0.08
-9686,3.01,2029,2.12,538,2,16058,11_04_26_03_02_2025,-0.74,6.15,-6.80,-0.02,-0.04,-0.04
-9941,3.03,1933,2.13,538,2,16101,11_04_26_03_02_2025,-0.56,6.38,-7.22,0.02,0.03,0.03
-9902,3.02,2029,2.12,538,2,16164,11_04_26_03_02_2025,-0.38,6.53,-7.44,0.00,0.01,0.01
-10007,3.03,1987,2.12,538,2,16254,11_04_26_03_02_2025,-0.33,6.46,-7.17,-0.02,-0.04,-0.05
-9610,3.00,2027,2.12,537,2,16296,11_04_26_03_02_2025,-0.84,5.85,-7.37,-0.19,0.04,0.14
-9572,3.00,2145,2.11,537,2,16360,11_04_26_03_02_2025,-0.42,6.52,-7.35,-0.05,0.05,0.04
-9788,3.01,1954,2.12,537,2,16450,11_04_26_03_02_2025,-0.46,6.28,-7.25,-0.00,-0.02,-0.01
-9770,3.01,2022,2.12,538,2,16493,11_04_26_03_02_2025,-0.53,6.26,-7.21,0.01,0.01,0.00
-9795,3.01,2049,2.12,538,2,16556,11_04_26_03_02_2025,-0.53,6.42,-7.44,0.00,0.01,-0.01
-9768,3.01,2281,2.10,537,2,16647,11_04_26_03_02_2025,-0.52,6.32,-7.27,-0.01,-0.01,-0.02
-9856,3.02,1982,2.12,538,2,16689,11_04_26_03_02_2025,-0.52,6.41,-7.22,0.01,0.01,0.00
-9729,3.01,1776,2.14,537,2,16753,11_04_27_03_02_2025,-0.51,6.44,-7.20,0.01,-0.01,-0.00
-9834,3.02,2032,2.12,538,2,16843,11_04_27_03_02_2025,-0.48,6.34,-7.28,0.01,-0.02,-0.00
-9808,3.02,2147,2.11,537,2,16886,11_04_27_03_02_2025,-0.56,6.33,-7.23,0.01,0.00,0.00
-9790,3.01,2196,2.11,538,2,16950,11_04_27_03_02_2025,-0.54,6.29,-7.37,0.01,-0.01,-0.00
-9668,3.01,2090,2.11,538,2,17039,11_04_27_03_02_2025,-0.52,6.39,-7.32,0.00,-0.00,-0.01
-9748,3.01,2126,2.11,538,2,17081,11_04_27_03_02_2025,-0.57,6.38,-7.21,0.01,-0.00,0.00
-9699,3.01,2197,2.11,538,2,17147,11_04_27_03_02_2025,-0.47,6.30,-7.29,0.00,0.01,-0.00
-9906,3.02,2121,2.11,538,2,17236,11_04_27_03_02_2025,-0.52,6.41,-7.18,0.00,-0.01,-0.00
-9756,3.01,2069,2.12,537,2,17279,11_04_27_03_02_2025,-0.56,6.33,-7.17,0.01,-0.01,0.00
-9858,3.02,1820,2.13,538,2,17342,11_04_27_03_02_2025,-0.54,6.31,-7.26,0.02,0.00,0.01
-9874,3.02,1967,2.12,538,2,17385,11_04_27_03_02_2025,-0.56,6.31,-7.33,0.00,-0.01,-0.00
-9825,3.02,1825,2.13,538,2,17449,11_04_27_03_02_2025,-0.58,6.33,-7.33,0.00,-0.01,-0.00
-9655,3.00,1810,2.14,538,2,17539,11_04_27_03_02_2025,-0.59,6.28,-7.22,0.00,0.00,-0.00
-9847,3.02,1988,2.12,538,2,17581,11_04_27_03_02_2025,-0.51,6.33,-7.26,0.00,-0.00,-0.00
-9853,3.02,1913,2.13,538,2,17645,11_04_27_03_02_2025,-0.53,6.37,-7.26,0.00,-0.01,-0.01
-9806,3.02,2165,2.11,538,2,17734,11_04_27_03_02_2025,-0.56,6.33,-7.25,0.01,-0.01,-0.01
-9820,3.02,2080,2.12,538,2,17777,11_04_28_03_02_2025,-0.57,6.42,-7.28,-0.01,-0.02,-0.00
-9847,3.02,1959,2.12,536,2,17842,11_04_28_03_02_2025,-0.63,6.30,-7.03,-0.00,-0.03,-0.01
-9832,3.02,1909,2.13,538,2,17931,11_04_28_03_02_2025,-0.83,6.34,-7.25,0.01,0.00,0.03
-9790,3.01,1896,2.13,538,2,17973,11_04_28_03_02_2025,-0.78,6.23,-7.25,0.01,0.00,-0.03
-9749,3.01,1819,2.13,538,2,18037,11_04_28_03_02_2025,-0.18,6.38,-7.30,-0.01,0.03,0.02
-10025,3.03,2058,2.12,538,2,18128,11_04_28_03_02_2025,-0.57,6.41,-7.24,-0.00,0.01,-0.01
-9734,3.01,2135,2.11,538,2,18170,11_04_28_03_02_2025,-0.51,6.43,-7.24,0.01,0.00,0.01
-9920,3.02,2005,2.12,538,2,18234,11_04_28_03_02_2025,-0.48,6.34,-7.26,0.01,-0.01,0.00
-9966,3.03,1993,2.12,538,2,18323,11_04_28_03_02_2025,-0.56,6.36,-7.31,0.01,-0.01,0.00
-9782,3.01,2104,2.11,538,2,18365,11_04_28_03_02_2025,-0.58,6.33,-7.32,0.01,0.00,0.00
-9591,3.00,2173,2.11,538,2,18430,11_04_28_03_02_2025,-0.56,6.30,-7.28,0.00,0.00,0.00
-9712,3.01,1961,2.12,538,2,18521,11_04_28_03_02_2025,-0.56,6.38,-7.31,0.00,-0.00,-0.00
-9735,3.01,2009,2.12,538,2,18564,11_04_28_03_02_2025,-0.55,6.38,-7.29,0.00,0.00,0.00
-9844,3.02,2103,2.11,538,2,18626,11_04_28_03_02_2025,-0.54,6.31,-7.25,0.01,0.00,0.00
-9633,3.00,2010,2.12,538,2,18670,11_04_28_03_02_2025,-0.41,6.61,-7.36,0.03,-0.01,-0.01
-9871,3.02,1946,2.13,539,2,18732,11_04_28_03_02_2025,-0.56,6.44,-7.54,0.08,-0.10,-0.13
-9749,3.01,1781,2.14,538,2,18823,11_04_29_03_02_2025,-0.61,6.20,-7.35,0.00,0.10,0.07
-9867,3.02,2099,2.11,538,2,18865,11_04_29_03_02_2025,-0.67,6.15,-6.48,-0.11,0.13,0.14
-9821,3.02,2044,2.12,538,2,18929,11_04_29_03_02_2025,0.74,8.35,-9.29,0.00,-0.00,-0.03
-9913,3.02,2103,2.11,537,2,19019,11_04_29_03_02_2025,-0.91,5.90,-6.54,0.05,0.12,0.12
-9851,3.02,2097,2.11,538,2,19063,11_04_29_03_02_2025,-0.51,6.21,-7.27,0.01,0.02,0.03
-9916,3.02,2098,2.11,538,2,19125,11_04_29_03_02_2025,-0.33,6.93,-7.97,0.03,-0.04,-0.04
-9834,3.02,1936,2.13,538,2,19215,11_04_29_03_02_2025,-0.65,6.10,-6.81,0.00,0.05,0.04
-9727,3.01,2106,2.11,538,2,19257,11_04_29_03_02_2025,-0.63,6.13,-6.83,0.02,-0.02,-0.02
-9721,3.01,2051,2.12,537,2,19322,11_04_29_03_02_2025,-0.39,6.70,-7.71,0.06,-0.00,-0.02
-9631,3.00,1884,2.13,538,2,19412,11_04_29_03_02_2025,-0.60,6.21,-7.16,0.00,0.05,0.05
-9698,3.01,2068,2.12,538,2,19454,11_04_29_03_02_2025,-0.57,6.36,-6.87,-0.03,0.09,0.10
-9820,3.02,2112,2.11,538,2,19519,11_04_29_03_02_2025,0.20,7.42,-8.20,0.01,-0.07,-0.06
-9987,3.03,2159,2.11,538,2,19608,11_04_29_03_02_2025,-0.71,6.23,-7.31,0.05,0.05,0.04
-9651,3.00,1967,2.12,538,2,19651,11_04_29_03_02_2025,-0.66,6.11,-7.13,0.01,0.04,0.03
-9684,3.01,1911,2.13,538,2,19714,11_04_29_03_02_2025,-0.54,6.38,-7.37,-0.06,-0.01,-0.00
-9709,3.01,1904,2.13,538,2,19885,11_04_30_03_02_2025,-0.39,6.56,-7.85,-0.01,0.03,0.03
-9680,3.01,1976,2.12,538,2,19929,11_04_30_03_02_2025,-0.96,5.67,-6.42,-0.13,0.04,0.07
-9894,3.02,1985,2.12,538,2,19971,11_04_30_03_02_2025,0.15,7.86,-8.68,0.06,0.10,0.08
-9771,3.01,2007,2.12,538,2,20013,11_04_30_03_02_2025,-1.12,5.40,-6.27,0.03,-0.09,-0.09
-9621,3.00,2007,2.12,538,2,20055,11_04_30_03_02_2025,-0.54,6.39,-7.46,0.03,0.05,0.03
-9821,3.02,2072,2.12,538,2,20107,11_04_30_03_02_2025,-0.51,6.30,-7.40,-0.01,0.01,0.02
-9821,3.02,2188,2.11,538,2,20152,11_04_30_03_02_2025,-0.61,6.29,-7.02,-0.03,0.05,0.06
-9746,3.01,2037,2.12,537,2,20213,11_04_30_03_02_2025,-0.20,6.93,-7.55,-0.01,-0.08,-0.07
-9698,3.01,1949,2.13,538,2,20303,11_04_30_03_02_2025,-0.47,6.48,-7.37,0.02,0.06,0.04
-9733,3.01,2002,2.12,538,2,20345,11_04_30_03_02_2025,-0.55,6.36,-7.26,0.01,0.01,0.01
-9802,3.02,2036,2.12,538,2,20410,11_04_30_03_02_2025,-0.53,6.50,-7.41,-0.00,-0.01,-0.01
-9811,3.02,2077,2.12,538,2,20499,11_04_30_03_02_2025,-0.57,6.32,-7.21,0.01,0.01,0.01
-9781,3.01,1997,2.12,538,2,20544,11_04_30_03_02_2025,-0.70,5.93,-6.88,-0.01,0.01,0.01
-9741,3.01,2131,2.11,538,2,20607,11_04_30_03_02_2025,-0.27,6.67,-7.74,-0.01,0.03,0.03
-9742,3.01,2101,2.11,538,2,20695,11_04_30_03_02_2025,-0.33,6.63,-7.37,0.03,0.06,0.05
-9775,3.01,2016,2.12,538,2,20737,11_04_31_03_02_2025,-0.45,6.50,-7.43,0.02,0.04,0.04
-9641,3.00,1863,2.13,538,2,20801,11_04_31_03_02_2025,-0.65,6.23,-7.23,0.00,-0.05,-0.03
-9908,3.02,1950,2.12,538,2,20894,11_04_31_03_02_2025,-0.53,6.48,-7.39,0.01,0.00,0.00
-9763,3.01,2346,2.10,538,2,20940,11_04_31_03_02_2025,-0.54,6.39,-7.26,0.01,-0.00,-0.00
-9944,3.03,1981,2.12,538,2,20998,11_04_31_03_02_2025,-0.58,6.35,-7.27,-0.00,-0.01,-0.00
-9820,3.02,2003,2.12,537,2,21090,11_04_31_03_02_2025,-0.57,6.32,-7.22,0.00,-0.01,-0.00
-9704,3.01,1973,2.12,538,2,21131,11_04_31_03_02_2025,-0.76,6.15,-7.10,0.01,-0.03,-0.04
-9620,3.00,2042,2.12,538,2,21195,11_04_31_03_02_2025,-0.46,6.45,-7.37,-0.01,0.02,0.02
-9799,3.02,1988,2.12,539,2,21237,11_04_31_03_02_2025,-0.32,6.64,-7.55,0.04,-0.03,-0.04
-9916,3.02,2055,2.12,538,2,21301,11_04_31_03_02_2025,-0.70,6.08,-6.95,0.01,0.02,0.02
-9729,3.01,1952,2.12,537,2,21391,11_04_31_03_02_2025,-0.68,6.17,-7.05,-0.06,-0.02,0.00
-9800,3.02,2099,2.11,539,2,21433,11_04_31_03_02_2025,-0.98,5.74,-6.67,-0.01,-0.04,-0.02
-9817,3.02,2100,2.11,538,2,21497,11_04_31_03_02_2025,-0.45,6.56,-7.51,0.02,0.05,0.04
-9813,3.02,2024,2.12,538,2,21587,11_04_31_03_02_2025,-0.68,6.08,-7.06,-0.00,-0.00,0.00
-9967,3.03,1960,2.12,538,2,21631,11_04_31_03_02_2025,-0.54,6.26,-7.09,-0.00,-0.00,-0.01
-9644,3.00,2086,2.11,538,2,21693,11_04_31_03_02_2025,-0.52,6.43,-7.29,0.01,0.00,0.00
-9795,3.01,1964,2.12,538,2,21783,11_04_32_03_02_2025,-0.51,6.34,-7.19,0.00,-0.01,-0.00
-9661,3.00,1992,2.12,538,2,21825,11_04_32_03_02_2025,-0.58,6.31,-7.20,0.01,-0.00,0.00
-9916,3.02,2128,2.11,538,2,21891,11_04_32_03_02_2025,-0.57,6.37,-7.32,0.01,0.00,0.01
-9744,3.01,2091,2.11,538,2,21981,11_04_32_03_02_2025,-0.57,6.32,-7.22,0.00,-0.01,-0.01
-9843,3.02,2108,2.11,537,2,22023,11_04_32_03_02_2025,-0.57,6.32,-7.21,0.01,-0.00,0.00
-9815,3.02,2077,2.12,538,2,22086,11_04_32_03_02_2025,-0.54,6.39,-7.27,0.01,-0.00,0.00
-9779,3.01,2146,2.11,538,2,22177,11_04_32_03_02_2025,-0.56,6.35,-7.26,0.00,-0.01,-0.00
-9880,3.02,2133,2.11,538,2,22221,11_04_32_03_02_2025,-0.56,6.35,-7.24,0.01,-0.00,0.00
-9887,3.02,1999,2.12,538,2,22283,11_04_32_03_02_2025,-0.55,6.38,-7.28,0.00,-0.00,-0.00
-9844,3.02,1950,2.12,538,2,22374,11_04_32_03_02_2025,-0.55,6.35,-7.25,0.01,-0.01,-0.00
-9644,3.00,2016,2.12,538,2,22420,11_04_32_03_02_2025,-0.56,6.36,-7.26,0.01,-0.00,0.00
-9660,3.00,2031,2.12,538,2,22479,11_04_32_03_02_2025,-0.53,6.37,-7.25,0.00,-0.00,-0.00
-9804,3.02,2214,2.11,539,2,22524,11_04_32_03_02_2025,-0.55,6.38,-7.29,0.00,-0.00,0.00
-9688,3.01,2100,2.11,538,2,22586,11_04_32_03_02_2025,-0.56,6.31,-7.22,0.00,-0.01,-0.00
-9865,3.02,2057,2.12,538,2,22675,11_04_32_03_02_2025,-0.57,6.35,-7.26,0.01,-0.00,0.00
-9783,3.01,1908,2.13,538,2,22719,11_04_32_03_02_2025,-0.54,6.34,-7.24,0.00,-0.00,0.00
-9637,3.00,2059,2.12,538,2,22782,11_04_33_03_02_2025,-0.56,6.35,-7.24,0.00,-0.01,-0.00
-9657,3.00,2164,2.11,538,2,22871,11_04_33_03_02_2025,-0.55,6.36,-7.26,0.00,-0.00,0.00
-9817,3.02,1977,2.12,539,2,22916,11_04_33_03_02_2025,-0.55,6.34,-7.26,0.00,-0.00,-0.00
-9748,3.01,2164,2.11,538,2,22978,11_04_33_03_02_2025,-0.56,6.36,-7.26,0.00,-0.00,-0.00
-9654,3.00,2054,2.12,538,2,23068,11_04_33_03_02_2025,-0.56,6.35,-7.23,0.00,-0.00,-0.00
-9738,3.01,2047,2.12,538,2,23112,11_04_33_03_02_2025,-0.55,6.36,-7.25,0.00,-0.00,-0.00
-9781,3.01,1902,2.13,538,2,23174,11_04_33_03_02_2025,-0.57,6.35,-7.24,0.00,-0.00,-0.00
-9653,3.00,2135,2.11,539,2,23265,11_04_33_03_02_2025,-0.56,6.35,-7.26,0.00,-0.00,-0.00
-9877,3.02,2135,2.11,538,2,23309,11_04_33_03_02_2025,-0.56,6.36,-7.26,0.00,-0.00,0.00
-9734,3.01,2076,2.12,538,2,23370,11_04_33_03_02_2025,-0.56,6.36,-7.23,0.00,-0.00,-0.00
-9718,3.01,1903,2.13,538,2,23461,11_04_33_03_02_2025,-0.56,6.36,-7.28,0.01,-0.00,0.00
-9768,3.01,2075,2.12,538,2,23505,11_04_33_03_02_2025,-0.57,6.35,-7.24,0.00,-0.01,-0.00
-9941,3.03,1813,2.14,538,2,23567,11_04_33_03_02_2025,-0.56,6.34,-7.23,0.01,-0.00,-0.00
-9777,3.01,1992,2.12,538,2,23658,11_04_33_03_02_2025,-0.55,6.35,-7.24,0.00,-0.00,0.00
-9873,3.02,2095,2.11,538,2,23703,11_04_33_03_02_2025,-0.58,6.33,-7.25,0.00,-0.01,-0.00
-9798,3.02,1856,2.13,538,2,23763,11_04_34_03_02_2025,-0.56,6.34,-7.25,0.00,-0.00,-0.00
-9750,3.01,2152,2.11,537,2,23806,11_04_34_03_02_2025,-0.57,6.33,-7.23,0.00,-0.00,-0.00
-9724,3.01,2111,2.11,538,2,23869,11_04_34_03_02_2025,-0.55,6.39,-7.27,0.01,-0.00,-0.00
-10004,3.03,2041,2.12,538,2,23959,11_04_34_03_02_2025,-0.57,6.34,-7.21,0.01,-0.00,-0.00
-9860,3.02,2117,2.11,538,2,24004,11_04_34_03_02_2025,-0.55,6.35,-7.24,0.00,-0.00,0.00
-9715,3.01,2025,2.12,538,2,24065,11_04_34_03_02_2025,-0.55,6.35,-7.25,0.00,-0.00,-0.00
-9852,3.02,2076,2.12,538,2,24156,11_04_34_03_02_2025,-0.55,6.36,-7.25,0.00,-0.00,0.00
-9943,3.03,1979,2.12,538,2,24200,11_04_34_03_02_2025,-0.56,6.36,-7.26,0.00,-0.00,0.00
-9772,3.01,2070,2.12,539,2,24262,11_04_34_03_02_2025,-0.55,6.35,-7.25,0.00,-0.00,0.00
-9768,3.01,2069,2.12,538,2,24353,11_04_34_03_02_2025,-0.56,6.35,-7.25,0.00,-0.00,0.00
-9728,3.01,2200,2.11,538,2,24397,11_04_34_03_02_2025,-0.56,6.33,-7.24,0.01,-0.00,-0.00
-9801,3.02,1799,2.14,538,2,24458,11_04_34_03_02_2025,-0.56,6.35,-7.25,0.00,-0.00,0.00
-9850,3.02,2148,2.11,537,2,24548,11_04_34_03_02_2025,-0.56,6.35,-7.24,0.01,-0.01,-0.00
-9653,3.00,2050,2.12,538,2,24593,11_04_34_03_02_2025,-0.57,6.34,-7.25,0.00,-0.00,-0.00
-9691,3.01,1943,2.13,538,2,24656,11_04_34_03_02_2025,-0.56,6.34,-7.24,0.00,-0.00,0.00
-9609,3.00,2044,2.12,538,2,24745,11_04_34_03_02_2025,-0.55,6.36,-7.26,0.00,-0.00,-0.00
-9614,3.00,2106,2.11,538,2,24788,11_04_35_03_02_2025,-0.56,6.36,-7.24,0.00,-0.00,-0.00
-9714,3.01,1981,2.12,539,2,24851,11_04_35_03_02_2025,-0.55,6.35,-7.24,0.00,-0.00,-0.00
-9856,3.02,2043,2.12,538,2,24942,11_04_35_03_02_2025,-0.56,6.36,-7.23,0.01,-0.01,0.00
-9870,3.02,1971,2.12,538,2,24987,11_04_35_03_02_2025,-0.57,6.34,-7.26,0.00,-0.00,0.00
-9769,3.01,2024,2.12,538,2,25048,11_04_35_03_02_2025,-0.57,6.34,-7.28,0.00,-0.00,0.00
-9619,3.00,2075,2.12,538,2,25092,11_04_35_03_02_2025,-0.57,6.35,-7.24,0.00,-0.01,-0.00
-9711,3.01,2108,2.11,538,2,25153,11_04_35_03_02_2025,-0.56,6.34,-7.25,0.00,-0.00,-0.00
-9769,3.01,1920,2.13,538,2,25244,11_04_35_03_02_2025,-0.57,6.34,-7.23,0.00,-0.00,-0.00
-9870,3.02,1899,2.13,538,2,25289,11_04_35_03_02_2025,-0.54,6.38,-7.26,0.00,-0.01,-0.00
-9864,3.02,2023,2.12,538,2,25350,11_04_35_03_02_2025,-0.57,6.34,-7.21,0.00,-0.00,-0.00
-9927,3.02,2017,2.12,538,2,25441,11_04_35_03_02_2025,-0.55,6.34,-7.22,0.00,-0.01,-0.00
-9853,3.02,2109,2.11,538,2,25485,11_04_35_03_02_2025,-0.56,6.36,-7.28,0.00,-0.01,-0.00
-9639,3.00,1883,2.13,538,2,25547,11_04_35_03_02_2025,-0.57,6.33,-7.21,0.00,-0.00,-0.00
-9599,3.00,2052,2.12,538,2,25636,11_04_35_03_02_2025,-0.55,6.35,-7.26,0.00,-0.00,-0.00
-9516,2.99,2120,2.11,539,2,25681,11_04_35_03_02_2025,-0.55,6.35,-7.25,0.00,-0.01,-0.00
-9732,3.01,2160,2.11,539,2,25743,11_04_35_03_02_2025,-0.56,6.33,-7.22,0.00,-0.00,0.00
-9998,3.03,2097,2.11,539,2,25833,11_04_36_03_02_2025,-0.56,6.35,-7.26,0.00,-0.00,0.00
-9602,3.00,1997,2.12,538,2,25877,11_04_36_03_02_2025,-0.56,6.35,-7.25,0.00,-0.01,-0.00
-9656,3.00,2090,2.11,538,2,25939,11_04_36_03_02_2025,-0.56,6.35,-7.24,0.00,-0.00,-0.00
-9835,3.02,1858,2.13,538,2,26030,11_04_36_03_02_2025,-0.55,6.35,-7.25,0.00,-0.00,-0.00
-9847,3.02,2029,2.12,538,2,26074,11_04_36_03_02_2025,-0.56,6.36,-7.23,0.00,-0.00,0.00
-9668,3.01,2128,2.11,538,2,26135,11_04_36_03_02_2025,-0.58,6.35,-7.26,0.01,-0.00,0.00
-9596,3.00,2039,2.12,538,2,26227,11_04_36_03_02_2025,-0.55,6.33,-7.24,0.00,-0.01,-0.00
-9816,3.02,1996,2.12,538,2,26271,11_04_36_03_02_2025,-0.56,6.34,-7.21,0.00,-0.00,-0.00
-9777,3.01,1991,2.12,538,2,26332,11_04_36_03_02_2025,-0.54,6.37,-7.27,0.01,-0.00,0.00
-9979,3.03,2027,2.12,538,2,26377,11_04_36_03_02_2025,-0.55,6.35,-7.23,0.00,-0.01,-0.00
-9855,3.02,2069,2.12,539,2,26438,11_04_36_03_02_2025,-0.56,6.36,-7.27,0.00,-0.00,-0.00
-9752,3.01,2085,2.11,538,2,26528,11_04_36_03_02_2025,-0.56,6.34,-7.20,0.01,-0.00,-0.00
-9890,3.02,1749,2.14,538,2,26576,11_04_36_03_02_2025,-0.57,6.36,-7.23,0.00,-0.01,-0.00
-9735,3.01,2040,2.12,538,2,26635,11_04_36_03_02_2025,-0.58,6.35,-7.26,0.00,-0.00,-0.00
-9643,3.00,2172,2.11,539,2,26726,11_04_36_03_02_2025,-0.58,6.33,-7.23,0.01,-0.00,0.00
-9684,3.01,2036,2.12,538,2,26769,11_04_37_03_02_2025,-0.56,6.34,-7.23,0.00,-0.00,-0.00
-9794,3.01,2061,2.12,538,2,26830,11_04_37_03_02_2025,-0.56,6.35,-7.26,0.00,-0.00,0.00
-9729,3.01,1927,2.13,539,2,26921,11_04_37_03_02_2025,-0.56,6.36,-7.25,0.01,-0.00,-0.00
-9937,3.03,1932,2.13,538,2,26966,11_04_37_03_02_2025,-0.56,6.34,-7.23,0.00,-0.00,-0.00
-9746,3.01,1972,2.12,538,2,27028,11_04_37_03_02_2025,-0.56,6.36,-7.29,0.01,-0.00,0.00
-9848,3.02,1904,2.13,538,2,27117,11_04_37_03_02_2025,-0.57,6.33,-7.21,0.00,-0.00,-0.00
-9778,3.01,2151,2.11,538,2,27161,11_04_37_03_02_2025,-0.57,6.33,-7.21,0.00,-0.00,-0.00
-9872,3.02,1925,2.13,538,2,27223,11_04_37_03_02_2025,-0.56,6.36,-7.27,0.00,-0.00,0.00
-9839,3.02,1965,2.12,538,2,27313,11_04_37_03_02_2025,-0.56,6.35,-7.23,0.00,-0.00,-0.00
-9939,3.03,2216,2.10,538,2,27358,11_04_37_03_02_2025,-0.57,6.35,-7.25,0.01,-0.00,0.00
-9573,3.00,1856,2.13,539,2,27420,11_04_37_03_02_2025,-0.57,6.34,-7.27,0.00,-0.00,-0.00
-9832,3.02,2028,2.12,538,2,27511,11_04_37_03_02_2025,-0.57,6.33,-7.22,0.00,-0.00,-0.00
-9706,3.01,2146,2.11,538,2,27555,11_04_37_03_02_2025,-0.56,6.34,-7.23,0.00,-0.00,-0.00
-9798,3.02,2040,2.12,538,2,27616,11_04_37_03_02_2025,-0.55,6.37,-7.26,0.01,-0.00,0.00
-9835,3.02,2082,2.12,538,2,27663,11_04_37_03_02_2025,-0.56,6.35,-7.23,0.00,-0.00,0.00
-9872,3.02,2113,2.11,538,2,27723,11_04_37_03_02_2025,-0.56,6.35,-7.26,0.00,-0.00,0.00
-9823,3.02,1929,2.13,538,2,27813,11_04_38_03_02_2025,-0.56,6.34,-7.24,0.00,-0.00,-0.00
-9922,3.02,1840,2.13,538,2,27857,11_04_38_03_02_2025,-0.55,6.33,-7.24,0.00,-0.00,0.00
-9924,3.02,1974,2.12,539,2,27919,11_04_38_03_02_2025,-0.56,6.35,-7.27,0.00,-0.00,-0.00
-9777,3.01,2148,2.11,538,2,28009,11_04_38_03_02_2025,-0.56,6.33,-7.24,0.00,-0.00,-0.00
-9694,3.01,1950,2.12,538,2,28056,11_04_38_03_02_2025,-0.57,6.35,-7.26,0.01,-0.00,0.00
-9829,3.02,2063,2.12,538,2,28116,11_04_38_03_02_2025,-0.54,6.36,-7.27,0.01,-0.00,0.00
-9687,3.01,1837,2.13,538,2,28205,11_04_38_03_02_2025,-0.57,6.34,-7.24,0.00,-0.00,-0.00
-9674,3.01,2074,2.12,538,2,28249,11_04_38_03_02_2025,-0.56,6.36,-7.25,0.01,-0.00,0.00
-9862,3.02,2054,2.12,538,2,28311,11_04_38_03_02_2025,-0.55,6.37,-7.25,0.00,-0.00,0.00
-9849,3.02,2126,2.11,538,2,28401,11_04_38_03_02_2025,-0.56,6.35,-7.24,0.00,-0.00,-0.00
-9707,3.01,1970,2.12,538,2,28449,11_04_38_03_02_2025,-0.55,6.36,-7.24,0.00,-0.00,0.00
-9741,3.01,2135,2.11,538,2,28508,11_04_38_03_02_2025,-0.57,6.34,-7.25,0.00,-0.00,-0.00
-9780,3.01,2100,2.11,538,2,28598,11_04_38_03_02_2025,-0.56,6.34,-7.26,0.00,-0.00,-0.00
-9716,3.01,2130,2.11,538,2,28642,11_04_38_03_02_2025,-0.56,6.37,-7.25,0.00,-0.00,-0.00
-9701,3.01,1780,2.14,538,2,28705,11_04_38_03_02_2025,-0.57,6.35,-7.26,0.00,-0.00,-0.00
-9682,3.01,1906,2.13,538,2,28796,11_04_39_03_02_2025,-0.55,6.35,-7.23,0.01,-0.00,-0.00
-9656,3.00,1981,2.12,538,2,28843,11_04_39_03_02_2025,-0.57,6.32,-7.25,0.01,-0.01,0.00
-9750,3.01,1981,2.12,538,2,28900,11_04_39_03_02_2025,-0.55,6.36,-7.25,0.00,-0.01,-0.00
-9837,3.02,1952,2.12,539,2,28946,11_04_39_03_02_2025,-0.57,6.36,-7.27,0.00,-0.00,-0.00
-9745,3.01,1968,2.12,538,2,29008,11_04_39_03_02_2025,-0.55,6.36,-7.23,0.00,-0.01,-0.00
-9870,3.02,2244,2.10,538,2,29098,11_04_39_03_02_2025,-0.56,6.35,-7.24,0.00,-0.00,-0.00
-9597,3.00,1875,2.13,538,2,29142,11_04_39_03_02_2025,-0.56,6.36,-7.26,0.00,-0.00,0.00
-9867,3.02,1845,2.13,538,2,29203,11_04_39_03_02_2025,-0.55,6.34,-7.24,0.00,-0.00,0.00
-9883,3.02,1882,2.13,539,2,29293,11_04_39_03_02_2025,-0.56,6.34,-7.25,0.00,-0.00,-0.00
-9773,3.01,2115,2.11,539,2,29338,11_04_39_03_02_2025,-0.57,6.35,-7.25,0.00,-0.00,-0.00
-9768,3.01,2064,2.12,538,2,29400,11_04_39_03_02_2025,-0.56,6.35,-7.25,0.00,-0.00,0.00
-9774,3.01,2142,2.11,539,2,29491,11_04_39_03_02_2025,-0.56,6.34,-7.24,0.00,-0.00,-0.00
-9723,3.01,2079,2.12,539,2,29537,11_04_39_03_02_2025,-0.57,6.33,-7.24,0.00,-0.00,-0.00
-9714,3.01,2091,2.11,538,2,29596,11_04_39_03_02_2025,-0.56,6.36,-7.25,0.00,-0.00,-0.00
-9790,3.01,1906,2.13,539,2,29686,11_04_39_03_02_2025,-0.55,6.37,-7.28,0.00,-0.00,0.00
-9879,3.02,2147,2.11,538,2,29731,11_04_39_03_02_2025,-0.54,6.37,-7.22,0.00,-0.00,-0.00
-9816,3.02,2151,2.11,538,2,29793,11_04_40_03_02_2025,-0.58,6.33,-7.22,0.01,-0.00,0.00
-9942,3.03,2048,2.12,538,2,29882,11_04_40_03_02_2025,-0.55,6.34,-7.27,0.00,-0.00,0.00
-9846,3.02,1924,2.13,538,2,29929,11_04_40_03_02_2025,-0.56,6.34,-7.25,0.00,-0.00,-0.00
-9826,3.02,2031,2.12,538,2,29989,11_04_40_03_02_2025,-0.56,6.35,-7.23,0.01,-0.00,-0.00
-9855,3.02,1893,2.13,538,2,30080,11_04_40_03_02_2025,-0.54,6.37,-7.26,0.00,-0.00,-0.00
-9813,3.02,2008,2.12,538,2,30125,11_04_40_03_02_2025,-0.57,6.34,-7.23,0.01,-0.01,-0.00
-9733,3.01,1942,2.13,538,2,30185,11_04_40_03_02_2025,-0.56,6.36,-7.26,0.01,-0.00,0.00
-9768,3.01,2154,2.11,538,2,30229,11_04_40_03_02_2025,-0.57,6.34,-7.26,0.00,-0.00,-0.00
-9667,3.01,2083,2.11,538,2,30291,11_04_40_03_02_2025,-0.57,6.33,-7.25,0.00,-0.00,-0.00
-9935,3.03,1861,2.13,538,2,30381,11_04_40_03_02_2025,-0.56,6.35,-7.23,0.01,-0.00,-0.00
-9696,3.01,1961,2.12,538,2,30426,11_04_40_03_02_2025,-0.55,6.35,-7.26,0.00,-0.00,0.00
-9785,3.01,1984,2.12,538,2,30488,11_04_40_03_02_2025,-0.57,6.33,-7.24,0.00,-0.00,-0.00
-9579,3.00,2017,2.12,538,2,30578,11_04_40_03_02_2025,-0.55,6.35,-7.26,0.00,-0.00,0.00
-9798,3.02,1974,2.12,538,2,30622,11_04_40_03_02_2025,-0.57,6.35,-7.24,0.00,-0.00,-0.00
-9849,3.02,2014,2.12,538,2,30684,11_04_40_03_02_2025,-0.56,6.35,-7.23,0.01,-0.00,-0.00
-9690,3.01,2018,2.12,538,2,30775,11_04_40_03_02_2025,-0.56,6.34,-7.28,0.01,-0.00,-0.00
-9870,3.02,2063,2.12,538,2,30820,11_04_41_03_02_2025,-0.57,6.33,-7.26,0.01,-0.00,-0.00
-9569,3.00,2030,2.12,538,2,30880,11_04_41_03_02_2025,-0.56,6.36,-7.25,0.00,-0.00,-0.00
-9796,3.01,2226,2.10,538,2,30971,11_04_41_03_02_2025,-0.54,6.36,-7.22,0.00,-0.00,-0.00
-9586,3.00,1968,2.12,538,2,31015,11_04_41_03_02_2025,-0.57,6.31,-7.18,0.01,-0.01,-0.00
-9671,3.01,2054,2.12,537,2,31077,11_04_41_03_02_2025,-0.55,6.39,-7.31,0.00,-0.00,-0.00
-9567,3.00,2005,2.12,538,2,31167,11_04_41_03_02_2025,-0.57,6.31,-7.22,0.01,0.00,-0.00
-9822,3.02,1933,2.13,539,2,31211,11_04_41_03_02_2025,-0.56,6.34,-7.22,0.00,-0.00,0.00
-9752,3.01,1963,2.12,539,2,31273,11_04_41_03_02_2025,-0.56,6.36,-7.25,0.00,-0.00,-0.00
-9896,3.02,2209,2.11,538,2,31365,11_04_41_03_02_2025,-0.54,6.36,-7.29,0.00,-0.00,-0.00
-9845,3.02,2217,2.10,538,2,31409,11_04_41_03_02_2025,-0.55,6.37,-7.29,0.00,-0.00,0.00
-9918,3.02,2329,2.10,538,2,31471,11_04_41_03_02_2025,-0.54,6.33,-7.23,0.00,-0.00,0.00
-9752,3.01,2255,2.10,537,2,31514,11_04_41_03_02_2025,-0.55,6.35,-7.22,0.00,-0.00,-0.00
-9729,3.01,1931,2.13,538,2,31575,11_04_41_03_02_2025,-0.56,6.36,-7.25,0.01,-0.00,0.00
-9729,3.01,2009,2.12,538,2,31666,11_04_41_03_02_2025,-0.56,6.34,-7.25,0.00,-0.01,-0.00
-9637,3.00,1977,2.12,538,2,31711,11_04_41_03_02_2025,-0.55,6.34,-7.25,0.00,-0.00,-0.00
-9728,3.01,2000,2.12,538,2,31772,11_04_42_03_02_2025,-0.56,6.38,-7.26,0.00,-0.00,0.00
-9722,3.01,2161,2.11,538,2,31863,11_04_42_03_02_2025,-0.54,6.36,-7.24,0.00,-0.00,-0.00
-9658,3.00,2161,2.11,539,2,31907,11_04_42_03_02_2025,-0.56,6.34,-7.24,0.01,-0.00,-0.00
-9641,3.00,2051,2.12,539,2,31969,11_04_42_03_02_2025,-0.55,6.36,-7.26,0.00,-0.00,0.00
-9889,3.02,2068,2.12,538,2,32058,11_04_42_03_02_2025,-0.56,6.36,-7.24,0.00,-0.00,0.00
-9721,3.01,2068,2.12,538,2,32103,11_04_42_03_02_2025,-0.55,6.35,-7.23,0.00,-0.00,-0.00
-9829,3.02,1958,2.12,538,2,32166,11_04_42_03_02_2025,-0.57,6.36,-7.25,0.00,-0.00,0.00
-9808,3.02,2219,2.10,538,2,32255,11_04_42_03_02_2025,-0.57,6.34,-7.25,0.00,-0.00,-0.00
-9714,3.01,2114,2.11,538,2,32299,11_04_42_03_02_2025,-0.54,6.35,-7.23,0.01,-0.00,-0.00
-9701,3.01,1910,2.13,538,2,32361,11_04_42_03_02_2025,-0.55,6.37,-7.28,0.00,-0.00,0.00
-9667,3.01,2024,2.12,539,2,32451,11_04_42_03_02_2025,-0.56,6.34,-7.22,0.00,-0.01,-0.00
-9794,3.01,2034,2.12,539,2,32496,11_04_42_03_02_2025,-0.56,6.35,-7.24,0.00,-0.00,-0.00
-9840,3.02,1885,2.13,539,2,32559,11_04_42_03_02_2025,-0.56,6.36,-7.27,0.00,-0.00,0.00
-9867,3.02,1911,2.13,539,2,32649,11_04_42_03_02_2025,-0.57,6.35,-7.23,0.00,-0.00,-0.00
-9903,3.02,2085,2.11,538,2,32694,11_04_42_03_02_2025,-0.55,6.35,-7.25,0.00,-0.00,-0.00
-9671,3.01,1982,2.12,538,2,32754,11_04_42_03_02_2025,-0.53,6.36,-7.25,0.00,-0.00,0.00
-9605,3.00,1965,2.12,538,2,32799,11_04_43_03_02_2025,-0.57,6.35,-7.25,0.00,-0.01,-0.00
-9613,3.00,1956,2.12,538,2,32861,11_04_43_03_02_2025,-0.57,6.34,-7.23,0.00,-0.00,0.00
-9723,3.01,2251,2.10,539,2,32950,11_04_43_03_02_2025,-0.57,6.32,-7.24,0.00,-0.00,-0.00
-9708,3.01,1977,2.12,539,2,32994,11_04_43_03_02_2025,-0.54,6.35,-7.23,0.00,-0.00,-0.00
-9841,3.02,2060,2.12,538,2,33056,11_04_43_03_02_2025,-0.57,6.33,-7.23,0.00,-0.00,0.00
-9872,3.02,1933,2.13,538,2,33149,11_04_43_03_02_2025,-0.55,6.35,-7.27,0.00,-0.00,0.00
-9787,3.01,1880,2.13,538,2,33194,11_04_43_03_02_2025,-0.58,6.34,-7.25,0.00,-0.00,-0.00
-9663,3.00,2031,2.12,539,2,33253,11_04_43_03_02_2025,-0.54,6.33,-7.23,0.00,-0.00,-0.00
-9734,3.01,2033,2.12,539,2,33343,11_04_43_03_02_2025,-0.55,6.37,-7.28,0.00,-0.00,-0.00
-9612,3.00,2243,2.10,539,2,33387,11_04_43_03_02_2025,-0.56,6.34,-7.22,0.00,-0.00,-0.00
-9742,3.01,1991,2.12,538,2,33449,11_04_43_03_02_2025,-0.57,6.36,-7.25,0.01,-0.00,0.00
-9779,3.01,2022,2.12,539,2,33540,11_04_43_03_02_2025,-0.57,6.33,-7.25,0.00,-0.01,-0.00
-9622,3.00,2038,2.12,538,2,33585,11_04_43_03_02_2025,-0.57,6.34,-7.23,0.00,0.00,-0.00
-9766,3.01,1915,2.13,539,2,33646,11_04_43_03_02_2025,-0.56,6.37,-7.25,0.00,-0.00,-0.00
-9695,3.01,2035,2.12,539,2,33736,11_04_43_03_02_2025,-0.55,6.37,-7.25,0.00,-0.00,-0.00
-9758,3.01,1977,2.12,538,2,33780,11_04_44_03_02_2025,-0.56,6.35,-7.24,0.01,-0.00,0.00
-9737,3.01,2017,2.12,538,2,33843,11_04_44_03_02_2025,-0.57,6.35,-7.27,0.01,-0.00,0.00
-9809,3.02,2054,2.12,538,2,33934,11_04_44_03_02_2025,-0.58,6.34,-7.25,0.00,-0.01,-0.00
-9759,3.01,1980,2.12,538,2,33978,11_04_44_03_02_2025,-0.56,6.36,-7.26,0.01,-0.00,-0.00
-9740,3.01,2289,2.10,539,2,34039,11_04_44_03_02_2025,-0.56,6.36,-7.24,0.00,-0.00,-0.00
-9550,3.00,1885,2.13,539,2,34081,11_04_44_03_02_2025,-0.56,6.37,-7.24,0.00,-0.00,-0.00
-9735,3.01,1982,2.12,538,2,34146,11_04_44_03_02_2025,-0.55,6.34,-7.21,0.01,-0.00,0.00
-9868,3.02,1891,2.13,538,2,34236,11_04_44_03_02_2025,-0.56,6.33,-7.27,0.00,-0.01,-0.00
-9722,3.01,2023,2.12,538,2,34280,11_04_44_03_02_2025,-0.57,6.35,-7.22,0.00,-0.00,-0.00
-9684,3.01,2122,2.11,538,2,34341,11_04_44_03_02_2025,-0.57,6.35,-7.22,0.00,0.00,-0.00
-9781,3.01,2176,2.11,538,2,34431,11_04_44_03_02_2025,-0.53,6.39,-7.24,0.00,-0.00,-0.00
-9851,3.02,2001,2.12,539,2,34476,11_04_44_03_02_2025,-0.60,6.35,-7.21,0.01,-0.00,0.01
-9729,3.01,2018,2.12,538,2,34538,11_04_44_03_02_2025,-0.52,6.33,-7.20,0.02,0.00,0.01
-9647,3.00,2057,2.12,538,2,34628,11_04_44_03_02_2025,-0.50,6.34,-7.32,0.02,-0.00,0.01
-9663,3.00,1955,2.12,539,2,34672,11_04_44_03_02_2025,-0.62,6.27,-7.26,-0.00,-0.01,-0.01
-9744,3.01,2096,2.11,538,2,34734,11_04_44_03_02_2025,-0.62,6.28,-7.30,-0.00,0.00,-0.00
-9715,3.01,2005,2.12,539,2,34824,11_04_45_03_02_2025,-0.57,6.31,-7.34,-0.00,0.01,-0.01
-10005,3.03,1978,2.12,538,2,34874,11_04_45_03_02_2025,-0.51,6.38,-7.26,-0.01,0.00,-0.02
-9918,3.02,2065,2.12,539,2,35029,11_04_45_03_02_2025,-0.57,6.49,-7.18,-0.00,-0.02,0.00
-9643,3.00,2173,2.11,538,2,35073,11_04_45_03_02_2025,-0.46,6.41,-7.14,0.02,-0.01,0.01
-9787,3.01,2164,2.11,539,2,35117,11_04_45_03_02_2025,-0.60,6.36,-7.22,0.01,-0.02,0.01
-9846,3.02,1988,2.12,538,2,35162,11_04_45_03_02_2025,-0.61,6.31,-7.24,0.02,-0.01,0.02
-9922,3.02,2224,2.10,538,2,35218,11_04_45_03_02_2025,-0.60,6.28,-7.32,0.01,-0.01,0.01
-9753,3.01,2078,2.12,539,2,35263,11_04_45_03_02_2025,-0.60,6.33,-7.31,0.01,0.00,0.00
-9580,3.00,1994,2.12,538,2,35323,11_04_45_03_02_2025,-0.59,6.32,-7.26,0.00,-0.00,-0.00
-9885,3.02,2036,2.12,539,2,35367,11_04_45_03_02_2025,-0.50,6.37,-7.23,0.00,0.00,-0.00
-9773,3.01,2015,2.12,538,2,35429,11_04_45_03_02_2025,-0.54,6.37,-7.24,0.00,-0.01,-0.01
-9786,3.01,1887,2.13,538,2,35519,11_04_45_03_02_2025,-0.55,6.36,-7.28,0.00,-0.01,0.00
-9734,3.01,2056,2.12,538,2,35566,11_04_45_03_02_2025,-0.53,6.45,-7.40,0.01,0.00,0.00
-9710,3.01,2089,2.11,538,2,35626,11_04_45_03_02_2025,-0.59,6.05,-6.99,-0.01,-0.02,-0.03
-9756,3.01,1964,2.12,538,2,35716,11_04_45_03_02_2025,-0.55,6.78,-7.82,0.02,0.03,0.03
-9702,3.01,1964,2.12,538,2,35760,11_04_46_03_02_2025,-0.57,6.43,-7.42,0.01,0.00,0.00
-9763,3.01,1806,2.14,538,2,35822,11_04_46_03_02_2025,-0.53,6.44,-7.29,-0.02,-0.03,-0.02
-9923,3.02,2095,2.11,539,2,35913,11_04_46_03_02_2025,-0.57,6.31,-7.21,0.02,0.02,0.02
-9753,3.01,1985,2.12,539,2,35959,11_04_46_03_02_2025,-0.56,6.37,-7.28,0.00,-0.00,-0.00
-9722,3.01,2085,2.11,538,2,36018,11_04_46_03_02_2025,-0.55,6.05,-6.71,0.01,0.00,-0.00
-9843,3.02,2115,2.11,538,2,36109,11_04_46_03_02_2025,-0.41,6.37,-7.22,0.00,-0.02,0.00
-9613,3.00,2006,2.12,539,2,36153,11_04_46_03_02_2025,-0.62,6.31,-7.34,-0.02,-0.05,-0.04
-9803,3.02,2161,2.11,538,2,36216,11_04_46_03_02_2025,-0.59,6.24,-7.08,0.01,0.00,0.00
-9602,3.00,2181,2.11,538,2,36305,11_04_46_03_02_2025,-0.49,6.30,-7.18,0.00,0.00,0.01
-9750,3.01,1987,2.12,538,2,36352,11_04_46_03_02_2025,-0.64,6.08,-6.96,0.01,-0.01,-0.00
-9726,3.01,2047,2.12,538,2,36411,11_04_46_03_02_2025,-0.37,6.62,-7.33,0.00,-0.00,-0.01
-9613,3.00,2036,2.12,538,2,36503,11_04_46_03_02_2025,-0.50,6.26,-7.11,0.00,0.00,0.02
-9792,3.01,1870,2.13,539,2,36548,11_04_46_03_02_2025,-0.65,6.12,-7.10,-0.01,-0.02,-0.01
-9730,3.01,1914,2.13,539,2,36609,11_04_46_03_02_2025,-0.50,6.45,-7.30,0.01,0.00,-0.00
-9713,3.01,1961,2.12,539,2,36653,11_04_46_03_02_2025,-0.42,6.55,-7.45,0.03,0.04,0.03
-9928,3.02,1930,2.13,539,2,36713,11_04_46_03_02_2025,-0.60,6.14,-6.99,0.01,-0.01,-0.01
-9661,3.00,2024,2.12,538,2,36804,11_04_47_03_02_2025,-0.55,6.31,-7.35,0.01,-0.02,-0.02
-9726,3.01,2081,2.12,538,2,36848,11_04_47_03_02_2025,-0.42,6.50,-7.51,0.01,-0.00,-0.01
-9757,3.01,2229,2.10,539,2,36911,11_04_47_03_02_2025,-0.50,6.28,-7.18,-0.00,-0.00,0.00
-9842,3.02,1815,2.14,538,2,37001,11_04_47_03_02_2025,-0.53,6.35,-7.28,0.00,-0.01,-0.01
-9753,3.01,2107,2.11,538,2,37047,11_04_47_03_02_2025,-0.56,6.31,-7.21,0.01,0.00,0.01
-9792,3.01,1999,2.12,538,2,37106,11_04_47_03_02_2025,-0.52,6.39,-7.34,0.01,-0.00,0.00
-9790,3.01,2018,2.12,538,2,37197,11_04_47_03_02_2025,-0.52,6.34,-7.28,0.01,0.00,0.00
-9860,3.02,2006,2.12,539,2,37242,11_04_47_03_02_2025,-0.55,6.36,-7.30,0.00,-0.00,0.00
-9646,3.00,1982,2.12,539,2,37304,11_04_47_03_02_2025,-0.63,6.22,-7.07,0.00,-0.01,-0.01
-9758,3.01,2091,2.11,538,2,37393,11_04_47_03_02_2025,-0.65,6.21,-7.23,0.01,0.02,0.02
-9701,3.01,2005,2.12,539,2,37440,11_04_47_03_02_2025,-0.36,6.63,-7.79,0.00,-0.01,-0.01
-9774,3.01,2105,2.11,538,2,37500,11_04_47_03_02_2025,-0.53,6.24,-7.10,-0.03,-0.10,-0.09
-9618,3.00,2181,2.11,539,2,37590,11_04_47_03_02_2025,-0.57,6.30,-7.06,-0.01,-0.03,-0.03
-9773,3.01,2015,2.12,538,2,37635,11_04_47_03_02_2025,-0.44,6.42,-7.41,0.03,0.03,0.04
-9731,3.01,1863,2.13,538,2,37696,11_04_47_03_02_2025,-0.41,6.50,-7.53,0.00,-0.01,-0.01
-9697,3.01,2024,2.12,538,2,37788,11_04_47_03_02_2025,-0.59,6.17,-6.96,0.01,-0.01,-0.01
-9833,3.02,1931,2.13,538,2,37834,11_04_48_03_02_2025,-0.46,6.20,-7.10,0.01,0.00,0.01
-9738,3.01,2201,2.11,538,2,37892,11_04_48_03_02_2025,-0.40,6.53,-7.36,0.01,0.01,0.00
-9619,3.00,2181,2.11,539,2,37937,11_04_48_03_02_2025,-0.66,6.03,-7.07,0.01,-0.02,-0.02
-9723,3.01,1933,2.13,538,2,37999,11_04_48_03_02_2025,-0.34,6.54,-7.49,-0.01,-0.02,-0.00
-9978,3.03,2088,2.11,539,2,38089,11_04_48_03_02_2025,-0.58,6.16,-7.29,0.00,-0.01,-0.01
-9783,3.01,2083,2.11,539,2,38132,11_04_48_03_02_2025,-0.54,6.27,-7.25,0.02,0.02,0.03
-9908,3.02,2028,2.12,539,2,38195,11_04_48_03_02_2025,-0.45,6.31,-7.38,0.02,0.01,0.01
-9925,3.02,1829,2.13,538,2,38285,11_04_48_03_02_2025,-0.59,6.25,-7.20,-0.00,-0.03,-0.05
-9774,3.01,2161,2.11,539,2,38330,11_04_48_03_02_2025,-0.53,6.17,-7.02,-0.02,-0.05,-0.04
-9850,3.02,1930,2.13,539,2,38392,11_04_48_03_02_2025,-0.51,6.30,-7.18,-0.00,-0.01,-0.01
-9688,3.01,2154,2.11,539,2,38481,11_04_48_03_02_2025,-0.73,6.26,-7.20,0.02,0.01,0.01
-9688,3.01,2451,2.09,539,2,38525,11_04_48_03_02_2025,-0.39,6.46,-7.46,0.01,0.01,0.01
-9787,3.01,1992,2.12,539,2,38588,11_04_48_03_02_2025,-0.49,6.37,-7.28,-0.01,-0.01,-0.02
-9990,3.03,2133,2.11,538,2,38679,11_04_48_03_02_2025,-0.49,6.31,-7.15,0.01,0.01,0.01
-9869,3.02,2069,2.12,539,2,38722,11_04_48_03_02_2025,-0.54,6.26,-7.23,0.00,-0.02,-0.00
-9700,3.01,2367,2.09,538,2,38784,11_04_49_03_02_2025,-0.55,6.30,-7.27,-0.00,-0.03,-0.02
-9652,3.00,1931,2.13,539,2,38875,11_04_49_03_02_2025,-0.56,6.31,-7.24,0.01,0.00,0.00
-9698,3.01,1810,2.14,539,2,38920,11_04_49_03_02_2025,-0.49,6.34,-7.32,0.00,-0.00,-0.00
-9728,3.01,2174,2.11,538,2,38981,11_04_49_03_02_2025,-0.50,6.35,-7.23,-0.00,-0.02,-0.01
-9555,3.00,2021,2.12,539,2,39072,11_04_49_03_02_2025,-0.50,6.34,-7.25,0.01,0.00,0.01
-9743,3.01,1971,2.12,538,2,39116,11_04_49_03_02_2025,-0.47,6.36,-7.37,-0.01,-0.01,0.00
-9684,3.01,2046,2.12,539,2,39177,11_04_49_03_02_2025,-0.58,6.27,-7.18,0.00,-0.01,-0.01
-9567,3.00,1927,2.13,538,2,39221,11_04_49_03_02_2025,-0.54,6.26,-7.18,0.01,0.00,0.00
-9769,3.01,1924,2.13,539,2,39284,11_04_49_03_02_2025,-0.47,6.43,-7.38,0.00,0.00,0.00
-9666,3.01,2018,2.12,539,2,39374,11_04_49_03_02_2025,-0.52,6.32,-7.20,0.00,-0.01,-0.01
-9718,3.01,2203,2.11,539,2,39417,11_04_49_03_02_2025,-0.53,6.28,-7.25,0.01,0.00,0.00
-9597,3.00,2035,2.12,539,2,39480,11_04_49_03_02_2025,-0.53,6.36,-7.28,0.01,-0.01,0.00
-9704,3.01,1987,2.12,538,2,39570,11_04_49_03_02_2025,-0.53,6.31,-7.21,0.00,-0.00,-0.00
-9697,3.01,1974,2.12,539,2,39615,11_04_49_03_02_2025,-0.50,6.29,-7.21,0.00,-0.00,-0.00
-9890,3.02,1854,2.13,538,2,39677,11_04_49_03_02_2025,-0.48,6.36,-7.28,0.00,-0.00,0.00
-9844,3.02,2026,2.12,538,2,39766,11_04_49_03_02_2025,-0.52,6.33,-7.23,0.00,-0.00,0.00
-9635,3.00,1948,2.13,539,2,39810,11_04_50_03_02_2025,-0.52,6.34,-7.29,0.00,-0.00,0.00
-9921,3.02,2023,2.12,539,2,39872,11_04_50_03_02_2025,-0.53,6.31,-7.27,0.01,-0.00,-0.00
-9833,3.02,2118,2.11,539,2,39963,11_04_50_03_02_2025,-0.53,6.31,-7.23,0.00,-0.00,0.00
-9830,3.02,1984,2.12,538,2,40007,11_04_50_03_02_2025,-0.51,6.36,-7.33,0.00,-0.00,-0.00
-9703,3.01,2008,2.12,538,2,40069,11_04_50_03_02_2025,-0.50,6.34,-7.27,0.00,-0.01,-0.00
-9711,3.01,2166,2.11,539,2,40159,11_04_50_03_02_2025,-0.51,6.33,-7.28,0.00,-0.00,0.00
-9841,3.02,1979,2.12,539,2,40203,11_04_50_03_02_2025,-0.50,6.37,-7.31,0.00,-0.00,-0.00
-9691,3.01,2041,2.12,539,2,40265,11_04_50_03_02_2025,-0.54,6.28,-7.25,-0.00,-0.01,-0.01
-9711,3.01,2082,2.12,539,2,40356,11_04_50_03_02_2025,-0.54,6.28,-7.26,0.00,0.00,0.00
-9739,3.01,1937,2.13,539,2,40401,11_04_50_03_02_2025,-0.53,6.37,-7.31,0.01,0.00,0.00
-9669,3.01,2019,2.12,539,2,40461,11_04_50_03_02_2025,-0.47,6.36,-7.30,0.00,-0.01,-0.01
-9595,3.00,2019,2.12,539,2,40506,11_04_50_03_02_2025,-0.51,6.36,-7.28,0.00,-0.01,0.00
-9888,3.02,2145,2.11,539,2,40567,11_04_50_03_02_2025,-0.52,6.29,-7.26,0.01,-0.00,0.00
-9614,3.00,1963,2.12,539,2,40658,11_04_50_03_02_2025,-0.52,6.31,-7.30,0.00,-0.00,0.00
-9712,3.01,1937,2.13,539,2,40703,11_04_50_03_02_2025,-0.51,6.30,-7.25,0.00,0.00,-0.00
-9719,3.01,1871,2.13,538,2,40764,11_04_50_03_02_2025,-0.50,6.35,-7.29,0.01,0.00,0.00
-9649,3.00,1941,2.13,538,2,40855,11_04_51_03_02_2025,-0.49,6.33,-7.26,0.00,-0.01,0.00
-9736,3.01,1998,2.12,538,2,40899,11_04_51_03_02_2025,-0.53,6.33,-7.27,0.00,-0.01,-0.00
-9841,3.02,1984,2.12,539,2,40961,11_04_51_03_02_2025,-0.53,6.32,-7.26,0.00,-0.00,-0.00
-9668,3.01,2100,2.11,539,2,41051,11_04_51_03_02_2025,-0.54,6.31,-7.24,0.00,-0.01,-0.01
-9828,3.02,2141,2.11,539,2,41095,11_04_51_03_02_2025,-0.51,6.32,-7.26,0.01,0.00,0.00
-9739,3.01,2193,2.11,539,2,41157,11_04_51_03_02_2025,-0.50,6.34,-7.26,0.00,-0.00,0.00
-9640,3.00,2001,2.12,539,2,41247,11_04_51_03_02_2025,-0.51,6.36,-7.33,0.01,0.00,0.00
-9618,3.00,1989,2.12,538,2,41292,11_04_51_03_02_2025,-0.50,6.36,-7.35,0.01,-0.00,0.00
-9697,3.01,1991,2.12,539,2,41354,11_04_51_03_02_2025,-0.50,6.33,-7.30,0.00,-0.00,-0.00
-9767,3.01,2049,2.12,538,2,41444,11_04_51_03_02_2025,-0.51,6.31,-7.25,0.00,-0.00,-0.00
-9765,3.01,1924,2.13,539,2,41488,11_04_51_03_02_2025,-0.49,6.33,-7.32,0.00,-0.01,-0.00
-9720,3.01,1893,2.13,539,2,41550,11_04_51_03_02_2025,-0.49,6.33,-7.24,-0.00,-0.01,-0.00
-9791,3.01,2132,2.11,539,2,41641,11_04_51_03_02_2025,-0.54,6.31,-7.27,0.01,-0.00,0.00
-9687,3.01,2145,2.11,539,2,41685,11_04_51_03_02_2025,-0.52,6.32,-7.30,0.01,-0.00,-0.00
-9704,3.01,1976,2.12,539,2,41747,11_04_51_03_02_2025,-0.49,6.32,-7.27,0.00,-0.00,-0.00
-9681,3.01,2023,2.12,539,2,41790,11_04_52_03_02_2025,-0.52,6.32,-7.26,0.01,-0.00,-0.00
-9758,3.01,2043,2.12,539,2,41852,11_04_52_03_02_2025,-0.50,6.31,-7.23,0.01,-0.00,0.00
-9698,3.01,2063,2.12,539,2,41943,11_04_52_03_02_2025,-0.51,6.33,-7.29,0.00,-0.01,-0.00
-9628,3.00,2021,2.12,538,2,41990,11_04_52_03_02_2025,-0.49,6.33,-7.29,0.00,-0.00,-0.00
-9678,3.01,2056,2.12,539,2,42049,11_04_52_03_02_2025,-0.51,6.32,-7.26,0.00,-0.01,-0.00
-9786,3.01,2050,2.12,539,2,42139,11_04_52_03_02_2025,-0.51,6.32,-7.29,0.00,-0.00,-0.00
-9747,3.01,1954,2.12,539,2,42183,11_04_52_03_02_2025,-0.53,6.30,-7.24,0.00,-0.01,-0.01
-9751,3.01,2069,2.12,539,2,42245,11_04_52_03_02_2025,-0.49,6.34,-7.30,0.00,-0.00,0.00
-9718,3.01,2089,2.11,539,2,42335,11_04_52_03_02_2025,-0.50,6.33,-7.27,0.01,-0.00,-0.00
-9666,3.01,2099,2.11,539,2,42380,11_04_52_03_02_2025,-0.50,6.32,-7.26,0.00,-0.00,-0.00
-9590,3.00,1955,2.12,539,2,42442,11_04_52_03_02_2025,-0.52,6.34,-7.32,0.00,-0.00,0.00
-9800,3.02,1909,2.13,539,2,42532,11_04_52_03_02_2025,-0.47,6.35,-7.26,0.00,0.00,0.00
-9569,3.00,2014,2.12,539,2,42576,11_04_52_03_02_2025,-0.52,6.32,-7.26,0.00,-0.00,-0.00
-9561,3.00,1997,2.12,539,2,42638,11_04_52_03_02_2025,-0.53,6.33,-7.27,0.00,-0.01,-0.00
-9686,3.01,1965,2.12,539,2,42728,11_04_52_03_02_2025,-0.52,6.27,-7.23,0.00,-0.00,-0.00
-9783,3.01,2109,2.11,539,2,42773,11_04_53_03_02_2025,-0.51,6.29,-7.23,0.01,-0.00,0.00
-9664,3.00,2096,2.11,539,2,42834,11_04_53_03_02_2025,-0.51,6.36,-7.28,0.00,-0.00,0.00
-9826,3.02,2038,2.12,539,2,42925,11_04_53_03_02_2025,-0.49,6.27,-7.20,0.00,-0.00,0.00
-9620,3.00,2057,2.12,539,2,42969,11_04_53_03_02_2025,-0.41,6.46,-7.37,0.02,0.03,0.03
-9966,3.03,1992,2.12,539,2,43030,11_04_53_03_02_2025,-0.39,6.51,-7.58,-0.00,-0.02,-0.02
-9837,3.02,1980,2.12,539,2,43077,11_04_53_03_02_2025,-0.48,6.28,-7.17,-0.03,-0.05,-0.05
-9655,3.00,2124,2.11,539,2,43137,11_04_53_03_02_2025,-0.64,6.18,-6.92,0.00,-0.01,-0.00
-9809,3.02,2023,2.12,539,2,43227,11_04_53_03_02_2025,-0.47,6.41,-7.35,0.02,0.00,0.02
-9815,3.02,2219,2.10,539,2,43271,11_04_53_03_02_2025,-0.53,6.30,-7.31,-0.01,-0.03,-0.02
-9683,3.01,1992,2.12,539,2,43335,11_04_53_03_02_2025,-0.61,6.23,-7.11,-0.00,-0.01,-0.01
-9804,3.02,2259,2.10,538,2,43424,11_04_53_03_02_2025,-0.46,6.42,-7.40,0.01,0.02,0.02
-9912,3.02,2153,2.11,539,2,43471,11_04_53_03_02_2025,-0.53,6.31,-7.23,-0.00,-0.02,-0.01
-9624,3.00,2275,2.10,539,2,43530,11_04_53_03_02_2025,-0.58,6.27,-7.16,0.00,-0.01,-0.00
-9667,3.01,1953,2.12,539,2,43620,11_04_53_03_02_2025,-0.53,6.32,-7.33,0.01,0.01,0.01
-9656,3.00,1918,2.13,539,2,43665,11_04_53_03_02_2025,-0.52,6.38,-7.28,0.00,-0.01,-0.00
-9466,2.99,2082,2.12,539,2,43727,11_04_53_03_02_2025,-0.54,6.25,-7.19,0.01,0.00,0.00
-9638,3.00,2024,2.12,539,2,43817,11_04_54_03_02_2025,-0.50,6.33,-7.31,-0.00,-0.03,-0.02
-9534,2.99,2013,2.12,539,2,43864,11_04_54_03_02_2025,-0.57,6.28,-7.18,-0.01,-0.03,-0.02
-9591,3.00,1917,2.13,539,2,43923,11_04_54_03_02_2025,-0.56,6.25,-7.14,0.01,0.01,0.01
-9880,3.02,1984,2.12,540,2,44013,11_04_54_03_02_2025,-0.52,6.30,-7.36,0.00,-0.01,-0.00
-9755,3.01,2064,2.12,539,2,44058,11_04_54_03_02_2025,-0.51,6.38,-7.34,-0.00,-0.01,-0.01
-9684,3.01,1979,2.12,539,2,44120,11_04_54_03_02_2025,-0.54,6.26,-7.12,0.00,-0.00,-0.00
-9859,3.02,2071,2.12,539,2,44211,11_04_54_03_02_2025,-0.52,6.39,-7.33,0.00,-0.01,-0.00
-9744,3.01,2002,2.12,539,2,44259,11_04_54_03_02_2025,-0.55,6.32,-7.23,0.00,-0.01,-0.00
-9742,3.01,2025,2.12,539,2,44316,11_04_54_03_02_2025,-0.53,6.33,-7.27,0.00,-0.00,-0.00
-9763,3.01,1974,2.12,539,2,44360,11_04_54_03_02_2025,-0.53,6.34,-7.28,-0.00,-0.01,-0.01
-9680,3.01,1860,2.13,539,2,44423,11_04_54_03_02_2025,-0.57,6.27,-7.14,0.00,-0.01,-0.01
-9718,3.01,2047,2.12,539,2,44512,11_04_54_03_02_2025,-0.51,6.41,-7.33,0.01,0.01,0.01
-9695,3.01,2073,2.12,539,2,44559,11_04_54_03_02_2025,-0.53,6.33,-7.27,0.00,-0.01,-0.00
-9739,3.01,2108,2.11,539,2,44618,11_04_54_03_02_2025,-0.53,6.36,-7.29,0.01,-0.00,-0.00
-9625,3.00,2089,2.11,539,2,44708,11_04_54_03_02_2025,-0.56,6.16,-6.94,0.01,0.02,0.02
-9633,3.00,2000,2.12,539,2,44753,11_04_55_03_02_2025,-0.44,6.33,-7.36,0.00,0.00,0.00
-9840,3.02,1942,2.13,539,2,44815,11_04_55_03_02_2025,-0.45,6.38,-7.40,-0.01,-0.03,-0.03
-9563,3.00,1837,2.13,538,2,44905,11_04_55_03_02_2025,-0.59,6.21,-7.04,-0.00,-0.02,-0.02
-9669,3.01,2181,2.11,539,2,44952,11_04_55_03_02_2025,-0.38,6.50,-7.47,0.01,0.00,0.01
-9796,3.01,2126,2.11,539,2,45011,11_04_55_03_02_2025,-0.42,6.37,-7.39,-0.01,-0.02,-0.01
-9764,3.01,2074,2.12,539,2,45101,11_04_55_03_02_2025,-0.57,6.28,-7.20,-0.00,-0.02,-0.01
-9816,3.02,2031,2.12,539,2,45146,11_04_55_03_02_2025,-0.46,6.42,-7.46,0.01,0.01,0.01
-9773,3.01,2100,2.11,539,2,45207,11_04_55_03_02_2025,-0.51,6.29,-7.24,-0.00,-0.01,-0.01
-9627,3.00,2215,2.10,539,2,45298,11_04_55_03_02_2025,-0.53,6.32,-7.14,0.01,0.02,0.02
-9506,2.99,1991,2.12,539,2,45345,11_04_55_03_02_2025,-0.37,6.53,-7.60,0.01,0.00,0.00
-9628,3.00,1976,2.12,539,2,45407,11_04_55_03_02_2025,-0.49,6.30,-7.38,-0.02,-0.04,-0.04
-9629,3.00,1995,2.12,539,2,45495,11_04_55_03_02_2025,-0.58,6.19,-6.97,-0.00,-0.01,-0.01
-9871,3.02,2063,2.12,539,2,45539,11_04_55_03_02_2025,-0.42,6.42,-7.42,0.02,0.01,0.02
-9797,3.01,1989,2.12,539,2,45600,11_04_55_03_02_2025,-0.39,6.38,-7.48,-0.01,-0.03,-0.02
-9693,3.01,1976,2.12,539,2,45645,11_04_55_03_02_2025,-0.60,6.22,-7.05,-0.02,-0.04,-0.03
-9782,3.01,2087,2.11,538,2,45707,11_04_55_03_02_2025,-0.56,6.25,-7.06,0.02,0.02,0.02
-9700,3.01,2084,2.11,539,2,45798,11_04_55_03_02_2025,-0.42,6.42,-7.43,0.01,-0.00,0.00
-9773,3.01,1904,2.13,539,2,45842,11_04_56_03_02_2025,-0.54,6.31,-7.22,0.00,-0.01,-0.01
-9734,3.01,1990,2.12,538,2,45903,11_04_56_03_02_2025,-0.58,6.25,-7.15,0.01,0.01,0.01
-9881,3.02,2075,2.12,539,2,45993,11_04_56_03_02_2025,-0.44,6.40,-7.37,0.01,0.00,0.00
-9780,3.01,2023,2.12,539,2,46039,11_04_56_03_02_2025,-0.55,6.41,-7.36,0.01,0.03,0.04
-9603,3.00,1826,2.13,539,2,46100,11_04_56_03_02_2025,-0.47,6.41,-7.47,0.01,0.00,-0.00
-9804,3.02,1911,2.13,539,2,46190,11_04_56_03_02_2025,-0.49,6.15,-7.07,-0.01,-0.03,-0.02
-9764,3.01,2022,2.12,539,2,46234,11_04_56_03_02_2025,-0.56,6.37,-7.25,0.03,0.03,0.03
-9798,3.02,2068,2.12,539,2,46295,11_04_56_03_02_2025,-0.38,6.45,-7.50,0.02,0.00,0.00
-9906,3.02,2160,2.11,538,2,46386,11_04_56_03_02_2025,-0.45,6.27,-7.28,-0.01,-0.03,-0.02
-9817,3.02,1943,2.13,540,2,46430,11_04_56_03_02_2025,-0.56,6.16,-7.00,0.01,-0.00,-0.00
-9817,3.02,2013,2.12,539,2,46493,11_04_56_03_02_2025,-0.44,6.41,-7.41,0.01,0.00,0.01
-9853,3.02,1955,2.12,539,2,46583,11_04_56_03_02_2025,-0.55,6.26,-7.22,-0.01,-0.03,-0.02
-9653,3.00,2239,2.10,539,2,46627,11_04_56_03_02_2025,-0.53,6.31,-7.26,0.01,0.01,0.01
-9720,3.01,2059,2.12,539,2,46689,11_04_56_03_02_2025,-0.45,6.37,-7.34,0.00,-0.00,0.00
-9716,3.01,1876,2.13,539,2,46780,11_04_56_03_02_2025,-0.53,6.31,-7.22,-0.00,-0.01,-0.01
-9648,3.00,1876,2.13,539,2,46825,11_04_57_03_02_2025,-0.48,6.35,-7.34,0.01,0.01,0.00
-9767,3.01,2074,2.12,540,2,46884,11_04_57_03_02_2025,-0.51,6.33,-7.31,0.00,-0.00,-0.00
-9621,3.00,2102,2.11,539,2,46928,11_04_57_03_02_2025,-0.53,6.30,-7.25,0.00,-0.00,-0.00
-9585,3.00,2169,2.11,539,2,46991,11_04_57_03_02_2025,-0.53,6.29,-7.18,0.01,0.01,0.01
-9658,3.00,2188,2.11,539,2,47081,11_04_57_03_02_2025,-0.49,6.33,-7.26,0.01,-0.00,0.00
-9592,3.00,2171,2.11,539,2,47126,11_04_57_03_02_2025,-0.50,6.43,-7.40,0.00,-0.00,-0.00
-9769,3.01,1923,2.13,539,2,47188,11_04_57_03_02_2025,-0.38,6.11,-6.84,0.00,-0.01,0.01
-9878,3.02,2131,2.11,539,2,47278,11_04_57_03_02_2025,-0.52,6.44,-7.41,0.01,0.00,0.01
-9810,3.02,1871,2.13,540,2,47322,11_04_57_03_02_2025,-0.56,6.22,-7.25,-0.00,-0.01,-0.01
-9858,3.02,1993,2.12,539,2,47384,11_04_57_03_02_2025,-0.57,6.26,-7.19,0.00,-0.02,-0.01
-9687,3.01,2073,2.12,539,2,47474,11_04_57_03_02_2025,-0.45,6.42,-7.36,0.01,0.00,0.00
-9641,3.00,2063,2.12,539,2,47518,11_04_57_03_02_2025,-0.66,6.18,-7.17,0.00,-0.03,-0.03
-9710,3.01,2058,2.12,539,2,47580,11_04_57_03_02_2025,-0.45,6.43,-7.21,0.01,0.01,0.02
-9814,3.02,2082,2.12,539,2,47671,11_04_57_03_02_2025,-0.51,6.32,-7.30,0.02,0.02,0.01
-9771,3.01,2132,2.11,539,2,47715,11_04_57_03_02_2025,-0.54,6.33,-7.37,-0.01,-0.03,-0.01
-9741,3.01,1925,2.13,539,2,47777,11_04_58_03_02_2025,-0.52,6.27,-7.21,-0.01,-0.03,-0.03
-9638,3.00,2046,2.12,539,2,47867,11_04_58_03_02_2025,-0.56,6.32,-7.24,0.01,0.01,0.00
-9578,3.00,1883,2.13,539,2,47912,11_04_58_03_02_2025,-0.59,6.13,-7.26,0.01,0.01,0.01
-9671,3.01,2056,2.12,539,2,47973,11_04_58_03_02_2025,-0.60,6.26,-7.34,0.00,-0.01,-0.01
-9748,3.01,1991,2.12,539,2,48065,11_04_58_03_02_2025,-0.47,6.29,-7.20,0.00,-0.01,-0.01
-9761,3.01,2125,2.11,539,2,48110,11_04_58_03_02_2025,-0.56,6.28,-7.19,-0.01,-0.03,-0.02
-9727,3.01,2111,2.11,539,2,48170,11_04_58_03_02_2025,-0.56,6.26,-7.22,0.00,-0.01,0.00
-9677,3.01,2043,2.12,540,2,48214,11_04_58_03_02_2025,-0.57,6.23,-7.26,0.01,0.00,-0.00
-9835,3.02,1929,2.13,539,2,48276,11_04_58_03_02_2025,-0.55,6.26,-7.20,0.00,0.00,-0.00
-9723,3.01,2037,2.12,539,2,48366,11_04_58_03_02_2025,-0.55,6.29,-7.17,0.01,-0.01,-0.00
-9706,3.01,1989,2.12,538,2,48411,11_04_58_03_02_2025,-0.60,6.15,-7.14,0.00,-0.00,-0.00
-9819,3.02,2045,2.12,539,2,48473,11_04_58_03_02_2025,-0.49,6.39,-7.34,0.00,-0.01,-0.01
-9530,2.99,1914,2.13,540,2,48563,11_04_58_03_02_2025,-0.52,6.34,-7.25,0.01,0.00,0.01
-9853,3.02,2117,2.11,539,2,48606,11_04_58_03_02_2025,-0.52,6.33,-7.27,0.00,-0.00,-0.00
-9657,3.00,2041,2.12,539,2,48669,11_04_58_03_02_2025,-0.61,6.28,-7.34,0.00,-0.01,-0.01
-9566,3.00,1778,2.14,538,2,48759,11_04_58_03_02_2025,-0.52,6.30,-7.24,0.01,0.01,0.01
-9730,3.01,2158,2.11,538,2,48803,11_04_59_03_02_2025,-0.47,6.35,-7.34,0.01,0.00,0.00
-9887,3.02,1967,2.12,538,2,48865,11_04_59_03_02_2025,-0.52,6.30,-7.26,0.01,-0.00,-0.00
-9774,3.01,2119,2.11,539,2,48955,11_04_59_03_02_2025,-0.54,6.27,-7.17,0.00,-0.01,-0.01
-9730,3.01,2171,2.11,539,2,48999,11_04_59_03_02_2025,-0.50,6.35,-7.30,0.00,0.00,0.00
-9706,3.01,2179,2.11,539,2,49061,11_04_59_03_02_2025,-0.51,6.32,-7.33,0.01,0.01,0.00
-9524,2.99,1992,2.12,539,2,49151,11_04_59_03_02_2025,-0.50,6.27,-7.24,0.00,-0.00,0.00
-9696,3.01,2011,2.12,539,2,49196,11_04_59_03_02_2025,-0.52,6.32,-7.21,0.01,0.00,0.00
-9783,3.01,1978,2.12,539,2,49258,11_04_59_03_02_2025,-0.49,6.39,-7.36,0.01,0.01,0.01
-9782,3.01,1995,2.12,540,2,49349,11_04_59_03_02_2025,-0.50,6.26,-7.20,0.00,-0.01,-0.00
-9661,3.00,2011,2.12,539,2,49393,11_04_59_03_02_2025,-0.54,6.27,-7.26,0.01,0.00,0.00
-9499,2.99,1944,2.13,539,2,49454,11_04_59_03_02_2025,-0.53,6.32,-7.35,0.01,0.01,0.00
-9744,3.01,2103,2.11,540,2,49501,11_04_59_03_02_2025,-0.49,6.32,-7.24,-0.00,0.00,-0.00
-9804,3.02,2171,2.11,539,2,49560,11_04_59_03_02_2025,-0.43,6.41,-7.22,0.00,0.00,-0.00
-9841,3.02,2019,2.12,538,2,49651,11_04_59_03_02_2025,-0.42,6.40,-7.25,0.01,-0.01,0.00
-9750,3.01,2040,2.12,539,2,49696,11_04_59_03_02_2025,-0.53,6.26,-7.13,-0.00,-0.03,-0.01
-9785,3.01,2090,2.11,539,2,49756,11_04_59_03_02_2025,-0.58,6.29,-7.22,0.01,-0.01,0.00
-9799,3.02,2134,2.11,539,2,49847,11_05_00_03_02_2025,-0.52,6.31,-7.26,0.01,0.00,0.00
-9726,3.01,2199,2.11,539,2,49894,11_05_00_03_02_2025,-0.54,6.28,-7.21,0.00,-0.01,-0.00
-9596,3.00,2004,2.12,539,2,49953,11_05_00_03_02_2025,-0.53,6.31,-7.28,0.01,-0.00,0.00
-9818,3.02,2052,2.12,539,2,50043,11_05_00_03_02_2025,-0.53,6.30,-7.30,0.00,-0.00,0.00
-9587,3.00,1989,2.12,539,2,50093,11_05_00_03_02_2025,-0.51,6.33,-7.22,0.00,-0.00,-0.00
-9911,3.02,2092,2.11,539,2,50149,11_05_00_03_02_2025,-0.49,6.34,-7.22,0.01,0.00,0.00
-9951,3.03,2136,2.11,539,2,50240,11_05_00_03_02_2025,-0.49,6.36,-7.31,0.01,-0.01,0.00
-9697,3.01,2143,2.11,539,2,50285,11_05_00_03_02_2025,-0.54,6.30,-7.27,0.01,-0.00,0.00
-9933,3.03,2051,2.12,539,2,50346,11_05_00_03_02_2025,-0.54,6.29,-7.28,0.00,-0.01,-0.00
-9699,3.01,2048,2.12,539,2,50436,11_05_00_03_02_2025,-0.50,6.35,-7.31,0.01,0.00,0.00
-9623,3.00,2204,2.11,539,2,50481,11_05_00_03_02_2025,-0.51,6.31,-7.26,0.01,-0.00,0.00
-9855,3.02,2017,2.12,539,2,50542,11_05_00_03_02_2025,-0.50,6.34,-7.32,0.00,0.00,-0.00
-9682,3.01,1982,2.12,539,2,50634,11_05_00_03_02_2025,-0.54,6.33,-7.27,0.00,-0.00,-0.00
-9955,3.03,2122,2.11,539,2,50678,11_05_00_03_02_2025,-0.52,6.30,-7.29,0.00,0.01,-0.00
-9713,3.01,2050,2.12,539,2,50739,11_05_00_03_02_2025,-0.47,6.37,-7.32,0.00,0.01,-0.00
-9765,3.01,1967,2.12,539,2,50784,11_05_01_03_02_2025,-0.51,6.34,-7.25,-0.00,0.00,-0.01
-9862,3.02,2318,2.10,539,2,50846,11_05_01_03_02_2025,-0.51,6.30,-7.21,0.00,-0.01,-0.00
-9706,3.01,1979,2.12,539,2,50936,11_05_01_03_02_2025,-0.34,6.52,-7.23,0.00,0.00,0.00
-9590,3.00,1973,2.12,540,2,50982,11_05_01_03_02_2025,-0.50,6.32,-7.28,0.00,-0.01,-0.01
-9839,3.02,2114,2.11,539,2,51041,11_05_01_03_02_2025,-0.51,6.32,-7.20,-0.00,-0.01,-0.00
-9810,3.02,2022,2.12,539,2,51132,11_05_01_03_02_2025,-0.50,6.37,-7.30,0.00,0.00,0.00
-9628,3.00,1988,2.12,540,2,51176,11_05_01_03_02_2025,-0.52,6.36,-7.23,0.01,-0.01,0.00
-9803,3.02,2148,2.11,539,2,51239,11_05_01_03_02_2025,-0.48,6.32,-7.20,0.01,-0.01,0.00
-9775,3.01,1998,2.12,539,2,51328,11_05_01_03_02_2025,-0.47,6.36,-7.28,0.01,-0.00,0.01
-9647,3.00,1946,2.13,539,2,51375,11_05_01_03_02_2025,-0.50,6.33,-7.24,0.01,-0.01,0.00
-9658,3.00,2007,2.12,538,2,51434,11_05_01_03_02_2025,-0.48,6.33,-7.28,0.01,-0.01,0.00
-9800,3.02,1927,2.13,539,2,51524,11_05_01_03_02_2025,-0.50,6.33,-7.26,0.01,-0.01,0.00
-9674,3.01,1876,2.13,539,2,51569,11_05_01_03_02_2025,-0.56,6.25,-7.28,0.01,-0.01,0.01
-9745,3.01,1676,2.15,539,2,51631,11_05_01_03_02_2025,-0.55,6.28,-7.30,0.01,-0.00,0.01
-9778,3.01,1864,2.13,540,2,51720,11_05_01_03_02_2025,-0.53,6.25,-7.32,0.00,0.00,-0.01
-9657,3.00,1961,2.12,539,2,51767,11_05_02_03_02_2025,-0.49,6.33,-7.27,-0.00,0.01,-0.01
-9774,3.01,2146,2.11,539,2,51827,11_05_02_03_02_2025,-0.41,6.38,-7.26,0.00,0.01,-0.00
-9648,3.00,2078,2.12,538,2,51919,11_05_02_03_02_2025,-0.44,6.37,-7.22,0.00,-0.00,0.00
-9730,3.01,1999,2.12,539,2,51963,11_05_02_03_02_2025,-0.52,6.34,-7.30,0.01,-0.01,0.01
-9608,3.00,2024,2.12,539,2,52023,11_05_02_03_02_2025,-0.54,6.26,-7.38,0.01,-0.01,0.00
-9942,3.03,2145,2.11,539,2,52067,11_05_02_03_02_2025,-0.52,6.27,-7.28,-0.00,0.00,0.00
-9517,2.99,2133,2.11,539,2,52129,11_05_02_03_02_2025,-0.57,6.27,-7.22,0.00,0.01,0.00
-9677,3.01,1946,2.13,539,2,52220,11_05_02_03_02_2025,-0.50,6.36,-7.23,0.00,-0.01,-0.01
-9720,3.01,2095,2.11,539,2,52264,11_05_02_03_02_2025,-0.52,6.36,-7.33,0.01,-0.01,0.00
