-10979,3.10,0,2.27,633,3,2657,21_11_31_13_01_2025,-2.31,-6.52,-6.91,-0.01,-1.25,0.66
-10954,3.10,0,2.27,633,3,2705,21_11_31_13_01_2025,-2.31,-6.51,-6.93,0.00,-0.00,-0.00
-10925,3.10,0,2.27,633,3,2743,21_11_31_13_01_2025,-2.32,-6.52,-6.93,0.00,-0.00,-0.00
-10809,3.09,0,2.27,633,3,2781,21_11_31_13_01_2025,-2.32,-6.53,-6.93,0.01,-0.00,-0.00
-10959,3.10,0,2.27,633,3,2819,21_11_31_13_01_2025,-2.32,-6.52,-6.92,0.00,-0.00,-0.00
-10890,3.10,0,2.27,633,3,2857,21_11_31_13_01_2025,-2.32,-6.50,-6.92,0.00,-0.00,0.00
-10766,3.09,0,2.27,633,3,2897,21_11_31_13_01_2025,-2.32,-6.52,-6.92,0.01,-0.00,-0.00
-10750,3.09,0,2.27,633,3,2935,21_11_31_13_01_2025,-2.32,-6.52,-6.93,0.00,-0.00,-0.00
-10852,3.09,0,2.27,633,3,2975,21_11_31_13_01_2025,-2.32,-6.53,-6.93,0.01,-0.00,0.00
-10649,3.08,0,2.27,633,3,3013,21_11_31_13_01_2025,-2.31,-6.52,-6.92,0.01,-0.00,-0.00
-11018,3.11,0,2.27,633,3,3051,21_11_31_13_01_2025,-2.32,-6.51,-6.93,0.01,-0.00,-0.00
-10955,3.10,0,2.27,633,3,3088,21_11_31_13_01_2025,-2.33,-6.51,-6.92,0.01,-0.00,-0.00
-10779,3.09,0,2.27,633,3,3129,21_11_31_13_01_2025,-2.32,-6.52,-6.92,0.01,-0.00,-0.00
-10901,3.10,0,2.27,633,3,3167,21_11_31_13_01_2025,-2.31,-6.52,-6.92,0.00,-0.00,-0.00
-10886,3.10,0,2.27,633,3,3205,21_11_31_13_01_2025,-2.31,-6.52,-6.91,0.00,-0.00,-0.00
-10753,3.09,0,2.27,632,3,3242,21_11_31_13_01_2025,-2.33,-6.52,-6.92,0.00,-0.00,-0.00
-10920,3.10,0,2.27,633,3,3281,21_11_31_13_01_2025,-2.33,-6.52,-6.92,0.00,-0.00,-0.00
-10750,3.09,0,2.27,633,3,3319,21_11_31_13_01_2025,-2.31,-6.52,-6.92,0.01,-0.00,-0.00
-10901,3.10,0,2.27,633,3,3360,21_11_32_13_01_2025,-2.31,-6.52,-6.91,0.00,-0.00,-0.00
-10891,3.10,0,2.27,633,3,3398,21_11_32_13_01_2025,-2.32,-6.52,-6.91,0.01,-0.00,0.00
-10790,3.09,0,2.27,633,3,3436,21_11_32_13_01_2025,-2.33,-6.52,-6.90,0.00,-0.00,-0.00
-10868,3.10,0,2.27,633,3,3474,21_11_32_13_01_2025,-2.32,-6.52,-6.91,0.00,-0.00,-0.00
-10901,3.10,0,2.27,632,3,3512,21_11_32_13_01_2025,-2.31,-6.52,-6.91,0.00,-0.00,-0.00
-11023,3.11,0,2.27,634,3,3550,21_11_32_13_01_2025,-2.31,-6.52,-6.92,0.01,-0.00,-0.00
-10934,3.10,0,2.27,632,3,3592,21_11_32_13_01_2025,-2.32,-6.52,-6.91,0.00,-0.00,-0.00
-10882,3.10,0,2.27,633,3,3630,21_11_32_13_01_2025,-2.32,-6.51,-6.92,0.00,-0.00,0.00
-10927,3.10,0,2.27,633,3,3668,21_11_32_13_01_2025,-2.32,-6.51,-6.91,0.01,-0.00,-0.00
-10878,3.10,0,2.27,633,3,3706,21_11_32_13_01_2025,-2.32,-6.50,-6.91,0.00,-0.00,-0.00
-11027,3.11,0,2.27,633,3,3744,21_11_32_13_01_2025,-2.32,-6.52,-6.91,0.01,-0.00,0.00
-10874,3.10,0,2.27,633,3,3781,21_11_32_13_01_2025,-2.32,-6.52,-6.92,0.00,-0.00,-0.00
-10953,3.10,0,2.27,632,3,3822,21_11_32_13_01_2025,-2.32,-6.51,-6.91,0.01,-0.00,-0.00
-10825,3.09,0,2.27,634,3,3860,21_11_32_13_01_2025,-2.31,-6.52,-6.91,0.00,-0.00,-0.00
-10678,3.08,0,2.27,633,3,3898,21_11_32_13_01_2025,-2.32,-6.52,-6.91,0.00,-0.00,-0.00
-10740,3.09,0,2.27,633,3,3936,21_11_32_13_01_2025,-2.32,-6.51,-6.92,0.01,-0.00,-0.00
-10993,3.11,0,2.27,633,3,3975,21_11_32_13_01_2025,-2.32,-6.52,-6.90,0.00,-0.00,-0.00
-11045,3.11,0,2.27,633,3,4013,21_11_32_13_01_2025,-2.31,-6.53,-6.90,0.00,-0.00,-0.00
-10783,3.09,0,2.27,633,3,4053,21_11_32_13_01_2025,-2.32,-6.52,-6.91,0.00,-0.00,-0.00
-10865,3.10,0,2.27,633,3,4091,21_11_32_13_01_2025,-2.33,-6.51,-6.91,0.01,-0.00,0.00
-10723,3.09,0,2.27,633,3,4129,21_11_32_13_01_2025,-2.32,-6.52,-6.92,0.00,-0.00,-0.00
-10715,3.08,0,2.27,633,3,4166,21_11_32_13_01_2025,-2.32,-6.52,-6.91,0.01,-0.00,-0.00
-10857,3.10,0,2.27,633,3,4205,21_11_32_13_01_2025,-2.31,-6.52,-6.91,0.00,-0.00,-0.00
-10827,3.09,0,2.27,633,3,4244,21_11_32_13_01_2025,-2.33,-6.52,-6.91,0.00,-0.00,-0.00
-10950,3.10,0,2.27,633,3,4284,21_11_32_13_01_2025,-2.32,-6.51,-6.91,0.00,-0.00,-0.00
-10845,3.09,0,2.27,633,3,4321,21_11_32_13_01_2025,-2.32,-6.51,-6.91,0.00,-0.00,-0.00
-10715,3.08,0,2.27,633,3,4359,21_11_33_13_01_2025,-2.31,-6.52,-6.91,0.00,-0.00,-0.00
-10666,3.08,0,2.27,633,3,4397,21_11_33_13_01_2025,-2.32,-6.53,-6.91,0.01,-0.00,-0.00
-10784,3.09,0,2.27,633,3,4435,21_11_33_13_01_2025,-2.31,-6.51,-6.90,0.00,-0.00,-0.00
-10924,3.10,0,2.27,632,3,4473,21_11_33_13_01_2025,-2.32,-6.52,-6.90,0.01,-0.00,-0.00
-10720,3.08,0,2.27,633,3,4513,21_11_33_13_01_2025,-2.32,-6.52,-6.91,0.01,-0.00,-0.00
-10952,3.10,0,2.27,633,3,4551,21_11_33_13_01_2025,-2.32,-6.53,-6.90,0.00,-0.00,-0.00
-10834,3.09,0,2.27,633,3,4588,21_11_33_13_01_2025,-2.32,-6.52,-6.91,0.01,-0.00,-0.00
-10748,3.09,0,2.27,633,3,4627,21_11_33_13_01_2025,-2.32,-6.52,-6.90,0.01,-0.00,-0.00
-10771,3.09,0,2.27,633,3,4665,21_11_33_13_01_2025,-2.31,-6.52,-6.90,0.01,-0.00,-0.00
-10914,3.10,0,2.27,632,3,4704,21_11_33_13_01_2025,-2.31,-6.51,-6.92,0.01,-0.00,0.00
-10800,3.09,0,2.27,633,3,4745,21_11_33_13_01_2025,-2.32,-6.51,-6.91,0.00,-0.00,-0.00
-10795,3.09,0,2.27,632,3,4784,21_11_33_13_01_2025,-2.32,-6.52,-6.90,0.01,-0.00,-0.00
-10877,3.10,0,2.27,633,3,4822,21_11_33_13_01_2025,-2.32,-6.51,-6.91,0.01,-0.00,-0.00
-10983,3.10,0,2.27,633,3,4859,21_11_33_13_01_2025,-2.32,-6.53,-6.92,0.00,-0.00,-0.00
-11015,3.11,0,2.27,633,3,4899,21_11_33_13_01_2025,-2.32,-6.51,-6.91,0.00,-0.00,-0.00
-10786,3.09,0,2.27,633,3,4937,21_11_33_13_01_2025,-2.31,-6.52,-6.91,0.01,-0.00,-0.00
-10892,3.10,0,2.27,633,3,4978,21_11_33_13_01_2025,-2.31,-6.51,-6.90,0.01,-0.00,-0.00
-10754,3.09,0,2.27,633,3,5016,21_11_33_13_01_2025,-2.32,-6.51,-6.91,0.01,-0.00,-0.00
-10811,3.09,0,2.27,633,3,5055,21_11_33_13_01_2025,-2.32,-6.52,-6.91,0.01,-0.00,-0.00
-10807,3.09,0,2.27,633,3,5093,21_11_33_13_01_2025,-2.33,-6.52,-6.90,0.00,-0.00,-0.00
-10903,3.10,0,2.27,633,3,5130,21_11_33_13_01_2025,-2.32,-6.52,-6.91,0.01,-0.00,-0.00
-10802,3.09,0,2.27,632,3,5168,21_11_33_13_01_2025,-2.32,-6.52,-6.91,0.01,-0.00,0.00
-10815,3.09,0,2.27,633,3,5209,21_11_33_13_01_2025,-2.31,-6.52,-6.90,0.00,-0.00,-0.00
-10946,3.10,0,2.27,632,3,5246,21_11_33_13_01_2025,-2.32,-6.52,-6.92,0.00,-0.00,-0.00
-11030,3.11,0,2.27,633,3,5285,21_11_33_13_01_2025,-2.33,-6.51,-6.90,0.01,-0.00,-0.00
-10842,3.09,0,2.27,633,3,5324,21_11_33_13_01_2025,-2.32,-6.52,-6.92,0.01,-0.00,-0.00
-10985,3.10,0,2.27,633,3,5361,21_11_34_13_01_2025,-2.32,-6.52,-6.92,0.01,-0.00,-0.00
-10873,3.10,0,2.27,632,3,5399,21_11_34_13_01_2025,-2.31,-6.52,-6.90,0.00,-0.00,-0.00
-10844,3.09,0,2.27,633,3,5441,21_11_34_13_01_2025,-2.33,-6.52,-6.90,0.00,-0.00,0.00
-10952,3.10,0,2.27,633,3,5479,21_11_34_13_01_2025,-2.32,-6.51,-6.90,0.00,-0.00,-0.00
-10687,3.08,0,2.27,632,3,5516,21_11_34_13_01_2025,-2.32,-6.52,-6.90,0.00,-0.00,-0.00
-10812,3.09,0,2.27,632,3,5554,21_11_34_13_01_2025,-2.31,-6.53,-6.91,0.01,-0.00,-0.00
-10722,3.09,0,2.27,633,3,5593,21_11_34_13_01_2025,-2.32,-6.52,-6.91,0.01,-0.00,-0.00
-10791,3.09,0,2.27,633,3,5631,21_11_34_13_01_2025,-2.32,-6.52,-6.91,0.01,-0.00,-0.00
-10841,3.09,0,2.27,633,3,5672,21_11_34_13_01_2025,-2.32,-6.52,-6.90,0.01,-0.00,-0.00
-10701,3.08,0,2.27,633,3,5710,21_11_34_13_01_2025,-2.30,-6.52,-6.90,0.01,-0.00,-0.00
-10664,3.08,0,2.27,633,3,5749,21_11_34_13_01_2025,-2.32,-6.52,-6.90,0.01,-0.00,-0.00
-10954,3.10,0,2.27,633,3,5788,21_11_34_13_01_2025,-2.32,-6.51,-6.90,0.00,-0.00,-0.00
-11036,3.11,0,2.27,633,3,5828,21_11_34_13_01_2025,-2.31,-6.52,-6.90,0.01,-0.00,-0.00
-10898,3.10,0,2.27,633,3,5866,21_11_34_13_01_2025,-2.31,-6.51,-6.90,0.01,-0.00,-0.00
-10877,3.10,0,2.27,633,3,5907,21_11_34_13_01_2025,-2.32,-6.53,-6.90,0.01,-0.00,-0.00
-10815,3.09,0,2.27,633,3,5946,21_11_34_13_01_2025,-2.32,-6.52,-6.91,0.00,-0.00,-0.00
-11049,3.11,0,2.27,633,3,5985,21_11_34_13_01_2025,-2.32,-6.52,-6.91,0.01,-0.00,-0.00
-10896,3.10,0,2.27,633,3,6023,21_11_34_13_01_2025,-2.32,-6.51,-6.90,0.00,-0.00,0.00
-10971,3.10,0,2.27,633,3,6061,21_11_34_13_01_2025,-2.32,-6.52,-6.90,0.01,-0.00,-0.00
-10704,3.08,0,2.27,633,3,6100,21_11_34_13_01_2025,-2.32,-6.52,-6.91,0.01,-0.00,-0.00
-10876,3.10,0,2.27,633,3,6140,21_11_34_13_01_2025,-2.32,-6.51,-6.92,0.01,-0.00,-0.00
-10643,3.08,0,2.27,633,3,6178,21_11_34_13_01_2025,-2.31,-6.53,-6.91,0.01,-0.00,-0.00
-10865,3.10,0,2.27,633,3,6217,21_11_34_13_01_2025,-2.32,-6.52,-6.91,0.00,-0.00,-0.00
-10670,3.08,0,2.27,633,3,6256,21_11_34_13_01_2025,-2.31,-6.52,-6.90,0.00,-0.00,-0.00
-10696,3.08,0,2.27,633,3,6293,21_11_34_13_01_2025,-2.32,-6.52,-6.91,0.01,-0.00,-0.00
-10839,3.09,0,2.27,633,3,6331,21_11_34_13_01_2025,-2.32,-6.51,-6.91,0.00,-0.00,0.00
-10794,3.09,0,2.27,633,3,6373,21_11_35_13_01_2025,-2.31,-6.51,-6.91,0.01,-0.00,-0.00
-10708,3.08,0,2.27,632,3,6411,21_11_35_13_01_2025,-2.32,-6.52,-6.90,0.01,-0.00,-0.00
-10964,3.10,0,2.27,632,3,6450,21_11_35_13_01_2025,-2.32,-6.52,-6.91,0.01,-0.00,-0.00
-10744,3.09,0,2.27,633,3,6488,21_11_35_13_01_2025,-2.32,-6.51,-6.90,0.00,-0.00,-0.00
-10761,3.09,0,2.27,633,3,6527,21_11_35_13_01_2025,-2.32,-6.53,-6.90,0.01,-0.00,-0.00
-10951,3.10,0,2.27,633,3,6565,21_11_35_13_01_2025,-2.31,-6.52,-6.91,0.01,-0.00,-0.00
-10934,3.10,0,2.27,633,3,6606,21_11_35_13_01_2025,-2.32,-6.52,-6.91,0.01,-0.01,-0.00
-10999,3.11,0,2.27,633,3,6645,21_11_35_13_01_2025,-2.32,-6.51,-6.90,0.00,-0.00,0.00
-10825,3.09,0,2.27,633,3,6682,21_11_35_13_01_2025,-2.32,-6.52,-6.91,0.01,-0.00,-0.00
-10967,3.10,0,2.27,632,3,6720,21_11_35_13_01_2025,-2.31,-6.52,-6.91,0.01,-0.00,-0.00
-11025,3.11,0,2.27,633,3,6758,21_11_35_13_01_2025,-2.32,-6.52,-6.91,0.01,-0.00,-0.00
-10924,3.10,0,2.27,633,3,6797,21_11_35_13_01_2025,-2.32,-6.52,-6.91,0.01,-0.00,-0.00
-10795,3.09,0,2.27,633,3,6837,21_11_35_13_01_2025,-2.32,-6.51,-6.90,0.01,-0.00,-0.00
-10992,3.11,0,2.27,633,3,6876,21_11_35_13_01_2025,-2.31,-6.51,-6.91,0.00,-0.00,0.00
-11010,3.11,0,2.27,633,3,6914,21_11_35_13_01_2025,-2.31,-6.52,-6.91,0.00,-0.00,-0.00
-10948,3.10,0,2.27,633,3,6953,21_11_35_13_01_2025,-2.32,-6.52,-6.91,0.01,-0.00,-0.00
-10775,3.09,0,2.27,633,3,6991,21_11_35_13_01_2025,-2.32,-6.52,-6.91,0.01,-0.00,-0.00
-10998,3.11,0,2.27,633,3,7029,21_11_35_13_01_2025,-2.32,-6.51,-6.90,0.00,-0.00,-0.00
-10834,3.09,0,2.27,633,3,7071,21_11_35_13_01_2025,-2.31,-6.52,-6.91,0.00,-0.00,-0.00
-10880,3.10,0,2.27,633,3,7108,21_11_35_13_01_2025,-2.31,-6.52,-6.91,0.01,-0.00,-0.00
-10751,3.09,0,2.27,632,3,7147,21_11_35_13_01_2025,-2.32,-6.52,-6.89,0.00,-0.00,-0.00
-10894,3.10,0,2.27,633,3,7186,21_11_35_13_01_2025,-2.33,-6.52,-6.90,0.01,-0.00,-0.00
-10853,3.09,0,2.27,633,3,7224,21_11_35_13_01_2025,-2.31,-6.52,-6.91,0.01,-0.00,-0.00
-10869,3.10,0,2.27,633,3,7262,21_11_35_13_01_2025,-2.31,-6.51,-6.91,0.01,-0.00,-0.00
-10811,3.09,0,2.27,633,3,7304,21_11_35_13_01_2025,-2.31,-6.52,-6.90,0.01,-0.00,-0.00
-11067,3.11,0,2.27,633,3,7342,21_11_36_13_01_2025,-2.32,-6.52,-6.90,0.01,-0.00,-0.00
-10894,3.10,0,2.27,633,3,7380,21_11_36_13_01_2025,-2.31,-6.50,-6.90,0.01,-0.00,-0.00
-10966,3.10,0,2.27,633,3,7419,21_11_36_13_01_2025,-2.30,-6.52,-6.92,0.01,-0.00,-0.00
-10902,3.10,0,2.27,633,3,7458,21_11_36_13_01_2025,-2.32,-6.52,-6.91,0.00,-0.00,-0.00
-10790,3.09,0,2.27,632,3,7496,21_11_36_13_01_2025,-2.33,-6.52,-6.90,0.00,-0.00,-0.00
-10750,3.09,0,2.27,633,3,7538,21_11_36_13_01_2025,-2.31,-6.51,-6.91,0.01,-0.00,-0.00
-11050,3.11,0,2.27,633,3,7577,21_11_36_13_01_2025,-2.31,-6.51,-6.91,0.01,-0.00,-0.00
-10906,3.10,0,2.27,633,3,7614,21_11_36_13_01_2025,-2.31,-6.52,-6.89,0.01,-0.00,-0.00
-11042,3.11,0,2.27,633,3,7653,21_11_36_13_01_2025,-2.32,-6.52,-6.89,0.00,-0.00,0.00
-10782,3.09,0,2.27,633,3,7698,21_11_36_13_01_2025,-2.32,-6.52,-6.90,0.00,-0.00,0.00
-10799,3.09,0,2.27,633,3,7735,21_11_36_13_01_2025,-2.31,-6.52,-6.91,0.00,-0.00,-0.00
-10899,3.10,0,2.27,633,3,7777,21_11_36_13_01_2025,-2.31,-6.52,-6.91,0.01,-0.00,-0.00
-10861,3.10,0,2.27,633,3,7816,21_11_36_13_01_2025,-2.32,-6.52,-6.91,0.01,-0.00,-0.00
-10831,3.09,0,2.27,633,3,7854,21_11_36_13_01_2025,-2.32,-6.52,-6.91,0.01,-0.00,-0.00
-10669,3.08,0,2.27,633,3,7892,21_11_36_13_01_2025,-2.31,-6.52,-6.91,0.00,-0.00,-0.00
-10746,3.09,0,2.27,633,3,7939,21_11_36_13_01_2025,-2.32,-6.53,-6.91,0.01,-0.00,-0.00
-11014,3.11,0,2.27,633,3,7977,21_11_36_13_01_2025,-2.31,-6.52,-6.92,0.01,-0.00,-0.00
-10974,3.10,0,2.27,633,3,8018,21_11_36_13_01_2025,-2.32,-6.52,-6.90,0.01,-0.00,-0.00
-10738,3.09,0,2.27,632,3,8058,21_11_36_13_01_2025,-2.32,-6.51,-6.90,0.01,-0.00,-0.00
-10756,3.09,0,2.27,633,3,8096,21_11_36_13_01_2025,-2.31,-6.52,-6.90,0.01,-0.00,0.00
-10627,3.08,0,2.27,633,3,8134,21_11_36_13_01_2025,-2.32,-6.52,-6.91,0.01,-0.00,-0.00
-10848,3.09,0,2.27,633,3,8172,21_11_36_13_01_2025,-2.31,-6.52,-6.91,0.00,-0.00,-0.00
-10950,3.10,0,2.27,633,3,8211,21_11_36_13_01_2025,-2.33,-6.53,-6.89,0.01,-0.00,-0.00
-10907,3.10,0,2.27,632,3,8252,21_11_36_13_01_2025,-2.31,-6.52,-6.91,0.00,-0.00,-0.00
-10854,3.10,0,2.27,632,3,8291,21_11_36_13_01_2025,-2.31,-6.52,-6.91,0.00,-0.00,-0.00
-10893,3.10,0,2.27,633,3,8329,21_11_36_13_01_2025,-2.31,-6.52,-6.91,0.00,-0.00,-0.00
-11091,3.11,0,2.27,633,3,8367,21_11_37_13_01_2025,-2.32,-6.52,-6.90,0.00,-0.00,-0.00
-10954,3.10,0,2.27,633,3,8406,21_11_37_13_01_2025,-2.31,-6.51,-6.90,0.00,-0.00,-0.00
-10754,3.09,0,2.27,632,3,8445,21_11_37_13_01_2025,-2.32,-6.51,-6.90,0.01,-0.00,-0.00
-10876,3.10,0,2.27,633,3,8486,21_11_37_13_01_2025,-2.31,-6.52,-6.91,0.01,-0.00,-0.00
-10867,3.10,0,2.27,633,3,8524,21_11_37_13_01_2025,-2.31,-6.53,-6.89,0.00,-0.00,-0.00
-10677,3.08,0,2.27,633,3,8562,21_11_37_13_01_2025,-2.33,-6.51,-6.91,0.01,-0.00,-0.00
-10857,3.10,0,2.27,633,3,8601,21_11_37_13_01_2025,-2.32,-6.52,-6.91,0.00,-0.00,-0.00
-10879,3.10,0,2.27,633,3,8639,21_11_37_13_01_2025,-2.29,-6.51,-6.90,0.01,-0.00,0.00
-10661,3.08,0,2.27,633,3,8680,21_11_37_13_01_2025,-2.32,-6.52,-6.89,0.00,-0.00,0.00
-10673,3.08,0,2.27,633,3,8719,21_11_37_13_01_2025,-2.33,-6.52,-6.91,0.01,-0.00,-0.00
-10825,3.09,0,2.27,632,3,8757,21_11_37_13_01_2025,-2.31,-6.52,-6.89,0.00,-0.00,-0.00
-10760,3.09,0,2.27,633,3,8795,21_11_37_13_01_2025,-2.31,-6.53,-6.92,0.00,-0.00,-0.00
-10542,3.07,0,2.27,633,3,8834,21_11_37_13_01_2025,-2.32,-6.54,-6.93,0.01,-0.00,-0.00
-10681,3.08,0,2.27,633,3,8872,21_11_37_13_01_2025,-2.32,-6.53,-6.90,0.00,-0.00,0.00
-10383,3.06,0,2.27,633,3,8912,21_11_37_13_01_2025,-2.32,-6.51,-6.90,0.00,-0.00,-0.00
-10014,3.03,0,2.27,633,3,8952,21_11_37_13_01_2025,-2.32,-6.48,-6.90,0.00,-0.00,-0.00
-10111,3.04,0,2.27,633,3,8990,21_11_37_13_01_2025,-2.30,-6.49,-6.92,0.01,-0.00,-0.00
-10182,3.04,0,2.27,634,3,9028,21_11_37_13_01_2025,-2.34,-6.49,-6.90,0.01,-0.01,-0.00
-10449,3.06,0,2.27,633,3,9066,21_11_37_13_01_2025,-2.33,-6.51,-6.88,0.01,-0.00,-0.00
-10380,3.06,0,2.27,633,3,9105,21_11_37_13_01_2025,-2.33,-6.53,-6.90,0.00,-0.00,-0.00
-10443,3.06,0,2.27,633,3,9146,21_11_37_13_01_2025,-2.29,-6.49,-6.94,0.00,-0.00,-0.00
-10379,3.06,0,2.27,633,3,9185,21_11_37_13_01_2025,-2.33,-6.50,-6.90,0.01,-0.00,-0.00
-10487,3.07,0,2.27,633,3,9224,21_11_37_13_01_2025,-2.35,-6.51,-6.89,0.01,-0.00,-0.00
-10344,3.06,0,2.27,633,3,9262,21_11_37_13_01_2025,-2.32,-6.54,-6.93,0.01,-0.00,-0.00
-10642,3.08,0,2.27,632,3,9300,21_11_37_13_01_2025,-2.27,-6.56,-6.92,0.01,-0.00,-0.00
-10273,3.05,0,2.27,632,3,9339,21_11_37_13_01_2025,-2.29,-6.50,-6.91,0.01,-0.00,0.00
-10458,3.07,0,2.27,633,3,9381,21_11_38_13_01_2025,-2.38,-6.50,-6.91,0.01,-0.00,-0.00
-10350,3.06,0,2.27,633,3,9419,21_11_38_13_01_2025,-2.34,-6.49,-6.90,0.01,-0.00,-0.00
-10283,3.05,0,2.27,633,3,9458,21_11_38_13_01_2025,-2.30,-6.53,-6.92,0.01,-0.00,-0.00
-10566,3.07,0,2.27,632,3,9497,21_11_38_13_01_2025,-2.18,-6.52,-6.86,0.01,0.00,-0.00
-10640,3.08,0,2.27,633,3,9535,21_11_38_13_01_2025,-2.32,-6.56,-6.85,0.00,0.00,0.00
-10696,3.08,0,2.27,633,3,9573,21_11_38_13_01_2025,-2.36,-6.58,-6.93,0.01,-0.00,-0.00
-10749,3.09,0,2.27,633,3,9615,21_11_38_13_01_2025,-2.30,-6.48,-6.90,0.01,-0.00,-0.00
-10526,3.07,0,2.27,633,3,9653,21_11_38_13_01_2025,-2.27,-6.45,-6.90,0.00,0.00,0.00
-10641,3.08,0,2.27,634,3,9690,21_11_38_13_01_2025,-2.35,-6.54,-6.93,0.01,-0.00,-0.00
-10794,3.09,0,2.27,632,3,9730,21_11_38_13_01_2025,-2.33,-6.53,-6.91,0.01,-0.00,-0.00
-10617,3.08,0,2.27,633,3,9769,21_11_38_13_01_2025,-2.30,-6.51,-6.90,0.00,-0.00,-0.00
-10771,3.09,0,2.27,633,3,9806,21_11_38_13_01_2025,-2.30,-6.50,-6.92,0.00,-0.00,-0.00
-10621,3.08,0,2.27,633,3,9847,21_11_38_13_01_2025,-2.32,-6.53,-6.90,0.01,-0.00,-0.00
-10812,3.09,0,2.27,633,3,9886,21_11_38_13_01_2025,-2.33,-6.53,-6.90,0.01,-0.00,-0.00
-10718,3.08,0,2.27,633,3,9924,21_11_38_13_01_2025,-2.31,-6.52,-6.91,0.01,-0.00,-0.00
-10877,3.10,0,2.27,633,3,9962,21_11_38_13_01_2025,-2.31,-6.53,-6.89,0.01,-0.00,-0.00
-10653,3.08,0,2.27,633,3,10001,21_11_38_13_01_2025,-2.32,-6.50,-6.91,0.01,-0.00,0.00
-10726,3.09,0,2.27,632,3,10040,21_11_38_13_01_2025,-2.32,-6.53,-6.88,0.00,-0.00,-0.00
-10980,3.10,0,2.27,633,3,10081,21_11_38_13_01_2025,-2.29,-6.51,-6.90,0.00,-0.00,0.00
-10900,3.10,0,2.27,633,3,10119,21_11_38_13_01_2025,-2.29,-6.54,-6.89,0.00,-0.00,0.00
-10887,3.10,0,2.27,633,3,10157,21_11_38_13_01_2025,-2.31,-6.50,-6.92,0.00,-0.01,0.00
-10744,3.09,0,2.27,633,3,10195,21_11_38_13_01_2025,-2.36,-6.51,-6.90,0.01,-0.00,-0.00
-10854,3.10,0,2.27,632,3,10233,21_11_38_13_01_2025,-2.29,-6.48,-6.92,0.00,-0.00,0.00
-11079,3.11,0,2.27,633,3,10324,21_11_38_13_01_2025,-2.32,-6.56,-6.91,0.01,-0.01,-0.00
-13269,3.28,0,2.27,633,3,10372,21_11_39_13_01_2025,-2.34,-6.50,-6.90,0.00,-0.00,-0.00
-13827,3.32,0,2.27,632,3,10429,21_11_39_13_01_2025,-2.31,-6.50,-6.90,0.01,-0.00,-0.00
-13643,3.31,0,2.27,633,3,10520,21_11_39_13_01_2025,-2.30,-6.52,-6.89,0.01,-0.00,-0.00
-15319,3.43,0,2.27,633,3,10558,21_11_39_13_01_2025,-2.32,-6.49,-6.92,0.00,-0.00,-0.00
-14945,3.40,0,2.27,633,3,10626,21_11_39_13_01_2025,-2.31,-6.51,-6.92,0.01,-0.00,-0.00
-13733,3.31,0,2.27,633,3,10717,21_11_39_13_01_2025,-2.33,-6.56,-6.91,0.01,-0.00,-0.00
-12028,3.18,0,2.27,632,3,10759,21_11_39_13_01_2025,-2.32,-6.52,-6.92,0.01,-0.00,-0.00
-12523,3.22,0,2.27,632,3,10822,21_11_39_13_01_2025,-2.33,-6.53,-6.91,0.01,-0.00,-0.00
-11772,3.16,0,2.27,633,3,10860,21_11_39_13_01_2025,-2.32,-6.51,-6.92,0.01,-0.00,-0.00
-11431,3.14,0,2.27,633,3,10929,21_11_39_13_01_2025,-2.28,-6.51,-6.91,0.01,-0.00,-0.00
-10779,3.09,0,2.27,633,3,11019,21_11_39_13_01_2025,-2.35,-6.52,-6.92,0.01,-0.00,-0.00
-11024,3.11,0,2.27,633,3,11059,21_11_39_13_01_2025,-2.31,-6.54,-6.91,0.01,-0.00,-0.00
-10988,3.11,0,2.27,634,3,11124,21_11_39_13_01_2025,-2.30,-6.53,-6.91,0.00,-0.00,0.00
-11000,3.11,0,2.27,632,3,11215,21_11_39_13_01_2025,-2.32,-6.50,-6.89,0.00,-0.00,0.00
-10671,3.08,0,2.27,633,3,11253,21_11_39_13_01_2025,-2.29,-6.50,-6.91,0.00,-0.00,0.00
-10641,3.08,0,2.27,633,3,11322,21_11_39_13_01_2025,-2.35,-6.52,-6.91,0.01,-0.00,0.00
-10357,3.06,0,2.27,632,3,11412,21_11_40_13_01_2025,-2.31,-6.52,-6.90,0.00,-0.00,-0.00
-11873,3.17,0,2.27,633,3,11451,21_11_40_13_01_2025,-2.34,-6.52,-6.90,0.01,-0.00,-0.00
-11762,3.16,0,2.27,633,3,11517,21_11_40_13_01_2025,-2.32,-6.52,-6.89,0.01,-0.00,-0.00
-11982,3.18,0,2.27,632,3,11607,21_11_40_13_01_2025,-2.30,-6.52,-6.92,0.01,-0.01,-0.00
-11072,3.11,0,2.27,633,3,11646,21_11_40_13_01_2025,-2.35,-6.53,-6.90,0.01,-0.00,-0.00
-10728,3.09,0,2.27,633,3,11715,21_11_40_13_01_2025,-2.30,-6.52,-6.90,0.01,-0.01,-0.00
-11472,3.14,0,2.27,633,3,11803,21_11_40_13_01_2025,-2.31,-6.50,-6.91,0.00,-0.00,-0.00
-11783,3.17,0,2.27,633,3,11842,21_11_40_13_01_2025,-2.32,-6.53,-6.89,0.00,-0.00,-0.00
-12688,3.23,0,2.27,633,3,11910,21_11_40_13_01_2025,-2.30,-6.51,-6.91,0.00,-0.00,-0.00
-16261,3.50,0,2.27,632,3,12001,21_11_40_13_01_2025,-2.32,-6.51,-6.89,0.01,-0.00,-0.00
-21263,3.88,0,2.27,633,3,12040,21_11_40_13_01_2025,-2.31,-6.50,-6.92,0.00,-0.00,-0.00
-23799,4.08,0,2.27,633,3,12106,21_11_40_13_01_2025,-2.30,-6.51,-6.91,0.01,-0.00,-0.00
-29226,4.49,0,2.27,633,3,12144,21_11_40_13_01_2025,-2.35,-6.53,-6.91,0.01,-0.00,-0.00
-33489,4.81,0,2.27,633,3,12212,21_11_40_13_01_2025,-2.32,-6.49,-6.89,0.01,-0.00,-0.00
-40528,5.34,0,2.27,633,3,12302,21_11_40_13_01_2025,-2.31,-6.51,-6.92,0.01,-0.01,-0.00
-53484,6.32,0,2.27,633,3,12341,21_11_40_13_01_2025,-2.32,-6.51,-6.91,0.01,-0.00,0.00
-61385,6.92,0,2.27,633,3,12409,21_11_41_13_01_2025,-2.28,-6.52,-6.92,0.01,-0.00,-0.00
-79500,8.30,0,2.27,633,3,12499,21_11_41_13_01_2025,-2.32,-6.52,-6.87,0.00,-0.00,0.00
-108138,10.47,0,2.27,633,3,12537,21_11_41_13_01_2025,-2.30,-6.48,-6.93,0.01,-0.00,-0.00
-116150,11.07,0,2.27,633,3,12608,21_11_41_13_01_2025,-2.29,-6.53,-6.91,0.01,-0.00,-0.00
-120859,11.43,0,2.27,633,3,12699,21_11_41_13_01_2025,-2.35,-6.52,-6.92,0.00,-0.00,-0.00
-121480,11.48,0,2.27,633,3,12791,21_11_41_13_01_2025,-2.29,-6.52,-6.92,0.00,-0.00,-0.00
-119343,11.31,0,2.27,633,3,12830,21_11_41_13_01_2025,-2.33,-6.50,-6.88,0.01,-0.00,-0.00
-120234,11.38,0,2.27,633,3,12899,21_11_41_13_01_2025,-2.30,-6.53,-6.91,0.00,-0.00,-0.00
-97005,9.62,0,2.27,633,3,12989,21_11_41_13_01_2025,-2.32,-6.52,-6.88,0.00,-0.00,-0.00
-51652,6.19,0,2.27,633,3,13031,21_11_41_13_01_2025,-2.28,-6.49,-6.91,0.01,-0.00,0.00
-34636,4.90,0,2.27,632,3,13096,21_11_41_13_01_2025,-2.32,-6.57,-6.91,0.01,-0.00,-0.00
-23867,4.08,0,2.27,634,3,13186,21_11_41_13_01_2025,-2.35,-6.54,-6.89,0.01,-0.00,-0.00
-14753,3.39,0,2.27,633,3,13225,21_11_41_13_01_2025,-2.32,-6.53,-6.92,0.01,-0.00,0.00
-12583,3.23,0,2.27,633,3,13291,21_11_41_13_01_2025,-2.31,-6.47,-6.91,0.01,-0.00,-0.00
-11532,3.15,0,2.27,633,3,13329,21_11_41_13_01_2025,-2.30,-6.51,-6.94,0.01,-0.00,0.00
-11606,3.15,0,2.27,633,3,13398,21_11_42_13_01_2025,-2.31,-6.54,-6.91,0.00,-0.00,-0.00
-11542,3.15,0,2.27,633,3,13487,21_11_42_13_01_2025,-2.33,-6.53,-6.92,0.01,-0.00,-0.00
-12191,3.20,0,2.27,632,3,13525,21_11_42_13_01_2025,-2.31,-6.57,-6.90,0.00,-0.00,0.00
-11970,3.18,0,2.27,632,3,13594,21_11_42_13_01_2025,-2.29,-6.49,-6.93,0.01,-0.00,-0.00
-12312,3.21,0,2.27,633,3,13684,21_11_42_13_01_2025,-2.32,-6.51,-6.91,0.01,-0.00,-0.00
-12173,3.19,0,2.27,633,3,13723,21_11_42_13_01_2025,-2.31,-6.51,-6.92,0.01,-0.00,-0.00
-12058,3.19,0,2.27,633,3,13791,21_11_42_13_01_2025,-2.31,-6.53,-6.91,0.01,-0.00,-0.00
-11797,3.17,0,2.27,633,3,13880,21_11_42_13_01_2025,-2.33,-6.51,-6.90,0.00,-0.00,-0.00
-11096,3.11,0,2.27,632,3,13918,21_11_42_13_01_2025,-2.30,-6.50,-6.91,0.01,-0.01,-0.00
-11078,3.11,0,2.27,634,3,13987,21_11_42_13_01_2025,-2.32,-6.55,-6.89,0.01,-0.00,-0.00
-10862,3.10,0,2.27,633,3,14077,21_11_42_13_01_2025,-2.32,-6.50,-6.91,0.00,-0.00,-0.00
-10884,3.10,0,2.27,634,3,14117,21_11_42_13_01_2025,-2.33,-6.53,-6.90,0.01,-0.00,-0.00
-11021,3.11,0,2.27,632,3,14182,21_11_42_13_01_2025,-2.32,-6.53,-6.90,0.00,-0.00,-0.00
-10798,3.09,0,2.27,633,3,14272,21_11_42_13_01_2025,-2.31,-6.51,-6.92,0.01,-0.00,0.00
-11297,3.13,0,2.27,633,3,14310,21_11_42_13_01_2025,-2.31,-6.52,-6.91,0.01,-0.00,0.00
-11811,3.17,0,2.27,633,3,14379,21_11_43_13_01_2025,-2.30,-6.53,-6.91,0.01,-0.00,-0.00
-17731,3.62,0,2.27,633,3,14470,21_11_43_13_01_2025,-2.33,-6.47,-6.89,0.00,-0.00,0.00
-47004,5.83,0,2.27,633,3,14509,21_11_43_13_01_2025,-2.27,-6.54,-6.88,0.01,-0.00,-0.00
-63603,7.09,0,2.27,633,3,14575,21_11_43_13_01_2025,-2.31,-6.53,-6.94,0.00,-0.01,-0.00
-90129,9.10,0,2.27,633,3,14613,21_11_43_13_01_2025,-2.36,-6.53,-6.91,0.01,-0.00,-0.00
-104201,10.17,0,2.27,633,3,14683,21_11_43_13_01_2025,-2.31,-6.54,-6.89,0.01,-0.01,-0.00
-131463,12.23,0,2.27,633,3,14775,21_11_43_13_01_2025,-2.27,-6.53,-6.90,0.01,-0.00,-0.00
-168838,15.06,0,2.27,633,3,14865,21_11_43_13_01_2025,-2.34,-6.51,-6.90,0.01,-0.01,-0.00
-188519,16.55,0,2.27,632,3,14905,21_11_43_13_01_2025,-2.30,-6.50,-6.92,0.01,-0.00,-0.00
-199380,17.38,0,2.27,633,3,14975,21_11_43_13_01_2025,-2.35,-6.52,-6.89,0.00,-0.00,0.00
-199380,17.38,0,2.27,633,3,15066,21_11_43_13_01_2025,-2.28,-6.53,-6.88,0.01,-0.00,0.00
-189792,16.65,0,2.27,633,3,15105,21_11_43_13_01_2025,-2.31,-6.53,-6.93,0.00,-0.00,0.00
-157883,14.23,0,2.27,633,3,15175,21_11_43_13_01_2025,-2.34,-6.53,-6.91,0.01,-0.01,-0.00
-84127,8.65,0,2.27,633,3,15265,21_11_43_13_01_2025,-2.29,-6.48,-6.93,0.00,-0.00,-0.00
-39414,5.26,0,2.27,633,3,15303,21_11_43_13_01_2025,-2.34,-6.54,-6.90,0.01,-0.01,-0.00
-28338,4.42,0,2.27,633,3,15370,21_11_43_13_01_2025,-2.30,-6.45,-6.87,0.00,-0.00,0.00
-15619,3.46,0,2.27,632,3,15461,21_11_44_13_01_2025,-2.29,-6.51,-6.89,0.01,-0.00,-0.00
-11363,3.13,0,2.27,633,3,15500,21_11_44_13_01_2025,-2.33,-6.52,-6.87,0.00,-0.00,0.00
-11335,3.13,0,2.27,633,3,15567,21_11_44_13_01_2025,-2.33,-6.58,-6.87,0.01,-0.00,-0.00
-11312,3.13,0,2.27,633,3,15657,21_11_44_13_01_2025,-2.29,-6.45,-6.93,0.00,-0.00,-0.00
-11098,3.11,0,2.27,633,3,15695,21_11_44_13_01_2025,-2.33,-6.55,-6.88,0.01,-0.00,-0.00
-10848,3.09,0,2.27,633,3,15764,21_11_44_13_01_2025,-2.30,-6.51,-6.93,0.01,-0.00,-0.00
-11268,3.13,0,2.27,633,3,15854,21_11_44_13_01_2025,-2.30,-6.47,-6.92,0.00,-0.00,0.00
-11794,3.17,0,2.27,633,3,15893,21_11_44_13_01_2025,-2.31,-6.53,-6.91,0.01,-0.00,-0.00
-11729,3.16,0,2.27,633,3,15960,21_11_44_13_01_2025,-2.30,-6.51,-6.90,0.01,-0.00,-0.00
-13661,3.31,0,2.27,633,3,16051,21_11_44_13_01_2025,-2.32,-6.53,-6.90,0.00,-0.00,-0.00
-15570,3.45,0,2.27,632,3,16093,21_11_44_13_01_2025,-2.30,-6.46,-6.94,0.00,-0.00,-0.00
-15956,3.48,0,2.27,633,3,16157,21_11_44_13_01_2025,-2.33,-6.54,-6.89,0.01,-0.00,-0.00
-15537,3.45,0,2.27,633,3,16195,21_11_44_13_01_2025,-2.32,-6.54,-6.91,0.01,-0.00,-0.00
-15785,3.47,0,2.27,632,3,16262,21_11_44_13_01_2025,-2.30,-6.54,-6.91,0.01,-0.00,0.00
-15457,3.44,0,2.27,633,3,16352,21_11_44_13_01_2025,-2.32,-6.51,-6.91,0.00,-0.00,0.00
-13446,3.29,0,2.27,633,3,16390,21_11_45_13_01_2025,-2.32,-6.53,-6.91,0.01,-0.00,-0.00
-13138,3.27,0,2.27,633,3,16459,21_11_45_13_01_2025,-2.30,-6.52,-6.90,0.01,-0.00,-0.00
-12880,3.25,0,2.27,633,3,16548,21_11_45_13_01_2025,-2.33,-6.53,-6.90,0.01,-0.00,-0.00
-12196,3.20,0,2.27,633,3,16587,21_11_45_13_01_2025,-2.31,-6.52,-6.90,0.01,-0.00,-0.00
-12079,3.19,0,2.27,633,3,16654,21_11_45_13_01_2025,-2.32,-6.53,-6.91,0.00,-0.00,-0.00
-12282,3.20,0,2.27,633,3,16744,21_11_45_13_01_2025,-2.31,-6.51,-6.92,0.00,-0.00,0.00
-11693,3.16,0,2.27,633,3,16783,21_11_45_13_01_2025,-2.32,-6.52,-6.90,0.01,-0.00,-0.00
-11808,3.17,0,2.27,633,3,16851,21_11_45_13_01_2025,-2.32,-6.52,-6.89,0.00,-0.00,-0.00
-12198,3.20,0,2.27,633,3,16941,21_11_45_13_01_2025,-2.32,-6.52,-6.92,0.00,-0.00,-0.00
-11958,3.18,0,2.27,633,3,16978,21_11_45_13_01_2025,-2.30,-6.53,-6.90,0.01,-0.00,-0.00
-11810,3.17,0,2.27,633,3,17048,21_11_45_13_01_2025,-2.31,-6.53,-6.92,0.01,-0.00,-0.00
-12103,3.19,0,2.27,633,3,17138,21_11_45_13_01_2025,-2.33,-6.53,-6.90,0.01,-0.00,-0.00
-12990,3.26,0,2.27,633,3,17176,21_11_45_13_01_2025,-2.31,-6.51,-6.91,0.01,-0.00,-0.00
-14851,3.40,0,2.27,633,3,17243,21_11_45_13_01_2025,-2.32,-6.53,-6.90,0.01,-0.00,-0.00
-23434,4.05,0,2.27,634,3,17335,21_11_45_13_01_2025,-2.32,-6.50,-6.91,0.00,-0.00,-0.00
-47090,5.84,0,2.27,634,3,17373,21_11_46_13_01_2025,-2.31,-6.50,-6.91,0.01,-0.00,0.00
-65934,7.27,0,2.27,633,3,17440,21_11_46_13_01_2025,-2.32,-6.55,-6.93,0.01,-0.00,-0.00
-100049,9.85,0,2.27,632,3,17478,21_11_46_13_01_2025,-2.36,-6.57,-6.91,0.01,-0.01,-0.00
-122637,11.56,0,2.27,633,3,17547,21_11_46_13_01_2025,-2.30,-6.53,-6.94,0.01,-0.00,-0.00
-153516,13.90,0,2.27,633,3,17639,21_11_46_13_01_2025,-2.32,-6.51,-6.93,0.01,-0.00,-0.00
-193172,16.91,0,2.27,633,3,17730,21_11_46_13_01_2025,-2.29,-6.51,-6.90,0.00,-0.00,-0.00
-218154,18.80,0,2.27,633,3,17768,21_11_46_13_01_2025,-2.32,-6.53,-6.97,0.01,-0.00,-0.00
-222970,19.16,0,2.27,633,3,17839,21_11_46_13_01_2025,-2.28,-6.47,-6.88,0.01,-0.01,-0.00
-233000,19.92,0,2.27,633,3,17930,21_11_46_13_01_2025,-2.32,-6.50,-6.93,0.01,-0.00,-0.00
-241033,20.53,0,2.27,633,3,17969,21_11_46_13_01_2025,-2.29,-6.50,-6.89,0.01,-0.00,-0.01
-245461,20.87,0,2.27,633,3,18039,21_11_46_13_01_2025,-2.30,-6.51,-6.92,0.00,-0.00,-0.00
-243481,20.72,0,2.27,632,3,18130,21_11_46_13_01_2025,-2.33,-6.51,-6.91,0.00,-0.00,-0.00
-235616,20.12,0,2.27,633,3,18170,21_11_46_13_01_2025,-2.27,-6.48,-6.91,0.00,-0.00,0.00
-226482,19.43,0,2.27,633,3,18239,21_11_46_13_01_2025,-2.35,-6.58,-6.87,0.01,-0.01,-0.00
-215032,18.56,0,2.27,633,3,18330,21_11_46_13_01_2025,-2.32,-6.50,-6.90,0.01,-0.01,-0.00
-201487,17.54,0,2.27,633,3,18422,21_11_47_13_01_2025,-2.35,-6.57,-6.85,0.01,-0.00,-0.00
-188497,16.55,0,2.27,633,3,18460,21_11_47_13_01_2025,-2.32,-6.53,-6.90,0.01,-0.00,-0.00
-188067,16.52,0,2.27,633,3,18531,21_11_47_13_01_2025,-2.31,-6.49,-6.92,0.01,-0.00,-0.00
-188622,16.56,0,2.27,633,3,18622,21_11_47_13_01_2025,-2.30,-6.52,-6.91,0.01,-0.00,-0.00
-189288,16.61,0,2.27,633,3,18660,21_11_47_13_01_2025,-2.32,-6.54,-6.88,0.01,-0.00,-0.00
-187672,16.49,0,2.27,632,3,18730,21_11_47_13_01_2025,-2.33,-6.52,-6.92,0.00,-0.00,-0.00
-181619,16.03,0,2.27,633,3,18821,21_11_47_13_01_2025,-2.27,-6.51,-6.92,0.00,-0.00,0.00
-158599,14.29,0,2.27,633,3,18860,21_11_47_13_01_2025,-2.34,-6.50,-6.91,0.00,-0.00,0.00
-139369,12.83,0,2.27,632,3,18929,21_11_47_13_01_2025,-2.33,-6.52,-6.91,0.01,-0.00,-0.00
-93049,9.32,0,2.27,633,3,19020,21_11_47_13_01_2025,-2.34,-6.59,-6.89,0.01,-0.01,-0.00
-41828,5.44,0,2.27,633,3,19058,21_11_47_13_01_2025,-2.32,-6.47,-6.90,0.00,-0.00,0.00
-31414,4.65,0,2.27,633,3,19127,21_11_47_13_01_2025,-2.31,-6.51,-6.93,0.01,-0.00,0.00
-19134,3.72,0,2.27,633,3,19218,21_11_47_13_01_2025,-2.34,-6.53,-6.92,0.00,-0.00,-0.00
-11648,3.16,0,2.27,633,3,19257,21_11_47_13_01_2025,-2.28,-6.50,-6.91,0.01,-0.00,-0.00
-11116,3.11,0,2.27,633,3,19323,21_11_47_13_01_2025,-2.33,-6.56,-6.90,0.01,-0.00,-0.00
-10420,3.06,0,2.27,634,3,19413,21_11_48_13_01_2025,-2.33,-6.61,-6.87,0.01,-0.00,-0.00
-10470,3.07,0,2.27,633,3,19451,21_11_48_13_01_2025,-2.32,-6.55,-6.90,0.00,-0.00,0.00
-10655,3.08,0,2.27,633,3,19519,21_11_48_13_01_2025,-2.33,-6.46,-6.89,0.00,-0.00,-0.00
-10956,3.10,0,2.27,633,3,19609,21_11_48_13_01_2025,-2.30,-6.57,-6.91,0.01,-0.00,-0.00
-10678,3.08,0,2.27,633,3,19648,21_11_48_13_01_2025,-2.32,-6.49,-6.91,0.00,-0.00,0.00
-10680,3.08,0,2.27,633,3,19716,21_11_48_13_01_2025,-2.35,-6.50,-6.90,0.01,-0.00,-0.00
-11080,3.11,0,2.27,633,3,19806,21_11_48_13_01_2025,-2.29,-6.54,-6.92,0.01,-0.00,-0.00
-11437,3.14,0,2.27,633,3,19846,21_11_48_13_01_2025,-2.34,-6.52,-6.91,0.00,-0.00,-0.00
-11493,3.14,0,2.27,634,3,19912,21_11_48_13_01_2025,-2.33,-6.53,-6.90,0.01,-0.00,-0.00
-11636,3.15,0,2.27,633,3,20002,21_11_48_13_01_2025,-2.31,-6.51,-6.92,0.01,-0.00,0.00
-11330,3.13,0,2.27,632,3,20040,21_11_48_13_01_2025,-2.33,-6.54,-6.90,0.01,-0.00,-0.00
-11316,3.13,0,2.27,633,3,20108,21_11_48_13_01_2025,-2.31,-6.50,-6.91,0.00,-0.00,-0.00
-11125,3.12,0,2.27,633,3,20199,21_11_48_13_01_2025,-2.31,-6.50,-6.91,0.01,-0.00,-0.00
-11061,3.11,0,2.27,633,3,20238,21_11_48_13_01_2025,-2.31,-6.52,-6.90,0.00,-0.00,-0.00
-11023,3.11,0,2.27,634,3,20304,21_11_48_13_01_2025,-2.31,-6.49,-6.92,0.00,-0.00,-0.00
-10841,3.09,0,2.27,632,3,20345,21_11_48_13_01_2025,-2.34,-6.52,-6.90,0.01,-0.00,0.00
-11233,3.12,0,2.27,633,3,20410,21_11_49_13_01_2025,-2.31,-6.53,-6.91,0.01,-0.00,-0.00
-11153,3.12,0,2.27,633,3,20500,21_11_49_13_01_2025,-2.31,-6.52,-6.90,0.00,-0.00,-0.00
-11111,3.11,0,2.27,633,3,20539,21_11_49_13_01_2025,-2.32,-6.50,-6.91,0.00,-0.00,-0.00
-10999,3.11,0,2.27,633,3,20607,21_11_49_13_01_2025,-2.30,-6.51,-6.91,0.01,-0.00,-0.00
-11054,3.11,0,2.27,633,3,20697,21_11_49_13_01_2025,-2.32,-6.54,-6.90,0.00,-0.00,-0.00
-10941,3.10,0,2.27,633,3,20737,21_11_49_13_01_2025,-2.31,-6.50,-6.91,0.01,-0.00,-0.00
-11090,3.11,0,2.27,633,3,20802,21_11_49_13_01_2025,-2.31,-6.54,-6.91,0.00,-0.00,-0.00
-10798,3.09,0,2.27,633,3,20895,21_11_49_13_01_2025,-2.31,-6.52,-6.91,0.00,-0.00,-0.00
-11587,3.15,0,2.27,634,3,20934,21_11_49_13_01_2025,-2.32,-6.52,-6.90,0.01,-0.00,-0.00
-11490,3.14,0,2.27,633,3,20999,21_11_49_13_01_2025,-2.30,-6.53,-6.91,0.01,-0.00,-0.00
-11417,3.14,0,2.27,633,3,21089,21_11_49_13_01_2025,-2.32,-6.53,-6.91,0.00,-0.00,-0.00
-11590,3.15,0,2.27,633,3,21130,21_11_49_13_01_2025,-2.31,-6.53,-6.92,0.01,-0.00,-0.00
-11698,3.16,0,2.27,633,3,21196,21_11_49_13_01_2025,-2.30,-6.50,-6.89,0.00,-0.00,0.00
-14951,3.41,0,2.27,633,3,21287,21_11_49_13_01_2025,-2.30,-6.47,-6.88,0.00,-0.00,0.00
-30587,4.59,0,2.27,633,3,21326,21_11_49_13_01_2025,-2.32,-6.53,-6.92,0.00,-0.00,-0.00
-43741,5.59,0,2.27,632,3,21392,21_11_50_13_01_2025,-2.32,-6.50,-6.93,0.01,-0.00,-0.00
-71957,7.72,0,2.27,632,3,21483,21_11_50_13_01_2025,-2.32,-6.54,-6.95,0.00,-0.00,0.00
-109079,10.54,0,2.27,633,3,21522,21_11_50_13_01_2025,-2.31,-6.47,-6.96,0.01,-0.01,-0.00
-126890,11.89,0,2.27,633,3,21592,21_11_50_13_01_2025,-2.35,-6.55,-6.83,0.01,-0.00,-0.00
-159151,14.33,0,2.27,633,3,21682,21_11_50_13_01_2025,-2.31,-6.54,-6.92,0.00,-0.00,-0.00
-183308,16.16,0,2.27,633,3,21722,21_11_50_13_01_2025,-2.32,-6.53,-6.89,0.01,-0.00,-0.00
-189748,16.65,0,2.27,633,3,21790,21_11_50_13_01_2025,-2.33,-6.53,-6.90,0.00,-0.00,-0.00
-188917,16.58,0,2.27,633,3,21883,21_11_50_13_01_2025,-2.29,-6.53,-6.90,0.01,-0.00,-0.00
-172110,15.31,0,2.27,633,3,21922,21_11_50_13_01_2025,-2.32,-6.50,-6.93,0.00,-0.00,0.00
-164092,14.70,0,2.27,634,3,21991,21_11_50_13_01_2025,-2.29,-6.47,-6.90,0.01,-0.00,-0.00
-156245,14.11,0,2.27,633,3,22082,21_11_50_13_01_2025,-2.31,-6.57,-6.90,0.01,-0.00,0.00
-111825,10.74,0,2.27,633,3,22174,21_11_50_13_01_2025,-2.31,-6.45,-6.90,0.00,-0.00,0.00
-50135,6.07,0,2.27,634,3,22212,21_11_50_13_01_2025,-2.33,-6.54,-6.90,0.01,-0.00,-0.00
-34287,4.87,0,2.27,633,3,22280,21_11_50_13_01_2025,-2.33,-6.55,-6.95,0.00,-0.00,0.00
-21076,3.87,0,2.27,633,3,22321,21_11_50_13_01_2025,-2.34,-6.53,-6.94,0.00,-0.00,-0.00
-13277,3.28,0,2.27,633,3,22385,21_11_51_13_01_2025,-2.32,-6.51,-6.92,0.01,-0.00,-0.00
-10858,3.10,0,2.27,633,3,22475,21_11_51_13_01_2025,-2.31,-6.53,-6.95,0.01,-0.00,-0.00
-9937,3.03,0,2.27,633,3,22516,21_11_51_13_01_2025,-2.30,-6.45,-6.94,0.00,-0.00,-0.00
-10868,3.10,0,2.27,633,3,22583,21_11_51_13_01_2025,-2.31,-6.50,-6.90,0.01,-0.00,-0.00
-11892,3.17,0,2.27,633,3,22673,21_11_51_13_01_2025,-2.31,-6.58,-6.90,0.01,-0.00,-0.00
-13838,3.32,0,2.27,633,3,22713,21_11_51_13_01_2025,-2.30,-6.48,-6.92,0.00,-0.00,-0.00
-23764,4.07,0,2.27,633,3,22778,21_11_51_13_01_2025,-2.34,-6.51,-6.87,0.01,-0.00,-0.00
-64560,7.16,0,2.27,633,3,22868,21_11_51_13_01_2025,-2.32,-6.52,-6.88,0.01,-0.00,-0.00
-121403,11.47,0,2.27,632,3,22910,21_11_51_13_01_2025,-2.32,-6.52,-6.90,0.01,-0.00,-0.00
-146214,13.35,0,2.27,633,3,22977,21_11_51_13_01_2025,-2.28,-6.53,-6.90,0.01,-0.00,-0.00
-175437,15.56,0,2.27,633,3,23069,21_11_51_13_01_2025,-2.33,-6.52,-6.86,0.01,-0.00,-0.00
-197930,17.27,0,2.27,633,3,23109,21_11_51_13_01_2025,-2.29,-6.49,-6.94,0.01,-0.00,-0.00
-196518,17.16,0,2.27,632,3,23177,21_11_51_13_01_2025,-2.34,-6.51,-6.93,0.00,-0.00,-0.00
-162137,14.56,0,2.27,633,3,23270,21_11_51_13_01_2025,-2.31,-6.58,-6.92,0.00,-0.00,0.00
-73644,7.85,0,2.27,633,3,23360,21_11_51_13_01_2025,-2.33,-6.40,-6.92,-0.00,-0.00,0.00
-27596,4.36,0,2.27,632,3,23401,21_11_52_13_01_2025,-2.31,-6.58,-6.90,0.01,-0.01,-0.00
-19717,3.77,0,2.27,633,3,23465,21_11_52_13_01_2025,-2.27,-6.53,-6.90,0.00,-0.00,0.00
-11217,3.12,0,2.27,632,3,23507,21_11_52_13_01_2025,-2.36,-6.48,-6.89,0.00,-0.00,0.00
-10213,3.05,0,2.27,633,3,23571,21_11_52_13_01_2025,-2.31,-6.55,-6.90,0.01,-0.00,-0.00
-9857,3.02,0,2.27,632,3,23662,21_11_52_13_01_2025,-2.29,-6.65,-7.00,0.01,-0.01,-0.00
-9141,2.97,0,2.27,633,3,23703,21_11_52_13_01_2025,-2.31,-6.68,-6.83,0.00,-0.00,0.00
-8295,2.90,0,2.27,633,3,23767,21_11_52_13_01_2025,-2.31,-6.49,-6.89,0.00,-0.00,0.00
-8848,2.94,0,2.27,633,3,23858,21_11_52_13_01_2025,-2.32,-6.46,-6.91,0.01,-0.00,-0.00
-9401,2.98,0,2.27,633,3,23899,21_11_52_13_01_2025,-2.30,-6.52,-6.92,0.00,-0.00,0.00
-8804,2.94,0,2.27,633,3,23964,21_11_52_13_01_2025,-2.34,-6.47,-6.92,0.01,-0.00,-0.00
-9266,2.97,0,2.27,632,3,24054,21_11_52_13_01_2025,-2.30,-6.56,-6.90,0.01,-0.00,-0.00
-9266,2.97,0,2.27,633,3,24094,21_11_52_13_01_2025,-2.32,-6.52,-6.92,0.01,-0.00,-0.00
-9434,2.99,0,2.27,633,3,24160,21_11_52_13_01_2025,-2.26,-6.63,-6.98,0.00,-0.01,-0.02
-9373,2.98,0,2.27,633,3,24250,21_11_52_13_01_2025,-2.30,-6.47,-6.98,0.00,-0.00,-0.00
-9872,3.02,0,2.27,633,3,24291,21_11_52_13_01_2025,-2.34,-6.55,-6.90,0.01,-0.00,0.00
-9399,2.98,0,2.27,633,3,24357,21_11_52_13_01_2025,-2.29,-6.50,-6.93,0.01,-0.00,0.00
-9190,2.97,0,2.27,633,3,24446,21_11_53_13_01_2025,-2.31,-6.48,-6.90,0.01,-0.00,0.00
-10468,3.07,0,2.27,632,3,24486,21_11_53_13_01_2025,-2.28,-6.54,-6.91,0.00,-0.00,0.00
-10665,3.08,0,2.27,633,3,24552,21_11_53_13_01_2025,-2.29,-6.50,-6.92,0.00,-0.00,-0.00
-10102,3.04,0,2.27,633,3,24643,21_11_53_13_01_2025,-2.34,-6.54,-6.89,0.01,-0.00,-0.00
-8776,2.94,0,2.27,633,3,24686,21_11_53_13_01_2025,-2.29,-6.50,-6.93,0.01,-0.00,0.00
-8991,2.95,0,2.27,633,3,24749,21_11_53_13_01_2025,-2.31,-6.54,-6.89,0.00,-0.00,-0.00
-9097,2.96,0,2.27,633,3,24790,21_11_53_13_01_2025,-2.32,-6.50,-6.90,0.00,-0.00,0.00
-9591,3.00,0,2.27,633,3,24855,21_11_53_13_01_2025,-2.28,-6.49,-6.91,0.00,-0.00,0.00
-10758,3.09,0,2.27,633,3,24945,21_11_53_13_01_2025,-2.32,-6.55,-6.87,0.01,-0.00,-0.00
-9015,2.96,0,2.27,633,3,24986,21_11_53_13_01_2025,-2.28,-6.49,-6.91,0.00,-0.00,-0.00
-9243,2.97,0,2.27,633,3,25052,21_11_53_13_01_2025,-2.29,-6.52,-6.92,0.01,-0.00,-0.00
-11289,3.13,0,2.27,633,3,25142,21_11_53_13_01_2025,-2.32,-6.51,-6.86,0.00,-0.00,-0.00
-13313,3.28,0,2.27,633,3,25182,21_11_53_13_01_2025,-2.30,-6.52,-6.94,0.01,-0.00,-0.00
-12191,3.20,0,2.27,633,3,25248,21_11_53_13_01_2025,-2.31,-6.51,-6.90,0.00,-0.00,-0.00
-12681,3.23,0,2.27,633,3,25339,21_11_53_13_01_2025,-2.31,-6.52,-6.90,0.01,-0.00,0.00
-9607,3.00,0,2.27,633,3,25380,21_11_54_13_01_2025,-2.29,-6.49,-6.92,0.01,-0.00,0.00
-9426,2.99,0,2.27,634,3,25444,21_11_54_13_01_2025,-2.36,-6.54,-6.89,0.00,-0.00,0.00
-8242,2.90,0,2.27,634,3,25534,21_11_54_13_01_2025,-2.30,-6.53,-6.90,0.01,-0.00,-0.00
1515,2.16,0,2.27,634,3,25575,21_11_54_13_01_2025,-2.34,-6.54,-6.90,0.00,-0.00,-0.00
5756,1.84,0,2.27,633,3,25641,21_11_54_13_01_2025,-2.31,-6.48,-6.92,0.01,-0.00,-0.00
17598,0.94,0,2.27,633,3,25731,21_11_54_13_01_2025,-2.28,-6.53,-6.93,0.00,-0.00,-0.00
29739,0.02,0,2.27,633,3,25772,21_11_54_13_01_2025,-2.31,-6.47,-6.91,0.00,-0.00,-0.00
34687,-0.36,0,2.27,633,3,25837,21_11_54_13_01_2025,-2.32,-6.56,-6.91,0.01,-0.00,-0.00
41169,-0.85,0,2.27,633,3,25929,21_11_54_13_01_2025,-2.33,-6.58,-6.91,0.01,-0.00,-0.00
47313,-1.31,0,2.27,633,3,25972,21_11_54_13_01_2025,-2.31,-6.51,-6.92,0.00,-0.00,0.00
48946,-1.44,0,2.27,632,3,26039,21_11_54_13_01_2025,-2.30,-6.55,-6.90,0.01,-0.00,-0.00
56219,-1.99,0,2.27,633,3,26129,21_11_54_13_01_2025,-2.31,-6.53,-6.88,0.00,-0.00,0.00
61875,-2.41,0,2.27,633,3,26170,21_11_54_13_01_2025,-2.30,-6.52,-6.92,0.01,-0.00,0.00
64863,-2.64,0,2.27,633,3,26238,21_11_54_13_01_2025,-2.31,-6.51,-6.89,0.00,-0.00,-0.00
68303,-2.90,0,2.27,634,3,26330,21_11_54_13_01_2025,-2.30,-6.51,-6.90,0.01,-0.00,-0.00
70461,-3.07,0,2.27,633,3,26422,21_11_55_13_01_2025,-2.31,-6.52,-6.90,0.00,-0.00,-0.00
72826,-3.24,0,2.27,633,3,26464,21_11_55_13_01_2025,-2.29,-6.53,-6.91,0.01,-0.00,-0.00
71287,-3.13,0,2.27,633,3,26530,21_11_55_13_01_2025,-2.33,-6.55,-6.91,0.01,-0.00,-0.00
67199,-2.82,0,2.27,634,3,26621,21_11_55_13_01_2025,-2.33,-6.50,-6.92,0.00,-0.00,0.00
61277,-2.37,0,2.27,633,3,26663,21_11_55_13_01_2025,-2.31,-6.53,-6.91,0.01,-0.00,-0.00
57150,-2.06,0,2.27,633,3,26730,21_11_55_13_01_2025,-2.32,-6.54,-6.89,0.01,-0.00,-0.00
45072,-1.14,0,2.27,632,3,26821,21_11_55_13_01_2025,-2.29,-6.52,-6.93,0.00,-0.00,-0.00
21818,0.62,0,2.27,634,3,26861,21_11_55_13_01_2025,-2.34,-6.51,-6.91,0.01,-0.00,-0.00
5748,1.84,0,2.27,633,3,26927,21_11_55_13_01_2025,-2.32,-6.53,-6.92,0.01,-0.00,-0.00
-4312,2.60,0,2.27,633,3,27017,21_11_55_13_01_2025,-2.29,-6.48,-6.85,0.00,-0.00,-0.00
-9850,3.02,0,2.27,633,3,27058,21_11_55_13_01_2025,-2.32,-6.56,-7.00,0.01,-0.00,-0.00
-9581,3.00,0,2.27,633,3,27123,21_11_55_13_01_2025,-2.25,-6.56,-6.89,0.01,-0.00,-0.00
-10102,3.04,0,2.27,633,3,27213,21_11_55_13_01_2025,-2.35,-6.51,-6.95,0.00,-0.00,-0.00
-10285,3.05,0,2.27,633,3,27254,21_11_55_13_01_2025,-2.28,-6.50,-6.92,0.01,-0.01,-0.00
-10420,3.06,0,2.27,633,3,27320,21_11_55_13_01_2025,-2.30,-6.53,-6.89,0.00,-0.01,0.00
-10374,3.06,0,2.27,634,3,27410,21_11_56_13_01_2025,-2.35,-6.53,-6.89,0.01,-0.00,-0.00
-10112,3.04,0,2.27,631,3,27451,21_11_56_13_01_2025,-2.29,-6.54,-6.93,0.01,-0.01,-0.00
-10343,3.06,0,2.27,633,3,27515,21_11_56_13_01_2025,-2.33,-6.49,-6.89,0.00,-0.00,-0.00
-10439,3.06,0,2.27,633,3,27607,21_11_56_13_01_2025,-2.30,-6.52,-6.89,0.00,-0.00,-0.00
-10838,3.09,0,2.27,633,3,27648,21_11_56_13_01_2025,-2.32,-6.50,-6.93,0.01,-0.00,-0.00
-10444,3.06,0,2.27,634,3,27713,21_11_56_13_01_2025,-2.34,-6.53,-6.90,0.01,-0.00,-0.00
-10543,3.07,0,2.27,633,3,27754,21_11_56_13_01_2025,-2.27,-6.55,-6.92,0.00,-0.00,0.00
-10618,3.08,0,2.27,633,3,27818,21_11_56_13_01_2025,-2.28,-6.52,-6.92,0.01,-0.00,-0.00
-10344,3.06,0,2.27,633,3,27908,21_11_56_13_01_2025,-2.33,-6.50,-6.90,0.01,-0.00,-0.00
-10108,3.04,0,2.27,633,3,27949,21_11_56_13_01_2025,-2.27,-6.52,-6.92,0.01,-0.00,-0.00
-9687,3.01,0,2.27,633,3,28015,21_11_56_13_01_2025,-2.34,-6.52,-6.89,0.01,-0.00,-0.00
-9447,2.99,0,2.27,633,3,28106,21_11_56_13_01_2025,-2.30,-6.52,-6.91,0.01,-0.00,-0.00
-8552,2.92,0,2.27,633,3,28147,21_11_56_13_01_2025,-2.33,-6.55,-6.93,0.01,-0.00,-0.00
-8454,2.91,0,2.27,633,3,28211,21_11_56_13_01_2025,-2.34,-6.49,-6.89,0.01,-0.00,-0.00
-8299,2.90,0,2.27,633,3,28302,21_11_56_13_01_2025,-2.27,-6.51,-6.91,0.01,-0.00,-0.00
-6625,2.77,0,2.27,633,3,28343,21_11_56_13_01_2025,-2.34,-6.55,-6.92,0.01,-0.00,-0.00
-7261,2.82,0,2.27,632,3,28408,21_11_57_13_01_2025,-2.28,-6.51,-6.89,0.00,-0.00,0.00
-6696,2.78,0,2.27,633,3,28498,21_11_57_13_01_2025,-2.31,-6.55,-6.93,0.01,-0.00,-0.00
-8111,2.89,0,2.27,633,3,28538,21_11_57_13_01_2025,-2.30,-6.51,-6.90,0.00,-0.00,-0.00
-8082,2.88,0,2.27,633,3,28604,21_11_57_13_01_2025,-2.26,-6.53,-6.92,0.01,-0.00,-0.00
-6808,2.79,0,2.27,633,3,28694,21_11_57_13_01_2025,-2.33,-6.52,-6.91,0.00,-0.00,-0.00
-8340,2.90,0,2.27,631,3,28735,21_11_57_13_01_2025,-2.29,-6.50,-6.90,0.00,-0.00,-0.00
-7735,2.86,0,2.27,633,3,28801,21_11_57_13_01_2025,-2.29,-6.50,-6.88,0.00,-0.00,0.00
-8854,2.94,0,2.27,633,3,28892,21_11_57_13_01_2025,-2.33,-6.52,-6.89,0.00,-0.00,-0.00
-9273,2.98,0,2.27,633,3,28932,21_11_57_13_01_2025,-2.29,-6.52,-6.91,0.00,-0.00,0.00
-8891,2.95,0,2.27,633,3,28996,21_11_57_13_01_2025,-2.30,-6.52,-6.91,0.01,-0.00,-0.00
-9294,2.98,0,2.27,633,3,29037,21_11_57_13_01_2025,-2.32,-6.53,-6.92,0.00,-0.00,0.00
-8876,2.95,0,2.27,633,3,29103,21_11_57_13_01_2025,-2.29,-6.51,-6.92,0.00,-0.00,-0.00
-10047,3.03,0,2.27,633,3,29193,21_11_57_13_01_2025,-2.31,-6.53,-6.91,0.00,-0.00,0.00
-8371,2.91,0,2.27,633,3,29236,21_11_57_13_01_2025,-2.29,-6.53,-6.91,0.00,-0.00,-0.00
-8527,2.92,0,2.27,633,3,29299,21_11_57_13_01_2025,-2.30,-6.53,-6.90,0.00,-0.00,-0.00
-9369,2.98,0,2.27,633,3,29389,21_11_57_13_01_2025,-2.32,-6.50,-6.90,0.01,-0.00,-0.00
-9505,2.99,0,2.27,631,3,29431,21_11_58_13_01_2025,-2.30,-6.54,-6.92,0.01,-0.00,-0.00
-9553,3.00,0,2.27,633,3,29495,21_11_58_13_01_2025,-2.30,-6.51,-6.91,0.00,-0.00,-0.00
-10179,3.04,0,2.27,633,3,29585,21_11_58_13_01_2025,-2.33,-6.50,-6.89,0.00,-0.00,-0.00
-9653,3.00,0,2.27,633,3,29628,21_11_58_13_01_2025,-2.29,-6.52,-6.92,0.01,-0.00,0.00
-8937,2.95,0,2.27,633,3,29692,21_11_58_13_01_2025,-2.32,-6.53,-6.90,0.01,-0.00,-0.00
-9000,2.95,0,2.27,633,3,29782,21_11_58_13_01_2025,-2.32,-6.52,-6.90,0.00,-0.00,-0.00
-9403,2.99,0,2.27,633,3,29824,21_11_58_13_01_2025,-2.32,-6.55,-6.91,0.01,-0.00,-0.00
-9084,2.96,0,2.27,634,3,29888,21_11_58_13_01_2025,-2.30,-6.54,-6.89,0.00,-0.00,-0.00
-9511,2.99,0,2.27,633,3,29978,21_11_58_13_01_2025,-2.29,-6.48,-6.92,0.00,-0.00,0.00
-9630,3.00,0,2.27,633,3,30021,21_11_58_13_01_2025,-2.30,-6.54,-6.90,0.01,-0.00,0.00
-8945,2.95,0,2.27,632,3,30085,21_11_58_13_01_2025,-2.29,-6.56,-6.91,0.01,-0.00,-0.00
-9493,2.99,0,2.27,633,3,30175,21_11_58_13_01_2025,-2.31,-6.50,-6.90,0.00,-0.01,-0.00
-10484,3.07,0,2.27,633,3,30216,21_11_58_13_01_2025,-2.31,-6.54,-6.91,0.00,-0.00,-0.00
-10807,3.09,0,2.27,633,3,30280,21_11_58_13_01_2025,-2.27,-6.52,-6.91,0.01,-0.00,-0.00
-10583,3.07,0,2.27,633,3,30320,21_11_58_13_01_2025,-2.34,-6.51,-6.92,0.00,-0.00,0.00
-11167,3.12,0,2.27,633,3,30388,21_11_59_13_01_2025,-2.32,-6.52,-6.92,0.01,-0.00,-0.00
-10344,3.06,0,2.27,633,3,30477,21_11_59_13_01_2025,-2.29,-6.53,-6.92,0.01,-0.00,-0.00
-10493,3.07,0,2.27,633,3,30518,21_11_59_13_01_2025,-2.31,-6.52,-6.92,0.01,-0.00,0.00
-11464,3.14,0,2.27,633,3,30583,21_11_59_13_01_2025,-2.31,-6.49,-6.89,0.00,-0.00,0.00
-11400,3.14,0,2.27,633,3,30673,21_11_59_13_01_2025,-2.32,-6.53,-6.78,0.00,-0.01,-0.00
-11276,3.13,0,2.27,633,3,30713,21_11_59_13_01_2025,-2.29,-6.42,-6.91,0.00,-0.00,0.00
-11256,3.13,0,2.27,633,3,30780,21_11_59_13_01_2025,-2.32,-6.44,-6.97,0.01,-0.00,-0.00
-11227,3.12,0,2.27,633,3,30869,21_11_59_13_01_2025,-2.28,-6.54,-6.88,0.00,-0.00,0.00
-11329,3.13,0,2.27,634,3,30909,21_11_59_13_01_2025,-2.32,-6.53,-6.93,0.01,-0.01,-0.00
-11269,3.13,0,2.27,633,3,30975,21_11_59_13_01_2025,-2.31,-6.53,-6.89,0.00,-0.00,-0.00
-10547,3.07,0,2.27,624,3,31066,21_11_59_13_01_2025,-2.31,-6.53,-6.92,0.01,-0.00,-0.00
-10464,3.07,0,2.27,633,3,31110,21_11_59_13_01_2025,-2.31,-6.51,-6.92,0.00,-0.00,-0.00
-10593,3.08,0,2.27,633,3,31172,21_11_59_13_01_2025,-2.32,-6.51,-6.90,0.01,-0.00,-0.00
-11234,3.12,0,2.27,633,3,31262,21_11_59_13_01_2025,-2.32,-6.55,-6.91,0.01,-0.00,-0.00
-11916,3.18,0,2.27,633,3,31302,21_11_59_13_01_2025,-2.32,-6.53,-6.91,0.00,-0.00,-0.00
-11171,3.12,0,2.27,633,3,31368,21_11_59_13_01_2025,-2.30,-6.50,-6.92,0.01,-0.00,-0.00
-10712,3.08,0,2.27,634,3,31460,21_12_00_13_01_2025,-2.30,-6.53,-6.91,0.01,-0.00,-0.00
-11091,3.11,0,2.27,633,3,31504,21_12_00_13_01_2025,-2.30,-6.51,-6.91,0.00,-0.01,-0.00
-11519,3.15,0,2.27,633,3,31564,21_12_00_13_01_2025,-2.32,-6.53,-6.92,0.01,-0.00,-0.00
-11478,3.14,0,2.27,632,3,31605,21_12_00_13_01_2025,-2.29,-6.52,-6.91,0.01,-0.00,-0.00
-11780,3.17,0,2.27,633,3,31671,21_12_00_13_01_2025,-2.31,-6.53,-6.93,0.01,-0.00,-0.00
-10950,3.10,0,2.27,633,3,31761,21_12_00_13_01_2025,-2.31,-6.53,-6.91,0.01,-0.00,-0.00
-11120,3.12,0,2.27,633,3,31802,21_12_00_13_01_2025,-2.30,-6.50,-6.90,0.01,-0.00,-0.00
-10784,3.09,0,2.27,633,3,31867,21_12_00_13_01_2025,-2.30,-6.51,-6.90,0.00,-0.00,-0.00
-11414,3.14,0,2.27,633,3,31957,21_12_00_13_01_2025,-2.30,-6.53,-6.91,0.01,-0.00,-0.00
-10630,3.08,0,2.27,633,3,31997,21_12_00_13_01_2025,-2.30,-6.51,-6.92,0.01,-0.00,-0.00
-10824,3.09,0,2.27,633,3,32063,21_12_00_13_01_2025,-2.31,-6.54,-6.90,0.01,-0.00,-0.00
-10210,3.05,0,2.27,633,3,32153,21_12_00_13_01_2025,-2.31,-6.53,-6.89,0.00,-0.00,-0.00
-10210,3.05,0,2.27,633,3,32194,21_12_00_13_01_2025,-2.31,-6.51,-6.91,0.00,-0.00,0.00
-11465,3.14,0,2.27,633,3,32259,21_12_00_13_01_2025,-2.32,-6.54,-6.92,0.01,-0.00,-0.00
-11567,3.15,0,2.27,633,3,32350,21_12_00_13_01_2025,-2.29,-6.52,-6.92,0.00,-0.00,0.00
-11072,3.11,0,2.27,633,3,32390,21_12_01_13_01_2025,-2.32,-6.51,-6.92,0.01,-0.00,-0.00
-10955,3.10,0,2.27,632,3,32456,21_12_01_13_01_2025,-2.29,-6.52,-6.90,0.00,-0.00,0.00
-11575,3.15,0,2.27,633,3,32547,21_12_01_13_01_2025,-2.30,-6.54,-6.92,0.01,-0.00,0.00
-13016,3.26,0,2.27,633,3,32588,21_12_01_13_01_2025,-2.31,-6.52,-6.93,0.00,-0.00,-0.00
-12259,3.20,0,2.27,633,3,32652,21_12_01_13_01_2025,-2.31,-6.53,-6.92,0.01,-0.00,-0.00
-12338,3.21,0,2.27,633,3,32743,21_12_01_13_01_2025,-2.32,-6.57,-6.92,0.01,-0.00,-0.00
-10648,3.08,0,2.27,633,3,32783,21_12_01_13_01_2025,-2.32,-6.51,-6.94,0.00,-0.00,-0.00
-10171,3.04,0,2.27,633,3,32849,21_12_01_13_01_2025,-2.31,-6.49,-6.91,0.01,-0.01,-0.00
-10168,3.04,0,2.27,633,3,32890,21_12_01_13_01_2025,-2.32,-6.54,-6.91,0.00,-0.00,-0.00
-10029,3.03,0,2.27,633,3,32954,21_12_01_13_01_2025,-2.29,-6.55,-6.91,0.01,-0.00,-0.00
-10870,3.10,0,2.27,633,3,33044,21_12_01_13_01_2025,-2.30,-6.47,-6.89,0.00,-0.00,0.00
-10505,3.07,0,2.27,632,3,33085,21_12_01_13_01_2025,-2.31,-6.56,-6.92,0.01,-0.01,-0.00
-10863,3.10,0,2.27,633,3,33154,21_12_01_13_01_2025,-2.27,-6.56,-6.91,0.01,-0.01,-0.00
-12076,3.19,0,2.27,633,3,33241,21_12_01_13_01_2025,-2.35,-6.48,-6.90,0.00,-0.00,0.00
-12132,3.19,0,2.27,633,3,33281,21_12_01_13_01_2025,-2.27,-6.54,-6.91,0.01,-0.00,-0.00
-12046,3.19,0,2.27,633,3,33347,21_12_01_13_01_2025,-2.28,-6.54,-6.91,0.01,-0.00,0.00
-12307,3.21,0,2.27,633,3,33437,21_12_02_13_01_2025,-2.32,-6.49,-6.90,0.00,-0.00,-0.00
-12311,3.21,0,2.27,634,3,33478,21_12_02_13_01_2025,-2.29,-6.53,-6.92,0.01,-0.00,-0.00
-11934,3.18,0,2.27,633,3,33544,21_12_02_13_01_2025,-2.33,-6.55,-6.91,0.01,-0.00,-0.00
-11746,3.16,0,2.27,633,3,33634,21_12_02_13_01_2025,-2.30,-6.51,-6.90,0.00,-0.00,0.00
-11183,3.12,0,2.27,633,3,33674,21_12_02_13_01_2025,-2.32,-6.52,-6.91,0.01,-0.00,-0.00
-11089,3.11,0,2.27,633,3,33740,21_12_02_13_01_2025,-2.30,-6.55,-6.90,0.00,-0.00,-0.00
-10059,3.03,0,2.27,633,3,33830,21_12_02_13_01_2025,-2.31,-6.53,-6.91,0.00,-0.00,-0.00
-10518,3.07,0,2.27,633,3,33871,21_12_02_13_01_2025,-2.32,-6.52,-6.90,0.01,-0.00,-0.00
-10022,3.03,0,2.27,633,3,33937,21_12_02_13_01_2025,-2.28,-6.53,-6.90,0.00,-0.00,-0.00
-9740,3.01,0,2.27,633,3,34028,21_12_02_13_01_2025,-2.32,-6.53,-6.91,0.00,-0.00,0.00
-9478,2.99,0,2.27,634,3,34068,21_12_02_13_01_2025,-2.28,-6.50,-6.90,0.01,-0.00,-0.00
-10103,3.04,0,2.27,633,3,34133,21_12_02_13_01_2025,-2.30,-6.53,-6.90,0.00,-0.00,-0.00
-10195,3.05,0,2.27,634,3,34177,21_12_02_13_01_2025,-2.30,-6.52,-6.91,0.00,-0.00,0.00
-10418,3.06,0,2.27,633,3,34239,21_12_02_13_01_2025,-2.28,-6.51,-6.92,0.00,-0.00,-0.00
-10617,3.08,0,2.27,632,3,34329,21_12_02_13_01_2025,-2.32,-6.51,-6.90,0.01,-0.00,-0.00
-9636,3.00,0,2.27,632,3,34370,21_12_03_13_01_2025,-2.29,-6.52,-6.92,0.00,-0.00,-0.00
-9634,3.00,0,2.27,633,3,34435,21_12_03_13_01_2025,-2.31,-6.53,-6.92,0.00,-0.01,0.00
-10610,3.08,0,2.27,633,3,34525,21_12_03_13_01_2025,-2.30,-6.51,-6.90,0.01,-0.00,-0.00
-9971,3.03,0,2.27,633,3,34569,21_12_03_13_01_2025,-2.31,-6.56,-6.93,0.01,-0.00,-0.00
-9872,3.02,0,2.27,633,3,34631,21_12_03_13_01_2025,-2.30,-6.50,-6.91,0.00,-0.00,0.00
-10794,3.09,0,2.27,633,3,34722,21_12_03_13_01_2025,-2.31,-6.52,-6.91,0.01,-0.00,-0.00
-12729,3.24,0,2.27,634,3,34763,21_12_03_13_01_2025,-2.27,-6.52,-6.91,0.00,-0.00,0.00
-13055,3.26,0,2.27,633,3,34828,21_12_03_13_01_2025,-2.31,-6.52,-6.89,0.00,-0.00,0.00
-13060,3.26,0,2.27,633,3,34919,21_12_03_13_01_2025,-2.31,-6.50,-6.88,0.01,-0.01,-0.01
-15519,3.45,0,2.27,633,3,34962,21_12_03_13_01_2025,-2.28,-6.52,-6.93,0.01,0.00,-0.01
-18077,3.64,0,2.27,632,3,35023,21_12_03_13_01_2025,-2.31,-6.52,-6.91,0.01,-0.00,-0.01
-22235,3.96,0,2.27,633,3,35114,21_12_03_13_01_2025,-2.31,-6.54,-6.91,0.01,-0.00,-0.00
-28100,4.40,0,2.27,633,3,35154,21_12_03_13_01_2025,-2.29,-6.58,-6.93,-0.03,-0.05,-0.11
-30360,4.57,0,2.27,633,3,35221,21_12_03_13_01_2025,-2.29,-6.51,-6.89,-0.01,-0.01,-0.11
-32491,4.73,0,2.27,633,3,35311,21_12_03_13_01_2025,-2.22,-6.48,-6.92,0.00,-0.01,-0.00
-35726,4.98,0,2.27,633,3,35352,21_12_03_13_01_2025,-2.30,-6.56,-6.88,0.01,-0.01,-0.00
-36104,5.01,0,2.27,633,3,35417,21_12_04_13_01_2025,-2.20,-6.52,-6.86,0.00,0.00,0.00
-37881,5.14,0,2.27,633,3,35457,21_12_04_13_01_2025,-2.23,-6.51,-6.92,0.00,0.01,0.00
-38492,5.19,0,2.27,633,3,35523,21_12_04_13_01_2025,-2.27,-6.55,-6.91,0.00,0.01,0.01
-39225,5.24,0,2.27,633,3,35613,21_12_04_13_01_2025,-2.27,-6.53,-6.91,0.00,-0.00,-0.00
-39871,5.29,0,2.27,634,3,35656,21_12_04_13_01_2025,-2.26,-6.54,-6.90,0.01,-0.00,0.00
-39771,5.29,0,2.27,633,3,35718,21_12_04_13_01_2025,-2.26,-6.53,-6.90,0.01,-0.00,-0.00
-33556,4.81,0,2.27,633,3,35809,21_12_04_13_01_2025,-2.23,-6.52,-6.92,0.00,-0.00,0.00
-12434,3.21,0,2.27,633,3,35850,21_12_04_13_01_2025,-2.29,-6.52,-6.91,0.01,-0.01,-0.00
-8262,2.90,0,2.27,633,3,35916,21_12_04_13_01_2025,-2.27,-6.52,-6.90,0.01,-0.00,0.00
-5522,2.69,0,2.27,633,3,36006,21_12_04_13_01_2025,-2.23,-6.56,-6.91,0.01,-0.01,-0.00
-815,2.33,0,2.27,633,3,36049,21_12_04_13_01_2025,-2.27,-6.51,-6.92,0.01,-0.00,-0.00
-419,2.30,0,2.27,633,3,36111,21_12_04_13_01_2025,-2.23,-6.52,-6.92,0.01,-0.00,-0.00
930,2.20,0,2.27,633,3,36202,21_12_04_13_01_2025,-2.26,-6.53,-6.91,0.01,-0.01,-0.00
2021,2.12,0,2.27,633,3,36242,21_12_04_13_01_2025,-2.25,-6.51,-6.92,0.01,-0.01,-0.00
2904,2.05,0,2.27,634,3,36308,21_12_04_13_01_2025,-2.26,-6.54,-6.92,0.00,-0.01,0.00
1976,2.12,0,2.27,633,3,36398,21_12_04_13_01_2025,-2.29,-6.54,-6.92,0.00,-0.01,0.00
66,2.27,0,2.27,633,3,36441,21_12_05_13_01_2025,-2.24,-6.55,-6.91,0.01,-0.00,-0.00
-1408,2.38,0,2.27,633,3,36504,21_12_05_13_01_2025,-2.26,-6.50,-6.90,0.00,-0.00,-0.00
-3795,2.56,0,2.27,633,3,36595,21_12_05_13_01_2025,-2.26,-6.54,-6.92,0.01,-0.00,0.00
-7757,2.86,0,2.27,633,3,36637,21_12_05_13_01_2025,-2.27,-6.53,-6.93,0.01,-0.01,0.00
-10018,3.03,0,2.27,633,3,36701,21_12_05_13_01_2025,-2.28,-6.53,-6.91,0.00,-0.00,0.00
-13997,3.33,0,2.27,633,3,36741,21_12_05_13_01_2025,-2.24,-6.54,-6.93,0.00,-0.00,0.00
-16969,3.56,0,2.27,632,3,36806,21_12_05_13_01_2025,-2.26,-6.52,-6.91,0.00,-0.00,0.00
-25797,4.23,0,2.27,633,3,36897,21_12_05_13_01_2025,-2.27,-6.55,-6.90,0.00,-0.00,0.00
-29882,4.54,0,2.27,634,3,36938,21_12_05_13_01_2025,-2.34,-6.53,-7.00,0.01,-0.02,-0.00
-29014,4.47,0,2.27,633,3,37002,21_12_05_13_01_2025,-2.26,-6.57,-6.90,0.00,0.00,-0.00
-18738,3.69,0,2.27,633,3,37094,21_12_05_13_01_2025,-2.27,-6.53,-6.93,0.00,-0.00,0.00
-11239,3.12,0,2.27,633,3,37134,21_12_05_13_01_2025,-2.26,-6.55,-6.90,0.01,-0.01,-0.00
-11931,3.18,0,2.27,633,3,37200,21_12_05_13_01_2025,-2.24,-6.53,-6.91,0.01,-0.00,-0.00
-24509,4.13,0,2.27,633,3,37290,21_12_05_13_01_2025,-2.27,-6.53,-6.92,0.01,-0.00,-0.00
-30117,4.55,0,2.27,633,3,37331,21_12_05_13_01_2025,-2.25,-6.52,-6.92,0.00,-0.00,0.00
-25009,4.17,0,2.27,633,3,37396,21_12_06_13_01_2025,-2.26,-6.53,-6.91,0.00,-0.00,0.00
-13840,3.32,0,2.27,633,3,37485,21_12_06_13_01_2025,-2.25,-6.54,-6.91,0.00,-0.00,-0.00
-10836,3.09,0,2.27,633,3,37525,21_12_06_13_01_2025,-2.27,-6.52,-6.93,0.01,-0.01,-0.01
-10348,3.06,0,2.27,633,3,37593,21_12_06_13_01_2025,-2.26,-6.54,-6.90,0.01,-0.00,-0.00
-9943,3.03,0,2.27,633,3,37683,21_12_06_13_01_2025,-2.27,-6.53,-6.90,0.00,-0.00,-0.00
-10188,3.04,0,2.27,633,3,37723,21_12_06_13_01_2025,-2.25,-6.56,-6.90,0.01,-0.00,0.00
-10043,3.03,0,2.27,633,3,37788,21_12_06_13_01_2025,-2.24,-6.54,-6.92,0.00,-0.00,0.00
-10629,3.08,0,2.27,633,3,37879,21_12_06_13_01_2025,-2.27,-6.50,-6.92,0.00,-0.00,0.00
-10594,3.08,0,2.27,633,3,37920,21_12_06_13_01_2025,-2.25,-6.55,-6.91,0.01,-0.01,-0.00
-10552,3.07,0,2.27,633,3,37985,21_12_06_13_01_2025,-2.26,-6.54,-6.90,0.00,-0.00,-0.00
-10620,3.08,0,2.27,633,3,38025,21_12_06_13_01_2025,-2.26,-6.54,-6.91,0.01,-0.00,-0.00
-10383,3.06,0,2.27,633,3,38091,21_12_06_13_01_2025,-2.25,-6.54,-6.91,0.01,-0.01,-0.00
-10839,3.09,0,2.27,633,3,38181,21_12_06_13_01_2025,-2.27,-6.53,-6.90,0.01,-0.00,0.00
-10446,3.06,0,2.27,633,3,38222,21_12_06_13_01_2025,-2.25,-6.55,-6.90,0.00,-0.00,-0.00
-10806,3.09,0,2.27,633,3,38288,21_12_06_13_01_2025,-2.25,-6.52,-6.93,0.01,-0.00,-0.00
-10608,3.08,0,2.27,633,3,38377,21_12_06_13_01_2025,-2.27,-6.53,-6.89,0.01,-0.00,-0.00
-11609,3.15,0,2.27,633,3,38419,21_12_07_13_01_2025,-2.22,-6.53,-6.91,0.00,-0.00,-0.00
-11376,3.13,0,2.27,633,3,38483,21_12_07_13_01_2025,-2.24,-6.51,-6.90,0.00,-0.00,0.00
-11832,3.17,0,2.27,633,3,38574,21_12_07_13_01_2025,-2.28,-6.56,-6.91,0.01,-0.01,-0.00
-10976,3.10,0,2.27,633,3,38615,21_12_07_13_01_2025,-2.26,-6.52,-6.92,0.01,-0.02,0.00
-10426,3.06,0,2.27,634,3,38680,21_12_07_13_01_2025,-2.29,-6.55,-6.92,0.00,-0.01,0.00
-10322,3.05,0,2.27,633,3,38769,21_12_07_13_01_2025,-2.24,-6.55,-6.94,0.01,-0.00,-0.00
-10220,3.05,0,2.27,633,3,38810,21_12_07_13_01_2025,-2.27,-6.53,-6.89,0.00,-0.00,0.00
-11436,3.14,0,2.27,633,3,38875,21_12_07_13_01_2025,-2.26,-6.52,-6.92,0.01,-0.00,0.00
-13145,3.27,0,2.27,633,3,38966,21_12_07_13_01_2025,-2.26,-6.55,-6.91,0.01,-0.01,-0.00
-12437,3.21,0,2.27,633,3,39007,21_12_07_13_01_2025,-2.27,-6.53,-6.91,0.01,-0.00,-0.00
-12598,3.23,0,2.27,633,3,39072,21_12_07_13_01_2025,-2.25,-6.54,-6.92,0.01,-0.00,-0.00
-12480,3.22,0,2.27,632,3,39164,21_12_07_13_01_2025,-2.27,-6.54,-6.92,0.01,-0.01,-0.00
-12188,3.20,0,2.27,633,3,39204,21_12_07_13_01_2025,-2.25,-6.54,-6.91,0.01,-0.00,-0.00
-11528,3.15,0,2.27,633,3,39269,21_12_07_13_01_2025,-2.24,-6.52,-6.93,0.01,-0.00,-0.00
-11201,3.12,0,2.27,633,3,39310,21_12_07_13_01_2025,-2.28,-6.55,-6.91,0.01,-0.01,0.00
-11677,3.16,0,2.27,633,3,39375,21_12_07_13_01_2025,-2.26,-6.55,-6.91,0.00,-0.01,0.00
-11786,3.17,0,2.27,633,3,39464,21_12_08_13_01_2025,-2.26,-6.53,-6.91,0.00,-0.00,0.00
-11496,3.14,0,2.27,633,3,39508,21_12_08_13_01_2025,-2.26,-6.54,-6.90,0.00,-0.00,-0.00
-11619,3.15,0,2.27,633,3,39572,21_12_08_13_01_2025,-2.23,-6.55,-6.93,0.01,-0.00,-0.00
-11977,3.18,0,2.27,634,3,39661,21_12_08_13_01_2025,-2.26,-6.54,-6.91,0.00,-0.00,0.00
-12053,3.19,0,2.27,634,3,39702,21_12_08_13_01_2025,-2.25,-6.53,-6.93,0.00,-0.00,-0.00
-11544,3.15,0,2.27,633,3,39767,21_12_08_13_01_2025,-2.24,-6.57,-6.91,0.01,-0.00,-0.00
-11847,3.17,0,2.27,633,3,39858,21_12_08_13_01_2025,-2.26,-6.54,-6.91,0.00,-0.00,-0.00
-11575,3.15,0,2.27,633,3,39902,21_12_08_13_01_2025,-2.23,-6.55,-6.90,0.01,-0.00,-0.00
-11397,3.14,0,2.27,633,3,39964,21_12_08_13_01_2025,-2.24,-6.55,-6.92,0.00,-0.00,0.00
-10734,3.09,0,2.27,633,3,40054,21_12_08_13_01_2025,-2.28,-6.52,-6.91,0.00,-0.00,-0.00
-11036,3.11,0,2.27,634,3,40095,21_12_08_13_01_2025,-2.25,-6.53,-6.90,0.01,-0.00,0.00
-11341,3.13,0,2.27,633,3,40160,21_12_08_13_01_2025,-2.27,-6.55,-6.90,0.00,-0.00,0.00
-11124,3.12,0,2.27,634,3,40250,21_12_08_13_01_2025,-2.24,-6.53,-6.92,0.00,-0.00,0.00
-9267,2.97,0,2.27,633,3,40294,21_12_08_13_01_2025,-2.27,-6.54,-6.90,0.01,-0.00,0.00
-8817,2.94,0,2.27,633,3,40356,21_12_08_13_01_2025,-2.24,-6.54,-6.91,0.00,-0.00,0.00
-8866,2.94,0,2.27,633,3,40448,21_12_09_13_01_2025,-2.25,-6.53,-6.92,0.01,-0.00,-0.00
-10853,3.09,0,2.27,633,3,40488,21_12_09_13_01_2025,-2.27,-6.54,-6.90,0.01,-0.00,-0.00
-11795,3.17,0,2.27,633,3,40553,21_12_09_13_01_2025,-2.25,-6.55,-6.92,0.00,-0.00,-0.00
-11340,3.13,0,2.27,634,3,40594,21_12_09_13_01_2025,-2.26,-6.54,-6.92,0.01,-0.00,0.00
-10844,3.09,0,2.27,633,3,40659,21_12_09_13_01_2025,-2.26,-6.54,-6.93,0.01,-0.00,-0.00
-10676,3.08,0,2.27,633,3,40749,21_12_09_13_01_2025,-2.27,-6.52,-6.91,0.01,-0.00,-0.00
-10792,3.09,0,2.27,633,3,40789,21_12_09_13_01_2025,-2.25,-6.54,-6.92,0.01,-0.00,-0.00
-10997,3.11,0,2.27,633,3,40855,21_12_09_13_01_2025,-2.25,-6.53,-6.91,0.00,-0.01,-0.00
-10813,3.09,0,2.27,633,3,40945,21_12_09_13_01_2025,-2.26,-6.54,-6.92,0.01,-0.00,-0.00
-11832,3.17,0,2.27,633,3,40991,21_12_09_13_01_2025,-2.25,-6.52,-6.92,0.00,-0.00,0.00
-11644,3.15,0,2.27,633,3,41052,21_12_09_13_01_2025,-2.25,-6.51,-6.90,0.01,-0.00,-0.00
-11217,3.12,0,2.27,633,3,41141,21_12_09_13_01_2025,-2.26,-6.53,-6.91,0.01,-0.00,0.00
-11288,3.13,0,2.27,633,3,41182,21_12_09_13_01_2025,-2.25,-6.54,-6.91,0.00,-0.00,-0.00
-11331,3.13,0,2.27,634,3,41248,21_12_09_13_01_2025,-2.25,-6.53,-6.92,0.00,-0.00,0.00
-12010,3.18,0,2.27,633,3,41338,21_12_09_13_01_2025,-2.25,-6.51,-6.92,0.00,-0.00,-0.00
-10722,3.09,0,2.27,633,3,41382,21_12_10_13_01_2025,-2.25,-6.53,-6.91,0.01,-0.00,0.00
-10299,3.05,0,2.27,633,3,41444,21_12_10_13_01_2025,-2.26,-6.53,-6.92,0.00,-0.00,-0.00
-10412,3.06,0,2.27,633,3,41535,21_12_10_13_01_2025,-2.25,-6.53,-6.92,0.01,-0.00,-0.00
-11561,3.15,0,2.27,632,3,41575,21_12_10_13_01_2025,-2.26,-6.53,-6.90,0.00,-0.00,-0.00
-11237,3.12,0,2.27,633,3,41640,21_12_10_13_01_2025,-2.27,-6.52,-6.91,0.01,-0.00,-0.00
-11041,3.11,0,2.27,633,3,41733,21_12_10_13_01_2025,-2.25,-6.55,-6.92,0.01,-0.00,-0.00
-10785,3.09,0,2.27,633,3,41776,21_12_10_13_01_2025,-2.27,-6.54,-6.91,0.00,-0.00,0.00
-12243,3.20,0,2.27,633,3,41837,21_12_10_13_01_2025,-2.24,-6.51,-6.89,0.00,-0.00,-0.00
-10518,3.07,0,2.27,633,3,41876,21_12_10_13_01_2025,-2.28,-6.55,-6.94,0.01,-0.00,-0.00
-10512,3.07,0,2.27,633,3,41943,21_12_10_13_01_2025,-2.26,-6.53,-6.92,0.01,-0.00,-0.00
-9223,2.97,0,2.27,633,3,42034,21_12_10_13_01_2025,-2.25,-6.57,-6.94,0.01,-0.00,0.00
-13423,3.29,0,2.27,633,3,42075,21_12_10_13_01_2025,-2.28,-6.56,-6.89,0.00,-0.00,-0.00
-11359,3.13,0,2.27,633,3,42139,21_12_10_13_01_2025,-2.23,-6.53,-6.90,0.01,-0.00,-0.00
-10205,3.05,0,2.27,633,3,42230,21_12_10_13_01_2025,-2.25,-6.54,-6.90,0.01,-0.00,-0.00
-11487,3.14,0,2.27,633,3,42270,21_12_10_13_01_2025,-2.23,-6.53,-6.86,0.00,-0.00,0.00
-11039,3.11,0,2.27,634,3,42336,21_12_10_13_01_2025,-2.26,-6.53,-6.94,0.01,-0.00,-0.00
-10132,3.04,0,2.27,633,3,42426,21_12_11_13_01_2025,-2.26,-6.53,-6.91,0.01,-0.00,-0.00
-12168,3.19,0,2.27,633,3,42467,21_12_11_13_01_2025,-2.24,-6.51,-6.91,0.00,-0.00,-0.00
-10852,3.09,0,2.27,633,3,42531,21_12_11_13_01_2025,-2.28,-6.55,-6.88,0.00,-0.01,-0.00
-10460,3.07,0,2.27,633,3,42622,21_12_11_13_01_2025,-2.27,-6.55,-6.89,0.01,-0.00,-0.00
-11669,3.16,0,2.27,633,3,42663,21_12_11_13_01_2025,-2.26,-6.55,-6.95,0.00,-0.00,0.00
-11130,3.12,0,2.27,633,3,42729,21_12_11_13_01_2025,-2.28,-6.56,-6.89,0.01,-0.00,0.00
-10601,3.08,0,2.27,633,3,42818,21_12_11_13_01_2025,-2.22,-6.50,-6.92,0.00,0.01,-0.00
-10601,3.08,0,2.27,633,3,42858,21_12_11_13_01_2025,-2.25,-6.55,-6.88,0.01,-0.00,0.00
-10302,3.05,0,2.27,633,3,42925,21_12_11_13_01_2025,-2.32,-6.52,-6.91,0.01,0.00,-0.00
-10283,3.05,0,2.27,633,3,43015,21_12_11_13_01_2025,-2.25,-6.50,-6.92,0.01,-0.00,-0.00
-10167,3.04,0,2.27,633,3,43057,21_12_11_13_01_2025,-2.25,-6.55,-6.90,0.01,0.00,0.00
-11223,3.12,0,2.27,634,3,43121,21_12_11_13_01_2025,-2.23,-6.58,-6.90,0.00,-0.00,0.00
-10289,3.05,0,2.27,633,3,43161,21_12_11_13_01_2025,-2.27,-6.52,-6.92,0.00,0.00,0.00
-10546,3.07,0,2.27,633,3,43227,21_12_11_13_01_2025,-2.28,-6.52,-6.89,0.01,0.00,-0.00
-9560,3.00,0,2.27,633,3,43317,21_12_11_13_01_2025,-2.24,-6.55,-6.92,0.01,-0.00,-0.00
-10397,3.06,0,2.27,633,3,43357,21_12_11_13_01_2025,-2.29,-6.54,-6.90,0.00,-0.01,0.00
-9618,3.00,0,2.27,633,3,43424,21_12_12_13_01_2025,-2.26,-6.45,-6.90,0.01,-0.00,0.00
-9159,2.97,0,2.27,633,3,43514,21_12_12_13_01_2025,-2.25,-6.51,-6.88,0.00,-0.00,0.00
-9330,2.98,0,2.27,633,3,43554,21_12_12_13_01_2025,-2.25,-6.54,-6.89,0.01,-0.01,0.00
-9141,2.97,0,2.27,633,3,43619,21_12_12_13_01_2025,-2.24,-6.54,-6.91,0.00,-0.00,-0.00
-9350,2.98,0,2.27,633,3,43709,21_12_12_13_01_2025,-2.27,-6.57,-6.90,0.00,-0.00,-0.00
-9357,2.98,0,2.27,633,3,43751,21_12_12_13_01_2025,-2.23,-6.51,-6.89,0.00,-0.00,0.00
-9350,2.98,0,2.27,633,3,43815,21_12_12_13_01_2025,-2.24,-6.53,-6.89,0.01,-0.00,-0.00
-9374,2.98,0,2.27,633,3,43906,21_12_12_13_01_2025,-2.28,-6.54,-6.91,0.00,-0.00,-0.00
-9254,2.97,0,2.27,633,3,43946,21_12_12_13_01_2025,-2.26,-6.53,-6.90,0.01,-0.00,0.00
-9312,2.98,0,2.27,633,3,44012,21_12_12_13_01_2025,-2.27,-6.53,-6.92,0.00,-0.00,-0.00
-9355,2.98,0,2.27,634,3,44102,21_12_12_13_01_2025,-2.26,-6.56,-6.92,0.00,-0.00,0.00
-9487,2.99,0,2.27,634,3,44143,21_12_12_13_01_2025,-2.27,-6.52,-6.93,0.00,-0.00,0.00
-9262,2.97,0,2.27,633,3,44208,21_12_12_13_01_2025,-2.28,-6.52,-6.91,0.00,-0.00,-0.00
-9335,2.98,0,2.27,633,3,44300,21_12_12_13_01_2025,-2.25,-6.55,-6.92,0.01,-0.00,-0.00
-9448,2.99,0,2.27,633,3,44340,21_12_12_13_01_2025,-2.29,-6.54,-6.90,0.00,-0.01,-0.00
-9402,2.98,0,2.27,634,3,44406,21_12_13_13_01_2025,-2.27,-6.49,-6.91,0.00,-0.00,0.00
-9436,2.99,0,2.27,634,3,44449,21_12_13_13_01_2025,-2.24,-6.53,-6.92,0.01,-0.00,0.00
-9458,2.99,0,2.27,634,3,44510,21_12_13_13_01_2025,-2.28,-6.56,-6.91,0.00,-0.00,-0.00
-9369,2.98,0,2.27,633,3,44601,21_12_13_13_01_2025,-2.27,-6.51,-6.92,0.00,-0.00,-0.00
-9237,2.97,0,2.27,633,3,44641,21_12_13_13_01_2025,-2.25,-6.53,-6.91,0.00,-0.00,-0.00
-9382,2.98,0,2.27,633,3,44708,21_12_13_13_01_2025,-2.27,-6.51,-6.90,0.00,-0.00,0.00
-9024,2.96,0,2.27,633,3,44799,21_12_13_13_01_2025,-2.27,-6.53,-6.91,0.01,-0.00,-0.00
-9421,2.99,0,2.27,633,3,44842,21_12_13_13_01_2025,-2.26,-6.52,-6.91,0.01,-0.00,0.00
-9190,2.97,0,2.27,632,3,44903,21_12_13_13_01_2025,-2.27,-6.53,-6.90,0.00,-0.00,-0.00
-9259,2.97,0,2.27,633,3,44994,21_12_13_13_01_2025,-2.26,-6.50,-6.90,0.01,-0.00,-0.00
-9485,2.99,0,2.27,633,3,45035,21_12_13_13_01_2025,-2.34,-6.59,-6.99,0.02,-0.01,-0.00
-9250,2.97,0,2.27,634,3,45101,21_12_13_13_01_2025,-2.31,-6.69,-7.09,0.01,-0.00,-0.00
-9270,2.97,0,2.27,633,3,45190,21_12_13_13_01_2025,-2.31,-6.56,-7.00,0.00,-0.00,-0.00
-9350,2.98,0,2.27,633,3,45233,21_12_13_13_01_2025,-2.24,-6.55,-6.91,0.01,-0.00,-0.00
-9324,2.98,0,2.27,633,3,45296,21_12_13_13_01_2025,-2.23,-6.58,-6.88,0.01,-0.00,0.00
-9052,2.96,0,2.27,633,3,45388,21_12_13_13_01_2025,-2.31,-6.54,-6.89,0.01,-0.00,-0.00
-9356,2.98,0,2.27,633,3,45429,21_12_14_13_01_2025,-2.22,-6.53,-6.91,0.01,-0.00,-0.00
-9317,2.98,0,2.27,633,3,45493,21_12_14_13_01_2025,-2.26,-6.57,-6.92,0.01,-0.00,-0.00
-9159,2.97,0,2.27,633,3,45583,21_12_14_13_01_2025,-2.29,-6.55,-6.92,0.00,-0.00,-0.00
-9288,2.98,0,2.27,634,3,45626,21_12_14_13_01_2025,-2.23,-6.52,-6.88,0.01,-0.00,0.00
-9309,2.98,0,2.27,633,3,45689,21_12_14_13_01_2025,-2.30,-6.57,-6.93,0.01,-0.00,-0.00
-9353,2.98,0,2.27,633,3,45730,21_12_14_13_01_2025,-2.26,-6.55,-6.92,0.00,-0.00,-0.00
-9180,2.97,0,2.27,632,3,45796,21_12_14_13_01_2025,-2.24,-6.54,-6.92,0.01,-0.00,-0.00
-9254,2.97,0,2.27,633,3,45885,21_12_14_13_01_2025,-2.30,-6.53,-6.90,0.01,-0.00,-0.00
-9320,2.98,0,2.27,633,3,45925,21_12_14_13_01_2025,-2.24,-6.55,-6.92,0.01,-0.00,-0.00
-9174,2.97,0,2.27,633,3,45991,21_12_14_13_01_2025,-2.27,-6.53,-6.89,0.00,-0.00,-0.00
-9425,2.99,0,2.27,633,3,46082,21_12_14_13_01_2025,-2.28,-6.52,-6.89,0.01,-0.00,-0.00
-9104,2.96,0,2.27,633,3,46123,21_12_14_13_01_2025,-2.26,-6.56,-6.90,0.01,-0.01,0.00
-9448,2.99,0,2.27,633,3,46188,21_12_14_13_01_2025,-2.29,-6.53,-6.89,0.00,-0.00,-0.00
-9332,2.98,0,2.27,634,3,46278,21_12_14_13_01_2025,-2.24,-6.53,-6.91,0.01,-0.00,-0.00
-9290,2.98,0,2.27,633,3,46318,21_12_14_13_01_2025,-2.28,-6.56,-6.89,0.00,-0.00,-0.00
-9377,2.98,0,2.27,633,3,46384,21_12_14_13_01_2025,-2.26,-6.51,-6.89,0.00,-0.00,-0.00
-9344,2.98,0,2.27,633,3,46475,21_12_15_13_01_2025,-2.25,-6.53,-6.90,0.01,-0.00,-0.00
-9367,2.98,0,2.27,633,3,46515,21_12_15_13_01_2025,-2.26,-6.54,-6.90,0.00,-0.00,0.00
-9018,2.96,0,2.27,634,3,46580,21_12_15_13_01_2025,-2.25,-6.52,-6.90,0.00,-0.00,-0.00
-9302,2.98,0,2.27,633,3,46670,21_12_15_13_01_2025,-2.26,-6.53,-6.89,0.01,-0.00,-0.00
-9376,2.98,0,2.27,633,3,46710,21_12_15_13_01_2025,-2.26,-6.55,-6.90,0.01,-0.00,-0.00
-9443,2.99,0,2.27,633,3,46777,21_12_15_13_01_2025,-2.26,-6.54,-6.90,0.01,-0.00,-0.00
-9234,2.97,0,2.27,633,3,46868,21_12_15_13_01_2025,-2.27,-6.54,-6.91,0.00,-0.00,-0.00
-9648,3.00,0,2.27,633,3,46909,21_12_15_13_01_2025,-2.26,-6.55,-6.90,0.00,-0.00,-0.00
-9180,2.97,0,2.27,633,3,46972,21_12_15_13_01_2025,-2.27,-6.54,-6.91,0.01,-0.00,-0.00
-9446,2.99,0,2.27,633,3,47012,21_12_15_13_01_2025,-2.26,-6.53,-6.90,0.01,-0.00,-0.00
-9367,2.98,0,2.27,633,3,47080,21_12_15_13_01_2025,-2.27,-6.55,-6.91,0.01,-0.00,-0.00
-9027,2.96,0,2.27,633,3,47170,21_12_15_13_01_2025,-2.28,-6.57,-6.94,0.01,-0.00,-0.00
-9223,2.97,0,2.27,633,3,47211,21_12_15_13_01_2025,-2.27,-6.53,-6.89,0.01,-0.00,-0.00
-9261,2.97,0,2.27,633,3,47276,21_12_15_13_01_2025,-2.27,-6.52,-6.91,0.01,-0.00,0.00
-9386,2.98,0,2.27,633,3,47365,21_12_15_13_01_2025,-2.26,-6.56,-6.89,0.01,-0.00,-0.00
-9309,2.98,0,2.27,633,3,47406,21_12_16_13_01_2025,-2.27,-6.52,-6.91,0.00,-0.00,0.00
-9297,2.98,0,2.27,633,3,47472,21_12_16_13_01_2025,-2.27,-6.54,-6.90,0.00,-0.00,-0.00
-9336,2.98,0,2.27,633,3,47562,21_12_16_13_01_2025,-2.25,-6.56,-6.91,0.00,-0.00,-0.00
-9336,2.98,0,2.27,633,3,47603,21_12_16_13_01_2025,-2.28,-6.53,-6.89,0.01,-0.00,-0.00
-9131,2.96,0,2.27,633,3,47668,21_12_16_13_01_2025,-2.26,-6.54,-6.92,0.01,-0.00,0.00
-9277,2.98,0,2.27,633,3,47759,21_12_16_13_01_2025,-2.26,-6.54,-6.91,0.01,-0.00,-0.00
-9300,2.98,0,2.27,633,3,47800,21_12_16_13_01_2025,-2.27,-6.54,-6.91,0.01,-0.00,-0.00
-9272,2.98,0,2.27,633,3,47865,21_12_16_13_01_2025,-2.26,-6.53,-6.90,0.01,-0.00,-0.00
-9246,2.97,0,2.27,633,3,47954,21_12_16_13_01_2025,-2.27,-6.54,-6.91,0.01,-0.00,-0.00
-9470,2.99,0,2.27,634,3,47994,21_12_16_13_01_2025,-2.26,-6.55,-6.92,0.00,-0.00,-0.00
-9284,2.98,0,2.27,633,3,48061,21_12_16_13_01_2025,-2.25,-6.53,-6.91,0.00,-0.00,-0.00
-9389,2.98,0,2.27,633,3,48152,21_12_16_13_01_2025,-2.27,-6.54,-6.91,0.00,-0.00,-0.00
-9283,2.98,0,2.27,633,3,48193,21_12_16_13_01_2025,-2.26,-6.54,-6.90,0.01,-0.00,-0.00
-9233,2.97,0,2.27,633,3,48257,21_12_16_13_01_2025,-2.26,-6.54,-6.90,0.00,-0.00,0.00
-9419,2.99,0,2.27,633,3,48300,21_12_16_13_01_2025,-2.27,-6.54,-6.90,0.00,-0.00,-0.00
-9442,2.99,0,2.27,633,3,48363,21_12_16_13_01_2025,-2.26,-6.55,-6.90,0.00,-0.00,-0.00
-9293,2.98,0,2.27,633,3,48453,21_12_17_13_01_2025,-2.26,-6.54,-6.90,0.00,-0.01,-0.00
-9225,2.97,0,2.27,633,3,48494,21_12_17_13_01_2025,-2.25,-6.52,-6.88,0.01,-0.00,-0.00
-9262,2.97,0,2.27,633,3,48560,21_12_17_13_01_2025,-2.27,-6.56,-6.94,0.01,-0.00,-0.00
-9205,2.97,0,2.27,634,3,48649,21_12_17_13_01_2025,-2.27,-6.53,-6.91,0.00,-0.00,0.00
-9251,2.97,0,2.27,633,3,48692,21_12_17_13_01_2025,-2.26,-6.54,-6.90,0.01,-0.00,-0.00
-9344,2.98,0,2.27,633,3,48756,21_12_17_13_01_2025,-2.26,-6.55,-6.89,0.01,-0.00,-0.00
-9285,2.98,0,2.27,634,3,48846,21_12_17_13_01_2025,-2.28,-6.54,-6.91,0.01,-0.00,-0.00
-9272,2.98,0,2.27,633,3,48887,21_12_17_13_01_2025,-2.24,-6.51,-6.88,0.01,-0.00,-0.00
-9372,2.98,0,2.27,633,3,48952,21_12_17_13_01_2025,-2.28,-6.54,-6.89,0.00,-0.00,-0.00
-9311,2.98,0,2.27,632,3,49042,21_12_17_13_01_2025,-2.27,-6.54,-6.91,0.00,-0.00,-0.00
-9334,2.98,0,2.27,633,3,49086,21_12_17_13_01_2025,-2.28,-6.54,-6.91,0.01,-0.00,-0.00
-9269,2.97,0,2.27,634,3,49149,21_12_17_13_01_2025,-2.27,-6.54,-6.91,0.01,-0.00,-0.00
-9430,2.99,0,2.27,633,3,49240,21_12_17_13_01_2025,-2.26,-6.54,-6.90,0.01,-0.00,-0.00
-9395,2.98,0,2.27,633,3,49280,21_12_17_13_01_2025,-2.28,-6.54,-6.90,0.00,-0.00,-0.00
-9492,2.99,0,2.27,633,3,49345,21_12_17_13_01_2025,-2.27,-6.54,-6.91,0.00,-0.00,-0.00
-9328,2.98,0,2.27,633,3,49436,21_12_18_13_01_2025,-2.25,-6.54,-6.90,0.00,-0.00,-0.00
-9235,2.97,0,2.27,633,3,49477,21_12_18_13_01_2025,-2.27,-6.53,-6.89,0.01,-0.00,-0.00
-9395,2.98,0,2.27,633,3,49541,21_12_18_13_01_2025,-2.26,-6.53,-6.90,0.01,-0.00,-0.00
-9272,2.98,0,2.27,632,3,49582,21_12_18_13_01_2025,-2.26,-6.55,-6.92,0.01,-0.00,-0.00
-9353,2.98,0,2.27,633,3,49647,21_12_18_13_01_2025,-2.27,-6.54,-6.89,0.01,-0.00,0.00
-9423,2.99,0,2.27,633,3,49737,21_12_18_13_01_2025,-2.28,-6.55,-6.90,0.01,-0.00,-0.00
-9341,2.98,0,2.27,633,3,49781,21_12_18_13_01_2025,-2.26,-6.54,-6.90,0.01,-0.00,-0.00
-9404,2.99,0,2.27,634,3,49844,21_12_18_13_01_2025,-2.26,-6.55,-6.90,0.00,-0.00,-0.00
-9358,2.98,0,2.27,633,3,49934,21_12_18_13_01_2025,-2.27,-6.55,-6.92,0.01,-0.00,0.00
-9135,2.96,0,2.27,633,3,49973,21_12_18_13_01_2025,-2.26,-6.53,-6.88,0.00,-0.00,-0.00
-9497,2.99,0,2.27,633,3,50040,21_12_18_13_01_2025,-2.28,-6.55,-6.91,0.00,-0.00,0.00
-9203,2.97,0,2.27,633,3,50130,21_12_18_13_01_2025,-2.26,-6.54,-6.91,0.01,-0.00,0.00
-9365,2.98,0,2.27,633,3,50174,21_12_18_13_01_2025,-2.28,-6.55,-6.91,0.00,-0.00,0.00
-9400,2.98,0,2.27,633,3,50237,21_12_18_13_01_2025,-2.27,-6.54,-6.89,0.01,-0.00,-0.00
-9527,2.99,0,2.27,633,3,50327,21_12_18_13_01_2025,-2.26,-6.55,-6.91,0.01,-0.00,0.00
-9409,2.99,0,2.27,633,3,50367,21_12_18_13_01_2025,-2.27,-6.53,-6.90,0.01,-0.00,-0.00
-9253,2.97,0,2.27,633,3,50432,21_12_19_13_01_2025,-2.27,-6.54,-6.90,0.01,-0.00,-0.00
-9366,2.98,0,2.27,633,3,50523,21_12_19_13_01_2025,-2.27,-6.54,-6.91,0.00,-0.00,-0.00
-9525,2.99,0,2.27,634,3,50566,21_12_19_13_01_2025,-2.25,-6.54,-6.89,0.01,-0.00,-0.00
-9195,2.97,0,2.27,633,3,50629,21_12_19_13_01_2025,-2.26,-6.54,-6.90,0.01,-0.00,-0.00
-9403,2.99,0,2.27,633,3,50720,21_12_19_13_01_2025,-2.27,-6.53,-6.89,0.01,-0.00,-0.00
-9403,2.99,0,2.27,633,3,50761,21_12_19_13_01_2025,-2.26,-6.54,-6.91,0.01,-0.00,-0.00
-9464,2.99,0,2.27,634,3,50825,21_12_19_13_01_2025,-2.26,-6.54,-6.89,0.00,-0.00,-0.00
-9555,3.00,0,2.27,633,3,50867,21_12_19_13_01_2025,-2.27,-6.53,-6.89,0.00,-0.00,-0.00
-9457,2.99,0,2.27,633,3,50932,21_12_19_13_01_2025,-2.26,-6.55,-6.91,0.01,-0.00,-0.00
-9499,2.99,0,2.27,633,3,51021,21_12_19_13_01_2025,-2.27,-6.54,-6.91,0.00,-0.00,-0.00
-9283,2.98,0,2.27,633,3,51061,21_12_19_13_01_2025,-2.27,-6.54,-6.91,0.00,-0.00,-0.00
-9413,2.99,0,2.27,633,3,51128,21_12_19_13_01_2025,-2.26,-6.54,-6.89,0.01,-0.00,-0.00
-9494,2.99,0,2.27,633,3,51218,21_12_19_13_01_2025,-2.26,-6.54,-6.90,0.00,-0.00,-0.00
-9443,2.99,0,2.27,632,3,51260,21_12_19_13_01_2025,-2.27,-6.54,-6.91,0.01,-0.00,-0.00
-9352,2.98,0,2.27,633,3,51324,21_12_19_13_01_2025,-2.28,-6.54,-6.90,0.00,-0.00,-0.00
-9410,2.99,0,2.27,633,3,51414,21_12_19_13_01_2025,-2.26,-6.53,-6.89,0.00,-0.00,-0.00
-9264,2.97,0,2.27,633,3,51454,21_12_20_13_01_2025,-2.26,-6.54,-6.89,0.00,-0.00,-0.00
-9449,2.99,0,2.27,634,3,51521,21_12_20_13_01_2025,-2.27,-6.53,-6.92,0.00,-0.00,-0.00
-9456,2.99,0,2.27,633,3,51612,21_12_20_13_01_2025,-2.25,-6.54,-6.89,0.00,-0.00,0.00
-9404,2.99,0,2.27,633,3,51652,21_12_20_13_01_2025,-2.27,-6.53,-6.89,0.00,-0.00,-0.00
-9345,2.98,0,2.27,633,3,51717,21_12_20_13_01_2025,-2.27,-6.53,-6.90,0.01,-0.00,-0.00
-9332,2.98,0,2.27,634,3,51807,21_12_20_13_01_2025,-2.27,-6.53,-6.89,0.00,-0.00,-0.00
-9504,2.99,0,2.27,633,3,51847,21_12_20_13_01_2025,-2.26,-6.54,-6.89,0.01,-0.00,-0.00
-9505,2.99,0,2.27,633,3,51913,21_12_20_13_01_2025,-2.27,-6.54,-6.92,0.00,-0.00,-0.00
-9497,2.99,0,2.27,634,3,52005,21_12_20_13_01_2025,-2.26,-6.54,-6.91,0.00,-0.00,0.00
-9372,2.98,0,2.27,633,3,52045,21_12_20_13_01_2025,-2.27,-6.54,-6.91,0.01,-0.00,-0.00
-9542,3.00,0,2.27,633,3,52109,21_12_20_13_01_2025,-2.27,-6.55,-6.92,0.01,-0.00,-0.00
-9547,3.00,0,2.27,633,3,52149,21_12_20_13_01_2025,-2.27,-6.54,-6.91,0.01,-0.00,-0.00
-9482,2.99,0,2.27,632,3,52216,21_12_20_13_01_2025,-2.27,-6.54,-6.92,0.01,-0.00,-0.00
-9471,2.99,0,2.27,633,3,52306,21_12_20_13_01_2025,-2.27,-6.53,-6.92,0.01,-0.00,-0.00
-9447,2.99,0,2.27,633,3,52346,21_12_20_13_01_2025,-2.25,-6.54,-6.92,0.00,-0.00,-0.00
-9438,2.99,0,2.27,632,3,52412,21_12_21_13_01_2025,-2.27,-6.54,-6.90,0.00,-0.00,-0.00
-9429,2.99,0,2.27,633,3,52502,21_12_21_13_01_2025,-2.27,-6.54,-6.89,0.00,-0.00,0.00
-9378,2.98,0,2.27,633,3,52543,21_12_21_13_01_2025,-2.27,-6.55,-6.90,0.01,-0.00,-0.00
-9578,3.00,0,2.27,633,3,52609,21_12_21_13_01_2025,-2.27,-6.55,-6.90,0.01,-0.00,-0.00
-9487,2.99,0,2.27,633,3,52699,21_12_21_13_01_2025,-2.26,-6.54,-6.91,0.01,-0.00,-0.00
-9562,3.00,0,2.27,634,3,52739,21_12_21_13_01_2025,-2.29,-6.61,-6.95,0.00,-0.01,-0.00
-9402,2.98,0,2.27,634,3,52805,21_12_21_13_01_2025,-2.23,-6.55,-6.89,0.00,-0.00,0.00
-9285,2.98,0,2.27,632,3,52894,21_12_21_13_01_2025,-2.28,-6.52,-6.89,-0.00,-0.00,0.00
-9405,2.99,0,2.27,633,3,52935,21_12_21_13_01_2025,-2.23,-6.49,-6.90,-0.00,-0.00,0.00
-9582,3.00,0,2.27,633,3,53001,21_12_21_13_01_2025,-2.29,-6.56,-6.90,0.00,-0.00,-0.00
-9251,2.97,0,2.27,633,3,53091,21_12_21_13_01_2025,-2.30,-6.51,-6.92,0.00,-0.01,-0.00
-9340,2.98,0,2.27,633,3,53131,21_12_21_13_01_2025,-2.29,-6.57,-6.92,0.01,-0.00,-0.00
-9453,2.99,0,2.27,633,3,53197,21_12_21_13_01_2025,-2.25,-6.47,-6.91,0.00,-0.00,0.00
-9407,2.99,0,2.27,634,3,53289,21_12_21_13_01_2025,-2.25,-6.50,-6.94,0.00,-0.00,-0.00
-9454,2.99,0,2.27,633,3,53330,21_12_21_13_01_2025,-2.26,-6.50,-6.92,0.01,-0.00,-0.00
-9467,2.99,0,2.27,633,3,53394,21_12_22_13_01_2025,-2.31,-6.58,-6.89,0.01,-0.00,-0.00
-9312,2.98,0,2.27,634,3,53433,21_12_22_13_01_2025,-2.26,-6.52,-6.91,0.01,-0.00,-0.00
-9435,2.99,0,2.27,633,3,53500,21_12_22_13_01_2025,-2.26,-6.49,-6.95,0.01,-0.00,0.00
-9499,2.99,0,2.27,633,3,53590,21_12_22_13_01_2025,-2.27,-6.52,-6.92,0.00,-0.00,0.00
-9396,2.98,0,2.27,633,3,53634,21_12_22_13_01_2025,-2.26,-6.50,-6.95,0.01,-0.00,-0.00
-9459,2.99,0,2.27,633,3,53695,21_12_22_13_01_2025,-2.43,-6.64,-7.10,0.02,-0.01,-0.01
-9470,2.99,0,2.27,633,3,53786,21_12_22_13_01_2025,-2.39,-6.84,-7.15,0.02,-0.01,-0.01
-9595,3.00,0,2.27,634,3,53826,21_12_22_13_01_2025,-2.18,-6.33,-6.75,0.01,-0.00,0.01
-9458,2.99,0,2.27,633,3,53893,21_12_22_13_01_2025,-2.26,-6.43,-6.90,0.00,0.00,0.01
-9453,2.99,0,2.27,633,3,53983,21_12_22_13_01_2025,-2.15,-6.50,-6.81,0.01,-0.00,-0.00
-9496,2.99,0,2.27,633,3,54026,21_12_22_13_01_2025,-2.36,-5.72,-7.37,0.01,0.02,0.01
-9414,2.99,0,2.27,633,3,54088,21_12_22_13_01_2025,-2.39,-7.22,-6.12,0.00,-0.04,0.12
-9648,3.00,0,2.27,633,3,54178,21_12_22_13_01_2025,-2.59,-6.52,-6.76,0.03,-0.05,0.20
-9396,2.98,0,2.27,634,3,54219,21_12_22_13_01_2025,-2.42,-6.54,-6.83,0.02,0.02,0.02
-9622,3.00,0,2.27,634,3,54285,21_12_22_13_01_2025,-2.27,-6.42,-6.90,-0.00,-0.00,-0.01
-9316,2.98,0,2.27,633,3,54375,21_12_22_13_01_2025,-2.42,-6.69,-6.78,0.01,0.01,-0.01
-9413,2.99,0,2.27,634,3,54418,21_12_23_13_01_2025,-2.28,-6.48,-6.89,0.00,-0.01,-0.01
-9438,2.99,0,2.27,633,3,54481,21_12_23_13_01_2025,-2.35,-6.50,-6.94,0.00,0.00,0.00
-9459,2.99,0,2.27,633,3,54572,21_12_23_13_01_2025,-2.39,-6.57,-6.84,0.01,0.00,0.02
-9614,3.00,0,2.27,633,3,54613,21_12_23_13_01_2025,-2.33,-6.53,-6.92,0.01,0.00,0.01
-9664,3.00,0,2.27,633,3,54678,21_12_23_13_01_2025,-2.39,-6.50,-6.91,0.00,-0.01,0.00
