2293,-0.17,0,-0.00,642,3,2554,21_42_01_13_01_2025,0.51,-7.37,-6.44,-0.05,-4.00,2.12
2125,-0.16,0,-0.00,642,3,2602,21_42_01_13_01_2025,0.50,-7.37,-6.44,-0.02,0.02,0.02
2010,-0.15,0,-0.00,642,3,2641,21_42_01_13_01_2025,0.51,-7.38,-6.43,0.01,-0.00,-0.00
2175,-0.16,0,-0.00,642,3,2679,21_42_01_13_01_2025,0.52,-7.37,-6.44,0.01,-0.00,-0.00
1854,-0.14,0,-0.00,643,3,2717,21_42_01_13_01_2025,0.49,-7.36,-6.45,0.01,-0.00,-0.00
2160,-0.16,0,-0.00,642,3,2756,21_42_01_13_01_2025,0.49,-7.37,-6.45,0.01,-0.00,-0.00
2127,-0.16,0,-0.00,641,3,2794,21_42_01_13_01_2025,0.51,-7.37,-6.44,0.01,-0.00,-0.00
2281,-0.17,0,-0.00,642,3,2835,21_42_01_13_01_2025,0.52,-7.37,-6.44,0.01,-0.00,-0.00
2234,-0.17,0,-0.00,641,3,2875,21_42_01_13_01_2025,0.51,-7.37,-6.44,0.01,-0.00,-0.00
2138,-0.16,0,-0.00,642,3,2914,21_42_01_13_01_2025,0.50,-7.37,-6.45,0.01,-0.00,0.00
2058,-0.16,0,-0.00,642,3,2952,21_42_01_13_01_2025,0.50,-7.36,-6.45,0.01,-0.00,-0.00
1871,-0.14,0,-0.00,642,3,2991,21_42_01_13_01_2025,0.50,-7.37,-6.44,0.01,-0.00,-0.00
1957,-0.15,0,-0.00,642,3,3030,21_42_01_13_01_2025,0.50,-7.37,-6.45,0.00,-0.00,-0.00
2155,-0.16,0,-0.00,643,3,3071,21_42_01_13_01_2025,0.51,-7.37,-6.44,0.01,-0.00,0.00
2115,-0.16,0,-0.00,642,3,3110,21_42_01_13_01_2025,0.51,-7.36,-6.44,0.01,-0.00,-0.00
2160,-0.16,0,-0.00,642,3,3149,21_42_01_13_01_2025,0.50,-7.37,-6.45,0.01,-0.00,-0.00
1954,-0.15,0,-0.00,642,3,3187,21_42_02_13_01_2025,0.50,-7.37,-6.45,0.00,-0.00,-0.00
2258,-0.17,0,-0.00,642,3,3227,21_42_02_13_01_2025,0.50,-7.37,-6.44,0.00,-0.00,-0.00
1969,-0.15,0,-0.00,642,3,3266,21_42_02_13_01_2025,0.52,-7.36,-6.44,0.01,-0.00,-0.00
1841,-0.14,0,-0.00,642,3,3307,21_42_02_13_01_2025,0.52,-7.37,-6.44,0.01,-0.00,-0.00
2233,-0.17,0,-0.00,642,3,3347,21_42_02_13_01_2025,0.50,-7.37,-6.44,0.01,-0.00,0.00
1989,-0.15,0,-0.00,642,3,3386,21_42_02_13_01_2025,0.50,-7.37,-6.44,0.01,-0.00,-0.00
2227,-0.17,0,-0.00,642,3,3424,21_42_02_13_01_2025,0.51,-7.37,-6.44,0.01,-0.00,-0.00
2168,-0.16,0,-0.00,642,3,3464,21_42_02_13_01_2025,0.51,-7.37,-6.45,0.01,-0.00,-0.00
2015,-0.15,0,-0.00,642,3,3503,21_42_02_13_01_2025,0.51,-7.38,-6.43,0.00,-0.00,-0.00
2129,-0.16,0,-0.00,642,3,3544,21_42_02_13_01_2025,0.51,-7.37,-6.44,0.00,-0.00,-0.00
2222,-0.17,0,-0.00,642,3,3582,21_42_02_13_01_2025,0.50,-7.35,-6.44,0.00,-0.00,-0.00
2165,-0.16,0,-0.00,642,3,3621,21_42_02_13_01_2025,0.51,-7.37,-6.44,0.01,-0.00,-0.00
2186,-0.17,0,-0.00,642,3,3660,21_42_02_13_01_2025,0.50,-7.38,-6.43,0.01,-0.00,-0.00
2105,-0.16,0,-0.00,641,3,3698,21_42_02_13_01_2025,0.50,-7.37,-6.45,0.00,-0.00,-0.00
2505,-0.19,0,-0.00,642,3,3737,21_42_02_13_01_2025,0.50,-7.37,-6.46,0.00,-0.00,-0.00
1958,-0.15,0,-0.00,642,3,3778,21_42_02_13_01_2025,0.51,-7.37,-6.44,0.01,-0.00,-0.00
2224,-0.17,0,-0.00,642,3,3817,21_42_02_13_01_2025,0.50,-7.37,-6.45,0.01,-0.00,-0.00
1972,-0.15,0,-0.00,641,3,3854,21_42_02_13_01_2025,0.50,-7.38,-6.44,0.01,-0.00,-0.00
1910,-0.14,0,-0.00,642,3,3893,21_42_02_13_01_2025,0.51,-7.38,-6.45,0.01,-0.00,-0.00
2098,-0.16,0,-0.00,642,3,3931,21_42_02_13_01_2025,0.51,-7.36,-6.44,0.01,-0.00,-0.00
1970,-0.15,0,-0.00,642,3,3969,21_42_02_13_01_2025,0.51,-7.37,-6.45,0.01,-0.00,-0.00
1934,-0.15,0,-0.00,642,3,4011,21_42_02_13_01_2025,0.50,-7.37,-6.44,0.00,-0.00,-0.00
2101,-0.16,0,-0.00,642,3,4049,21_42_02_13_01_2025,0.51,-7.36,-6.45,0.00,-0.00,-0.00
2206,-0.17,0,-0.00,641,3,4087,21_42_02_13_01_2025,0.51,-7.37,-6.44,0.00,-0.00,-0.00
2039,-0.15,0,-0.00,642,3,4126,21_42_02_13_01_2025,0.50,-7.37,-6.44,0.01,-0.00,-0.00
2143,-0.16,0,-0.00,642,3,4165,21_42_02_13_01_2025,0.50,-7.38,-6.44,0.00,-0.00,-0.00
2223,-0.17,0,-0.00,641,3,4203,21_42_03_13_01_2025,0.50,-7.37,-6.45,0.01,-0.00,-0.00
2425,-0.18,0,-0.00,642,3,4244,21_42_03_13_01_2025,0.51,-7.36,-6.45,0.01,-0.00,-0.00
2017,-0.15,0,-0.00,642,3,4284,21_42_03_13_01_2025,0.52,-7.37,-6.44,0.01,-0.00,-0.00
1645,-0.12,0,-0.00,642,3,4322,21_42_03_13_01_2025,0.51,-7.37,-6.44,0.01,-0.00,-0.00
2010,-0.15,0,-0.00,643,3,4360,21_42_03_13_01_2025,0.51,-7.37,-6.44,0.01,-0.00,-0.00
2125,-0.16,0,-0.00,642,3,4399,21_42_03_13_01_2025,0.51,-7.37,-6.45,0.01,-0.00,-0.00
2316,-0.18,0,-0.00,641,3,4438,21_42_03_13_01_2025,0.51,-7.36,-6.45,0.01,-0.00,-0.00
2261,-0.17,0,-0.00,642,3,4479,21_42_03_13_01_2025,0.50,-7.36,-6.46,0.00,-0.00,-0.00
2230,-0.17,0,-0.00,642,3,4518,21_42_03_13_01_2025,0.50,-7.37,-6.44,0.01,-0.00,-0.00
2269,-0.17,0,-0.00,641,3,4557,21_42_03_13_01_2025,0.51,-7.37,-6.44,0.01,-0.00,-0.00
2105,-0.16,0,-0.00,642,3,4596,21_42_03_13_01_2025,0.51,-7.37,-6.45,0.01,-0.00,-0.00
2125,-0.16,0,-0.00,642,3,4634,21_42_03_13_01_2025,0.50,-7.36,-6.45,0.01,-0.00,-0.00
2246,-0.17,0,-0.00,642,3,4673,21_42_03_13_01_2025,0.51,-7.37,-6.44,0.01,-0.00,-0.00
2302,-0.17,0,-0.00,642,3,4714,21_42_03_13_01_2025,0.52,-7.37,-6.44,0.00,-0.00,-0.00
1949,-0.15,0,-0.00,642,3,4752,21_42_03_13_01_2025,0.52,-7.37,-6.45,0.00,-0.01,-0.00
1678,-0.13,0,-0.00,642,3,4791,21_42_03_13_01_2025,0.50,-7.36,-6.44,0.00,-0.00,-0.00
1880,-0.14,0,-0.00,642,3,4830,21_42_03_13_01_2025,0.50,-7.38,-6.45,0.01,-0.00,-0.00
2168,-0.16,0,-0.00,642,3,4869,21_42_03_13_01_2025,0.18,-6.13,-5.45,0.01,0.03,0.01
1935,-0.15,0,-0.00,642,3,4909,21_42_03_13_01_2025,0.46,-7.00,-6.15,-0.03,0.03,-0.01
2122,-0.16,0,-0.00,642,3,4951,21_42_03_13_01_2025,0.36,-7.79,-6.99,-0.01,-0.02,-0.00
2007,-0.15,0,-0.00,641,3,4989,21_42_03_13_01_2025,0.38,-7.31,-6.25,0.02,-0.02,-0.00
2003,-0.15,0,-0.00,642,3,5028,21_42_03_13_01_2025,0.54,-6.97,-6.05,-0.01,0.02,-0.01
2171,-0.16,0,-0.00,642,3,5066,21_42_03_13_01_2025,0.53,-7.49,-6.56,0.01,0.01,-0.00
2124,-0.16,0,-0.00,643,3,5105,21_42_03_13_01_2025,0.52,-7.56,-6.58,0.01,-0.01,-0.00
2079,-0.16,0,-0.00,641,3,5142,21_42_03_13_01_2025,0.56,-7.41,-6.33,0.00,-0.00,-0.00
2161,-0.16,0,-0.00,643,3,5184,21_42_04_13_01_2025,0.48,-7.22,-6.36,0.00,-0.00,0.00
1837,-0.14,0,-0.00,642,3,5222,21_42_04_13_01_2025,0.49,-7.45,-6.51,0.01,-0.00,-0.00
2142,-0.16,0,-0.00,642,3,5260,21_42_04_13_01_2025,0.54,-7.38,-6.40,0.01,-0.00,-0.00
1767,-0.13,0,-0.00,642,3,5299,21_42_04_13_01_2025,0.49,-7.32,-6.46,0.00,-0.00,0.00
2064,-0.16,0,-0.00,642,3,5337,21_42_04_13_01_2025,0.48,-7.42,-6.46,0.01,-0.00,-0.00
1996,-0.15,0,-0.00,642,3,5375,21_42_04_13_01_2025,0.52,-7.40,-6.40,0.01,-0.00,-0.00
2095,-0.16,0,-0.00,642,3,5416,21_42_04_13_01_2025,0.56,-7.39,-6.43,0.00,-0.00,0.00
2254,-0.17,0,-0.00,642,3,5455,21_42_04_13_01_2025,0.51,-7.37,-6.44,0.00,-0.00,-0.00
2111,-0.16,0,-0.00,642,3,5493,21_42_04_13_01_2025,0.44,-7.37,-6.44,0.01,-0.01,-0.00
2233,-0.17,0,-0.00,642,3,5531,21_42_04_13_01_2025,0.50,-7.40,-6.43,0.01,-0.00,-0.00
1889,-0.14,0,-0.00,641,3,5569,21_42_04_13_01_2025,0.56,-7.38,-6.42,0.01,-0.00,-0.00
2074,-0.16,0,-0.00,641,3,5608,21_42_04_13_01_2025,0.53,-7.37,-6.44,0.00,-0.00,0.00
2044,-0.15,0,-0.00,641,3,5649,21_42_04_13_01_2025,0.47,-7.40,-6.42,0.01,-0.00,-0.00
2035,-0.15,0,-0.00,642,3,5688,21_42_04_13_01_2025,0.48,-7.36,-6.42,0.01,-0.00,-0.00
2043,-0.15,0,-0.00,642,3,5728,21_42_04_13_01_2025,0.51,-7.36,-6.44,0.01,-0.00,-0.00
1899,-0.14,0,-0.00,642,3,5766,21_42_04_13_01_2025,0.54,-7.36,-6.45,0.01,-0.00,-0.00
1915,-0.15,0,-0.00,642,3,5805,21_42_04_13_01_2025,0.50,-7.41,-6.41,0.01,-0.00,-0.00
2117,-0.16,0,-0.00,642,3,5844,21_42_04_13_01_2025,0.48,-7.42,-6.43,0.00,-0.00,-0.00
2111,-0.16,0,-0.00,642,3,5886,21_42_04_13_01_2025,0.52,-7.35,-6.44,0.00,-0.00,-0.00
2142,-0.16,0,-0.00,642,3,5925,21_42_04_13_01_2025,0.53,-7.33,-6.45,0.00,-0.00,-0.00
2102,-0.16,0,-0.00,642,3,5964,21_42_04_13_01_2025,0.49,-7.43,-6.41,0.01,-0.00,-0.00
2329,-0.18,0,-0.00,642,3,6003,21_42_04_13_01_2025,0.50,-7.41,-6.42,0.00,-0.00,-0.00
2355,-0.18,0,-0.00,641,3,6041,21_42_04_13_01_2025,0.52,-7.38,-6.44,0.00,-0.00,-0.00
2070,-0.16,0,-0.00,642,3,6080,21_42_04_13_01_2025,0.53,-7.36,-6.44,0.00,-0.00,-0.00
2094,-0.16,0,-0.00,642,3,6122,21_42_04_13_01_2025,0.48,-7.41,-6.44,0.01,-0.00,-0.00
2281,-0.17,0,-0.00,642,3,6161,21_42_04_13_01_2025,0.50,-7.41,-6.40,0.01,-0.00,-0.00
2227,-0.17,0,-0.00,642,3,6201,21_42_05_13_01_2025,0.51,-7.41,-6.46,0.01,-0.00,-0.00
2057,-0.16,0,-0.00,642,3,6240,21_42_05_13_01_2025,0.56,-7.33,-6.49,0.00,-0.00,0.00
1880,-0.14,0,-0.00,642,3,6279,21_42_05_13_01_2025,0.52,-7.40,-6.38,0.01,-0.00,-0.00
1876,-0.14,0,-0.00,641,3,6318,21_42_05_13_01_2025,0.49,-7.39,-6.43,0.01,-0.00,-0.00
2070,-0.16,0,-0.00,642,3,6360,21_42_05_13_01_2025,0.48,-7.43,-6.41,0.00,-0.00,0.00
1839,-0.14,0,-0.00,642,3,6398,21_42_05_13_01_2025,0.54,-7.34,-6.46,0.00,-0.00,-0.00
2204,-0.17,0,-0.00,642,3,6438,21_42_05_13_01_2025,0.53,-7.39,-6.42,0.01,-0.00,-0.00
2098,-0.16,0,-0.00,642,3,6477,21_42_05_13_01_2025,0.47,-7.39,-6.45,0.01,-0.00,-0.00
1892,-0.14,0,-0.00,642,3,6516,21_42_05_13_01_2025,0.47,-7.42,-6.43,0.01,-0.00,-0.00
2164,-0.16,0,-0.00,642,3,6554,21_42_05_13_01_2025,0.54,-7.34,-6.45,0.00,-0.00,0.00
2261,-0.17,0,-0.00,641,3,6596,21_42_05_13_01_2025,0.53,-7.38,-6.45,0.00,-0.00,-0.00
2022,-0.15,0,-0.00,642,3,6634,21_42_05_13_01_2025,0.49,-7.38,-6.43,0.01,-0.00,-0.00
1871,-0.14,0,-0.00,642,3,6673,21_42_05_13_01_2025,0.48,-7.42,-6.40,0.01,-0.00,0.00
1862,-0.14,0,-0.00,642,3,6712,21_42_05_13_01_2025,0.54,-7.37,-6.44,0.00,-0.00,-0.00
1961,-0.15,0,-0.00,642,3,6751,21_42_05_13_01_2025,0.54,-7.39,-6.43,0.00,-0.00,-0.00
1960,-0.15,0,-0.00,642,3,6790,21_42_05_13_01_2025,0.48,-7.36,-6.45,0.01,-0.00,-0.00
2214,-0.17,0,-0.00,642,3,6832,21_42_05_13_01_2025,0.47,-7.39,-6.43,0.01,-0.00,-0.00
1838,-0.14,0,-0.00,641,3,6872,21_42_05_13_01_2025,0.54,-7.38,-6.42,0.01,-0.00,-0.00
2088,-0.16,0,-0.00,641,3,6911,21_42_05_13_01_2025,0.54,-7.38,-6.41,0.01,-0.00,-0.00
2056,-0.16,0,-0.00,641,3,6950,21_42_05_13_01_2025,0.48,-7.37,-6.44,0.00,-0.00,0.00
2222,-0.17,0,-0.00,643,3,6988,21_42_05_13_01_2025,0.48,-7.37,-6.42,0.01,-0.00,0.00
2042,-0.15,0,-0.00,642,3,7027,21_42_05_13_01_2025,0.53,-7.36,-6.43,0.01,-0.00,-0.00
2223,-0.17,0,-0.00,641,3,7069,21_42_05_13_01_2025,0.54,-7.39,-6.43,0.01,-0.00,-0.00
2104,-0.16,0,-0.00,643,3,7108,21_42_05_13_01_2025,0.50,-7.38,-6.43,0.00,-0.00,-0.00
2193,-0.17,0,-0.00,642,3,7146,21_42_05_13_01_2025,0.48,-7.38,-6.44,0.01,-0.00,0.00
1853,-0.14,0,-0.00,642,3,7185,21_42_06_13_01_2025,0.50,-7.36,-6.43,0.01,-0.00,-0.00
1779,-0.13,0,-0.00,642,3,7224,21_42_06_13_01_2025,0.53,-7.38,-6.44,0.01,-0.00,-0.00
2064,-0.16,0,-0.00,642,3,7263,21_42_06_13_01_2025,0.52,-7.40,-6.43,0.01,-0.00,0.00
2008,-0.15,0,-0.00,642,3,7304,21_42_06_13_01_2025,0.49,-7.38,-6.43,0.01,-0.00,-0.00
2046,-0.16,0,-0.00,642,3,7343,21_42_06_13_01_2025,0.50,-7.38,-6.43,0.01,-0.00,-0.00
2199,-0.17,0,-0.00,642,3,7381,21_42_06_13_01_2025,0.52,-7.36,-6.43,0.01,-0.00,-0.00
1960,-0.15,0,-0.00,642,3,7420,21_42_06_13_01_2025,0.52,-7.38,-6.43,0.01,-0.00,-0.00
1909,-0.14,0,-0.00,642,3,7459,21_42_06_13_01_2025,0.49,-7.38,-6.43,0.00,-0.00,-0.00
2153,-0.16,0,-0.00,642,3,7498,21_42_06_13_01_2025,0.50,-7.39,-6.42,0.01,-0.00,-0.00
2081,-0.16,0,-0.00,642,3,7539,21_42_06_13_01_2025,0.53,-7.38,-6.42,0.01,-0.00,0.00
2017,-0.15,0,-0.00,642,3,7578,21_42_06_13_01_2025,0.51,-7.36,-6.46,0.00,-0.00,-0.00
2124,-0.16,0,-0.00,642,3,7617,21_42_06_13_01_2025,0.49,-7.38,-6.44,0.00,-0.01,0.00
1940,-0.15,0,-0.00,642,3,7656,21_42_06_13_01_2025,0.51,-7.38,-6.42,0.01,-0.00,-0.00
2029,-0.15,0,-0.00,642,3,7694,21_42_06_13_01_2025,0.52,-7.37,-6.44,0.01,-0.00,-0.00
2079,-0.16,0,-0.00,642,3,7773,21_42_06_13_01_2025,0.50,-7.40,-6.41,0.01,-0.00,-0.00
2062,-0.16,0,-0.00,642,3,7814,21_42_06_13_01_2025,0.49,-7.34,-6.45,0.00,-0.00,-0.00
1756,-0.13,0,-0.00,642,3,7853,21_42_06_13_01_2025,0.50,-7.37,-6.43,0.01,-0.00,-0.00
1909,-0.14,0,-0.00,642,3,7891,21_42_06_13_01_2025,0.52,-7.38,-6.43,0.01,-0.00,-0.00
1955,-0.15,0,-0.00,642,3,7929,21_42_06_13_01_2025,0.52,-7.41,-6.42,0.00,-0.00,-0.00
2016,-0.15,0,-0.00,642,3,7968,21_42_06_13_01_2025,0.50,-7.36,-6.45,0.00,-0.00,0.00
1862,-0.14,0,-0.00,642,3,8007,21_42_06_13_01_2025,0.50,-7.36,-6.43,0.01,-0.00,-0.00
1961,-0.15,0,-0.00,642,3,8049,21_42_06_13_01_2025,0.51,-7.39,-6.43,0.01,-0.00,-0.00
2184,-0.17,0,-0.00,642,3,8087,21_42_06_13_01_2025,0.51,-7.41,-6.42,0.01,-0.00,-0.00
2218,-0.17,0,-0.00,642,3,8125,21_42_06_13_01_2025,0.51,-7.38,-6.42,0.00,-0.00,-0.00
2073,-0.16,0,-0.00,642,3,8164,21_42_06_13_01_2025,0.50,-7.37,-6.44,0.00,-0.00,-0.00
2389,-0.18,0,-0.00,642,3,8202,21_42_07_13_01_2025,0.50,-7.36,-6.45,0.01,-0.00,-0.00
1907,-0.14,0,-0.00,642,3,8240,21_42_07_13_01_2025,0.52,-7.38,-6.44,0.01,-0.00,-0.00
2272,-0.17,0,-0.00,642,3,8281,21_42_07_13_01_2025,0.52,-7.41,-6.42,0.01,-0.00,-0.00
1958,-0.15,0,-0.00,642,3,8319,21_42_07_13_01_2025,0.51,-7.39,-6.42,0.00,-0.00,-0.00
1863,-0.14,0,-0.00,643,3,8359,21_42_07_13_01_2025,0.52,-7.36,-6.43,0.00,-0.00,-0.00
1874,-0.14,0,-0.00,641,3,8398,21_42_07_13_01_2025,0.50,-7.37,-6.45,0.01,-0.00,-0.00
2135,-0.16,0,-0.00,642,3,8435,21_42_07_13_01_2025,0.51,-7.39,-6.43,0.01,-0.00,-0.00
1967,-0.15,0,-0.00,642,3,8473,21_42_07_13_01_2025,0.52,-7.40,-6.42,0.01,-0.00,-0.00
2155,-0.16,0,-0.00,642,3,8515,21_42_07_13_01_2025,0.50,-7.38,-6.44,0.00,-0.00,-0.00
2110,-0.16,0,-0.00,642,3,8554,21_42_07_13_01_2025,0.50,-7.34,-6.45,0.01,-0.00,-0.00
2052,-0.16,0,-0.00,642,3,8592,21_42_07_13_01_2025,0.50,-7.37,-6.43,0.01,-0.00,-0.00
2133,-0.16,0,-0.00,642,3,8660,21_42_07_13_01_2025,0.50,-7.40,-6.43,0.01,-0.00,-0.00
2187,-0.17,0,-0.00,642,3,8751,21_42_07_13_01_2025,0.51,-7.38,-6.44,0.01,-0.00,-0.00
1977,-0.15,0,-0.00,642,3,8790,21_42_07_13_01_2025,0.51,-7.40,-6.43,0.01,-0.00,-0.00
1922,-0.15,0,-0.00,642,3,8859,21_42_07_13_01_2025,0.52,-7.39,-6.43,0.00,-0.00,-0.00
2326,-0.18,0,-0.00,641,3,8951,21_42_07_13_01_2025,0.51,-7.35,-6.41,0.01,-0.00,0.00
2085,-0.16,0,-0.00,642,3,8989,21_42_07_13_01_2025,0.53,-7.38,-6.39,0.01,-0.00,-0.00
2286,-0.17,0,-0.00,641,3,9059,21_42_07_13_01_2025,0.51,-7.39,-6.44,0.00,-0.00,-0.00
2009,-0.15,0,-0.00,642,3,9150,21_42_07_13_01_2025,0.50,-7.39,-6.42,0.01,-0.00,-0.00
2196,-0.17,0,-0.00,641,3,9241,21_42_08_13_01_2025,0.52,-7.38,-6.43,0.00,-0.00,-0.00
1912,-0.14,0,-0.00,642,3,9282,21_42_08_13_01_2025,0.49,-7.37,-6.44,0.01,-0.00,-0.00
2088,-0.16,0,-0.00,641,3,9350,21_42_08_13_01_2025,0.50,-7.40,-6.44,0.01,-0.00,-0.00
2143,-0.16,0,-0.00,642,3,9441,21_42_08_13_01_2025,0.52,-7.38,-6.44,0.01,-0.00,-0.00
2125,-0.16,0,-0.00,641,3,9480,21_42_08_13_01_2025,0.48,-7.40,-6.49,0.01,-0.00,-0.00
2018,-0.15,0,-0.00,642,3,9550,21_42_08_13_01_2025,0.54,-7.34,-6.42,0.00,-0.00,-0.00
1726,-0.13,0,-0.00,641,3,9641,21_42_08_13_01_2025,0.49,-7.35,-6.41,0.00,-0.00,0.00
2145,-0.16,0,-0.00,641,3,9682,21_42_08_13_01_2025,0.50,-7.38,-6.46,0.01,-0.00,-0.00
1938,-0.15,0,-0.00,642,3,9750,21_42_08_13_01_2025,0.51,-7.40,-6.43,0.00,-0.01,-0.00
2153,-0.16,0,-0.00,641,3,9841,21_42_08_13_01_2025,0.49,-7.37,-6.43,0.00,-0.00,-0.00
1864,-0.14,0,-0.00,642,3,9932,21_42_08_13_01_2025,0.51,-7.38,-6.42,0.00,-0.00,-0.00
2336,-0.18,0,-0.00,642,3,9970,21_42_08_13_01_2025,0.51,-7.36,-6.43,0.01,-0.00,-0.00
2137,-0.16,0,-0.00,642,3,10042,21_42_08_13_01_2025,0.50,-7.40,-6.42,0.01,-0.00,-0.00
2141,-0.16,0,-0.00,642,3,10132,21_42_08_13_01_2025,0.52,-7.35,-6.43,0.00,-0.00,-0.00
1798,-0.14,0,-0.00,642,3,10171,21_42_08_13_01_2025,0.50,-7.40,-6.43,0.00,-0.00,-0.00
1784,-0.14,0,-0.00,642,3,10241,21_42_09_13_01_2025,0.53,-7.38,-6.44,0.01,-0.00,0.00
2385,-0.18,0,-0.00,642,3,10332,21_42_09_13_01_2025,0.51,-7.36,-6.44,0.01,-0.00,-0.00
2165,-0.16,0,-0.00,641,3,10371,21_42_09_13_01_2025,0.52,-7.39,-6.41,0.01,-0.00,-0.00
2272,-0.17,0,-0.00,642,3,10442,21_42_09_13_01_2025,0.54,-7.39,-6.45,0.01,-0.00,-0.00
1867,-0.14,0,-0.00,642,3,10533,21_42_09_13_01_2025,0.48,-7.35,-6.43,0.00,-0.00,-0.00
2265,-0.17,0,-0.00,642,3,10624,21_42_09_13_01_2025,0.53,-7.38,-6.45,0.00,-0.00,-0.00
2155,-0.16,0,-0.00,642,3,10662,21_42_09_13_01_2025,0.49,-7.38,-6.46,0.01,-0.00,-0.00
2019,-0.15,0,-0.00,642,3,10733,21_42_09_13_01_2025,0.51,-7.37,-6.44,0.01,-0.00,-0.00
1973,-0.15,0,-0.00,643,3,10824,21_42_09_13_01_2025,0.50,-7.38,-6.43,0.00,-0.00,-0.00
2122,-0.16,0,-0.00,642,3,10862,21_42_09_13_01_2025,0.51,-7.38,-6.45,0.00,-0.00,-0.00
2092,-0.16,0,-0.00,642,3,10932,21_42_09_13_01_2025,0.51,-7.36,-6.44,0.00,-0.00,-0.00
2064,-0.16,0,-0.00,642,3,11023,21_42_09_13_01_2025,0.50,-7.39,-6.43,0.01,-0.00,-0.00
2111,-0.16,0,-0.00,642,3,11062,21_42_09_13_01_2025,0.51,-7.37,-6.44,0.00,-0.00,-0.00
2224,-0.17,0,-0.00,642,3,11133,21_42_09_13_01_2025,0.49,-7.38,-6.45,0.01,-0.00,-0.00
2072,-0.16,0,-0.00,642,3,11223,21_42_09_13_01_2025,0.52,-7.38,-6.44,0.01,-0.00,-0.00
2147,-0.16,0,-0.00,642,3,11315,21_42_10_13_01_2025,0.48,-7.39,-6.42,0.01,-0.00,-0.00
1997,-0.15,0,-0.00,643,3,11355,21_42_10_13_01_2025,0.54,-7.37,-6.44,0.01,-0.00,0.00
2372,-0.18,0,-0.00,642,3,11424,21_42_10_13_01_2025,0.52,-7.39,-6.44,0.01,-0.00,-0.00
2042,-0.15,0,-0.00,642,3,11515,21_42_10_13_01_2025,0.49,-7.39,-6.42,0.00,-0.00,-0.00
2087,-0.16,0,-0.00,642,3,11553,21_42_10_13_01_2025,0.50,-7.35,-6.45,0.00,-0.00,-0.00
2167,-0.16,0,-0.00,643,3,11623,21_42_10_13_01_2025,0.48,-7.39,-6.42,0.01,-0.00,-0.00
2269,-0.17,0,-0.00,642,3,11715,21_42_10_13_01_2025,0.52,-7.40,-6.42,0.01,-0.00,-0.00
2112,-0.16,0,-0.00,641,3,11756,21_42_10_13_01_2025,0.49,-7.38,-6.43,0.00,-0.00,-0.00
1860,-0.14,0,-0.00,642,3,11823,21_42_10_13_01_2025,0.49,-7.39,-6.42,0.01,-0.00,-0.00
1980,-0.15,0,-0.00,642,3,11914,21_42_10_13_01_2025,0.52,-7.38,-6.42,0.01,-0.00,-0.00
2312,-0.18,0,-0.00,641,3,12005,21_42_10_13_01_2025,0.49,-7.38,-6.43,0.01,-0.00,-0.00
2042,-0.15,0,-0.00,642,3,12043,21_42_10_13_01_2025,0.52,-7.39,-6.43,0.00,-0.00,-0.00
2473,-0.19,0,-0.00,642,3,12115,21_42_10_13_01_2025,0.50,-7.37,-6.45,0.00,-0.00,-0.00
1954,-0.15,0,-0.00,642,3,12205,21_42_10_13_01_2025,0.51,-7.39,-6.44,0.01,-0.00,-0.00
1959,-0.15,0,-0.00,642,3,12244,21_42_11_13_01_2025,0.50,-7.37,-6.43,0.00,-0.00,-0.00
2087,-0.16,0,-0.00,642,3,12314,21_42_11_13_01_2025,0.50,-7.40,-6.48,0.01,-0.00,0.00
2086,-0.16,0,-0.00,642,3,12405,21_42_11_13_01_2025,0.53,-7.31,-6.46,0.01,-0.00,0.00
2156,-0.16,0,-0.00,642,3,12444,21_42_11_13_01_2025,0.52,-7.40,-6.41,0.01,-0.00,-0.00
2218,-0.17,0,-0.00,642,3,12515,21_42_11_13_01_2025,0.51,-7.36,-6.46,0.00,-0.00,-0.00
2100,-0.16,0,-0.00,642,3,12606,21_42_11_13_01_2025,0.50,-7.41,-6.41,0.01,-0.00,-0.00
2205,-0.17,0,-0.00,641,3,12697,21_42_11_13_01_2025,0.52,-7.35,-6.45,0.00,-0.00,0.00
2287,-0.17,0,-0.00,642,3,12735,21_42_11_13_01_2025,0.51,-7.41,-6.43,0.01,-0.00,-0.00
2107,-0.16,0,-0.00,642,3,12806,21_42_11_13_01_2025,0.52,-7.39,-6.42,0.00,-0.00,-0.00
2163,-0.16,0,-0.00,641,3,12897,21_42_11_13_01_2025,0.50,-7.36,-6.43,0.01,-0.00,-0.00
1954,-0.15,0,-0.00,642,3,12935,21_42_11_13_01_2025,0.51,-7.39,-6.43,0.01,-0.00,-0.00
2095,-0.16,0,-0.00,642,3,13005,21_42_11_13_01_2025,0.53,-7.39,-6.43,0.01,-0.00,-0.00
2253,-0.17,0,-0.00,642,3,13096,21_42_11_13_01_2025,0.48,-7.35,-6.44,0.01,-0.00,-0.00
2063,-0.16,0,-0.00,642,3,13136,21_42_11_13_01_2025,0.53,-7.40,-6.43,0.01,-0.00,-0.00
2159,-0.16,0,-0.00,642,3,13205,21_42_11_13_01_2025,0.51,-7.39,-6.43,0.00,-0.00,-0.00
1999,-0.15,0,-0.00,642,3,13297,21_42_12_13_01_2025,0.50,-7.37,-6.44,0.01,-0.00,-0.00
2034,-0.15,0,-0.00,642,3,13388,21_42_12_13_01_2025,0.52,-7.40,-6.43,0.00,-0.00,0.00
2027,-0.15,0,-0.00,642,3,13430,21_42_12_13_01_2025,0.52,-7.37,-6.44,0.00,-0.00,-0.00
2070,-0.16,0,-0.00,642,3,13497,21_42_12_13_01_2025,0.52,-7.40,-6.42,0.01,-0.00,-0.00
2050,-0.16,0,-0.00,642,3,13588,21_42_12_13_01_2025,0.50,-7.37,-6.44,0.00,-0.00,0.00
2021,-0.15,0,-0.00,642,3,13627,21_42_12_13_01_2025,0.52,-7.39,-6.42,0.01,-0.00,-0.00
2068,-0.16,0,-0.00,642,3,13696,21_42_12_13_01_2025,0.52,-7.38,-6.42,0.00,-0.01,-0.00
2283,-0.17,0,-0.00,642,3,13788,21_42_12_13_01_2025,0.50,-7.36,-6.43,0.01,-0.00,-0.00
2157,-0.16,0,-0.00,642,3,13830,21_42_12_13_01_2025,0.50,-7.39,-6.43,0.01,-0.00,-0.00
2082,-0.16,0,-0.00,642,3,13896,21_42_12_13_01_2025,0.51,-7.37,-6.43,0.00,-0.00,0.00
2201,-0.17,0,-0.00,641,3,13988,21_42_12_13_01_2025,0.51,-7.39,-6.44,0.01,-0.00,-0.00
2186,-0.17,0,-0.00,642,3,14079,21_42_12_13_01_2025,0.51,-7.39,-6.44,0.01,-0.00,-0.00
2141,-0.16,0,-0.00,642,3,14118,21_42_12_13_01_2025,0.51,-7.37,-6.43,0.00,-0.00,-0.00
2266,-0.17,0,-0.00,643,3,14188,21_42_12_13_01_2025,0.50,-7.38,-6.42,0.01,-0.00,-0.00
2083,-0.16,0,-0.00,643,3,14279,21_42_13_13_01_2025,0.51,-7.39,-6.42,0.01,-0.00,-0.00
2216,-0.17,0,-0.00,642,3,14317,21_42_13_13_01_2025,0.50,-7.38,-6.44,0.01,-0.00,0.00
2204,-0.17,0,-0.00,642,3,14387,21_42_13_13_01_2025,0.51,-7.38,-6.42,0.00,-0.00,-0.00
2017,-0.15,0,-0.00,642,3,14479,21_42_13_13_01_2025,0.50,-7.37,-6.44,0.01,-0.00,0.00
1976,-0.15,0,-0.00,642,3,14518,21_42_13_13_01_2025,0.51,-7.39,-6.43,0.00,-0.00,-0.00
2301,-0.17,0,-0.00,642,3,14588,21_42_13_13_01_2025,0.51,-7.38,-6.42,0.01,-0.00,-0.00
1933,-0.15,0,-0.00,642,3,14679,21_42_13_13_01_2025,0.50,-7.37,-6.43,0.01,-0.00,-0.00
2359,-0.18,0,-0.00,642,3,14770,21_42_13_13_01_2025,0.52,-7.38,-6.45,0.01,-0.00,-0.00
2224,-0.17,0,-0.00,642,3,14809,21_42_13_13_01_2025,0.50,-7.38,-6.43,0.01,-0.00,-0.00
1866,-0.14,0,-0.00,642,3,14879,21_42_13_13_01_2025,0.52,-7.38,-6.42,0.01,-0.00,-0.00
2309,-0.17,0,-0.00,642,3,14970,21_42_13_13_01_2025,0.50,-7.38,-6.43,0.01,-0.00,0.00
2010,-0.15,0,-0.00,642,3,15008,21_42_13_13_01_2025,0.50,-7.36,-6.44,0.00,-0.00,-0.00
2079,-0.16,0,-0.00,642,3,15079,21_42_13_13_01_2025,0.50,-7.39,-6.43,0.01,-0.00,-0.00
1881,-0.14,0,-0.00,642,3,15171,21_42_13_13_01_2025,0.51,-7.39,-6.43,0.01,-0.00,-0.00
2440,-0.18,0,-0.00,642,3,15211,21_42_14_13_01_2025,0.50,-7.39,-6.43,0.01,-0.00,-0.00
2158,-0.16,0,-0.00,641,3,15279,21_42_14_13_01_2025,0.50,-7.37,-6.44,0.00,-0.00,-0.00
2261,-0.17,0,-0.00,642,3,15369,21_42_14_13_01_2025,0.51,-7.35,-6.44,0.01,-0.00,-0.00
1950,-0.15,0,-0.00,641,3,15461,21_42_14_13_01_2025,0.50,-7.38,-6.43,0.01,-0.00,-0.00
2319,-0.18,0,-0.00,641,3,15503,21_42_14_13_01_2025,0.50,-7.41,-6.44,0.01,-0.00,-0.00
2109,-0.16,0,-0.00,642,3,15570,21_42_14_13_01_2025,0.53,-7.43,-6.41,0.00,-0.00,-0.00
2139,-0.16,0,-0.00,642,3,15661,21_42_14_13_01_2025,0.55,-7.43,-6.43,-0.02,-0.00,-0.00
2069,-0.16,0,-0.00,642,3,15700,21_42_14_13_01_2025,0.45,-7.19,-6.42,0.01,-0.00,-0.00
2006,-0.15,0,-0.00,642,3,15770,21_42_14_13_01_2025,0.49,-7.41,-6.40,0.01,0.00,-0.00
1914,-0.14,0,-0.00,642,3,15862,21_42_14_13_01_2025,0.58,-7.38,-6.40,0.00,-0.01,0.00
2106,-0.16,0,-0.00,642,3,15904,21_42_14_13_01_2025,0.48,-7.35,-6.39,0.01,-0.00,-0.00
2032,-0.15,0,-0.00,642,3,15969,21_42_14_13_01_2025,0.55,-7.40,-6.47,0.01,-0.00,-0.00
2091,-0.16,0,-0.00,642,3,16061,21_42_14_13_01_2025,0.52,-7.35,-6.44,0.00,-0.00,-0.00
2319,-0.18,0,-0.00,643,3,16153,21_42_14_13_01_2025,0.50,-7.38,-6.49,0.01,-0.00,0.00
2011,-0.15,0,-0.00,642,3,16192,21_42_15_13_01_2025,0.49,-7.37,-6.42,0.01,-0.00,-0.00
2075,-0.16,0,-0.00,641,3,16261,21_42_15_13_01_2025,0.49,-7.34,-6.42,0.01,-0.00,-0.00
2116,-0.16,0,-0.00,642,3,16352,21_42_15_13_01_2025,0.55,-7.39,-6.47,0.00,-0.00,0.00
2197,-0.17,0,-0.00,641,3,16390,21_42_15_13_01_2025,0.46,-7.32,-6.43,0.00,-0.00,-0.00
1986,-0.15,0,-0.00,642,3,16462,21_42_15_13_01_2025,0.50,-7.37,-6.46,0.01,-0.00,-0.00
2171,-0.16,0,-0.00,642,3,16553,21_42_15_13_01_2025,0.53,-7.42,-6.42,0.00,-0.00,-0.00
2153,-0.16,0,-0.00,643,3,16593,21_42_15_13_01_2025,0.46,-7.33,-6.45,0.01,0.00,-0.01
2093,-0.16,0,-0.00,642,3,16660,21_42_15_13_01_2025,0.55,-7.39,-6.42,0.01,-0.00,-0.00
1977,-0.15,0,-0.00,642,3,16753,21_42_15_13_01_2025,0.51,-7.37,-6.45,0.00,-0.00,-0.00
2109,-0.16,0,-0.00,642,3,16844,21_42_15_13_01_2025,0.49,-7.32,-6.44,0.01,-0.00,-0.00
2163,-0.16,0,-0.00,642,3,16883,21_42_15_13_01_2025,0.54,-7.38,-6.40,0.01,-0.00,-0.00
2108,-0.16,0,-0.00,642,3,16952,21_42_15_13_01_2025,0.47,-7.32,-6.46,0.00,-0.00,-0.00
2059,-0.16,0,-0.00,642,3,17044,21_42_15_13_01_2025,0.44,-7.39,-6.41,0.00,-0.01,0.00
1884,-0.14,0,-0.00,641,3,17082,21_42_15_13_01_2025,0.53,-7.33,-6.52,0.01,-0.00,0.00
1986,-0.15,0,-0.00,642,3,17153,21_42_15_13_01_2025,0.50,-7.40,-6.38,0.01,-0.00,-0.00
1916,-0.15,0,-0.00,642,3,17244,21_42_16_13_01_2025,0.52,-7.41,-6.44,0.01,-0.00,-0.00
2080,-0.16,0,-0.00,642,3,17284,21_42_16_13_01_2025,0.46,-7.44,-6.38,0.01,-0.00,-0.00
2046,-0.16,0,-0.00,642,3,17352,21_42_16_13_01_2025,0.51,-7.31,-6.49,0.00,-0.00,0.00
2338,-0.18,0,-0.00,642,3,17443,21_42_16_13_01_2025,0.55,-7.35,-6.46,0.00,-0.00,0.00
2382,-0.18,0,-0.00,643,3,17535,21_42_16_13_01_2025,0.47,-7.30,-6.50,0.00,-0.00,-0.00
1913,-0.14,0,-0.00,642,3,17577,21_42_16_13_01_2025,0.57,-7.40,-6.42,0.00,-0.01,-0.00
2162,-0.16,0,-0.00,642,3,17643,21_42_16_13_01_2025,0.46,-7.39,-6.42,0.00,-0.01,0.00
2304,-0.17,0,-0.00,643,3,17735,21_42_16_13_01_2025,0.49,-7.35,-6.39,0.01,-0.00,0.00
2251,-0.17,0,-0.00,641,3,17773,21_42_16_13_01_2025,0.54,-7.42,-6.47,0.00,-0.01,0.00
2214,-0.17,0,-0.00,642,3,17843,21_42_16_13_01_2025,0.47,-7.35,-6.40,0.00,-0.01,-0.00
2008,-0.15,0,-0.00,642,3,17936,21_42_16_13_01_2025,0.52,-7.40,-6.44,0.01,-0.00,-0.00
2016,-0.15,0,-0.00,642,3,17977,21_42_16_13_01_2025,0.49,-7.39,-6.38,0.00,-0.00,-0.00
2137,-0.16,0,-0.00,642,3,18043,21_42_16_13_01_2025,0.51,-7.31,-6.46,0.00,-0.00,-0.00
1974,-0.15,0,-0.00,642,3,18134,21_42_16_13_01_2025,0.56,-7.37,-6.42,0.00,-0.00,-0.00
2087,-0.16,0,-0.00,642,3,18226,21_42_16_13_01_2025,0.47,-7.37,-6.47,0.01,-0.00,-0.00
2299,-0.17,0,-0.00,641,3,18265,21_42_17_13_01_2025,0.55,-7.42,-6.42,0.01,-0.00,-0.00
2084,-0.16,0,-0.00,642,3,18334,21_42_17_13_01_2025,0.51,-7.37,-6.43,0.00,-0.00,-0.00
2113,-0.16,0,-0.00,642,3,18426,21_42_17_13_01_2025,0.51,-7.35,-6.46,0.00,-0.01,0.00
2331,-0.18,0,-0.00,643,3,18464,21_42_17_13_01_2025,0.51,-7.39,-6.46,0.00,-0.00,0.00
1810,-0.14,0,-0.00,642,3,18534,21_42_17_13_01_2025,0.48,-7.38,-6.44,0.00,-0.00,-0.00
2027,-0.15,0,-0.00,642,3,18627,21_42_17_13_01_2025,0.53,-7.41,-6.43,0.01,-0.00,-0.00
2055,-0.16,0,-0.00,642,3,18666,21_42_17_13_01_2025,0.50,-7.40,-6.44,0.00,-0.01,-0.00
2024,-0.15,0,-0.00,642,3,18734,21_42_17_13_01_2025,0.53,-7.36,-6.39,0.01,-0.00,-0.00
2080,-0.16,0,-0.00,642,3,18825,21_42_17_13_01_2025,0.51,-7.39,-6.43,0.01,-0.00,-0.00
1678,-0.13,0,-0.00,642,3,18917,21_42_17_13_01_2025,0.52,-7.37,-6.42,0.01,-0.00,-0.00
1988,-0.15,0,-0.00,642,3,18957,21_42_17_13_01_2025,0.50,-7.38,-6.41,0.01,-0.00,-0.00
2298,-0.17,0,-0.00,641,3,19026,21_42_17_13_01_2025,0.54,-7.41,-6.39,0.01,-0.00,-0.00
2161,-0.16,0,-0.00,642,3,19117,21_42_17_13_01_2025,0.52,-7.38,-6.46,0.00,-0.00,-0.00
2035,-0.15,0,-0.00,642,3,19156,21_42_17_13_01_2025,0.51,-7.39,-6.40,0.00,-0.00,-0.00
2063,-0.16,0,-0.00,642,3,19225,21_42_18_13_01_2025,0.54,-7.38,-6.45,0.01,-0.01,-0.00
1949,-0.15,0,-0.00,642,3,19318,21_42_18_13_01_2025,0.53,-7.38,-6.42,0.01,-0.00,0.00
2323,-0.18,0,-0.00,642,3,19357,21_42_18_13_01_2025,0.53,-7.38,-6.47,0.00,-0.00,-0.00
2179,-0.17,0,-0.00,642,3,19425,21_42_18_13_01_2025,0.53,-7.37,-6.44,0.00,-0.00,0.00
1959,-0.15,0,-0.00,641,3,19517,21_42_18_13_01_2025,0.52,-7.43,-6.43,0.01,-0.00,-0.00
1972,-0.15,0,-0.00,642,3,19608,21_42_18_13_01_2025,0.52,-7.33,-6.43,0.01,-0.00,-0.00
2088,-0.16,0,-0.00,642,3,19650,21_42_18_13_01_2025,0.56,-7.38,-6.42,0.01,-0.00,-0.00
1930,-0.15,0,-0.00,642,3,19717,21_42_18_13_01_2025,0.57,-7.44,-6.45,0.00,-0.00,0.00
1988,-0.15,0,-0.00,641,3,19808,21_42_18_13_01_2025,0.48,-7.41,-6.45,0.01,-0.00,-0.00
2268,-0.17,0,-0.00,642,3,19847,21_42_18_13_01_2025,0.56,-7.41,-6.44,0.00,-0.00,-0.00
1990,-0.15,0,-0.00,642,3,19917,21_42_18_13_01_2025,0.52,-7.38,-6.44,0.01,-0.01,-0.00
2055,-0.16,0,-0.00,642,3,20008,21_42_18_13_01_2025,0.48,-7.37,-6.45,0.01,-0.00,-0.00
2190,-0.17,0,-0.00,642,3,20049,21_42_18_13_01_2025,0.49,-7.41,-6.46,0.00,-0.01,0.00
2007,-0.15,0,-0.00,642,3,20116,21_42_18_13_01_2025,0.48,-7.39,-6.39,0.00,-0.00,0.00
2105,-0.16,0,-0.00,642,3,20208,21_42_18_13_01_2025,0.54,-7.41,-6.43,0.00,-0.00,0.00
2077,-0.16,0,-0.00,642,3,20300,21_42_19_13_01_2025,0.46,-7.26,-6.38,-0.00,-0.01,0.00
2212,-0.17,0,-0.00,642,3,20339,21_42_19_13_01_2025,0.55,-7.37,-6.41,0.01,-0.00,-0.00
2081,-0.16,0,-0.00,642,3,20409,21_42_19_13_01_2025,0.55,-7.31,-6.45,0.01,-0.00,-0.00
2153,-0.16,0,-0.00,642,3,20499,21_42_19_13_01_2025,0.47,-7.36,-6.44,0.01,-0.00,-0.00
2197,-0.17,0,-0.00,642,3,20538,21_42_19_13_01_2025,0.56,-7.34,-6.46,0.01,-0.00,-0.00
2103,-0.16,0,-0.00,642,3,20609,21_42_19_13_01_2025,0.47,-7.40,-6.39,0.01,-0.00,-0.00
2086,-0.16,0,-0.00,642,3,20699,21_42_19_13_01_2025,0.50,-7.39,-6.42,0.01,-0.00,0.00
2159,-0.16,0,-0.00,642,3,20738,21_42_19_13_01_2025,0.51,-7.40,-6.39,0.01,-0.00,-0.00
2171,-0.16,0,-0.00,642,3,20807,21_42_19_13_01_2025,0.48,-7.35,-6.42,0.00,-0.00,-0.00
2228,-0.17,0,-0.00,641,3,20899,21_42_19_13_01_2025,0.55,-7.32,-6.46,0.01,-0.00,-0.00
2231,-0.17,0,-0.00,642,3,20991,21_42_19_13_01_2025,0.48,-7.40,-6.43,0.01,-0.00,-0.00
2160,-0.16,0,-0.00,642,3,21030,21_42_19_13_01_2025,0.54,-7.38,-6.43,0.00,-0.00,-0.00
2357,-0.18,0,-0.00,642,3,21099,21_42_19_13_01_2025,0.49,-7.33,-6.40,0.01,-0.00,-0.00
2141,-0.16,0,-0.00,642,3,21190,21_42_19_13_01_2025,0.55,-7.33,-6.45,0.01,-0.00,-0.00
2153,-0.16,0,-0.00,642,3,21229,21_42_20_13_01_2025,0.50,-7.39,-6.39,0.01,-0.01,-0.00
2031,-0.15,0,-0.00,642,3,21300,21_42_20_13_01_2025,0.48,-7.38,-6.44,0.00,-0.01,0.00
2188,-0.17,0,-0.00,642,3,21390,21_42_20_13_01_2025,0.55,-7.40,-6.46,0.01,-0.00,-0.00
2080,-0.16,0,-0.00,642,3,21429,21_42_20_13_01_2025,0.47,-7.38,-6.46,0.00,-0.00,-0.00
2073,-0.16,0,-0.00,642,3,21499,21_42_20_13_01_2025,0.51,-7.38,-6.46,0.01,-0.00,-0.00
2043,-0.15,0,-0.00,642,3,21590,21_42_20_13_01_2025,0.52,-7.39,-6.43,0.01,-0.00,-0.00
2253,-0.17,0,-0.00,643,3,21683,21_42_20_13_01_2025,0.47,-7.42,-6.43,0.01,-0.00,-0.00
2042,-0.15,0,-0.00,642,3,21725,21_42_20_13_01_2025,0.52,-7.37,-6.44,0.00,-0.00,0.00
1696,-0.13,0,-0.00,642,3,21790,21_42_20_13_01_2025,0.50,-7.40,-6.42,0.01,-0.00,-0.00
2249,-0.17,0,-0.00,642,3,21881,21_42_20_13_01_2025,0.53,-7.39,-6.43,0.00,-0.00,-0.00
2037,-0.15,0,-0.00,642,3,21920,21_42_20_13_01_2025,0.52,-7.37,-6.40,0.01,-0.00,-0.00
2184,-0.17,0,-0.00,642,3,21991,21_42_20_13_01_2025,0.48,-7.40,-6.45,0.01,-0.01,-0.00
2116,-0.16,0,-0.00,642,3,22082,21_42_20_13_01_2025,0.56,-7.34,-6.44,0.00,-0.00,-0.00
2286,-0.17,0,-0.00,642,3,22120,21_42_20_13_01_2025,0.48,-7.38,-6.43,0.00,-0.00,0.00
2113,-0.16,0,-0.00,642,3,22190,21_42_20_13_01_2025,0.52,-7.39,-6.45,0.00,-0.00,-0.00
2098,-0.16,0,-0.00,642,3,22281,21_42_21_13_01_2025,0.52,-7.41,-6.45,0.01,-0.00,0.00
1902,-0.14,0,-0.00,642,3,22374,21_42_21_13_01_2025,0.50,-7.37,-6.47,0.01,-0.00,-0.00
1980,-0.15,0,-0.00,642,3,22413,21_42_21_13_01_2025,0.51,-7.38,-6.44,0.01,-0.00,-0.00
2283,-0.17,0,-0.00,642,3,22482,21_42_21_13_01_2025,0.48,-7.40,-6.43,0.00,-0.01,0.00
2176,-0.16,0,-0.00,642,3,22573,21_42_21_13_01_2025,0.53,-7.41,-6.42,0.01,-0.00,-0.00
2141,-0.16,0,-0.00,642,3,22611,21_42_21_13_01_2025,0.50,-7.38,-6.44,0.01,-0.00,-0.00
2120,-0.16,0,-0.00,642,3,22682,21_42_21_13_01_2025,0.51,-7.38,-6.45,0.01,-0.00,-0.00
1936,-0.15,0,-0.00,642,3,22772,21_42_21_13_01_2025,0.51,-7.37,-6.45,0.00,-0.00,-0.00
1970,-0.15,0,-0.00,642,3,22811,21_42_21_13_01_2025,0.51,-7.38,-6.43,0.01,-0.00,-0.00
2083,-0.16,0,-0.00,642,3,22881,21_42_21_13_01_2025,0.51,-7.38,-6.43,0.01,-0.00,0.00
2024,-0.15,0,-0.00,642,3,22973,21_42_21_13_01_2025,0.52,-7.35,-6.45,0.00,-0.00,0.00
1979,-0.15,0,-0.00,641,3,23064,21_42_21_13_01_2025,0.51,-7.36,-6.43,0.01,-0.00,-0.00
2111,-0.16,0,-0.00,642,3,23104,21_42_21_13_01_2025,0.50,-7.41,-6.40,0.00,-0.00,-0.00
2033,-0.15,0,-0.00,642,3,23172,21_42_21_13_01_2025,0.51,-7.35,-6.44,0.00,-0.00,0.00
2204,-0.17,0,-0.00,642,3,23264,21_42_22_13_01_2025,0.57,-7.37,-6.43,0.01,-0.00,-0.00
2112,-0.16,0,-0.00,642,3,23306,21_42_22_13_01_2025,0.52,-7.42,-6.42,0.00,-0.01,0.00
2099,-0.16,0,-0.00,641,3,23373,21_42_22_13_01_2025,0.51,-7.35,-6.43,0.00,-0.01,0.00
1973,-0.15,0,-0.00,642,3,23464,21_42_22_13_01_2025,0.53,-7.39,-6.46,0.01,-0.00,-0.00
2153,-0.16,0,-0.00,642,3,23502,21_42_22_13_01_2025,0.73,-7.34,-6.35,0.01,0.01,-0.00
2041,-0.15,0,-0.00,642,3,23572,21_42_22_13_01_2025,0.44,-7.36,-6.46,0.00,-0.01,0.00
2286,-0.17,0,-0.00,642,3,23664,21_42_22_13_01_2025,0.52,-7.44,-6.41,0.01,-0.00,-0.00
2157,-0.16,0,-0.00,642,3,23755,21_42_22_13_01_2025,0.49,-7.39,-6.47,0.00,-0.00,-0.00
2073,-0.16,0,-0.00,641,3,23794,21_42_22_13_01_2025,0.57,-7.37,-6.46,0.00,-0.00,-0.00
2174,-0.16,0,-0.00,641,3,23864,21_42_22_13_01_2025,0.53,-7.42,-6.43,0.01,-0.00,-0.00
2442,-0.19,0,-0.00,642,3,23955,21_42_22_13_01_2025,0.49,-7.42,-6.42,0.01,-0.00,-0.00
1976,-0.15,0,-0.00,642,3,23995,21_42_22_13_01_2025,0.53,-7.36,-6.41,0.01,-0.00,0.00
2155,-0.16,0,-0.00,642,3,24064,21_42_22_13_01_2025,0.50,-7.36,-6.44,0.01,-0.00,-0.00
2017,-0.15,0,-0.00,642,3,24155,21_42_22_13_01_2025,0.57,-7.41,-6.44,0.01,-0.00,-0.00
2272,-0.17,0,-0.00,642,3,24193,21_42_23_13_01_2025,0.46,-7.33,-6.41,0.00,-0.00,-0.00
2501,-0.19,0,-0.00,642,3,24263,21_42_23_13_01_2025,0.46,-7.35,-6.42,0.01,-0.00,-0.00
2131,-0.16,0,-0.00,642,3,24355,21_42_23_13_01_2025,0.54,-7.40,-6.42,0.01,-0.01,0.00
2114,-0.16,0,-0.00,642,3,24446,21_42_23_13_01_2025,0.50,-7.36,-6.42,0.00,-0.00,-0.00
2115,-0.16,0,-0.00,642,3,24485,21_42_23_13_01_2025,0.51,-7.39,-6.46,0.01,-0.00,0.00
2223,-0.17,0,-0.00,642,3,24555,21_42_23_13_01_2025,0.52,-7.39,-6.42,0.01,-0.00,-0.00
2015,-0.15,0,-0.00,642,3,24646,21_42_23_13_01_2025,0.49,-7.42,-6.49,0.01,-0.00,0.00
2161,-0.16,0,-0.00,643,3,24688,21_42_23_13_01_2025,0.53,-7.32,-6.37,0.01,-0.00,-0.00
2155,-0.16,0,-0.00,642,3,24755,21_42_23_13_01_2025,0.54,-7.45,-6.44,0.01,-0.00,-0.00
2065,-0.16,0,-0.00,642,3,24846,21_42_23_13_01_2025,0.56,-7.45,-6.45,0.00,-0.01,0.00
2251,-0.17,0,-0.00,642,3,24886,21_42_23_13_01_2025,0.48,-7.39,-6.44,-0.00,-0.01,0.00
2035,-0.15,0,-0.00,642,3,24955,21_42_23_13_01_2025,0.54,-7.38,-6.46,-0.00,-0.01,0.00
2233,-0.17,0,-0.00,641,3,25046,21_42_23_13_01_2025,0.49,-7.28,-6.47,0.00,-0.01,0.00
1998,-0.15,0,-0.00,642,3,25137,21_42_23_13_01_2025,0.53,-7.38,-6.47,0.01,-0.00,-0.00
2126,-0.16,0,-0.00,642,3,25178,21_42_23_13_01_2025,0.48,-7.40,-6.44,0.00,-0.00,-0.00
2180,-0.17,0,-0.00,642,3,25245,21_42_24_13_01_2025,0.50,-7.29,-6.48,0.01,-0.00,0.00
2140,-0.16,0,-0.00,642,3,25337,21_42_24_13_01_2025,0.53,-7.38,-6.45,0.01,-0.00,0.00
2141,-0.16,0,-0.00,642,3,25382,21_42_24_13_01_2025,0.51,-7.34,-6.47,0.00,-0.00,0.00
2113,-0.16,0,-0.00,642,3,25446,21_42_24_13_01_2025,0.51,-7.39,-6.41,0.00,-0.00,-0.00
1896,-0.14,0,-0.00,642,3,25537,21_42_24_13_01_2025,0.50,-7.38,-6.41,0.01,-0.00,-0.00
2239,-0.17,0,-0.00,642,3,25578,21_42_24_13_01_2025,0.52,-7.41,-6.41,0.00,-0.00,-0.00
2472,-0.19,0,-0.00,642,3,25646,21_42_24_13_01_2025,0.53,-7.33,-6.46,0.00,-0.00,-0.00
1900,-0.14,0,-0.00,642,3,25738,21_42_24_13_01_2025,0.50,-7.34,-6.46,0.01,-0.00,-0.00
2043,-0.15,0,-0.00,642,3,25828,21_42_24_13_01_2025,0.52,-7.37,-6.45,0.01,-0.00,-0.00
2319,-0.18,0,-0.00,642,3,25869,21_42_24_13_01_2025,0.49,-7.40,-6.43,0.00,-0.01,-0.00
1989,-0.15,0,-0.00,642,3,25937,21_42_24_13_01_2025,0.53,-7.31,-6.48,0.00,-0.00,0.00
1876,-0.14,0,-0.00,642,3,26028,21_42_24_13_01_2025,0.52,-7.37,-6.45,0.01,-0.00,0.00
2249,-0.17,0,-0.00,641,3,26070,21_42_24_13_01_2025,0.52,-7.33,-6.48,0.00,-0.00,-0.00
2184,-0.17,0,-0.00,642,3,26137,21_42_24_13_01_2025,0.50,-7.36,-6.44,0.01,-0.00,-0.00
1966,-0.15,0,-0.00,642,3,26228,21_42_24_13_01_2025,0.51,-7.45,-6.43,0.01,-0.00,-0.00
2050,-0.16,0,-0.00,642,3,26269,21_42_25_13_01_2025,0.51,-7.34,-6.41,0.00,-0.00,-0.00
2341,-0.18,0,-0.00,642,3,26338,21_42_25_13_01_2025,0.48,-7.48,-6.56,0.03,-0.00,0.00
2223,-0.17,0,-0.00,642,3,26428,21_42_25_13_01_2025,0.54,-7.76,-6.84,0.02,-0.01,0.00
2085,-0.16,0,-0.00,642,3,26519,21_42_25_13_01_2025,0.49,-7.34,-6.43,0.01,-0.00,-0.00
2165,-0.16,0,-0.00,642,3,26560,21_42_25_13_01_2025,0.56,-7.33,-6.37,0.00,-0.00,-0.00
2346,-0.18,0,-0.00,642,3,26628,21_42_25_13_01_2025,0.49,-7.38,-6.55,0.00,-0.00,0.00
2327,-0.18,0,-0.00,642,3,26719,21_42_25_13_01_2025,0.48,-7.38,-6.45,0.01,-0.00,-0.00
2206,-0.17,0,-0.00,642,3,26761,21_42_25_13_01_2025,0.52,-7.37,-6.47,0.00,-0.00,-0.00
2530,-0.19,0,-0.00,642,3,26828,21_42_25_13_01_2025,0.48,-7.36,-6.41,0.01,-0.00,-0.00
2190,-0.17,0,-0.00,642,3,26919,21_42_25_13_01_2025,0.52,-7.39,-6.42,0.01,-0.00,-0.00
2147,-0.16,0,-0.00,642,3,26960,21_42_25_13_01_2025,0.49,-7.42,-6.43,0.00,-0.00,-0.00
2133,-0.16,0,-0.00,642,3,27028,21_42_25_13_01_2025,0.49,-7.34,-6.44,0.01,-0.00,-0.00
2235,-0.17,0,-0.00,642,3,27119,21_42_25_13_01_2025,0.54,-7.37,-6.44,0.01,-0.00,-0.00
1939,-0.15,0,-0.00,642,3,27210,21_42_25_13_01_2025,0.48,-7.34,-6.46,0.00,-0.00,-0.00
2100,-0.16,0,-0.00,642,3,27251,21_42_26_13_01_2025,0.53,-7.42,-6.40,0.01,-0.00,-0.00
2156,-0.16,0,-0.00,642,3,27319,21_42_26_13_01_2025,0.51,-7.40,-6.42,0.00,-0.00,-0.00
2153,-0.16,0,-0.00,642,3,27410,21_42_26_13_01_2025,0.50,-7.32,-6.45,0.01,-0.00,-0.00
2206,-0.17,0,-0.00,642,3,27456,21_42_26_13_01_2025,0.52,-7.41,-6.43,0.00,-0.00,0.00
1942,-0.15,0,-0.00,642,3,27518,21_42_26_13_01_2025,0.49,-7.36,-6.43,0.00,-0.00,-0.00
2046,-0.16,0,-0.00,642,3,27610,21_42_26_13_01_2025,0.51,-7.39,-6.42,0.01,-0.00,0.00
2035,-0.15,0,-0.00,642,3,27651,21_42_26_13_01_2025,0.50,-7.38,-6.42,0.00,-0.00,-0.00
1965,-0.15,0,-0.00,641,3,27719,21_42_26_13_01_2025,0.50,-7.35,-6.44,0.01,-0.00,-0.00
1927,-0.15,0,-0.00,642,3,27811,21_42_26_13_01_2025,0.51,-7.38,-6.42,0.01,-0.00,-0.00
1944,-0.15,0,-0.00,642,3,27901,21_42_26_13_01_2025,0.50,-7.39,-6.43,0.00,-0.00,-0.00
2051,-0.16,0,-0.00,642,3,27942,21_42_26_13_01_2025,0.52,-7.38,-6.44,0.01,-0.00,-0.00
1927,-0.15,0,-0.00,642,3,28010,21_42_26_13_01_2025,0.52,-7.37,-6.43,0.00,-0.00,-0.00
1898,-0.14,0,-0.00,642,3,28101,21_42_26_13_01_2025,0.51,-7.38,-6.44,0.00,-0.00,0.00
1825,-0.14,0,-0.00,642,3,28148,21_42_26_13_01_2025,0.51,-7.38,-6.43,0.01,-0.00,-0.00
2023,-0.15,0,-0.00,642,3,28210,21_42_27_13_01_2025,0.51,-7.39,-6.43,0.01,-0.00,0.00
2186,-0.17,0,-0.00,642,3,28302,21_42_27_13_01_2025,0.51,-7.36,-6.44,0.01,-0.00,-0.00
1958,-0.15,0,-0.00,642,3,28342,21_42_27_13_01_2025,0.51,-7.42,-6.43,0.01,-0.00,-0.00
2396,-0.18,0,-0.00,643,3,28410,21_42_27_13_01_2025,0.48,-7.39,-6.42,0.00,-0.01,0.00
2174,-0.16,0,-0.00,642,3,28501,21_42_27_13_01_2025,0.52,-7.36,-6.45,0.01,-0.00,-0.00
2067,-0.16,0,-0.00,642,3,28593,21_42_27_13_01_2025,0.48,-7.40,-6.43,0.01,-0.00,-0.00
2086,-0.16,0,-0.00,642,3,28634,21_42_27_13_01_2025,0.54,-7.38,-6.42,0.01,-0.00,-0.00
2012,-0.15,0,-0.00,642,3,28701,21_42_27_13_01_2025,0.51,-7.41,-6.43,0.00,-0.00,-0.00
2054,-0.16,0,-0.00,642,3,28792,21_42_27_13_01_2025,0.50,-7.36,-6.45,0.01,-0.00,-0.00
1861,-0.14,0,-0.00,642,3,28834,21_42_27_13_01_2025,0.52,-7.39,-6.42,0.01,-0.00,0.00
1836,-0.14,0,-0.00,642,3,28902,21_42_27_13_01_2025,0.49,-7.38,-6.43,0.00,-0.00,-0.00
1611,-0.12,0,-0.00,641,3,28992,21_42_27_13_01_2025,0.51,-7.37,-6.44,0.00,-0.00,-0.00
1783,-0.14,0,-0.00,642,3,29033,21_42_27_13_01_2025,0.49,-7.37,-6.44,0.01,-0.00,-0.00
1820,-0.14,0,-0.00,642,3,29102,21_42_27_13_01_2025,0.50,-7.39,-6.41,0.00,-0.00,-0.00
2071,-0.16,0,-0.00,642,3,29193,21_42_27_13_01_2025,0.52,-7.37,-6.43,0.00,-0.00,-0.00
2116,-0.16,0,-0.00,642,3,29283,21_42_28_13_01_2025,0.50,-7.40,-6.43,0.01,-0.00,-0.00
2005,-0.15,0,-0.00,642,3,29324,21_42_28_13_01_2025,0.51,-7.36,-6.44,0.01,-0.00,0.00
2013,-0.15,0,-0.00,642,3,29392,21_42_28_13_01_2025,0.49,-7.39,-6.41,0.01,-0.00,-0.00
2370,-0.18,0,-0.00,642,3,29483,21_42_28_13_01_2025,0.53,-7.38,-6.43,0.01,-0.00,-0.00
2117,-0.16,0,-0.00,642,3,29528,21_42_28_13_01_2025,0.48,-7.39,-6.41,0.01,-0.00,-0.00
2210,-0.17,0,-0.00,642,3,29592,21_42_28_13_01_2025,0.52,-7.39,-6.44,0.01,-0.00,0.00
2011,-0.15,0,-0.00,642,3,29684,21_42_28_13_01_2025,0.53,-7.37,-6.45,0.00,-0.00,0.00
2426,-0.18,0,-0.00,642,3,29725,21_42_28_13_01_2025,0.50,-7.39,-6.43,0.01,-0.00,-0.00
2428,-0.18,0,-0.00,642,3,29792,21_42_28_13_01_2025,0.53,-7.39,-6.44,0.01,-0.00,-0.00
2262,-0.17,0,-0.00,642,3,29883,21_42_28_13_01_2025,0.50,-7.36,-6.43,0.01,-0.00,-0.00
2152,-0.16,0,-0.00,642,3,29975,21_42_28_13_01_2025,0.53,-7.39,-6.44,0.00,-0.00,-0.00
1788,-0.14,0,-0.00,642,3,30015,21_42_28_13_01_2025,0.49,-7.37,-6.43,0.00,-0.00,-0.00
2126,-0.16,0,-0.00,642,3,30084,21_42_28_13_01_2025,0.51,-7.38,-6.43,0.01,-0.00,-0.00
2103,-0.16,0,-0.00,643,3,30175,21_42_28_13_01_2025,0.51,-7.40,-6.43,0.00,-0.00,-0.00
2147,-0.16,0,-0.00,642,3,30217,21_42_29_13_01_2025,0.50,-7.37,-6.44,0.01,-0.00,-0.00
1897,-0.14,0,-0.00,642,3,30283,21_42_29_13_01_2025,0.52,-7.38,-6.44,0.01,-0.00,-0.00
2283,-0.17,0,-0.00,642,3,30375,21_42_29_13_01_2025,0.49,-7.38,-6.43,0.01,-0.00,-0.00
2221,-0.17,0,-0.00,643,3,30417,21_42_29_13_01_2025,0.53,-7.39,-6.42,0.01,-0.00,-0.00
2119,-0.16,0,-0.00,641,3,30484,21_42_29_13_01_2025,0.52,-7.39,-6.43,0.00,-0.00,0.00
2225,-0.17,0,-0.00,642,3,30574,21_42_29_13_01_2025,0.48,-7.36,-6.43,0.01,-0.00,-0.00
2059,-0.16,0,-0.00,642,3,30666,21_42_29_13_01_2025,0.51,-7.38,-6.44,0.01,-0.00,-0.00
2192,-0.17,0,-0.00,642,3,30707,21_42_29_13_01_2025,0.51,-7.37,-6.43,0.01,-0.00,-0.00
2091,-0.16,0,-0.00,642,3,30774,21_42_29_13_01_2025,0.53,-7.38,-6.44,0.00,-0.00,-0.00
2264,-0.17,0,-0.00,642,3,30866,21_42_29_13_01_2025,0.50,-7.39,-6.42,0.01,-0.00,-0.00
2187,-0.17,0,-0.00,642,3,30908,21_42_29_13_01_2025,0.52,-7.38,-6.44,0.01,-0.00,-0.00
2045,-0.15,0,-0.00,642,3,30974,21_42_29_13_01_2025,0.51,-7.38,-6.42,0.01,-0.00,-0.00
2013,-0.15,0,-0.00,642,3,31066,21_42_29_13_01_2025,0.50,-7.37,-6.44,0.01,-0.00,0.00
2475,-0.19,0,-0.00,642,3,31107,21_42_29_13_01_2025,0.51,-7.39,-6.43,0.01,-0.00,-0.00
2153,-0.16,0,-0.00,641,3,31175,21_42_29_13_01_2025,0.51,-7.37,-6.43,0.01,-0.00,-0.00
2252,-0.17,0,-0.00,642,3,31265,21_42_30_13_01_2025,0.51,-7.38,-6.42,0.01,-0.00,-0.00
2284,-0.17,0,-0.00,642,3,31357,21_42_30_13_01_2025,0.51,-7.39,-6.45,0.01,-0.00,-0.00
2254,-0.17,0,-0.00,642,3,31398,21_42_30_13_01_2025,0.50,-7.37,-6.43,0.00,-0.00,-0.00
1938,-0.15,0,-0.00,642,3,31466,21_42_30_13_01_2025,0.51,-7.39,-6.44,0.01,-0.00,-0.00
2198,-0.17,0,-0.00,642,3,31557,21_42_30_13_01_2025,0.51,-7.39,-6.42,0.01,-0.00,-0.00
2041,-0.15,0,-0.00,642,3,31601,21_42_30_13_01_2025,0.50,-7.37,-6.43,0.01,-0.00,-0.00
2265,-0.17,0,-0.00,642,3,31666,21_42_30_13_01_2025,0.50,-7.38,-6.42,0.01,-0.00,-0.00
2258,-0.17,0,-0.00,642,3,31756,21_42_30_13_01_2025,0.51,-7.39,-6.44,0.01,-0.00,-0.00
2478,-0.19,0,-0.00,642,3,31798,21_42_30_13_01_2025,0.51,-7.38,-6.43,0.00,-0.00,0.00
2228,-0.17,0,-0.00,641,3,31866,21_42_30_13_01_2025,0.50,-7.38,-6.43,0.01,-0.00,-0.00
1997,-0.15,0,-0.00,642,3,31956,21_42_30_13_01_2025,0.52,-7.38,-6.45,0.00,-0.00,-0.00
2206,-0.17,0,-0.00,642,3,32048,21_42_30_13_01_2025,0.51,-7.37,-6.44,0.00,-0.00,-0.00
2158,-0.16,0,-0.00,642,3,32089,21_42_30_13_01_2025,0.51,-7.39,-6.41,0.01,-0.00,-0.00
2204,-0.17,0,-0.00,642,3,32157,21_42_30_13_01_2025,0.50,-7.39,-6.44,0.00,-0.00,-0.00
2122,-0.16,0,-0.00,641,3,32249,21_42_31_13_01_2025,0.51,-7.38,-6.43,0.01,-0.00,-0.00
2538,-0.19,0,-0.00,642,3,32290,21_42_31_13_01_2025,0.50,-7.38,-6.44,0.01,-0.00,-0.00
2062,-0.16,0,-0.00,642,3,32356,21_42_31_13_01_2025,0.51,-7.38,-6.43,0.01,-0.00,-0.00
2151,-0.16,0,-0.00,642,3,32448,21_42_31_13_01_2025,0.51,-7.38,-6.43,0.01,-0.00,-0.00
2197,-0.17,0,-0.00,641,3,32490,21_42_31_13_01_2025,0.50,-7.38,-6.42,0.01,-0.00,0.00
2522,-0.19,0,-0.00,642,3,32557,21_42_31_13_01_2025,0.52,-7.38,-6.44,0.01,-0.00,-0.00
2118,-0.16,0,-0.00,642,3,32648,21_42_31_13_01_2025,0.51,-7.38,-6.44,0.01,-0.00,-0.00
2082,-0.16,0,-0.00,642,3,32739,21_42_31_13_01_2025,0.50,-7.38,-6.44,0.01,-0.00,-0.00
2252,-0.17,0,-0.00,642,3,32780,21_42_31_13_01_2025,0.50,-7.38,-6.42,0.01,-0.00,-0.00
2283,-0.17,0,-0.00,642,3,32848,21_42_31_13_01_2025,0.50,-7.37,-6.42,0.01,-0.00,-0.00
2182,-0.17,0,-0.00,642,3,32939,21_42_31_13_01_2025,0.51,-7.37,-6.43,0.01,-0.00,-0.00
2062,-0.16,0,-0.00,641,3,32980,21_42_31_13_01_2025,0.49,-7.37,-6.44,0.01,-0.00,-0.00
2078,-0.16,0,-0.00,642,3,33047,21_42_31_13_01_2025,0.50,-7.35,-6.45,0.01,-0.00,-0.00
2256,-0.17,0,-0.00,642,3,33139,21_42_31_13_01_2025,0.51,-7.38,-6.42,0.01,-0.00,-0.00
2266,-0.17,0,-0.00,642,3,33181,21_42_31_13_01_2025,0.50,-7.38,-6.44,0.00,-0.00,-0.00
2205,-0.17,0,-0.00,642,3,33248,21_42_32_13_01_2025,0.52,-7.36,-6.43,0.00,-0.00,-0.00
2239,-0.17,0,-0.00,642,3,33339,21_42_32_13_01_2025,0.50,-7.38,-6.41,0.01,-0.00,-0.00
2222,-0.17,0,-0.00,642,3,33430,21_42_32_13_01_2025,0.53,-7.37,-6.44,0.01,-0.00,-0.00
2330,-0.18,0,-0.00,642,3,33472,21_42_32_13_01_2025,0.50,-7.38,-6.42,0.01,-0.00,0.00
2286,-0.17,0,-0.00,642,3,33539,21_42_32_13_01_2025,0.52,-7.38,-6.44,0.01,-0.00,-0.00
2216,-0.17,0,-0.00,642,3,33630,21_42_32_13_01_2025,0.50,-7.38,-6.43,0.01,-0.00,-0.00
2293,-0.17,0,-0.00,642,3,33673,21_42_32_13_01_2025,0.51,-7.40,-6.47,0.00,-0.00,-0.00
2303,-0.17,0,-0.00,642,3,33738,21_42_32_13_01_2025,0.54,-7.36,-6.44,0.01,-0.01,-0.00
2205,-0.17,0,-0.00,641,3,33830,21_42_32_13_01_2025,0.50,-7.37,-6.43,0.01,-0.00,-0.00
2051,-0.16,0,-0.00,642,3,33872,21_42_32_13_01_2025,0.53,-7.36,-6.43,0.00,-0.00,-0.00
2224,-0.17,0,-0.00,642,3,33940,21_42_32_13_01_2025,0.51,-7.39,-6.43,0.00,-0.00,0.00
2227,-0.17,0,-0.00,642,3,34030,21_42_32_13_01_2025,0.50,-7.40,-6.42,0.01,-0.00,-0.00
2228,-0.17,0,-0.00,642,3,34121,21_42_32_13_01_2025,0.52,-7.37,-6.43,0.00,-0.00,0.00
2221,-0.17,0,-0.00,642,3,34161,21_42_32_13_01_2025,0.51,-7.39,-6.43,0.01,-0.00,-0.00
2088,-0.16,0,-0.00,642,3,34230,21_42_33_13_01_2025,0.52,-7.38,-6.42,0.00,-0.00,-0.00
1884,-0.14,0,-0.00,642,3,34321,21_42_33_13_01_2025,0.50,-7.39,-6.42,0.00,-0.00,0.00
2206,-0.17,0,-0.00,641,3,34362,21_42_33_13_01_2025,0.51,-7.39,-6.44,0.01,-0.00,-0.00
2181,-0.17,0,-0.00,642,3,34430,21_42_33_13_01_2025,0.52,-7.37,-6.44,0.00,-0.00,-0.00
2144,-0.16,0,-0.00,642,3,34521,21_42_33_13_01_2025,0.49,-7.40,-6.44,0.00,-0.00,-0.00
2194,-0.17,0,-0.00,643,3,34563,21_42_33_13_01_2025,0.53,-7.34,-6.44,0.01,-0.00,-0.00
2011,-0.15,0,-0.00,642,3,34630,21_42_33_13_01_2025,0.51,-7.39,-6.46,0.01,-0.00,0.00
1765,-0.13,0,-0.00,642,3,34721,21_42_33_13_01_2025,0.50,-7.41,-6.42,0.01,-0.00,-0.00
2308,-0.17,0,-0.00,642,3,34812,21_42_33_13_01_2025,0.50,-7.37,-6.43,0.01,-0.00,-0.00
1892,-0.14,0,-0.00,642,3,34852,21_42_33_13_01_2025,0.51,-7.37,-6.43,0.00,-0.00,0.00
2018,-0.15,0,-0.00,642,3,34921,21_42_33_13_01_2025,0.51,-7.36,-6.44,0.00,-0.00,-0.00
2295,-0.17,0,-0.00,642,3,35012,21_42_33_13_01_2025,0.50,-7.40,-6.42,0.01,-0.00,-0.00
2224,-0.17,0,-0.00,642,3,35052,21_42_33_13_01_2025,0.52,-7.38,-6.45,0.01,-0.00,-0.00
2146,-0.16,0,-0.00,642,3,35120,21_42_33_13_01_2025,0.52,-7.38,-6.42,0.01,-0.00,-0.00
2233,-0.17,0,-0.00,642,3,35212,21_42_33_13_01_2025,0.50,-7.36,-6.42,0.01,-0.00,-0.00
2226,-0.17,0,-0.00,642,3,35257,21_42_34_13_01_2025,0.50,-7.40,-6.43,0.00,-0.00,-0.00
1868,-0.14,0,-0.00,642,3,35321,21_42_34_13_01_2025,0.50,-7.37,-6.44,0.01,-0.00,-0.00
2171,-0.16,0,-0.00,642,3,35412,21_42_34_13_01_2025,0.51,-7.38,-6.42,0.01,-0.00,-0.00
1906,-0.14,0,-0.00,643,3,35503,21_42_34_13_01_2025,0.51,-7.38,-6.43,0.01,-0.00,0.00
2088,-0.16,0,-0.00,642,3,35544,21_42_34_13_01_2025,0.50,-7.38,-6.43,0.00,-0.00,-0.00
2057,-0.16,0,-0.00,642,3,35612,21_42_34_13_01_2025,0.51,-7.37,-6.44,0.01,-0.00,-0.00
1775,-0.13,0,-0.00,642,3,35703,21_42_34_13_01_2025,0.51,-7.39,-6.43,0.01,-0.00,-0.00
2083,-0.16,0,-0.00,641,3,35743,21_42_34_13_01_2025,0.51,-7.37,-6.43,0.00,-0.00,-0.00
2156,-0.16,0,-0.00,642,3,35812,21_42_34_13_01_2025,0.50,-7.38,-6.44,0.01,-0.00,-0.00
2135,-0.16,0,-0.00,642,3,35903,21_42_34_13_01_2025,0.51,-7.38,-6.43,0.01,-0.00,-0.00
2131,-0.16,0,-0.00,642,3,35944,21_42_34_13_01_2025,0.50,-7.37,-6.42,0.01,-0.00,-0.00
1881,-0.14,0,-0.00,642,3,36012,21_42_34_13_01_2025,0.50,-7.38,-6.42,0.01,-0.00,-0.00
1971,-0.15,0,-0.00,641,3,36103,21_42_34_13_01_2025,0.52,-7.38,-6.43,0.01,-0.00,-0.00
2116,-0.16,0,-0.00,642,3,36194,21_42_34_13_01_2025,0.49,-7.40,-6.44,0.00,-0.00,-0.00
1990,-0.15,0,-0.00,642,3,36235,21_42_35_13_01_2025,0.50,-7.37,-6.44,0.01,-0.00,-0.00
2098,-0.16,0,-0.00,641,3,36303,21_42_35_13_01_2025,0.50,-7.38,-6.43,0.01,-0.00,-0.00
2185,-0.17,0,-0.00,642,3,36394,21_42_35_13_01_2025,0.51,-7.39,-6.42,0.01,-0.00,0.00
1945,-0.15,0,-0.00,642,3,36434,21_42_35_13_01_2025,0.50,-7.37,-6.44,0.01,-0.00,-0.00
2021,-0.15,0,-0.00,642,3,36502,21_42_35_13_01_2025,0.50,-7.39,-6.44,0.01,-0.00,-0.00
1976,-0.15,0,-0.00,643,3,36594,21_42_35_13_01_2025,0.52,-7.39,-6.42,0.00,-0.00,-0.00
2259,-0.17,0,-0.00,642,3,36636,21_42_35_13_01_2025,0.49,-7.37,-6.42,0.00,-0.00,-0.00
2201,-0.17,0,-0.00,642,3,36702,21_42_35_13_01_2025,0.50,-7.37,-6.43,0.01,-0.00,-0.00
1974,-0.15,0,-0.00,642,3,36793,21_42_35_13_01_2025,0.52,-7.40,-6.44,0.01,-0.00,-0.00
2083,-0.16,0,-0.00,643,3,36885,21_42_35_13_01_2025,0.51,-7.37,-6.44,0.00,-0.00,-0.00
2406,-0.18,0,-0.00,642,3,36939,21_42_35_13_01_2025,0.53,-7.41,-6.46,0.01,-0.00,0.00
1961,-0.15,0,-0.00,641,3,36994,21_42_35_13_01_2025,0.51,-7.39,-6.42,0.01,-0.00,0.00
2245,-0.17,0,-0.00,642,3,37085,21_42_35_13_01_2025,0.48,-7.40,-6.47,0.01,-0.00,-0.00
1941,-0.15,0,-0.00,642,3,37125,21_42_35_13_01_2025,0.50,-7.41,-6.42,0.01,-0.00,0.00
2362,-0.18,0,-0.00,642,3,37194,21_42_35_13_01_2025,0.47,-7.36,-6.41,0.00,-0.00,-0.00
2166,-0.16,0,-0.00,642,3,37285,21_42_36_13_01_2025,0.53,-7.38,-6.45,0.01,-0.00,0.00
2113,-0.16,0,-0.00,642,3,37329,21_42_36_13_01_2025,0.50,-7.37,-6.45,0.00,-0.00,-0.00
2231,-0.17,0,-0.00,642,3,37394,21_42_36_13_01_2025,0.51,-7.40,-6.44,0.01,-0.00,-0.00
1987,-0.15,0,-0.00,642,3,37485,21_42_36_13_01_2025,0.51,-7.41,-6.43,0.01,-0.00,-0.00
2247,-0.17,0,-0.00,642,3,37576,21_42_36_13_01_2025,0.50,-7.37,-6.42,0.01,-0.00,-0.00
2353,-0.18,0,-0.00,642,3,37618,21_42_36_13_01_2025,0.52,-7.38,-6.42,0.01,-0.00,-0.00
2278,-0.17,0,-0.00,643,3,37685,21_42_36_13_01_2025,0.48,-7.38,-6.42,0.01,-0.00,-0.00
2382,-0.18,0,-0.00,643,3,37776,21_42_36_13_01_2025,0.53,-7.37,-6.44,0.01,-0.00,-0.00
2125,-0.16,0,-0.00,642,3,37817,21_42_36_13_01_2025,0.48,-7.40,-6.42,0.01,-0.00,-0.00
2024,-0.15,0,-0.00,642,3,37885,21_42_36_13_01_2025,0.51,-7.36,-6.42,0.01,-0.00,-0.00
1751,-0.13,0,-0.00,642,3,37976,21_42_36_13_01_2025,0.51,-7.35,-6.42,0.01,-0.00,-0.00
2112,-0.16,0,-0.00,642,3,38018,21_42_36_13_01_2025,0.52,-7.39,-6.45,0.00,-0.00,-0.00
2025,-0.15,0,-0.00,642,3,38085,21_42_36_13_01_2025,0.51,-7.38,-6.44,0.00,-0.00,-0.00
2220,-0.17,0,-0.00,642,3,38176,21_42_36_13_01_2025,0.51,-7.37,-6.44,0.01,-0.00,-0.00
1971,-0.15,0,-0.00,642,3,38268,21_42_37_13_01_2025,0.51,-7.40,-6.42,0.00,-0.00,-0.00
2277,-0.17,0,-0.00,642,3,38309,21_42_37_13_01_2025,0.50,-7.38,-6.43,0.01,-0.00,0.00
2195,-0.17,0,-0.00,642,3,38376,21_42_37_13_01_2025,0.50,-7.39,-6.42,0.01,-0.00,-0.00
2062,-0.16,0,-0.00,642,3,38467,21_42_37_13_01_2025,0.51,-7.36,-6.44,0.01,-0.00,-0.00
2020,-0.15,0,-0.00,642,3,38508,21_42_37_13_01_2025,0.50,-7.39,-6.43,0.00,-0.00,-0.00
2102,-0.16,0,-0.00,642,3,38576,21_42_37_13_01_2025,0.51,-7.37,-6.43,0.01,-0.00,-0.00
2138,-0.16,0,-0.00,642,3,38668,21_42_37_13_01_2025,0.52,-7.37,-6.44,0.01,-0.00,-0.00
2054,-0.16,0,-0.00,642,3,38709,21_42_37_13_01_2025,0.50,-7.37,-6.44,0.01,-0.00,-0.00
2286,-0.17,0,-0.00,642,3,38775,21_42_37_13_01_2025,0.54,-7.39,-6.44,0.00,-0.00,-0.00
2430,-0.18,0,-0.00,643,3,38867,21_42_37_13_01_2025,0.50,-7.38,-6.44,0.00,-0.00,-0.00
1839,-0.14,0,-0.00,642,3,38959,21_42_37_13_01_2025,0.53,-7.37,-6.43,0.00,-0.00,-0.00
2151,-0.16,0,-0.00,642,3,39003,21_42_37_13_01_2025,0.49,-7.37,-6.43,0.00,-0.00,-0.00
2357,-0.18,0,-0.00,642,3,39067,21_42_37_13_01_2025,0.50,-7.38,-6.45,0.01,-0.00,0.00
2030,-0.15,0,-0.00,642,3,39159,21_42_37_13_01_2025,0.52,-7.39,-6.43,0.00,-0.00,-0.00
2279,-0.17,0,-0.00,642,3,39199,21_42_38_13_01_2025,0.50,-7.37,-6.44,0.01,-0.00,-0.00
2248,-0.17,0,-0.00,642,3,39267,21_42_38_13_01_2025,0.51,-7.39,-6.43,0.00,-0.00,-0.00
2222,-0.17,0,-0.00,642,3,39359,21_42_38_13_01_2025,0.51,-7.37,-6.44,0.01,-0.00,-0.00
2157,-0.16,0,-0.00,642,3,39403,21_42_38_13_01_2025,0.51,-7.39,-6.43,0.01,-0.00,-0.00
1968,-0.15,0,-0.00,642,3,39467,21_42_38_13_01_2025,0.52,-7.36,-6.44,0.00,-0.00,-0.00
2048,-0.16,0,-0.00,642,3,39558,21_42_38_13_01_2025,0.49,-7.39,-6.43,0.01,-0.00,-0.00
2275,-0.17,0,-0.00,642,3,39649,21_42_38_13_01_2025,0.52,-7.38,-6.44,0.00,-0.00,-0.00
2163,-0.16,0,-0.00,642,3,39691,21_42_38_13_01_2025,0.50,-7.38,-6.44,0.01,-0.00,-0.00
2199,-0.17,0,-0.00,643,3,39758,21_42_38_13_01_2025,0.51,-7.38,-6.43,0.01,-0.00,-0.00
2362,-0.18,0,-0.00,642,3,39849,21_42_38_13_01_2025,0.50,-7.41,-6.43,0.01,-0.00,-0.00
2495,-0.19,0,-0.00,642,3,39890,21_42_38_13_01_2025,0.52,-7.38,-6.43,0.00,-0.00,-0.00
2204,-0.17,0,-0.00,642,3,39958,21_42_38_13_01_2025,0.51,-7.38,-6.45,0.01,-0.00,-0.00
2184,-0.17,0,-0.00,642,3,40051,21_42_38_13_01_2025,0.50,-7.38,-6.43,0.01,-0.00,-0.00
2330,-0.18,0,-0.00,642,3,40092,21_42_38_13_01_2025,0.50,-7.38,-6.44,0.01,-0.00,-0.00
2075,-0.16,0,-0.00,642,3,40158,21_42_38_13_01_2025,0.50,-7.38,-6.43,0.00,-0.00,-0.00
2029,-0.15,0,-0.00,642,3,40250,21_42_39_13_01_2025,0.52,-7.38,-6.43,0.00,-0.00,-0.00
2268,-0.17,0,-0.00,642,3,40340,21_42_39_13_01_2025,0.51,-7.37,-6.44,0.01,-0.00,-0.00
2199,-0.17,0,-0.00,642,3,40382,21_42_39_13_01_2025,0.51,-7.38,-6.42,0.00,-0.00,-0.00
1871,-0.14,0,-0.00,642,3,40449,21_42_39_13_01_2025,0.52,-7.39,-6.43,0.01,-0.00,-0.00
2368,-0.18,0,-0.00,642,3,40541,21_42_39_13_01_2025,0.50,-7.40,-6.44,0.01,-0.00,0.00
2329,-0.18,0,-0.00,642,3,40581,21_42_39_13_01_2025,0.52,-7.37,-6.44,0.01,-0.00,-0.00
2250,-0.17,0,-0.00,642,3,40649,21_42_39_13_01_2025,0.50,-7.38,-6.42,0.01,-0.00,-0.00
2210,-0.17,0,-0.00,641,3,40742,21_42_39_13_01_2025,0.51,-7.39,-6.43,0.00,-0.00,-0.00
2207,-0.17,0,-0.00,642,3,40783,21_42_39_13_01_2025,0.50,-7.38,-6.43,0.01,-0.00,-0.00
2108,-0.16,0,-0.00,642,3,40849,21_42_39_13_01_2025,0.50,-7.38,-6.44,0.01,-0.00,-0.00
2150,-0.16,0,-0.00,642,3,40940,21_42_39_13_01_2025,0.50,-7.37,-6.44,0.01,-0.00,-0.00
2337,-0.18,0,-0.00,642,3,41031,21_42_39_13_01_2025,0.51,-7.39,-6.43,0.01,-0.00,0.00
1969,-0.15,0,-0.00,642,3,41075,21_42_39_13_01_2025,0.51,-7.38,-6.43,0.01,-0.00,-0.00
2218,-0.17,0,-0.00,642,3,41141,21_42_39_13_01_2025,0.51,-7.38,-6.43,0.01,-0.00,-0.00
2195,-0.17,0,-0.00,642,3,41232,21_42_39_13_01_2025,0.52,-7.37,-6.44,0.01,-0.00,-0.00
2190,-0.17,0,-0.00,642,3,41272,21_42_40_13_01_2025,0.51,-7.36,-6.42,0.01,-0.00,-0.00
2224,-0.17,0,-0.00,642,3,41341,21_42_40_13_01_2025,0.51,-7.41,-6.44,0.01,-0.00,-0.00
2493,-0.19,0,-0.00,642,3,41432,21_42_40_13_01_2025,0.52,-7.37,-6.43,0.00,-0.00,-0.00
2284,-0.17,0,-0.00,642,3,41476,21_42_40_13_01_2025,0.49,-7.38,-6.44,0.01,-0.00,-0.00
2186,-0.17,0,-0.00,642,3,41539,21_42_40_13_01_2025,0.52,-7.39,-6.42,0.01,-0.00,-0.00
2012,-0.15,0,-0.00,642,3,41631,21_42_40_13_01_2025,0.51,-7.37,-6.45,0.01,-0.00,-0.00
2183,-0.17,0,-0.00,642,3,41723,21_42_40_13_01_2025,0.50,-7.37,-6.42,0.01,-0.00,-0.00
2188,-0.17,0,-0.00,642,3,41765,21_42_40_13_01_2025,0.51,-7.38,-6.44,0.01,-0.00,-0.00
2057,-0.16,0,-0.00,642,3,41831,21_42_40_13_01_2025,0.51,-7.39,-6.43,0.00,-0.00,0.00
2421,-0.18,0,-0.00,642,3,41922,21_42_40_13_01_2025,0.50,-7.38,-6.44,0.01,-0.01,0.00
2075,-0.16,0,-0.00,642,3,41963,21_42_40_13_01_2025,0.51,-7.39,-6.43,0.01,-0.00,-0.00
2107,-0.16,0,-0.00,642,3,42032,21_42_40_13_01_2025,0.50,-7.38,-6.43,0.01,-0.00,-0.00
1933,-0.15,0,-0.00,642,3,42123,21_42_40_13_01_2025,0.52,-7.37,-6.43,0.00,-0.00,-0.00
2226,-0.17,0,-0.00,642,3,42164,21_42_40_13_01_2025,0.51,-7.37,-6.44,0.01,-0.00,-0.00
1976,-0.15,0,-0.00,642,3,42230,21_42_41_13_01_2025,0.50,-7.39,-6.44,0.00,-0.00,-0.00
2199,-0.17,0,-0.00,643,3,42323,21_42_41_13_01_2025,0.51,-7.39,-6.45,0.00,-0.00,-0.00
1893,-0.14,0,-0.00,642,3,42414,21_42_41_13_01_2025,0.51,-7.39,-6.42,0.01,-0.00,-0.00
2101,-0.16,0,-0.00,642,3,42455,21_42_41_13_01_2025,0.51,-7.37,-6.44,0.01,-0.00,-0.00
2188,-0.17,0,-0.00,642,3,42523,21_42_41_13_01_2025,0.51,-7.38,-6.42,0.01,-0.00,-0.00
2554,-0.19,0,-0.00,642,3,42614,21_42_41_13_01_2025,0.49,-7.38,-6.46,0.00,-0.00,-0.00
2328,-0.18,0,-0.00,642,3,42655,21_42_41_13_01_2025,0.49,-7.37,-6.42,0.01,-0.00,-0.00
2320,-0.18,0,-0.00,642,3,42722,21_42_41_13_01_2025,0.51,-7.38,-6.40,0.01,-0.00,-0.00
2224,-0.17,0,-0.00,641,3,42815,21_42_41_13_01_2025,0.51,-7.40,-6.42,0.00,-0.00,-0.00
2013,-0.15,0,-0.00,642,3,42855,21_42_41_13_01_2025,0.54,-7.43,-6.44,-0.01,-0.00,-0.00
2095,-0.16,0,-0.00,642,3,42922,21_42_41_13_01_2025,0.55,-7.23,-6.39,-0.00,-0.01,0.00
2252,-0.17,0,-0.00,643,3,43013,21_42_41_13_01_2025,0.42,-7.28,-6.44,0.01,-0.00,-0.00
2121,-0.16,0,-0.00,642,3,43105,21_42_41_13_01_2025,0.61,-7.42,-6.39,0.00,-0.00,0.00
1820,-0.14,0,-0.00,641,3,43149,21_42_41_13_01_2025,0.41,-7.34,-6.45,0.01,-0.00,-0.00
2077,-0.16,0,-0.00,642,3,43213,21_42_41_13_01_2025,0.51,-7.43,-6.46,0.01,-0.00,-0.00
2112,-0.16,0,-0.00,642,3,43305,21_42_42_13_01_2025,0.56,-7.42,-6.45,0.01,-0.00,-0.00
2169,-0.16,0,-0.00,643,3,43346,21_42_42_13_01_2025,0.47,-7.34,-6.48,0.01,-0.00,-0.00
2104,-0.16,0,-0.00,642,3,43414,21_42_42_13_01_2025,0.56,-7.33,-6.44,0.01,-0.00,-0.00
2067,-0.16,0,-0.00,643,3,43504,21_42_42_13_01_2025,0.48,-7.42,-6.41,0.01,-0.00,-0.00
2182,-0.17,0,-0.00,642,3,43548,21_42_42_13_01_2025,0.58,-7.31,-6.42,0.01,-0.00,-0.00
2122,-0.16,0,-0.00,643,3,43613,21_42_42_13_01_2025,0.54,-7.42,-6.42,0.01,-0.00,-0.00
2547,-0.19,0,-0.00,642,3,43704,21_42_42_13_01_2025,0.45,-7.33,-6.44,0.00,-0.00,-0.00
2084,-0.16,0,-0.00,642,3,43796,21_42_42_13_01_2025,0.57,-7.43,-6.42,0.01,-0.00,-0.00
2136,-0.16,0,-0.00,642,3,43837,21_42_42_13_01_2025,0.44,-7.28,-6.50,0.00,-0.00,-0.00
2018,-0.15,0,-0.00,642,3,43904,21_42_42_13_01_2025,0.52,-7.39,-6.46,0.01,-0.00,-0.00
2421,-0.18,0,-0.00,642,3,43996,21_42_42_13_01_2025,0.55,-7.43,-6.38,0.00,-0.00,-0.00
2232,-0.17,0,-0.00,642,3,44037,21_42_42_13_01_2025,0.47,-7.31,-6.47,0.01,-0.00,-0.00
2097,-0.16,0,-0.00,642,3,44105,21_42_42_13_01_2025,0.54,-7.40,-6.43,0.01,-0.00,-0.00
2143,-0.16,0,-0.00,642,3,44196,21_42_42_13_01_2025,0.50,-7.39,-6.44,0.00,-0.00,-0.00
2094,-0.16,0,-0.00,642,3,44236,21_42_43_13_01_2025,0.51,-7.36,-6.45,0.01,-0.00,-0.00
2208,-0.17,0,-0.00,642,3,44304,21_42_43_13_01_2025,0.51,-7.36,-6.43,0.01,-0.00,-0.00
1942,-0.15,0,-0.00,643,3,44395,21_42_43_13_01_2025,0.50,-7.38,-6.44,0.00,-0.00,-0.00
1793,-0.14,0,-0.00,642,3,44487,21_42_43_13_01_2025,0.50,-7.36,-6.44,0.01,-0.00,-0.00
1842,-0.14,0,-0.00,642,3,44528,21_42_43_13_01_2025,0.50,-7.35,-6.42,0.01,-0.00,-0.00
2457,-0.19,0,-0.00,642,3,44595,21_42_43_13_01_2025,0.53,-7.34,-6.46,0.01,-0.00,-0.00
2117,-0.16,0,-0.00,642,3,44687,21_42_43_13_01_2025,0.52,-7.36,-6.44,0.00,-0.00,-0.00
2259,-0.17,0,-0.00,642,3,44727,21_42_43_13_01_2025,0.52,-7.37,-6.49,0.01,-0.00,-0.00
2145,-0.16,0,-0.00,643,3,44796,21_42_43_13_01_2025,0.50,-7.37,-6.33,0.01,-0.00,-0.00
1995,-0.15,0,-0.00,642,3,44888,21_42_43_13_01_2025,0.52,-7.38,-6.39,0.00,-0.01,0.00
2003,-0.15,0,-0.00,642,3,44929,21_42_43_13_01_2025,0.47,-7.40,-6.44,0.01,-0.00,-0.00
1978,-0.15,0,-0.00,642,3,44995,21_42_43_13_01_2025,0.51,-7.37,-6.45,0.01,-0.00,-0.00
1923,-0.15,0,-0.00,641,3,45087,21_42_43_13_01_2025,0.54,-7.37,-6.48,0.00,-0.00,-0.00
1883,-0.14,0,-0.00,642,3,45179,21_42_43_13_01_2025,0.50,-7.34,-6.44,0.01,-0.00,0.00
2313,-0.18,0,-0.00,642,3,45224,21_42_44_13_01_2025,0.51,-7.38,-6.47,0.00,-0.01,-0.00
2044,-0.15,0,-0.00,642,3,45287,21_42_44_13_01_2025,0.47,-7.30,-6.45,0.01,-0.00,-0.00
1997,-0.15,0,-0.00,642,3,45379,21_42_44_13_01_2025,0.53,-7.34,-6.43,0.01,-0.00,0.00
2231,-0.17,0,-0.00,642,3,45421,21_42_44_13_01_2025,0.49,-7.35,-6.47,0.00,-0.00,0.00
2155,-0.16,0,-0.00,642,3,45487,21_42_44_13_01_2025,0.48,-7.37,-6.44,0.01,-0.00,-0.00
2101,-0.16,0,-0.00,642,3,45578,21_42_44_13_01_2025,0.53,-7.41,-6.42,0.01,-0.00,-0.00
2180,-0.17,0,-0.00,641,3,45621,21_42_44_13_01_2025,0.47,-7.36,-6.45,0.01,-0.00,-0.00
2250,-0.17,0,-0.00,641,3,45687,21_42_44_13_01_2025,0.53,-7.39,-6.44,0.01,-0.00,-0.00
2219,-0.17,0,-0.00,642,3,45778,21_42_44_13_01_2025,0.52,-7.38,-6.42,0.00,-0.01,-0.00
2217,-0.17,0,-0.00,642,3,45869,21_42_44_13_01_2025,0.51,-7.37,-6.44,0.01,-0.00,-0.00
2420,-0.18,0,-0.00,642,3,45911,21_42_44_13_01_2025,0.52,-7.38,-6.44,0.00,-0.00,-0.00
2383,-0.18,0,-0.00,641,3,45978,21_42_44_13_01_2025,0.49,-7.35,-6.45,0.01,-0.00,-0.00
2070,-0.16,0,-0.00,641,3,46069,21_42_44_13_01_2025,0.54,-7.37,-6.44,0.01,-0.00,-0.00
2047,-0.16,0,-0.00,642,3,46111,21_42_44_13_01_2025,0.49,-7.37,-6.44,0.00,-0.00,-0.00
2255,-0.17,0,-0.00,642,3,46178,21_42_44_13_01_2025,0.52,-7.35,-6.45,0.00,-0.00,-0.00
2174,-0.16,0,-0.00,642,3,46269,21_42_45_13_01_2025,0.52,-7.38,-6.43,0.01,-0.00,-0.00
2096,-0.16,0,-0.00,642,3,46310,21_42_45_13_01_2025,0.51,-7.35,-6.45,0.00,-0.00,-0.00
2152,-0.16,0,-0.00,642,3,46377,21_42_45_13_01_2025,0.52,-7.38,-6.46,0.01,-0.00,-0.00
2200,-0.17,0,-0.00,642,3,46470,21_42_45_13_01_2025,0.49,-7.34,-6.46,0.01,-0.00,-0.00
2003,-0.15,0,-0.00,642,3,46561,21_42_45_13_01_2025,0.53,-7.41,-6.40,0.01,-0.00,0.00
2067,-0.16,0,-0.00,642,3,46602,21_42_45_13_01_2025,0.46,-7.34,-6.46,0.01,-0.00,-0.00
2247,-0.17,0,-0.00,642,3,46669,21_42_45_13_01_2025,0.52,-7.38,-6.43,0.01,-0.00,-0.00
2260,-0.17,0,-0.00,642,3,46760,21_42_45_13_01_2025,0.53,-7.37,-6.45,0.00,-0.00,-0.00
2112,-0.16,0,-0.00,642,3,46804,21_42_45_13_01_2025,0.50,-7.36,-6.44,0.01,-0.00,-0.00
2023,-0.15,0,-0.00,642,3,46870,21_42_45_13_01_2025,0.53,-7.37,-6.45,0.01,-0.00,-0.00
2147,-0.16,0,-0.00,642,3,46960,21_42_45_13_01_2025,0.50,-7.39,-6.43,0.00,-0.00,0.00
2001,-0.15,0,-0.00,642,3,47001,21_42_45_13_01_2025,0.52,-7.36,-6.46,0.01,-0.00,-0.00
2495,-0.19,0,-0.00,644,3,47069,21_42_45_13_01_2025,0.53,-7.39,-6.45,0.01,-0.00,-0.00
2276,-0.17,0,-0.00,642,3,47161,21_42_45_13_01_2025,0.49,-7.38,-6.45,0.00,-0.00,-0.00
1931,-0.15,0,-0.00,642,3,47251,21_42_46_13_01_2025,0.52,-7.39,-6.44,0.01,-0.00,-0.00
1918,-0.15,0,-0.00,642,3,47292,21_42_46_13_01_2025,0.50,-7.35,-6.45,0.00,-0.00,-0.00
1976,-0.15,0,-0.00,642,3,47360,21_42_46_13_01_2025,0.52,-7.35,-6.46,0.01,-0.00,-0.00
2036,-0.15,0,-0.00,643,3,47451,21_42_46_13_01_2025,0.52,-7.39,-6.43,0.00,-0.00,-0.00
2199,-0.17,0,-0.00,642,3,47493,21_42_46_13_01_2025,0.52,-7.37,-6.46,0.00,-0.00,0.00
2249,-0.17,0,-0.00,642,3,47560,21_42_46_13_01_2025,0.49,-7.35,-6.43,0.00,-0.00,0.00
1927,-0.15,0,-0.00,642,3,47651,21_42_46_13_01_2025,0.47,-7.33,-6.43,0.01,-0.00,-0.00
2169,-0.16,0,-0.00,642,3,47691,21_42_46_13_01_2025,0.53,-7.40,-6.44,0.00,-0.00,-0.00
2292,-0.17,0,-0.00,642,3,47760,21_42_46_13_01_2025,0.50,-7.35,-6.44,0.00,-0.00,-0.00
2065,-0.16,0,-0.00,642,3,47852,21_42_46_13_01_2025,0.50,-7.38,-6.45,0.01,-0.00,-0.00
2389,-0.18,0,-0.00,641,3,47943,21_42_46_13_01_2025,0.51,-7.38,-6.43,0.01,-0.00,-0.00
2176,-0.16,0,-0.00,642,3,47984,21_42_46_13_01_2025,0.51,-7.36,-6.43,0.01,-0.00,-0.00
2200,-0.17,0,-0.00,641,3,48051,21_42_46_13_01_2025,0.52,-7.35,-6.46,0.01,-0.00,-0.00
1983,-0.15,0,-0.00,642,3,48142,21_42_46_13_01_2025,0.50,-7.38,-6.43,0.01,-0.00,-0.00
2247,-0.17,0,-0.00,642,3,48184,21_42_46_13_01_2025,0.52,-7.36,-6.45,0.01,-0.00,-0.00
2293,-0.17,0,-0.00,642,3,48252,21_42_47_13_01_2025,0.50,-7.37,-6.45,0.00,-0.00,-0.00
2252,-0.17,0,-0.00,642,3,48342,21_42_47_13_01_2025,0.51,-7.38,-6.45,0.01,-0.00,-0.00
2109,-0.16,0,-0.00,642,3,48382,21_42_47_13_01_2025,0.50,-7.39,-6.45,0.00,-0.00,-0.00
2042,-0.15,0,-0.00,642,3,48451,21_42_47_13_01_2025,0.50,-7.36,-6.43,0.00,-0.00,-0.00
2306,-0.17,0,-0.00,642,3,48543,21_42_47_13_01_2025,0.52,-7.36,-6.45,0.01,-0.00,-0.00
2265,-0.17,0,-0.00,642,3,48633,21_42_47_13_01_2025,0.51,-7.37,-6.45,0.00,-0.00,-0.00
1981,-0.15,0,-0.00,642,3,48674,21_42_47_13_01_2025,0.50,-7.38,-6.45,0.01,-0.00,-0.00
2241,-0.17,0,-0.00,642,3,48742,21_42_47_13_01_2025,0.53,-7.39,-6.44,0.01,-0.00,-0.00
2116,-0.16,0,-0.00,642,3,48833,21_42_47_13_01_2025,0.51,-7.35,-6.45,0.00,-0.00,-0.00
2021,-0.15,0,-0.00,642,3,48877,21_42_47_13_01_2025,0.50,-7.37,-6.45,0.01,-0.00,-0.00
2098,-0.16,0,-0.00,642,3,48942,21_42_47_13_01_2025,0.52,-7.38,-6.44,0.00,-0.00,0.00
2088,-0.16,0,-0.00,642,3,49033,21_42_47_13_01_2025,0.51,-7.37,-6.44,0.00,-0.00,-0.00
2222,-0.17,0,-0.00,642,3,49073,21_42_47_13_01_2025,0.51,-7.37,-6.44,0.00,-0.00,-0.00
2180,-0.17,0,-0.00,642,3,49142,21_42_47_13_01_2025,0.52,-7.37,-6.44,0.01,-0.00,-0.00
2253,-0.17,0,-0.00,642,3,49234,21_42_47_13_01_2025,0.50,-7.37,-6.44,0.01,-0.00,-0.00
2219,-0.17,0,-0.00,642,3,49324,21_42_48_13_01_2025,0.51,-7.37,-6.45,0.01,-0.00,-0.00
2240,-0.17,0,-0.00,642,3,49365,21_42_48_13_01_2025,0.50,-7.37,-6.44,0.01,-0.00,-0.00
2077,-0.16,0,-0.00,642,3,49433,21_42_48_13_01_2025,0.51,-7.37,-6.45,0.01,-0.00,-0.00
2371,-0.18,0,-0.00,643,3,49525,21_42_48_13_01_2025,0.51,-7.36,-6.44,0.01,-0.00,-0.00
2240,-0.17,0,-0.00,642,3,49566,21_42_48_13_01_2025,0.52,-7.37,-6.44,0.01,-0.00,-0.00
2373,-0.18,0,-0.00,642,3,49634,21_42_48_13_01_2025,0.53,-7.38,-6.44,0.01,-0.00,-0.00
2406,-0.18,0,-0.00,642,3,49725,21_42_48_13_01_2025,0.50,-7.36,-6.45,0.01,-0.00,-0.00
2173,-0.16,0,-0.00,643,3,49765,21_42_48_13_01_2025,0.53,-7.38,-6.45,0.01,-0.00,-0.00
2138,-0.16,0,-0.00,642,3,49834,21_42_48_13_01_2025,0.52,-7.39,-6.44,0.01,-0.00,-0.00
2174,-0.16,0,-0.00,642,3,49925,21_42_48_13_01_2025,0.49,-7.35,-6.45,0.00,-0.00,-0.00
2093,-0.16,0,-0.00,642,3,50016,21_42_48_13_01_2025,0.52,-7.38,-6.44,0.01,-0.01,-0.00
2062,-0.16,0,-0.00,640,3,50056,21_42_48_13_01_2025,0.50,-7.36,-6.44,0.00,-0.00,-0.00
2028,-0.15,0,-0.00,642,3,50124,21_42_48_13_01_2025,0.51,-7.38,-6.45,0.01,-0.00,-0.00
2008,-0.15,0,-0.00,642,3,50216,21_42_48_13_01_2025,0.51,-7.37,-6.45,0.01,-0.00,-0.00
2194,-0.17,0,-0.00,642,3,50257,21_42_49_13_01_2025,0.51,-7.37,-6.44,0.01,-0.00,0.00
2307,-0.17,0,-0.00,642,3,50324,21_42_49_13_01_2025,0.52,-7.36,-6.46,0.00,-0.00,-0.00
2191,-0.17,0,-0.00,641,3,50415,21_42_49_13_01_2025,0.50,-7.37,-6.45,0.01,-0.00,-0.00
1865,-0.14,0,-0.00,642,3,50456,21_42_49_13_01_2025,0.51,-7.37,-6.45,0.01,-0.00,0.00
2124,-0.16,0,-0.00,642,3,50525,21_42_49_13_01_2025,0.50,-7.37,-6.43,0.01,-0.00,-0.00
2120,-0.16,0,-0.00,642,3,50615,21_42_49_13_01_2025,0.50,-7.36,-6.44,0.01,-0.00,-0.00
2356,-0.18,0,-0.00,643,3,50707,21_42_49_13_01_2025,0.51,-7.39,-6.44,0.01,-0.00,-0.00
2225,-0.17,0,-0.00,642,3,50747,21_42_49_13_01_2025,0.51,-7.35,-6.45,0.01,-0.00,-0.00
2069,-0.16,0,-0.00,642,3,50815,21_42_49_13_01_2025,0.51,-7.37,-6.44,0.01,-0.00,-0.00
2461,-0.19,0,-0.00,642,3,50907,21_42_49_13_01_2025,0.51,-7.38,-6.44,0.00,-0.00,-0.00
2235,-0.17,0,-0.00,642,3,50957,21_42_49_13_01_2025,0.50,-7.38,-6.44,0.01,-0.00,0.00
2217,-0.17,0,-0.00,642,3,51015,21_42_49_13_01_2025,0.52,-7.38,-6.45,0.01,-0.00,-0.00
2020,-0.15,0,-0.00,642,3,51106,21_42_49_13_01_2025,0.51,-7.36,-6.45,0.00,-0.00,-0.00
2074,-0.16,0,-0.00,642,3,51147,21_42_49_13_01_2025,0.52,-7.37,-6.43,0.00,-0.00,-0.00
2140,-0.16,0,-0.00,642,3,51216,21_42_49_13_01_2025,0.52,-7.38,-6.44,0.01,-0.00,-0.00
2157,-0.16,0,-0.00,642,3,51307,21_42_50_13_01_2025,0.51,-7.38,-6.44,0.00,-0.00,-0.00
2102,-0.16,0,-0.00,643,3,51398,21_42_50_13_01_2025,0.50,-7.37,-6.45,0.00,-0.01,-0.00
2398,-0.18,0,-0.00,641,3,51439,21_42_50_13_01_2025,0.50,-7.37,-6.45,0.00,-0.00,0.00
1970,-0.15,0,-0.00,642,3,51506,21_42_50_13_01_2025,0.51,-7.37,-6.44,0.01,-0.00,-0.00
2137,-0.16,0,-0.00,642,3,51598,21_42_50_13_01_2025,0.51,-7.37,-6.45,0.01,-0.00,-0.00
2106,-0.16,0,-0.00,642,3,51639,21_42_50_13_01_2025,0.51,-7.36,-6.43,0.01,-0.00,0.00
2076,-0.16,0,-0.00,642,3,51706,21_42_50_13_01_2025,0.50,-7.38,-6.45,0.01,-0.00,-0.00
2243,-0.17,0,-0.00,642,3,51798,21_42_50_13_01_2025,0.51,-7.37,-6.45,0.00,-0.00,-0.00
2367,-0.18,0,-0.00,641,3,51838,21_42_50_13_01_2025,0.51,-7.37,-6.44,0.01,-0.00,-0.00
1935,-0.15,0,-0.00,642,3,51906,21_42_50_13_01_2025,0.51,-7.37,-6.44,0.00,-0.00,-0.00
2228,-0.17,0,-0.00,642,3,51998,21_42_50_13_01_2025,0.50,-7.36,-6.45,0.00,-0.00,-0.00
2072,-0.16,0,-0.00,643,3,52089,21_42_50_13_01_2025,0.51,-7.37,-6.44,0.01,-0.00,-0.00
2254,-0.17,0,-0.00,642,3,52130,21_42_50_13_01_2025,0.50,-7.36,-6.45,0.01,-0.00,-0.00
2161,-0.16,0,-0.00,642,3,52197,21_42_50_13_01_2025,0.52,-7.38,-6.43,0.01,-0.00,-0.00
2168,-0.16,0,-0.00,642,3,52289,21_42_51_13_01_2025,0.51,-7.38,-6.44,0.01,-0.00,-0.00
1891,-0.14,0,-0.00,642,3,52330,21_42_51_13_01_2025,0.50,-7.37,-6.44,0.01,-0.00,-0.00
2369,-0.18,0,-0.00,642,3,52397,21_42_51_13_01_2025,0.51,-7.38,-6.45,0.00,-0.00,-0.00
1887,-0.14,0,-0.00,643,3,52489,21_42_51_13_01_2025,0.50,-7.36,-6.44,0.00,-0.00,-0.00
2343,-0.18,0,-0.00,642,3,52569,21_42_51_13_01_2025,0.51,-7.37,-6.44,0.01,-0.00,0.00
2258,-0.17,0,-0.00,642,3,52612,21_42_51_13_01_2025,0.51,-7.37,-6.44,0.01,-0.00,-0.00
