-9001,2.95,0,2.27,633,2.04,1108,09_02_39_17_06_2025,-0.49,-6.70,6.73,0.12,-1.38,0.71
-6000,2.73,679,2.22,633,2.04,1201,09_02_39_17_06_2025,0.08,-6.15,7.02,0.22,-0.02,-0.40
-7193,2.82,710,2.22,634,2.05,1221,09_02_39_17_06_2025,0.07,-5.92,6.82,0.20,0.03,-0.33
-7733,2.86,1430,2.16,633,2.04,1241,09_02_39_17_06_2025,0.14,-5.66,6.59,0.29,0.06,-0.30
-8402,2.91,2057,2.12,633,2.04,1261,09_02_39_17_06_2025,-0.03,-5.27,6.39,0.51,0.08,-0.32
-9204,2.97,2490,2.08,634,2.05,1282,09_02_39_17_06_2025,0.09,-5.19,6.57,0.76,0.07,-0.41
-9371,2.98,2725,2.07,633,2.04,1304,09_02_39_17_06_2025,0.19,-5.13,6.71,0.86,0.01,-0.49
-10361,3.06,2389,2.09,633,2.04,1325,09_02_39_17_06_2025,0.21,-5.12,7.02,0.89,-0.03,-0.51
-10718,3.08,1964,2.12,633,2.04,1345,09_02_39_17_06_2025,0.58,-5.33,7.66,1.09,0.02,-0.42
-10989,3.11,1734,2.14,633,2.04,1365,09_02_39_17_06_2025,0.94,-5.82,8.47,1.16,0.09,-0.21
-11919,3.18,1710,2.14,633,2.04,1386,09_02_39_17_06_2025,0.73,-5.89,8.67,1.17,0.16,0.03
-11947,3.18,1455,2.16,633,2.04,1406,09_02_39_17_06_2025,0.55,-5.52,8.52,1.08,0.23,0.21
-12817,3.24,586,2.23,633,2.04,1429,09_02_39_17_06_2025,0.07,-5.06,8.01,0.79,0.31,0.31
-13053,3.26,-247,2.29,633,2.04,1449,09_02_39_17_06_2025,0.25,-5.09,8.60,0.70,0.30,0.29
-12624,3.23,-708,2.33,634,2.05,1469,09_02_39_17_06_2025,0.32,-5.07,8.88,0.71,0.29,0.31
-12510,3.22,-804,2.33,633,2.04,1490,09_02_39_17_06_2025,-0.05,-5.20,8.95,0.66,0.18,0.36
-13242,3.28,-875,2.34,632,2.04,1510,09_02_39_17_06_2025,-0.28,-5.41,9.33,0.54,0.20,0.39
-13168,3.27,-868,2.34,633,2.04,1530,09_02_39_17_06_2025,-0.37,-5.12,9.52,0.39,0.28,0.35
-13441,3.29,-1475,2.38,633,2.04,1553,09_02_39_17_06_2025,-0.45,-5.30,9.36,0.33,0.37,0.23
-13764,3.32,-1592,2.39,633,2.04,1574,09_02_39_17_06_2025,-0.48,-5.01,9.63,0.36,0.26,0.22
-14079,3.34,-1733,2.40,633,2.04,1594,09_02_39_17_06_2025,-0.49,-4.80,9.44,0.39,0.21,0.20
-14079,3.34,-1787,2.41,633,2.04,1614,09_02_39_17_06_2025,-0.68,-4.59,9.50,0.34,0.16,0.18
-15095,3.42,-1931,2.42,633,2.04,1634,09_02_39_17_06_2025,-0.34,-4.21,9.64,0.35,0.20,0.06
-15042,3.41,-2004,2.42,633,2.04,1654,09_02_39_17_06_2025,-0.47,-4.12,9.39,0.28,0.18,0.09
-14948,3.41,-2094,2.43,633,2.04,1678,09_02_39_17_06_2025,-0.47,-4.02,9.08,0.24,0.15,0.10
-15005,3.41,-2102,2.43,633,2.04,1701,09_02_39_17_06_2025,-0.57,-4.03,9.24,0.29,0.14,0.11
-15169,3.42,-2404,2.45,633,2.04,1721,09_02_39_17_06_2025,-0.54,-3.99,9.42,0.37,0.17,0.09
-15920,3.48,-3119,2.51,633,2.04,1741,09_02_39_17_06_2025,-0.57,-4.02,9.16,0.38,0.16,0.08
-15852,3.47,-3701,2.55,633,2.04,1767,09_02_39_17_06_2025,-0.43,-4.21,9.77,0.53,0.27,0.08
-14730,3.39,-3911,2.57,633,2.04,1790,09_02_39_17_06_2025,0.21,-4.00,9.01,0.46,0.27,0.03
-14150,3.34,-3583,2.54,634,2.05,1810,09_02_39_17_06_2025,-0.82,-5.09,9.94,0.42,0.06,0.20
-13181,3.27,-3109,2.51,633,2.04,1830,09_02_39_17_06_2025,-0.20,-4.50,9.45,0.29,0.22,0.34
-12874,3.25,-2728,2.48,633,2.04,1851,09_02_39_17_06_2025,-0.44,-5.41,8.29,0.11,0.13,0.54
-12231,3.20,-2590,2.47,634,2.05,1871,09_02_39_17_06_2025,-0.89,-4.75,8.42,-0.52,0.01,0.86
-10767,3.09,-2539,2.47,632,2.04,1891,09_02_39_17_06_2025,-0.92,-4.72,8.76,-0.61,0.20,0.82
-10373,3.06,-2116,2.43,633,2.04,1914,09_02_39_17_06_2025,-1.23,-4.78,7.99,-0.68,0.47,0.75
-10748,3.09,-2023,2.43,633,2.04,1935,09_02_39_17_06_2025,-1.17,-5.17,8.14,-0.57,0.55,0.66
-11440,3.14,-2203,2.44,633,2.04,1955,09_02_39_17_06_2025,-0.85,-5.23,8.07,-0.64,0.49,0.59
-11868,3.17,-1349,2.37,633,2.04,1975,09_02_40_17_06_2025,-1.04,-5.53,7.79,-0.69,0.30,0.56
-11563,3.15,-1136,2.36,632,2.04,1996,09_02_40_17_06_2025,-1.36,-5.70,7.54,-0.87,0.02,0.49
-12268,3.20,-1224,2.37,633,2.04,2016,09_02_40_17_06_2025,-1.31,-6.14,7.87,-1.06,-0.23,0.32
-12260,3.20,-1270,2.37,633,2.04,2039,09_02_40_17_06_2025,-0.85,-6.75,8.48,-1.31,-0.23,0.25
-11058,3.11,-1295,2.37,633,2.04,2059,09_02_40_17_06_2025,-0.81,-6.75,7.69,-1.76,-0.17,0.42
-10719,3.08,-995,2.35,633,2.04,2079,09_02_40_17_06_2025,-1.24,-6.60,7.80,-1.97,-0.12,0.76
-10291,3.05,-1147,2.36,633,2.04,2100,09_02_40_17_06_2025,-1.00,-6.73,7.89,-1.99,0.07,0.81
-9759,3.01,-1120,2.36,633,2.04,2120,09_02_40_17_06_2025,-0.94,-6.83,7.65,-1.92,0.21,0.84
-10137,3.04,-1236,2.37,634,2.05,2143,09_02_40_17_06_2025,-1.29,-7.04,7.00,-1.74,0.17,0.74
-10097,3.04,-1436,2.38,632,2.04,2163,09_02_40_17_06_2025,-1.39,-7.54,6.87,-1.53,0.08,0.63
-10064,3.04,-1343,2.37,633,2.04,2183,09_02_40_17_06_2025,-1.20,-8.15,7.12,-1.38,-0.07,0.62
-10363,3.06,-1260,2.37,633,2.04,2203,09_02_40_17_06_2025,-1.41,-8.53,6.85,-1.32,-0.33,0.74
-10727,3.09,-1251,2.37,634,2.05,2224,09_02_40_17_06_2025,-2.06,-8.14,6.11,-1.11,-0.79,0.75
-10571,3.07,-1394,2.38,633,2.04,2244,09_02_40_17_06_2025,-2.13,-7.98,6.27,-0.68,-1.03,0.54
-10661,3.08,-1608,2.39,633,2.04,2267,09_02_40_17_06_2025,-1.96,-7.95,6.12,-0.03,-1.32,0.33
-10707,3.08,-1759,2.41,633,2.04,2290,09_02_40_17_06_2025,-1.63,-7.93,6.08,0.48,-1.89,0.27
-10562,3.07,-1944,2.42,633,2.04,2310,09_02_40_17_06_2025,-1.66,-7.65,6.81,1.00,-2.22,0.24
-10664,3.08,-1988,2.42,634,2.05,2331,09_02_40_17_06_2025,-1.40,-7.14,7.15,1.48,-2.34,0.09
-10536,3.07,-1956,2.42,633,2.04,2351,09_02_40_17_06_2025,-1.04,-6.58,7.41,2.31,-2.43,-0.30
-11170,3.12,-1967,2.42,632,2.04,2376,09_02_40_17_06_2025,-0.87,-8.04,8.76,2.28,-2.34,-0.31
-11098,3.11,-1622,2.40,633,2.04,2402,09_02_40_17_06_2025,-0.36,-5.66,9.21,1.83,-2.01,-0.19
-11018,3.11,-1611,2.39,633,2.04,2425,09_02_40_17_06_2025,0.74,-4.74,8.50,0.87,-1.57,-0.51
-10854,3.10,-1589,2.39,634,2.05,2445,09_02_40_17_06_2025,0.43,-5.62,8.46,0.34,-1.43,-0.75
-10801,3.09,-1364,2.38,634,2.05,2465,09_02_40_17_06_2025,0.94,-5.14,8.47,0.28,-1.45,-0.79
-10584,3.07,-1255,2.37,632,2.04,2486,09_02_40_17_06_2025,1.45,-4.84,8.01,0.15,-1.44,-0.78
-11185,3.12,-1335,2.37,633,2.04,2509,09_02_40_17_06_2025,1.42,-4.58,7.98,0.27,-1.39,-0.70
-10891,3.10,-1277,2.37,633,2.04,2529,09_02_40_17_06_2025,1.53,-4.49,7.75,0.38,-1.33,-0.65
-10998,3.11,-1271,2.37,633,2.04,2549,09_02_40_17_06_2025,2.45,-4.76,7.83,0.49,-1.24,-0.39
-11095,3.11,-1051,2.35,633,2.04,2570,09_02_40_17_06_2025,2.51,-4.47,7.67,0.63,-1.05,-0.01
-11217,3.12,-1088,2.36,634,2.05,2590,09_02_40_17_06_2025,2.50,-4.07,6.96,0.78,-0.97,0.27
-11207,3.12,-1184,2.36,634,2.05,2610,09_02_40_17_06_2025,2.55,-3.98,6.80,1.05,-0.95,0.43
-11525,3.15,-1288,2.37,633,2.04,2634,09_02_40_17_06_2025,2.63,-4.69,6.88,1.76,-0.88,0.52
-11289,3.13,-1331,2.37,633,2.04,2654,09_02_40_17_06_2025,2.55,-4.28,7.37,2.56,-0.81,0.64
-11103,3.11,-1250,2.37,634,2.05,2674,09_02_40_17_06_2025,2.92,-3.38,7.97,3.23,-0.66,0.77
-10921,3.10,-1586,2.39,634,2.05,2695,09_02_40_17_06_2025,2.96,-1.92,8.68,3.17,-0.13,0.97
-11046,3.11,-1711,2.40,633,2.04,2715,09_02_40_17_06_2025,3.09,-1.41,8.29,2.14,0.27,1.03
-11140,3.12,-1448,2.38,633,2.04,2738,09_02_40_17_06_2025,3.23,-1.61,8.14,1.37,0.47,1.00
-10899,3.10,-1064,2.35,633,2.04,2758,09_02_40_17_06_2025,3.18,-2.23,8.14,0.46,0.54,0.89
-10879,3.10,-869,2.34,633,2.04,2779,09_02_40_17_06_2025,2.72,-2.19,8.45,0.38,0.45,0.66
-10920,3.10,-1062,2.35,633,2.04,2799,09_02_40_17_06_2025,2.30,-2.29,8.45,0.54,0.36,0.49
-11007,3.11,-885,2.34,633,2.04,2819,09_02_40_17_06_2025,2.51,-2.22,8.54,0.67,0.33,0.33
-10776,3.09,-692,2.33,633,2.04,2839,09_02_40_17_06_2025,2.28,-3.02,8.51,0.88,0.30,0.42
-10748,3.09,-692,2.33,633,2.04,2862,09_02_40_17_06_2025,2.48,-2.90,8.69,0.69,0.37,0.38
-10566,3.07,-280,2.29,633,2.04,2883,09_02_40_17_06_2025,1.96,-2.54,8.97,0.56,0.39,0.40
-10973,3.10,-175,2.29,633,2.04,2903,09_02_40_17_06_2025,1.47,-2.05,9.48,0.67,0.32,0.45
-10992,3.11,-69,2.28,634,2.05,2923,09_02_40_17_06_2025,2.31,-2.39,9.70,0.77,0.22,0.45
-11107,3.11,60,2.27,633,2.04,2944,09_02_40_17_06_2025,1.29,-1.64,9.99,0.64,0.25,0.28
-10924,3.10,63,2.27,633,2.04,2967,09_02_41_17_06_2025,1.26,-1.52,9.99,0.39,0.08,-0.01
-10935,3.10,-113,2.28,634,2.05,2991,09_02_41_17_06_2025,1.40,-1.92,9.90,0.25,-0.06,-0.13
-10959,3.10,-356,2.30,633,2.04,3017,09_02_41_17_06_2025,1.20,-2.16,10.08,0.38,-0.19,-0.00
-10021,3.03,152,2.26,633,2.04,3040,09_02_41_17_06_2025,1.38,-1.42,9.73,0.15,-0.12,-0.18
-9513,2.99,129,2.26,633,2.04,3060,09_02_41_17_06_2025,1.42,-1.54,9.60,0.14,-0.13,-0.33
-9095,2.96,-71,2.28,633,2.04,3080,09_02_41_17_06_2025,1.38,-1.27,9.49,0.14,-0.15,-0.55
-8577,2.92,-168,2.29,633,2.04,3100,09_02_41_17_06_2025,0.56,-1.89,9.59,0.32,-0.26,-0.55
-7768,2.86,-447,2.31,633,2.04,3123,09_02_41_17_06_2025,0.66,-0.89,8.95,-0.06,-0.16,-1.15
-7488,2.84,-931,2.34,633,2.04,3143,09_02_41_17_06_2025,0.40,-0.24,8.97,-0.15,-0.15,-1.83
-7520,2.84,-1332,2.37,633,2.04,3164,09_02_41_17_06_2025,1.21,0.22,9.01,-0.31,-0.09,-2.66
-7930,2.87,-1503,2.39,634,2.05,3184,09_02_41_17_06_2025,3.80,0.52,9.76,-0.41,-0.23,-3.13
-8252,2.90,-1970,2.42,633,2.04,3204,09_02_41_17_06_2025,3.29,-0.60,9.36,-0.46,-0.24,-3.20
-8340,2.90,-2500,2.46,634,2.05,3227,09_02_41_17_06_2025,2.92,-2.02,8.59,-0.61,-0.07,-2.78
-8712,2.93,-2603,2.47,634,2.05,3250,09_02_41_17_06_2025,2.78,-2.41,8.56,-0.92,0.33,-1.59
-8662,2.93,-2140,2.43,633,2.04,3270,09_02_41_17_06_2025,2.55,-1.74,8.57,-1.02,0.70,-0.82
-8810,2.94,-1961,2.42,633,2.04,3291,09_02_41_17_06_2025,2.74,-1.15,8.50,-0.96,1.04,-0.44
-8819,2.94,-1716,2.40,633,2.04,3311,09_02_41_17_06_2025,2.52,-1.47,9.37,-0.94,1.23,-0.29
-9059,2.96,-1742,2.40,633,2.04,3331,09_02_41_17_06_2025,1.84,-2.28,9.57,-1.21,1.57,-0.20
-9193,2.97,-1831,2.41,633,2.04,3354,09_02_41_17_06_2025,1.38,-2.18,9.64,-1.32,1.79,-0.20
-9339,2.98,-1628,2.40,633,2.04,3374,09_02_41_17_06_2025,0.67,-2.59,10.03,-1.27,1.90,-0.29
-9624,3.00,-1439,2.38,633,2.04,3395,09_02_41_17_06_2025,0.61,-3.26,10.65,-1.16,1.89,-0.28
-9689,3.01,-1911,2.42,633,2.04,3415,09_02_41_17_06_2025,0.20,-3.37,10.34,-1.14,1.83,-0.26
-9946,3.03,-1709,2.40,633,2.04,3435,09_02_41_17_06_2025,-0.42,-3.68,9.83,-1.10,1.62,-0.29
-9730,3.01,-1587,2.39,633,2.04,3456,09_02_41_17_06_2025,0.28,-3.94,10.18,-1.04,1.22,-0.35
-9693,3.01,-1774,2.41,632,2.04,3479,09_02_41_17_06_2025,-0.69,-4.17,9.83,-1.31,0.75,-0.34
-9887,3.02,-1815,2.41,633,2.04,3499,09_02_41_17_06_2025,-0.64,-4.98,9.19,-1.33,0.55,-0.41
-10004,3.03,-1908,2.42,633,2.04,3519,09_02_41_17_06_2025,-1.14,-4.83,8.21,-1.26,0.46,-0.62
-9894,3.02,-1932,2.42,633,2.04,3540,09_02_41_17_06_2025,-0.53,-5.00,8.40,-1.05,0.33,-0.75
-9726,3.01,-1861,2.41,632,2.04,3560,09_02_41_17_06_2025,0.22,-5.14,8.85,-0.99,0.20,-0.74
-9589,3.00,-2246,2.44,633,2.04,3585,09_02_41_17_06_2025,0.14,-5.23,8.87,-1.06,0.27,-0.59
-9720,3.01,-2064,2.43,633,2.04,3605,09_02_41_17_06_2025,0.52,-5.20,9.13,-0.95,0.34,-0.46
-9620,3.00,-1821,2.41,633,2.04,3626,09_02_41_17_06_2025,0.50,-5.62,10.35,-0.86,0.43,-0.24
-9320,2.98,-1607,2.39,633,2.04,3646,09_02_41_17_06_2025,0.41,-6.00,11.78,-0.79,0.65,-0.10
-9219,2.97,-1400,2.38,633,2.04,3669,09_02_41_17_06_2025,0.16,-5.23,11.35,-1.12,1.07,0.16
-9285,2.98,-1502,2.39,633,2.04,3689,09_02_41_17_06_2025,-0.23,-5.24,10.10,-1.53,1.22,0.08
-9374,2.98,-1376,2.38,633,2.04,3713,09_02_41_17_06_2025,-1.15,-5.83,7.99,-1.40,0.88,-0.11
-9711,3.01,-1573,2.39,633,2.04,3733,09_02_41_17_06_2025,-1.19,-6.05,7.50,-0.99,0.37,-0.24
-9636,3.00,-1661,2.40,633,2.04,3753,09_02_41_17_06_2025,-0.43,-5.22,8.36,-0.42,-0.15,-0.39
-9712,3.01,-1786,2.41,633,2.04,3773,09_02_41_17_06_2025,-0.44,-5.45,7.28,-0.43,-0.36,-0.37
-9921,3.02,-2079,2.43,633,2.04,3794,09_02_41_17_06_2025,0.36,-6.98,8.38,-0.32,-0.40,0.02
-10146,3.04,-1946,2.42,633,2.04,3814,09_02_41_17_06_2025,-1.81,-6.91,6.01,-0.76,-0.24,0.76
-10357,3.06,-1661,2.40,634,2.05,3837,09_02_41_17_06_2025,-1.77,-5.56,6.30,0.24,-0.65,0.56
-10804,3.09,-2369,2.45,633,2.04,3857,09_02_41_17_06_2025,-2.37,-5.37,7.60,0.81,-1.04,0.45
-10779,3.09,-1960,2.42,633,2.04,3878,09_02_41_17_06_2025,-1.45,-2.90,6.88,0.62,-1.14,0.06
-11012,3.11,-1987,2.42,633,2.04,3898,09_02_41_17_06_2025,-1.26,-4.66,7.94,0.32,-1.15,-0.38
-11183,3.12,-1921,2.42,634,2.05,3918,09_02_41_17_06_2025,-1.22,-5.43,7.44,0.51,-0.91,-0.51
-11317,3.13,-1910,2.42,633,2.04,3941,09_02_41_17_06_2025,-0.60,-5.55,8.30,0.73,-0.72,-0.47
-11478,3.14,-1926,2.42,633,2.04,3964,09_02_42_17_06_2025,-1.01,-0.96,11.35,0.70,-0.50,-0.77
-11713,3.16,-1426,2.38,633,2.04,3985,09_02_42_17_06_2025,0.01,-6.04,9.98,0.37,-0.22,-1.05
-11408,3.14,-1086,2.36,633,2.04,4005,09_02_42_17_06_2025,-0.16,-5.65,9.65,0.28,-0.34,-1.00
-11436,3.14,-445,2.31,633,2.04,4025,09_02_42_17_06_2025,-0.61,-6.04,9.29,0.33,-0.57,-0.86
-11263,3.13,-126,2.28,634,2.05,4045,09_02_42_17_06_2025,-0.48,-4.90,9.75,0.43,-0.81,-0.95
-11426,3.14,321,2.25,633,2.04,4068,09_02_42_17_06_2025,0.48,-5.62,9.70,0.20,-1.10,-1.34
-11370,3.13,367,2.24,633,2.04,4088,09_02_42_17_06_2025,0.59,-5.50,9.04,-0.04,-1.17,-1.18
-11525,3.15,693,2.22,633,2.04,4108,09_02_42_17_06_2025,1.28,-5.65,8.72,-0.13,-1.08,-1.14
-11727,3.16,647,2.22,634,2.05,4129,09_02_42_17_06_2025,1.00,-5.15,8.66,-0.12,-0.71,-1.29
-11749,3.16,653,2.22,633,2.04,4149,09_02_42_17_06_2025,1.29,-5.38,7.41,0.08,-0.54,-1.31
-11730,3.16,923,2.20,633,2.04,4169,09_02_42_17_06_2025,1.67,-5.53,6.44,0.37,-0.57,-1.30
-11662,3.16,914,2.20,633,2.04,4194,09_02_42_17_06_2025,1.69,-4.98,6.57,0.84,-0.57,-1.11
-12149,3.19,741,2.22,633,2.04,4214,09_02_42_17_06_2025,1.88,-4.39,6.88,1.20,-0.43,-1.15
-12713,3.24,601,2.23,633,2.04,4235,09_02_42_17_06_2025,3.04,-3.67,8.79,1.06,-0.32,-1.11
-12942,3.25,453,2.24,633,2.04,4255,09_02_42_17_06_2025,3.28,-3.92,8.40,0.63,-0.22,-0.66
-12932,3.25,312,2.25,633,2.04,4275,09_02_42_17_06_2025,3.50,-3.91,7.84,0.66,0.03,-0.32
-13209,3.27,405,2.24,633,2.04,4298,09_02_42_17_06_2025,3.38,-3.26,7.63,0.89,0.18,-0.04
-13430,3.29,223,2.26,634,2.05,4318,09_02_42_17_06_2025,3.39,-2.37,9.10,1.06,0.22,0.04
-13525,3.30,351,2.25,633,2.04,4339,09_02_42_17_06_2025,3.45,-2.63,8.57,0.80,0.16,0.19
-13284,3.28,326,2.25,633,2.04,4359,09_02_42_17_06_2025,3.07,-2.52,8.81,0.69,0.08,0.11
-13256,3.28,536,2.23,634,2.05,4379,09_02_42_17_06_2025,3.75,-2.96,9.70,0.51,0.28,0.22
-12441,3.22,543,2.23,633,2.04,4400,09_02_42_17_06_2025,2.77,-0.66,7.50,0.78,0.27,0.93
-11287,3.13,541,2.23,633,2.04,4423,09_02_42_17_06_2025,2.78,-2.57,9.56,0.65,0.50,0.56
-10735,3.09,910,2.20,633,2.04,4443,09_02_42_17_06_2025,2.98,-2.50,9.12,0.48,0.54,0.60
-10788,3.09,984,2.20,633,2.04,4463,09_02_42_17_06_2025,1.79,-2.57,8.70,0.50,0.56,0.52
-10741,3.09,919,2.20,633,2.04,4484,09_02_42_17_06_2025,1.83,-2.89,8.41,0.59,0.58,0.38
-11025,3.11,523,2.23,633,2.04,4504,09_02_42_17_06_2025,1.69,-3.31,9.22,0.43,0.68,0.50
-11144,3.12,-93,2.28,633,2.04,4524,09_02_42_17_06_2025,1.41,-2.70,8.96,0.27,0.87,0.57
-11135,3.12,-35,2.28,633,2.04,4547,09_02_42_17_06_2025,1.56,-2.50,9.29,0.49,0.76,0.47
-11513,3.14,-153,2.28,633,2.04,4567,09_02_42_17_06_2025,1.96,-2.44,10.30,0.37,0.77,0.64
-11257,3.13,-258,2.29,633,2.04,4588,09_02_42_17_06_2025,1.83,-1.54,9.93,0.32,0.95,0.41
-11396,3.14,-445,2.31,633,2.04,4608,09_02_42_17_06_2025,1.61,-2.06,10.00,0.26,0.84,0.74
-11063,3.11,-614,2.32,633,2.04,4628,09_02_42_17_06_2025,1.51,-2.02,9.59,0.22,0.73,0.71
-10930,3.10,-1002,2.35,633,2.04,4649,09_02_42_17_06_2025,1.55,-2.20,10.02,0.27,0.59,0.72
-11051,3.11,-1065,2.35,633,2.04,4672,09_02_42_17_06_2025,1.51,-2.22,9.68,0.21,0.63,0.85
-10941,3.10,-662,2.32,633,2.04,4692,09_02_42_17_06_2025,1.30,-2.32,9.73,0.15,0.73,1.02
-10983,3.10,-650,2.32,632,2.04,4712,09_02_42_17_06_2025,0.76,-2.57,9.59,0.03,0.91,1.22
-10739,3.09,-612,2.32,633,2.04,4733,09_02_42_17_06_2025,-0.06,-1.83,9.71,0.06,1.02,1.23
-10898,3.10,-480,2.31,633,2.04,4753,09_02_42_17_06_2025,-0.53,-2.76,8.81,0.11,1.07,1.08
-10906,3.10,-41,2.28,633,2.04,4773,09_02_42_17_06_2025,-0.95,-1.37,9.47,0.32,0.94,1.13
-10767,3.09,11,2.27,633,2.04,4797,09_02_42_17_06_2025,-0.98,-1.94,9.55,0.24,0.96,1.12
-10621,3.08,15,2.27,633,2.04,4818,09_02_42_17_06_2025,-2.31,-2.40,9.26,0.27,0.65,0.98
-10296,3.05,-215,2.29,633,2.04,4838,09_02_42_17_06_2025,-2.10,-2.28,9.43,0.34,0.38,0.81
-10494,3.07,-502,2.31,633,2.04,4858,09_02_42_17_06_2025,-2.16,-2.18,9.83,0.36,0.19,0.72
-10381,3.06,-359,2.30,633,2.04,4878,09_02_42_17_06_2025,-1.80,-2.55,9.66,0.47,0.06,0.68
-10266,3.05,-495,2.31,633,2.04,4901,09_02_42_17_06_2025,-2.19,-2.35,9.62,0.41,0.05,0.61
-10670,3.08,-526,2.31,633,2.04,4922,09_02_42_17_06_2025,-2.31,-2.38,9.54,0.48,-0.04,0.49
-10678,3.08,-477,2.31,633,2.04,4942,09_02_42_17_06_2025,-2.09,-2.09,9.80,0.42,-0.13,0.38
-10767,3.09,-351,2.30,633,2.04,4962,09_02_43_17_06_2025,-1.68,-1.89,10.28,-0.05,-0.22,0.30
-10870,3.10,-506,2.31,634,2.05,4982,09_02_43_17_06_2025,-1.64,-1.68,9.98,-0.25,-0.23,0.17
-10292,3.05,-567,2.32,633,2.04,5002,09_02_43_17_06_2025,-1.42,-1.60,9.25,-0.23,-0.29,-0.02
-10024,3.03,-420,2.30,633,2.04,5025,09_02_43_17_06_2025,-1.33,-2.13,9.60,-0.17,-0.34,-0.16
-10094,3.04,-456,2.31,633,2.04,5045,09_02_43_17_06_2025,-0.95,-1.65,9.62,-0.26,-0.30,-0.20
-9946,3.03,-315,2.30,634,2.05,5066,09_02_43_17_06_2025,-0.88,-1.17,8.99,-0.15,-0.25,-0.24
-9977,3.03,-472,2.31,633,2.04,5086,09_02_43_17_06_2025,-0.76,-1.45,9.45,0.06,-0.26,-0.29
-9948,3.03,-497,2.31,633,2.04,5106,09_02_43_17_06_2025,-0.62,-1.40,11.18,0.13,-0.21,-0.29
-10242,3.05,-394,2.30,633,2.04,5126,09_02_43_17_06_2025,-0.81,-1.85,10.05,-0.01,0.33,-0.27
-10247,3.05,36,2.27,633,2.04,5149,09_02_43_17_06_2025,-1.27,-1.43,9.62,0.14,0.24,-0.28
-10222,3.05,-237,2.29,633,2.04,5175,09_02_43_17_06_2025,-1.34,-1.69,10.00,-0.00,0.09,-0.32
-10707,3.08,-202,2.29,633,2.04,5198,09_02_43_17_06_2025,-1.17,-2.12,10.04,-0.09,0.06,-0.13
-10807,3.09,-340,2.30,633,2.04,5218,09_02_43_17_06_2025,-1.19,-2.05,9.73,-0.12,0.05,0.01
-11054,3.11,-381,2.30,633,2.04,5239,09_02_43_17_06_2025,-1.49,-1.94,9.71,-0.11,0.06,0.01
-11336,3.13,-931,2.34,633,2.04,5262,09_02_43_17_06_2025,-1.58,-2.78,7.69,0.12,-0.25,-0.04
-11427,3.14,-979,2.35,633,2.04,5282,09_02_43_17_06_2025,-1.55,-1.29,10.17,0.11,-0.31,-0.09
-11429,3.14,-710,2.33,633,2.04,5302,09_02_43_17_06_2025,-3.35,-1.28,10.04,0.05,-0.01,-0.29
-10602,3.08,-777,2.33,633,2.04,5322,09_02_43_17_06_2025,-1.34,-2.76,8.29,0.20,-0.03,-0.45
-10711,3.08,-838,2.34,632,2.04,5343,09_02_43_17_06_2025,-1.56,-1.90,9.85,0.05,0.06,-0.19
-10891,3.10,-821,2.33,633,2.04,5363,09_02_43_17_06_2025,-1.71,-1.99,9.08,-0.01,0.26,-0.18
-10775,3.09,-1127,2.36,633,2.04,5388,09_02_43_17_06_2025,-0.55,-1.07,9.30,0.09,0.14,-0.46
-10658,3.08,-968,2.35,633,2.04,5409,09_02_43_17_06_2025,-0.74,-1.55,9.99,0.11,-0.08,-0.41
-10268,3.05,-955,2.35,634,2.05,5429,09_02_43_17_06_2025,-0.34,-0.69,10.34,0.13,-0.07,-0.52
-9759,3.01,-1334,2.37,634,2.05,5452,09_02_43_17_06_2025,0.30,-0.82,9.77,0.26,-0.36,-0.45
-9816,3.02,-1840,2.41,633,2.04,5472,09_02_43_17_06_2025,0.52,-1.28,9.36,0.35,-0.55,-0.34
-9760,3.01,-1798,2.41,633,2.04,5493,09_02_43_17_06_2025,0.08,-1.25,9.79,0.33,-0.52,-0.21
-9622,3.00,-1537,2.39,633,2.04,5516,09_02_43_17_06_2025,-0.29,-1.57,10.05,0.21,-0.12,-0.07
-9724,3.01,-1024,2.35,633,2.04,5536,09_02_43_17_06_2025,-0.43,-1.33,10.20,0.18,0.07,-0.06
-9719,3.01,-801,2.33,633,2.04,5556,09_02_43_17_06_2025,-0.47,-1.03,10.58,0.13,0.16,-0.09
-9452,2.99,-402,2.30,633,2.04,5577,09_02_43_17_06_2025,-0.13,-0.78,11.27,0.08,0.12,-0.11
-9474,2.99,91,2.27,633,2.04,5597,09_02_43_17_06_2025,0.54,-0.86,11.99,-0.07,0.01,0.03
-9669,3.01,426,2.24,634,2.05,5620,09_02_43_17_06_2025,1.57,0.16,12.65,-0.17,-0.09,0.14
-10218,3.05,423,2.24,633,2.04,5643,09_02_43_17_06_2025,0.82,0.13,12.17,-0.42,-0.09,0.28
-10328,3.06,410,2.24,633,2.04,5664,09_02_43_17_06_2025,1.31,-0.14,10.87,-0.25,-0.21,0.20
-10200,3.05,218,2.26,633,2.04,5684,09_02_43_17_06_2025,1.20,0.34,9.85,-0.03,-0.52,0.28
-10161,3.04,-731,2.33,633,2.04,5704,09_02_43_17_06_2025,0.48,0.30,10.05,0.19,-0.72,0.44
-10191,3.04,-1317,2.37,634,2.05,5724,09_02_43_17_06_2025,0.41,0.89,9.82,0.66,-0.95,0.54
-10500,3.07,-1046,2.35,633,2.04,5748,09_02_43_17_06_2025,0.26,1.25,9.27,0.93,-1.18,0.33
-10127,3.04,-1396,2.38,633,2.04,5768,09_02_43_17_06_2025,0.80,1.23,9.27,1.17,-1.81,0.04
-10113,3.04,-1249,2.37,633,2.04,5788,09_02_43_17_06_2025,0.63,1.35,9.38,1.33,-2.17,-0.11
-10007,3.03,-1389,2.38,634,2.05,5808,09_02_43_17_06_2025,0.78,1.61,8.86,1.47,-2.42,-0.38
-9786,3.01,-1333,2.37,633,2.04,5829,09_02_43_17_06_2025,1.32,1.89,8.28,1.72,-2.55,-0.75
-9860,3.02,-1393,2.38,633,2.04,5849,09_02_43_17_06_2025,2.17,2.91,8.24,2.16,-2.53,-1.03
-10125,3.04,-1261,2.37,633,2.04,5872,09_02_43_17_06_2025,4.24,2.87,9.85,2.74,-2.36,-0.79
-10666,3.08,-1480,2.38,632,2.04,5892,09_02_43_17_06_2025,4.22,2.92,8.10,2.97,-1.89,-0.41
-10651,3.08,-1546,2.39,633,2.04,5912,09_02_43_17_06_2025,4.24,3.00,8.75,3.16,-1.68,-0.01
-10853,3.09,-1411,2.38,633,2.04,5932,09_02_43_17_06_2025,3.29,3.88,8.74,3.22,-1.14,0.20
-11241,3.12,-1495,2.39,633,2.04,5953,09_02_43_17_06_2025,3.14,3.72,8.49,3.29,-1.02,0.22
-11399,3.14,-1242,2.37,633,2.04,5976,09_02_44_17_06_2025,3.25,3.96,7.30,3.33,-0.93,0.33
-11544,3.15,-1405,2.38,633,2.04,5998,09_02_44_17_06_2025,3.46,4.30,6.84,3.67,-1.05,0.39
-11875,3.17,-1887,2.42,633,2.04,6019,09_02_44_17_06_2025,3.40,5.13,6.90,3.96,-1.11,0.55
-12089,3.19,-1593,2.39,633,2.04,6039,09_02_44_17_06_2025,3.16,4.84,6.87,4.07,-0.97,0.63
-12134,3.19,-1648,2.40,633,2.04,6059,09_02_44_17_06_2025,3.26,5.93,6.61,4.06,-0.64,0.64
-12272,3.20,-1747,2.41,634,2.05,6082,09_02_44_17_06_2025,3.74,5.96,6.35,4.11,-0.52,0.73
-12216,3.20,-1445,2.38,632,2.04,6105,09_02_44_17_06_2025,3.92,6.10,5.25,4.11,-0.39,0.55
-12324,3.21,-1522,2.39,633,2.04,6128,09_02_44_17_06_2025,4.70,7.20,4.42,4.22,-0.48,0.63
-12274,3.20,-1704,2.40,633,2.04,6148,09_02_44_17_06_2025,5.41,8.15,3.25,4.40,-0.81,0.57
-12197,3.20,-1780,2.41,633,2.04,6169,09_02_44_17_06_2025,5.34,8.25,3.08,4.51,-1.31,0.51
-11831,3.17,-2030,2.43,633,2.04,6189,09_02_44_17_06_2025,5.49,8.43,2.63,4.26,-1.38,0.46
-11948,3.18,-1572,2.39,633,2.04,6209,09_02_44_17_06_2025,6.28,8.35,1.93,3.80,-1.34,0.39
-11941,3.18,-1147,2.36,633,2.04,6232,09_02_44_17_06_2025,6.71,8.44,0.39,3.24,-1.09,0.53
-12057,3.19,-989,2.35,633,2.04,6253,09_02_44_17_06_2025,6.44,8.99,-0.57,3.20,-1.28,0.63
-11487,3.14,-899,2.34,633,2.04,6273,09_02_44_17_06_2025,6.75,8.47,-1.01,3.41,-1.89,0.53
-11299,3.13,-983,2.35,633,2.04,6293,09_02_44_17_06_2025,6.51,7.51,-3.20,3.65,-2.44,0.64
-11184,3.12,-1029,2.35,633,2.04,6314,09_02_44_17_06_2025,6.21,7.62,-3.68,3.90,-3.16,0.67
-11384,3.14,-1050,2.35,634,2.05,6334,09_02_44_17_06_2025,6.57,8.21,-3.70,3.91,-3.54,0.64
-11431,3.14,-1604,2.39,633,2.04,6357,09_02_44_17_06_2025,6.83,7.36,-5.07,3.69,-3.75,0.68
-11562,3.15,-1174,2.36,633,2.04,6377,09_02_44_17_06_2025,6.17,6.73,-5.90,3.47,-3.90,0.78
-11807,3.17,-4523,2.62,633,2.04,6398,09_02_44_17_06_2025,4.65,5.48,-7.21,3.35,-4.06,0.68
-11591,3.15,-3990,2.58,633,2.04,6418,09_02_44_17_06_2025,4.91,5.24,-7.94,3.65,-4.17,0.69
-11530,3.15,-3798,2.56,633,2.04,6438,09_02_44_17_06_2025,4.99,5.73,-7.32,3.80,-4.47,0.72
-11616,3.15,-3974,2.57,633,2.04,6461,09_02_44_17_06_2025,5.17,5.92,-7.39,3.50,-4.25,1.33
-11429,3.14,-4336,2.60,633,2.04,6482,09_02_44_17_06_2025,3.90,4.81,-8.21,3.05,-3.46,1.69
-11349,3.13,-4497,2.61,634,2.05,6502,09_02_44_17_06_2025,2.17,3.04,-9.24,2.76,-2.72,1.80
-11495,3.14,-4201,2.59,633,2.04,6522,09_02_44_17_06_2025,1.34,2.78,-9.32,2.62,-2.22,2.10
-11660,3.16,-3269,2.52,633,2.04,6543,09_02_44_17_06_2025,1.45,1.97,-9.54,2.66,-1.86,2.21
-12011,3.18,-3225,2.52,633,2.04,6563,09_02_44_17_06_2025,1.20,1.13,-9.86,2.83,-1.48,2.16
-12327,3.21,-3486,2.54,634,2.05,6586,09_02_44_17_06_2025,0.84,1.04,-9.29,2.68,-0.99,1.94
-12912,3.25,-3968,2.57,633,2.04,6609,09_02_44_17_06_2025,0.98,-0.49,-9.30,2.48,-0.59,1.97
-12914,3.25,-4071,2.58,633,2.04,6629,09_02_44_17_06_2025,0.44,-0.92,-9.57,2.11,-0.07,2.54
-13537,3.30,-5013,2.65,633,2.04,6655,09_02_44_17_06_2025,0.18,-0.21,-10.06,1.86,0.14,2.27
-13705,3.31,-6140,2.74,634,2.05,6678,09_02_44_17_06_2025,0.15,-0.21,-9.58,1.62,-0.21,1.03
-13688,3.31,-7065,2.81,633,2.04,6698,09_02_44_17_06_2025,1.55,-2.37,-9.30,1.35,-0.72,0.47
-14459,3.37,-9014,2.96,633,2.04,6721,09_02_44_17_06_2025,2.11,-2.31,-8.43,1.10,-0.82,0.68
-15524,3.45,-10053,3.03,633,2.04,6742,09_02_44_17_06_2025,1.02,-2.93,-8.52,1.13,-0.20,0.50
-15840,3.47,-11799,3.17,633,2.04,6762,09_02_44_17_06_2025,1.43,-4.83,-9.28,1.19,0.46,0.60
-17332,3.59,-12606,3.23,633,2.04,6782,09_02_44_17_06_2025,0.84,-3.01,-10.47,1.51,1.15,0.65
-18761,3.69,-13415,3.29,633,2.04,6803,09_02_44_17_06_2025,1.79,-4.48,-11.79,1.89,1.30,0.90
-19342,3.74,-14569,3.38,633,2.04,6826,09_02_44_17_06_2025,0.91,-5.84,-12.20,1.75,0.48,0.16
-20628,3.84,-16180,3.50,632,2.04,6849,09_02_44_17_06_2025,1.02,-4.94,-9.43,1.98,-0.28,0.37
-22030,3.94,-17284,3.58,633,2.04,6869,09_02_44_17_06_2025,0.73,-5.29,-7.69,1.73,-0.34,0.42
-22410,3.97,-18662,3.69,633,2.04,6889,09_02_44_17_06_2025,-0.79,-4.67,-6.99,1.58,-0.20,0.35
-23237,4.03,-20036,3.79,633,2.04,6909,09_02_44_17_06_2025,-1.18,-4.84,-6.31,1.33,-0.28,0.14
-25003,4.17,-21870,3.93,633,2.04,6929,09_02_44_17_06_2025,-1.80,-4.51,-5.43,0.90,-0.44,0.23
-26643,4.29,-23609,4.06,633,2.04,6952,09_02_44_17_06_2025,-2.23,-4.38,-5.45,0.70,-0.32,0.08
-27137,4.33,-24826,4.15,632,2.04,6973,09_02_45_17_06_2025,-1.77,-4.61,-5.98,0.51,-0.12,-0.24
-28334,4.42,-26948,4.31,632,2.04,6993,09_02_45_17_06_2025,-0.50,-5.53,-7.08,0.38,0.05,-0.63
-29124,4.48,-28863,4.46,633,2.04,7013,09_02_45_17_06_2025,0.37,-6.40,-7.65,0.43,0.16,-0.55
-29399,4.50,-30007,4.55,633,2.04,7033,09_02_45_17_06_2025,-0.74,-5.78,-8.70,0.51,0.16,-0.66
-30352,4.57,-31935,4.69,634,2.05,7056,09_02_45_17_06_2025,-0.78,-5.88,-9.28,0.90,0.27,-0.45
-32639,4.75,-34108,4.86,633,2.04,7079,09_02_45_17_06_2025,-0.92,-5.64,-9.69,1.17,0.41,-0.23
-34401,4.88,-35251,4.94,633,2.04,7100,09_02_45_17_06_2025,-0.29,-5.56,-9.47,1.38,0.03,-0.15
-35517,4.96,-36357,5.03,633,2.04,7120,09_02_45_17_06_2025,-1.03,-5.21,-6.32,1.22,-0.60,-0.20
-37641,5.12,-38410,5.18,633,2.04,7140,09_02_45_17_06_2025,-1.12,-5.63,-5.91,0.94,-0.40,-0.37
-38378,5.18,-39210,5.24,618,1.99,7161,09_02_45_17_06_2025,1.48,-5.21,-4.46,0.56,-0.13,-0.54
-39447,5.26,-40779,5.36,633,2.04,7184,09_02_45_17_06_2025,0.20,-5.93,-7.01,0.43,-0.11,-0.66
-40360,5.33,-42983,5.53,633,2.04,7204,09_02_45_17_06_2025,0.47,-6.81,-7.06,0.58,-0.03,-0.66
-41662,5.43,-44753,5.66,633,2.04,7227,09_02_45_17_06_2025,0.82,-7.39,-6.96,0.61,-0.05,-0.61
-43039,5.53,-46561,5.80,633,2.04,7250,09_02_45_17_06_2025,0.68,-7.42,-7.34,0.70,-0.05,-0.21
-43881,5.60,-47670,5.88,633,2.04,7271,09_02_45_17_06_2025,0.55,-7.52,-7.58,0.92,-0.05,-0.01
-45156,5.69,-49111,5.99,633,2.04,7294,09_02_45_17_06_2025,0.04,-6.46,-6.42,1.09,-0.18,-0.32
-45579,5.73,-50436,6.09,633,2.04,7314,09_02_45_17_06_2025,0.08,-7.39,-5.81,1.01,-0.44,-0.59
-46385,5.79,-51096,6.14,632,2.04,7334,09_02_45_17_06_2025,0.31,-7.02,-5.19,1.00,-0.27,-0.49
-46461,5.79,-52661,6.26,633,2.04,7355,09_02_45_17_06_2025,1.61,-7.64,-4.54,0.88,-0.12,-0.63
-47202,5.85,-53316,6.31,633,2.04,7381,09_02_45_17_06_2025,1.72,-7.94,-4.17,0.75,-0.11,-0.55
-48004,5.91,-53506,6.33,633,2.04,7401,09_02_45_17_06_2025,1.16,-8.70,-4.30,0.58,-0.11,-0.39
-49296,6.01,-53981,6.36,633,2.04,7424,09_02_45_17_06_2025,1.07,-8.37,-4.59,0.54,-0.10,-0.21
-49899,6.05,-54782,6.42,633,2.04,7444,09_02_45_17_06_2025,1.23,-8.46,-5.03,0.55,-0.03,-0.03
-51005,6.14,-55847,6.50,633,2.04,7465,09_02_45_17_06_2025,0.25,-7.56,-4.74,0.59,-0.08,-0.32
-52212,6.23,-56093,6.52,634,2.05,7485,09_02_45_17_06_2025,0.62,-7.46,-4.34,0.58,-0.14,-0.49
-52467,6.25,-56597,6.56,633,2.04,7505,09_02_45_17_06_2025,1.23,-7.46,-3.38,0.50,-0.20,-0.63
-53632,6.34,-56556,6.56,633,2.04,7529,09_02_45_17_06_2025,2.45,-7.70,-2.51,0.19,-0.18,-0.68
-54750,6.42,-57222,6.61,633,2.04,7549,09_02_45_17_06_2025,3.02,-7.76,-2.18,0.04,-0.05,-0.54
-55524,6.48,-57754,6.65,633,2.04,7569,09_02_45_17_06_2025,2.48,-7.79,-2.49,-0.14,0.05,-0.32
-55998,6.51,-57966,6.66,633,2.04,7590,09_02_45_17_06_2025,1.05,-7.44,-3.51,-0.32,0.04,-0.14
-57458,6.63,-58267,6.69,633,2.04,7610,09_02_45_17_06_2025,0.77,-6.95,-4.23,-0.52,-0.14,-0.04
-58403,6.70,-59015,6.74,633,2.04,7631,09_02_45_17_06_2025,0.53,-7.06,-4.66,-0.63,-0.32,-0.01
-59168,6.76,-59435,6.78,632,2.04,7656,09_02_45_17_06_2025,-0.50,-6.12,-5.39,-0.81,-0.51,0.08
-59581,6.79,-59559,6.78,633,2.04,7680,09_02_45_17_06_2025,1.01,-7.55,-5.77,-0.89,-0.59,-0.33
-60052,6.82,-60079,6.82,633,2.04,7700,09_02_45_17_06_2025,1.30,-7.89,-6.76,-0.86,-0.33,-0.32
-60528,6.86,-60708,6.87,633,2.04,7720,09_02_45_17_06_2025,1.27,-8.01,-7.47,-0.72,-0.22,-0.30
-60966,6.89,-61072,6.90,632,2.04,7741,09_02_45_17_06_2025,0.84,-7.69,-7.93,-0.55,-0.12,-0.20
-61806,6.95,-61732,6.95,634,2.05,7764,09_02_45_17_06_2025,-1.00,-7.17,-8.53,-0.31,-0.14,-0.28
-62835,7.03,-62054,6.97,633,2.04,7784,09_02_45_17_06_2025,-0.87,-6.90,-8.73,-0.15,-0.18,-0.47
-63509,7.08,-62873,7.04,633,2.04,7804,09_02_45_17_06_2025,0.04,-7.36,-8.64,-0.05,-0.28,-0.66
-63712,7.10,-63455,7.08,633,2.04,7826,09_02_45_17_06_2025,0.98,-7.95,-8.40,0.04,-0.31,-0.71
-64275,7.14,-63470,7.08,633,2.04,7847,09_02_45_17_06_2025,1.50,-8.26,-7.98,0.13,-0.33,-0.69
-64735,7.18,-64089,7.13,633,2.04,7870,09_02_45_17_06_2025,1.73,-8.53,-7.62,0.19,-0.30,-0.65
-65223,7.21,-64666,7.17,633,2.04,7893,09_02_45_17_06_2025,1.83,-8.59,-7.92,0.34,-0.15,-0.54
-65324,7.22,-65376,7.23,633,2.04,7913,09_02_45_17_06_2025,1.19,-7.99,-7.59,0.55,-0.08,-0.52
-65367,7.22,-66021,7.27,633,2.04,7934,09_02_45_17_06_2025,0.88,-7.77,-6.87,0.63,-0.13,-0.65
-65695,7.25,-66405,7.30,633,2.04,7954,09_02_45_17_06_2025,2.42,-7.93,-6.43,0.66,-0.18,-0.76
-66112,7.28,-66534,7.31,633,2.04,7974,09_02_46_17_06_2025,2.86,-8.33,-4.89,0.58,-0.39,-0.76
-66278,7.29,-66339,7.30,633,2.04,7997,09_02_46_17_06_2025,3.48,-8.60,-4.20,0.38,-0.29,-0.65
-66957,7.35,-66627,7.32,633,2.04,8023,09_02_46_17_06_2025,2.80,-8.48,-4.64,0.27,-0.25,-0.45
-67031,7.35,-66979,7.35,633,2.04,8046,09_02_46_17_06_2025,2.85,-7.86,-4.59,0.20,-0.20,-0.27
-67221,7.37,-66892,7.34,633,2.04,8066,09_02_46_17_06_2025,2.74,-7.79,-4.08,0.09,-0.46,-0.32
-67111,7.36,-66539,7.31,633,2.04,8087,09_02_46_17_06_2025,3.72,-8.71,-3.69,-0.05,-0.39,-0.33
-67102,7.36,-66014,7.27,633,2.04,8107,09_02_46_17_06_2025,3.35,-8.22,-4.02,-0.07,-0.45,-0.09
-67483,7.39,-66709,7.33,633,2.04,8130,09_02_46_17_06_2025,2.99,-8.06,-4.13,-0.14,-0.27,0.03
-67191,7.36,-66343,7.30,632,2.04,8150,09_02_46_17_06_2025,2.52,-8.06,-4.71,-0.10,-0.14,0.01
-66871,7.34,-66343,7.30,633,2.04,8171,09_02_46_17_06_2025,2.00,-7.99,-5.20,-0.02,-0.04,-0.04
-66697,7.33,-66486,7.31,633,2.04,8191,09_02_46_17_06_2025,1.81,-7.99,-5.36,0.01,-0.04,-0.06
-66838,7.34,-66274,7.29,633,2.04,8211,09_02_46_17_06_2025,1.83,-7.95,-5.62,0.06,0.02,-0.09
-66698,7.33,-66434,7.31,634,2.05,8234,09_02_46_17_06_2025,1.32,-7.99,-5.94,0.05,0.03,-0.14
-66637,7.32,-66556,7.31,633,2.04,8255,09_02_46_17_06_2025,1.13,-7.93,-6.15,0.06,0.04,-0.19
-67092,7.36,-66706,7.33,634,2.05,8275,09_02_46_17_06_2025,1.24,-7.79,-6.33,0.09,0.05,-0.24
-67268,7.37,-66866,7.34,633,2.04,8295,09_02_46_17_06_2025,1.38,-8.03,-6.30,0.11,0.02,-0.29
-67492,7.39,-67145,7.36,632,2.04,8315,09_02_46_17_06_2025,1.26,-8.13,-5.74,0.14,-0.02,-0.49
-68027,7.43,-67332,7.37,633,2.04,8336,09_02_46_17_06_2025,2.19,-8.09,-5.55,0.10,-0.05,-0.55
-68451,7.46,-67688,7.40,633,2.04,8359,09_02_46_17_06_2025,2.59,-8.22,-5.30,0.13,-0.04,-0.51
-68917,7.49,-68085,7.43,633,2.04,8379,09_02_46_17_06_2025,3.77,-8.14,-5.03,0.23,0.04,-0.48
-68816,7.49,-68276,7.45,633,2.04,8399,09_02_46_17_06_2025,4.42,-8.21,-4.82,0.28,0.11,-0.40
-68836,7.49,-68372,7.45,633,2.04,8420,09_02_46_17_06_2025,4.33,-7.99,-4.59,0.25,0.12,-0.23
-68838,7.49,-68429,7.46,632,2.04,8442,09_02_46_17_06_2025,3.78,-7.91,-4.51,0.11,-0.01,-0.03
-68310,7.45,-68005,7.42,633,2.04,8469,09_02_46_17_06_2025,2.99,-7.67,-4.49,-0.11,-0.16,0.14
-68294,7.45,-67806,7.41,633,2.04,8489,09_02_46_17_06_2025,2.64,-7.76,-5.29,-0.30,-0.14,0.18
-68005,7.42,-67460,7.38,633,2.04,8509,09_02_46_17_06_2025,2.26,-7.59,-5.97,-0.28,-0.08,0.18
-67953,7.42,-67145,7.36,633,2.04,8530,09_02_46_17_06_2025,1.87,-7.46,-6.27,-0.16,-0.02,0.11
-67751,7.41,-66859,7.34,633,2.04,8550,09_02_46_17_06_2025,1.75,-7.60,-6.68,-0.04,0.05,0.04
-67402,7.38,-66703,7.33,633,2.04,8570,09_02_46_17_06_2025,1.09,-7.54,-6.69,0.24,0.09,-0.14
-67402,7.38,-66364,7.30,633,2.04,8593,09_02_46_17_06_2025,1.68,-7.51,-6.20,0.34,0.11,-0.26
-67489,7.39,-66496,7.31,633,2.04,8614,09_02_46_17_06_2025,2.10,-7.59,-5.64,0.39,0.11,-0.26
-67342,7.37,-66377,7.30,633,2.04,8634,09_02_46_17_06_2025,2.04,-7.68,-5.03,0.26,0.08,-0.23
-67154,7.36,-66699,7.33,633,2.04,8654,09_02_46_17_06_2025,2.24,-7.56,-5.22,0.15,0.04,-0.24
-66893,7.34,-66662,7.32,634,2.05,8675,09_02_46_17_06_2025,2.25,-7.40,-5.23,0.13,0.03,-0.23
-66585,7.32,-66711,7.33,633,2.04,8698,09_02_46_17_06_2025,2.53,-7.29,-5.05,0.11,0.07,-0.21
-66840,7.34,-66724,7.33,633,2.04,8718,09_02_46_17_06_2025,2.45,-7.20,-5.22,0.06,0.04,-0.15
-66973,7.35,-66772,7.33,633,2.04,8738,09_02_46_17_06_2025,2.21,-7.00,-5.19,0.05,-0.00,-0.12
-66996,7.35,-66487,7.31,633,2.04,8758,09_02_46_17_06_2025,1.90,-7.00,-5.15,0.02,-0.02,-0.12
-67103,7.36,-66856,7.34,633,2.04,8778,09_02_46_17_06_2025,2.14,-7.10,-5.25,0.02,0.01,-0.17
-67681,7.40,-66856,7.34,633,2.04,8798,09_02_46_17_06_2025,2.53,-7.35,-5.23,0.00,0.02,-0.19
-67939,7.42,-66936,7.34,633,2.04,8829,09_02_46_17_06_2025,2.89,-7.57,-5.13,-0.01,0.01,-0.13
-68201,7.44,-67149,7.36,632,2.04,8851,09_02_46_17_06_2025,2.69,-7.64,-5.27,-0.05,-0.04,-0.07
-68275,7.45,-67661,7.40,633,2.04,8879,09_02_46_17_06_2025,2.56,-7.82,-5.39,-0.05,-0.05,-0.07
-68464,7.46,-67630,7.40,633,2.04,8901,09_02_46_17_06_2025,2.55,-8.13,-5.14,-0.07,-0.06,-0.13
-68817,7.49,-67709,7.40,633,2.04,8926,09_02_46_17_06_2025,3.44,-8.22,-5.63,-0.12,-0.08,-0.14
-69164,7.51,-67724,7.40,633,2.04,8954,09_02_46_17_06_2025,3.53,-8.28,-5.63,-0.03,-0.05,-0.05
-69141,7.51,-67692,7.40,633,2.04,8977,09_02_47_17_06_2025,3.20,-8.33,-5.50,-0.01,0.01,-0.01
-69075,7.51,-67708,7.40,633,2.04,9002,09_02_47_17_06_2025,3.19,-8.32,-5.70,-0.02,0.04,0.02
-68857,7.49,-67717,7.40,633,2.04,9027,09_02_47_17_06_2025,3.17,-8.20,-5.71,0.02,0.03,0.08
-68544,7.47,-67921,7.42,633,2.04,9053,09_02_47_17_06_2025,3.15,-8.21,-5.63,0.03,0.07,0.11
-68291,7.45,-67498,7.39,633,2.04,9080,09_02_47_17_06_2025,2.85,-7.74,-5.46,0.06,0.12,0.15
-68271,7.44,-67349,7.37,633,2.04,9106,09_02_47_17_06_2025,1.95,-7.34,-4.89,0.06,0.18,0.11
-68438,7.46,-67295,7.37,633,2.04,9128,09_02_47_17_06_2025,2.08,-7.09,-4.98,0.00,0.20,0.04
-68488,7.46,-67351,7.38,633,2.04,9154,09_02_47_17_06_2025,2.52,-7.08,-5.38,-0.01,0.13,0.02
-68975,7.50,-67880,7.42,633,2.04,9177,09_02_47_17_06_2025,2.85,-7.14,-5.20,0.05,0.05,0.02
-69293,7.52,-67889,7.42,633,2.04,9199,09_02_47_17_06_2025,2.70,-7.13,-4.86,0.03,0.05,0.04
-69440,7.53,-68076,7.43,633,2.04,9222,09_02_47_17_06_2025,2.52,-7.38,-4.76,-0.02,0.04,0.02
-69299,7.52,-67931,7.42,633,2.04,9247,09_02_47_17_06_2025,2.53,-7.54,-4.97,-0.11,-0.00,-0.03
-69319,7.52,-68089,7.43,634,2.05,9269,09_02_47_17_06_2025,2.97,-8.00,-5.67,-0.20,-0.05,-0.07
-69158,7.51,-68495,7.46,632,2.04,9292,09_02_47_17_06_2025,3.23,-8.25,-6.01,-0.15,-0.09,-0.06
-69163,7.51,-68314,7.45,633,2.04,9314,09_02_47_17_06_2025,3.28,-8.44,-5.89,-0.02,-0.05,-0.03
-69323,7.52,-68054,7.43,634,2.05,9337,09_02_47_17_06_2025,3.32,-8.40,-5.74,0.01,-0.02,-0.02
-69607,7.55,-67772,7.41,633,2.04,9362,09_02_47_17_06_2025,3.02,-8.43,-5.65,0.03,-0.00,-0.02
-69502,7.54,-67956,7.42,633,2.04,9384,09_02_47_17_06_2025,3.11,-8.36,-5.88,0.05,0.01,-0.03
-68904,7.49,-68067,7.43,634,2.05,9407,09_02_47_17_06_2025,3.11,-8.33,-5.98,0.12,0.05,0.02
-68975,7.50,-67907,7.42,633,2.04,9429,09_02_47_17_06_2025,2.98,-8.26,-5.87,0.16,0.03,0.03
-68880,7.49,-67585,7.39,633,2.04,9451,09_02_47_17_06_2025,2.88,-7.99,-5.67,0.19,0.00,0.07
-68765,7.48,-67604,7.39,632,2.04,9474,09_02_47_17_06_2025,2.47,-7.91,-5.38,0.21,0.01,0.07
-68540,7.47,-67470,7.38,633,2.04,9499,09_02_47_17_06_2025,2.51,-7.70,-5.24,0.17,0.03,-0.00
-68462,7.46,-67708,7.40,633,2.04,9521,09_02_47_17_06_2025,2.67,-7.64,-5.45,0.17,0.05,0.01
-68392,7.45,-67830,7.41,632,2.04,9544,09_02_47_17_06_2025,2.49,-7.56,-5.27,0.24,0.10,-0.00
-68373,7.45,-67667,7.40,633,2.04,9566,09_02_47_17_06_2025,2.54,-7.55,-4.87,0.25,0.15,-0.05
-68574,7.47,-67700,7.40,632,2.04,9589,09_02_47_17_06_2025,2.62,-7.53,-4.80,0.23,0.19,-0.06
-68631,7.47,-68091,7.43,632,2.04,9614,09_02_47_17_06_2025,2.61,-7.48,-4.57,0.19,0.18,-0.11
-69104,7.51,-68116,7.43,634,2.05,9636,09_02_47_17_06_2025,3.01,-7.57,-4.32,0.15,0.17,-0.12
-69372,7.53,-68295,7.45,633,2.04,9662,09_02_47_17_06_2025,2.85,-7.46,-4.19,0.09,0.20,-0.14
-69496,7.54,-68406,7.45,633,2.04,9687,09_02_47_17_06_2025,3.19,-7.60,-4.06,0.01,0.15,-0.16
-69516,7.54,-68528,7.46,634,2.05,9712,09_02_47_17_06_2025,3.53,-7.65,-3.79,-0.07,0.05,-0.12
-69493,7.54,-68819,7.49,633,2.04,9739,09_02_47_17_06_2025,3.46,-7.65,-3.79,-0.19,-0.00,-0.06
-69720,7.55,-68810,7.49,633,2.04,9765,09_02_47_17_06_2025,3.55,-7.61,-3.82,-0.34,-0.06,-0.01
-69984,7.57,-68825,7.49,633,2.04,9787,09_02_47_17_06_2025,3.70,-8.18,-4.33,-0.52,-0.11,-0.01
-69759,7.56,-68646,7.47,633,2.04,9813,09_02_47_17_06_2025,3.88,-8.61,-5.38,-0.57,-0.17,0.07
-69871,7.57,-68666,7.47,633,2.04,9838,09_02_47_17_06_2025,4.07,-8.73,-5.87,-0.52,-0.15,0.12
-69578,7.54,-68263,7.44,633,2.04,9863,09_02_47_17_06_2025,3.74,-8.57,-5.82,-0.39,-0.16,0.18
-69275,7.52,-67663,7.40,633,2.04,9891,09_02_47_17_06_2025,4.05,-8.92,-6.02,-0.29,-0.09,0.22
-68608,7.47,-67095,7.36,633,2.04,9914,09_02_47_17_06_2025,4.73,-9.25,-6.29,-0.12,0.00,0.33
-68141,7.43,-66065,7.28,633,2.04,9939,09_02_47_17_06_2025,4.28,-8.62,-6.36,0.10,0.14,0.51
-67410,7.38,-65552,7.24,633,2.04,9964,09_02_48_17_06_2025,2.68,-7.92,-5.56,0.22,0.12,0.58
-66768,7.33,-64365,7.15,633,2.04,9989,09_02_48_17_06_2025,3.01,-8.11,-5.12,0.09,0.08,0.49
-65595,7.24,-63848,7.11,633,2.04,10014,09_02_48_17_06_2025,5.95,-9.08,-5.65,0.00,0.07,0.61
-64377,7.15,-63374,7.07,633,2.04,10042,09_02_48_17_06_2025,4.74,-7.19,-6.38,0.22,0.22,1.21
-63693,7.10,-62034,6.97,633,2.04,10065,09_02_48_17_06_2025,-0.11,-7.36,-3.35,0.42,0.07,1.22
-61863,6.96,-60763,6.88,632,2.04,10090,09_02_48_17_06_2025,2.10,-8.21,-4.75,0.01,0.30,0.71
-60887,6.89,-59883,6.81,633,2.04,10115,09_02_48_17_06_2025,1.39,-6.16,-5.61,0.20,0.31,0.81
-60619,6.87,-59047,6.75,633,2.04,10140,09_02_48_17_06_2025,-1.24,-6.47,-4.56,0.16,0.28,0.52
-59251,6.76,-57837,6.65,633,2.04,10168,09_02_48_17_06_2025,0.61,-6.78,-6.23,0.02,0.18,0.29
-59070,6.75,-57841,6.65,633,2.04,10191,09_02_48_17_06_2025,0.27,-6.71,-6.18,0.10,0.12,0.31
-59040,6.75,-57363,6.62,633,2.04,10216,09_02_48_17_06_2025,0.59,-7.41,-5.73,0.18,0.16,0.20
-58398,6.70,-56770,6.57,633,2.04,10241,09_02_48_17_06_2025,0.58,-7.54,-5.33,0.15,0.16,0.18
-58416,6.70,-56487,6.55,633,2.04,10267,09_02_48_17_06_2025,-0.67,-7.27,-4.94,0.12,0.13,0.04
-58756,6.72,-56909,6.58,633,2.04,10292,09_02_48_17_06_2025,0.47,-7.42,-4.60,-0.07,0.03,-0.17
-59289,6.76,-57290,6.61,633,2.04,10320,09_02_48_17_06_2025,1.19,-7.55,-4.83,-0.30,-0.14,-0.18
-60290,6.84,-57905,6.66,632,2.04,10343,09_02_48_17_06_2025,0.84,-7.37,-4.96,-0.38,-0.19,-0.13
-61319,6.92,-58148,6.68,633,2.04,10368,09_02_48_17_06_2025,0.91,-7.73,-5.34,-0.57,-0.35,-0.22
-62175,6.98,-59054,6.75,633,2.04,10393,09_02_48_17_06_2025,1.62,-8.02,-6.21,-0.56,-0.27,-0.32
-62866,7.04,-59671,6.79,633,2.04,10418,09_02_48_17_06_2025,2.51,-8.09,-6.60,-0.43,-0.24,-0.31
-63407,7.08,-60117,6.83,633,2.04,10447,09_02_48_17_06_2025,2.52,-8.33,-5.84,-0.22,-0.22,-0.15
-64290,7.14,-60437,6.85,633,2.04,10471,09_02_48_17_06_2025,2.52,-8.30,-5.63,-0.23,-0.17,-0.10
-64950,7.19,-60874,6.88,632,2.04,10494,09_02_48_17_06_2025,2.54,-8.22,-5.37,-0.30,-0.15,-0.05
-65219,7.21,-61412,6.93,633,2.04,10520,09_02_48_17_06_2025,1.98,-7.91,-5.97,-0.34,-0.17,0.07
-65383,7.23,-61412,6.93,633,2.04,10543,09_02_48_17_06_2025,1.64,-7.68,-6.14,-0.31,-0.20,0.02
-65929,7.27,-61465,6.93,632,2.04,10565,09_02_48_17_06_2025,1.96,-7.76,-6.37,-0.20,-0.11,-0.09
-66055,7.28,-61729,6.95,633,2.04,10590,09_02_48_17_06_2025,2.10,-7.67,-6.55,-0.12,-0.09,-0.07
-66582,7.32,-61914,6.96,633,2.04,10613,09_02_48_17_06_2025,1.84,-7.64,-6.36,0.02,-0.09,-0.02
-66439,7.31,-61928,6.96,633,2.04,10635,09_02_48_17_06_2025,1.75,-7.69,-6.34,0.05,-0.06,-0.01
-66144,7.28,-61697,6.95,633,2.04,10657,09_02_48_17_06_2025,2.28,-7.97,-6.81,0.13,-0.09,0.03
-66372,7.30,-61788,6.95,633,2.04,10680,09_02_48_17_06_2025,2.46,-7.89,-6.73,0.26,-0.10,0.12
-66239,7.29,-62212,6.99,633,2.04,10705,09_02_48_17_06_2025,1.84,-7.94,-6.28,0.40,-0.16,0.21
-65525,7.24,-62271,6.99,633,2.04,10727,09_02_48_17_06_2025,1.92,-8.24,-5.41,0.36,-0.02,0.14
-65364,7.22,-62553,7.01,633,2.04,10750,09_02_48_17_06_2025,1.89,-8.03,-5.21,0.28,0.08,0.12
-64859,7.19,-62244,6.99,633,2.04,10772,09_02_48_17_06_2025,1.72,-8.29,-5.10,0.16,0.16,0.10
-64276,7.14,-62022,6.97,633,2.04,10795,09_02_48_17_06_2025,0.84,-7.75,-5.38,0.04,0.21,0.08
-63867,7.11,-61949,6.97,633,2.04,10817,09_02_48_17_06_2025,0.47,-7.84,-5.81,0.03,0.22,-0.02
-63776,7.10,-61865,6.96,633,2.04,10842,09_02_48_17_06_2025,2.05,-8.08,-6.14,0.09,0.15,-0.10
-63642,7.09,-61746,6.95,633,2.04,10864,09_02_48_17_06_2025,1.93,-8.27,-5.73,0.23,0.02,-0.02
-64268,7.14,-61697,6.95,633,2.04,10887,09_02_48_17_06_2025,1.93,-8.25,-5.42,0.25,0.01,-0.02
-64278,7.14,-61557,6.94,632,2.04,10909,09_02_48_17_06_2025,1.88,-8.15,-5.03,0.27,0.05,0.01
-64083,7.13,-61694,6.95,633,2.04,10931,09_02_48_17_06_2025,1.69,-8.22,-5.21,0.26,0.08,-0.00
-63980,7.12,-61585,6.94,633,2.04,10956,09_02_49_17_06_2025,1.55,-8.09,-5.54,0.30,0.11,-0.02
-63726,7.10,-61745,6.95,633,2.04,10979,09_02_49_17_06_2025,1.43,-8.02,-5.29,0.32,0.02,-0.02
-63588,7.09,-61893,6.96,632,2.04,11001,09_02_49_17_06_2025,1.74,-8.10,-4.92,0.26,-0.00,-0.07
-63965,7.12,-62182,6.98,634,2.05,11023,09_02_49_17_06_2025,1.81,-8.15,-5.06,0.18,-0.01,-0.05
-64089,7.13,-62420,7.00,632,2.04,11048,09_02_49_17_06_2025,1.69,-8.15,-5.19,0.14,-0.03,-0.03
-64310,7.14,-62241,6.99,633,2.04,11073,09_02_49_17_06_2025,1.67,-8.23,-5.53,0.14,-0.01,-0.02
-64223,7.14,-63005,7.05,633,2.04,11101,09_02_49_17_06_2025,1.53,-8.02,-5.56,0.26,-0.00,-0.06
-64370,7.15,-63005,7.05,633,2.04,11124,09_02_49_17_06_2025,1.35,-7.94,-5.23,0.36,0.01,-0.09
-64341,7.15,-63274,7.07,633,2.04,11151,09_02_49_17_06_2025,1.76,-8.08,-4.59,0.32,0.07,-0.15
-64652,7.17,-63491,7.08,633,2.04,11174,09_02_49_17_06_2025,1.76,-8.10,-4.47,0.18,0.01,-0.09
-64842,7.18,-63690,7.10,633,2.04,11199,09_02_49_17_06_2025,2.25,-8.17,-4.51,0.09,0.05,-0.05
-64902,7.19,-63614,7.09,633,2.04,11227,09_02_49_17_06_2025,2.10,-8.20,-4.60,0.06,0.13,0.02
-64808,7.18,-63648,7.09,633,2.04,11250,09_02_49_17_06_2025,1.67,-8.08,-4.61,0.06,0.10,0.03
-64886,7.19,-63648,7.09,633,2.04,11275,09_02_49_17_06_2025,2.01,-8.27,-4.24,-0.01,0.07,0.01
-64777,7.18,-63151,7.06,633,2.04,11300,09_02_49_17_06_2025,2.05,-8.32,-4.38,-0.10,0.14,0.06
-64626,7.17,-62688,7.02,633,2.04,11325,09_02_49_17_06_2025,1.64,-8.38,-4.63,-0.11,0.11,0.05
-64235,7.14,-62534,7.01,633,2.04,11351,09_02_49_17_06_2025,1.96,-8.55,-4.61,-0.12,0.06,-0.00
-64304,7.14,-62500,7.01,633,2.04,11379,09_02_49_17_06_2025,2.25,-8.38,-4.78,-0.15,0.02,0.05
-64480,7.16,-62573,7.01,632,2.04,11401,09_02_49_17_06_2025,1.63,-8.28,-4.83,-0.10,-0.08,0.07
-64394,7.15,-62066,6.97,633,2.04,11426,09_02_49_17_06_2025,2.10,-8.46,-5.01,-0.11,-0.09,0.03
-64030,7.12,-62121,6.98,633,2.04,11452,09_02_49_17_06_2025,1.97,-8.48,-5.16,-0.10,-0.06,0.06
-63867,7.11,-61972,6.97,633,2.04,11477,09_02_49_17_06_2025,1.86,-8.29,-5.30,-0.10,-0.03,0.06
-63919,7.12,-62054,6.97,633,2.04,11505,09_02_49_17_06_2025,1.59,-8.04,-5.35,-0.05,-0.04,0.07
-63994,7.12,-62072,6.98,633,2.04,11527,09_02_49_17_06_2025,1.43,-7.93,-5.32,0.00,-0.04,0.03
-63915,7.11,-61794,6.95,633,2.04,11552,09_02_49_17_06_2025,1.72,-8.06,-5.28,-0.00,-0.06,-0.02
-63718,7.10,-61921,6.96,632,2.04,11578,09_02_49_17_06_2025,1.58,-8.00,-5.34,-0.02,-0.03,-0.01
-63624,7.09,-61684,6.95,633,2.04,11603,09_02_49_17_06_2025,1.37,-8.14,-5.43,0.01,-0.08,-0.04
-63334,7.07,-61847,6.96,633,2.04,11628,09_02_49_17_06_2025,1.74,-8.17,-5.17,0.05,-0.04,-0.09
-63352,7.07,-61978,6.97,633,2.04,11656,09_02_49_17_06_2025,1.82,-8.21,-5.25,0.08,-0.01,-0.08
-63280,7.07,-61807,6.96,633,2.04,11679,09_02_49_17_06_2025,1.52,-8.15,-5.26,0.09,-0.05,-0.08
-63523,7.09,-62146,6.98,633,2.04,11704,09_02_49_17_06_2025,1.43,-8.07,-5.21,0.13,-0.06,-0.11
-63575,7.09,-62355,7.00,633,2.04,11729,09_02_49_17_06_2025,1.50,-8.07,-4.85,0.14,-0.04,-0.16
-63543,7.09,-62539,7.01,633,2.04,11754,09_02_49_17_06_2025,1.63,-8.23,-4.89,0.09,0.00,-0.24
-63528,7.09,-62965,7.04,633,2.04,11783,09_02_49_17_06_2025,2.24,-8.28,-4.73,0.07,-0.05,-0.21
-63685,7.10,-63268,7.07,633,2.04,11805,09_02_49_17_06_2025,2.12,-8.38,-4.65,0.04,-0.06,-0.16
-64061,7.13,-63410,7.08,633,2.04,11830,09_02_49_17_06_2025,2.06,-8.33,-4.58,-0.04,-0.04,-0.18
-64528,7.16,-63818,7.11,633,2.04,11857,09_02_49_17_06_2025,2.43,-8.41,-5.06,-0.09,-0.03,-0.14
-64613,7.17,-63884,7.11,633,2.04,11880,09_02_49_17_06_2025,1.91,-8.23,-4.98,-0.05,-0.05,-0.12
-64974,7.20,-64099,7.13,633,2.04,11906,09_02_49_17_06_2025,2.05,-8.19,-4.96,-0.04,-0.04,-0.15
-65122,7.21,-64253,7.14,633,2.04,11935,09_02_49_17_06_2025,2.17,-8.24,-4.95,-0.02,0.01,-0.17
-65391,7.23,-64217,7.14,633,2.04,11961,09_02_50_17_06_2025,2.13,-8.15,-5.10,-0.02,-0.01,-0.14
-65545,7.24,-64509,7.16,633,2.04,11986,09_02_50_17_06_2025,2.17,-8.15,-5.13,-0.01,-0.01,-0.15
-65631,7.24,-64594,7.17,633,2.04,12011,09_02_50_17_06_2025,2.31,-8.18,-5.32,0.03,-0.04,-0.15
-65750,7.25,-64438,7.15,633,2.04,12037,09_02_50_17_06_2025,1.63,-8.56,-5.56,0.17,0.08,-0.27
-65418,7.23,-64308,7.14,633,2.04,12065,09_02_50_17_06_2025,2.09,-8.64,-5.86,0.31,0.34,-0.53
-65298,7.22,-64849,7.19,633,2.04,12087,09_02_50_17_06_2025,3.01,-8.38,-5.94,0.44,0.40,-0.46
-64755,7.18,-65175,7.21,633,2.04,12112,09_02_50_17_06_2025,2.77,-8.44,-5.46,0.63,0.35,-0.36
-64157,7.13,-65573,7.24,632,2.04,12137,09_02_50_17_06_2025,2.66,-8.50,-4.55,0.63,0.25,-0.30
-64020,7.12,-65372,7.23,633,2.04,12163,09_02_50_17_06_2025,3.31,-8.48,-3.69,0.50,0.21,-0.28
-64475,7.16,-65355,7.22,633,2.04,12190,09_02_50_17_06_2025,3.65,-8.45,-3.36,0.25,0.07,-0.11
-64508,7.16,-65211,7.21,633,2.04,12213,09_02_50_17_06_2025,3.50,-8.48,-3.31,0.07,-0.00,-0.01
-63890,7.11,-64990,7.20,633,2.04,12238,09_02_50_17_06_2025,2.84,-8.48,-3.89,-0.13,-0.08,0.07
-63848,7.11,-64819,7.18,633,2.04,12263,09_02_50_17_06_2025,2.83,-8.21,-4.25,-0.14,-0.06,0.02
-63954,7.12,-64801,7.18,633,2.04,12289,09_02_50_17_06_2025,2.88,-8.20,-4.42,-0.09,-0.05,0.03
-64124,7.13,-64753,7.18,634,2.05,12314,09_02_50_17_06_2025,2.83,-8.20,-4.35,-0.02,-0.04,0.04
-64066,7.13,-64919,7.19,633,2.04,12342,09_02_50_17_06_2025,2.58,-8.03,-4.14,0.00,0.03,-0.00
-63860,7.11,-64830,7.18,633,2.04,12364,09_02_50_17_06_2025,2.65,-8.02,-4.17,-0.02,0.06,-0.04
-64058,7.13,-64786,7.18,632,2.04,12390,09_02_50_17_06_2025,2.78,-8.02,-4.29,-0.04,0.04,-0.04
-63672,7.10,-64920,7.19,632,2.04,12415,09_02_50_17_06_2025,2.54,-8.06,-4.58,-0.07,-0.02,-0.02
-64043,7.12,-64858,7.19,633,2.04,12440,09_02_50_17_06_2025,2.62,-8.12,-4.36,-0.07,-0.06,-0.04
-64398,7.15,-65054,7.20,633,2.04,12468,09_02_50_17_06_2025,2.72,-7.88,-4.34,-0.10,0.01,-0.07
-64463,7.16,-64868,7.19,634,2.05,12491,09_02_50_17_06_2025,2.65,-8.01,-4.38,-0.12,-0.00,-0.09
-64713,7.18,-65449,7.23,633,2.04,12516,09_02_50_17_06_2025,3.09,-8.15,-4.77,-0.15,-0.02,-0.08
-64778,7.18,-65459,7.23,633,2.04,12541,09_02_50_17_06_2025,2.93,-8.27,-4.80,-0.10,-0.05,-0.02
-64863,7.19,-65238,7.22,633,2.04,12566,09_02_50_17_06_2025,2.82,-8.38,-4.81,-0.09,-0.05,-0.02
-65004,7.20,-65333,7.22,632,2.04,12593,09_02_50_17_06_2025,2.79,-8.25,-4.83,-0.06,-0.06,-0.01
-65182,7.21,-65246,7.22,632,2.04,12620,09_02_50_17_06_2025,2.67,-8.21,-4.97,-0.04,-0.04,-0.03
-65238,7.22,-65243,7.22,633,2.04,12642,09_02_50_17_06_2025,2.97,-8.34,-5.22,0.03,-0.03,-0.01
-65299,7.22,-65354,7.22,633,2.04,12670,09_02_50_17_06_2025,2.69,-8.40,-5.18,0.09,-0.04,-0.00
-65635,7.25,-65277,7.22,633,2.04,12692,09_02_50_17_06_2025,2.55,-8.35,-4.95,0.15,-0.03,-0.04
-65611,7.24,-65610,7.24,633,2.04,12717,09_02_50_17_06_2025,2.83,-8.36,-4.65,0.14,-0.01,-0.08
-65909,7.27,-65868,7.26,633,2.04,12745,09_02_50_17_06_2025,3.06,-8.41,-4.70,0.11,-0.01,-0.06
-66012,7.27,-65680,7.25,632,2.04,12768,09_02_50_17_06_2025,3.02,-8.38,-4.47,0.14,-0.00,-0.05
-65848,7.26,-65822,7.26,632,2.04,12793,09_02_50_17_06_2025,3.13,-8.29,-4.32,0.14,0.02,-0.04
-65847,7.26,-65961,7.27,633,2.04,12818,09_02_50_17_06_2025,2.89,-8.28,-4.08,0.13,0.04,-0.04
-65912,7.27,-65875,7.26,633,2.04,12844,09_02_50_17_06_2025,3.02,-8.26,-3.88,0.04,-0.01,-0.06
-65363,7.22,-66164,7.29,633,2.04,12869,09_02_50_17_06_2025,3.19,-8.42,-3.99,-0.03,-0.04,-0.04
-65523,7.24,-66167,7.29,632,2.04,12903,09_02_50_17_06_2025,3.08,-8.39,-4.08,-0.03,-0.01,-0.02
-65201,7.21,-66217,7.29,633,2.04,12925,09_02_50_17_06_2025,3.25,-8.44,-3.98,-0.02,0.02,-0.04
-65073,7.20,-66125,7.28,632,2.04,12950,09_02_50_17_06_2025,3.46,-8.32,-4.10,-0.07,0.01,0.01
-64937,7.19,-66062,7.28,632,2.04,12975,09_02_51_17_06_2025,2.82,-8.22,-4.10,-0.09,-0.03,0.05
-64841,7.18,-65764,7.25,633,2.04,13001,09_02_51_17_06_2025,2.95,-8.10,-4.29,-0.11,-0.01,0.04
-64597,7.17,-66024,7.27,633,2.04,13029,09_02_51_17_06_2025,2.79,-8.14,-4.53,-0.11,0.01,0.00
-64844,7.19,-66063,7.28,633,2.04,13051,09_02_51_17_06_2025,2.77,-8.17,-4.81,-0.05,0.02,-0.02
-64969,7.19,-66016,7.27,633,2.04,13076,09_02_51_17_06_2025,2.85,-8.19,-4.88,-0.01,0.04,-0.04
-64987,7.20,-65570,7.24,633,2.04,13101,09_02_51_17_06_2025,2.90,-8.21,-4.84,0.02,0.04,-0.03
-65120,7.21,-65906,7.27,633,2.04,13127,09_02_51_17_06_2025,2.86,-8.17,-4.74,0.04,0.03,-0.02
-64984,7.20,-65699,7.25,632,2.04,13152,09_02_51_17_06_2025,2.69,-8.18,-4.64,0.04,0.01,-0.02
-65165,7.21,-65827,7.26,633,2.04,13180,09_02_51_17_06_2025,3.20,-8.12,-4.52,-0.02,-0.02,-0.03
-65151,7.21,-66092,7.28,632,2.04,13203,09_02_51_17_06_2025,3.06,-8.27,-4.51,-0.05,-0.04,0.01
-65014,7.20,-66097,7.28,633,2.04,13228,09_02_51_17_06_2025,3.04,-8.19,-4.46,-0.07,-0.04,0.01
-65102,7.20,-66123,7.28,633,2.04,13253,09_02_51_17_06_2025,2.96,-8.22,-4.74,-0.07,-0.02,0.02
-65137,7.21,-66283,7.29,633,2.04,13278,09_02_51_17_06_2025,3.01,-8.35,-4.69,-0.03,-0.02,-0.01
-65178,7.21,-66335,7.30,633,2.04,13306,09_02_51_17_06_2025,3.36,-8.35,-4.65,0.00,-0.00,0.01
-65021,7.20,-66405,7.30,633,2.04,13331,09_02_51_17_06_2025,3.10,-8.27,-4.50,0.01,0.01,0.04
-65062,7.20,-66368,7.30,632,2.04,13353,09_02_51_17_06_2025,2.99,-8.17,-4.59,0.00,0.02,0.03
-64812,7.18,-66158,7.28,633,2.04,13381,09_02_51_17_06_2025,2.92,-8.30,-4.72,0.01,0.03,0.02
-64846,7.19,-66068,7.28,632,2.04,13403,09_02_51_17_06_2025,2.93,-8.29,-4.81,0.04,0.04,0.03
-64603,7.17,-66010,7.27,633,2.04,13428,09_02_51_17_06_2025,2.89,-8.25,-4.75,0.05,0.03,0.02
-64693,7.17,-65887,7.26,633,2.04,13457,09_02_51_17_06_2025,2.93,-8.27,-4.56,0.06,0.07,0.01
-64535,7.16,-65912,7.27,633,2.04,13479,09_02_51_17_06_2025,3.03,-8.20,-4.75,0.06,0.08,0.01
-64583,7.17,-65954,7.27,633,2.04,13504,09_02_51_17_06_2025,2.69,-8.17,-4.55,0.08,0.04,0.03
-63992,7.12,-66079,7.28,633,2.04,13529,09_02_51_17_06_2025,2.81,-8.28,-4.55,0.06,0.08,-0.08
-64021,7.12,-66491,7.31,633,2.04,13555,09_02_51_17_06_2025,3.16,-8.20,-4.49,0.05,0.06,-0.09
-64267,7.14,-66862,7.34,632,2.04,13583,09_02_51_17_06_2025,2.62,-8.19,-3.94,0.00,0.05,-0.17
-64154,7.13,-67184,7.36,633,2.04,13605,09_02_51_17_06_2025,3.08,-8.21,-3.95,-0.10,0.13,-0.25
-64046,7.12,-67549,7.39,633,2.04,13631,09_02_51_17_06_2025,3.86,-8.15,-4.25,-0.12,0.14,-0.19
-63992,7.12,-67652,7.40,632,2.04,13656,09_02_51_17_06_2025,3.77,-8.19,-4.28,-0.11,0.04,-0.01
-64206,7.14,-67713,7.40,633,2.04,13681,09_02_51_17_06_2025,3.35,-8.18,-4.33,-0.12,-0.00,0.06
-63965,7.12,-67704,7.40,633,2.04,13706,09_02_51_17_06_2025,2.70,-8.11,-4.54,-0.11,-0.02,0.03
-64131,7.13,-67648,7.40,633,2.04,13734,09_02_51_17_06_2025,3.18,-8.10,-4.67,-0.10,0.00,-0.02
-64229,7.14,-67670,7.40,633,2.04,13757,09_02_51_17_06_2025,3.49,-8.14,-4.80,-0.04,0.03,0.02
-64276,7.14,-67586,7.39,632,2.04,13782,09_02_51_17_06_2025,3.14,-8.13,-4.87,0.01,0.07,0.03
-64033,7.12,-67397,7.38,633,2.04,13807,09_02_51_17_06_2025,2.87,-8.12,-4.91,0.04,0.08,0.03
-64251,7.14,-67450,7.38,633,2.04,13832,09_02_51_17_06_2025,3.00,-8.10,-4.70,0.07,0.06,-0.02
-64110,7.13,-67604,7.39,632,2.04,13861,09_02_51_17_06_2025,3.36,-8.24,-4.58,0.03,0.00,-0.01
-64177,7.13,-67565,7.39,632,2.04,13883,09_02_51_17_06_2025,3.50,-8.16,-4.35,0.01,-0.02,0.05
-64232,7.14,-67540,7.39,633,2.04,13908,09_02_51_17_06_2025,3.18,-8.21,-4.47,-0.00,0.03,0.06
-64264,7.14,-67078,7.35,632,2.04,13933,09_02_51_17_06_2025,3.08,-8.12,-4.56,0.02,0.05,0.02
-64251,7.14,-66998,7.35,633,2.04,13959,09_02_52_17_06_2025,3.28,-8.17,-4.48,0.06,0.06,0.02
-64307,7.14,-67144,7.36,633,2.04,13984,09_02_52_17_06_2025,3.18,-8.31,-4.33,0.03,0.02,0.02
-64353,7.15,-66866,7.34,632,2.04,14012,09_02_52_17_06_2025,3.28,-8.23,-4.37,-0.03,-0.02,0.03
-64277,7.14,-67051,7.35,633,2.04,14036,09_02_52_17_06_2025,3.36,-8.30,-4.55,-0.05,-0.02,0.05
-63786,7.11,-67161,7.36,633,2.04,14059,09_02_52_17_06_2025,3.46,-8.35,-4.75,-0.07,-0.02,0.06
-63929,7.12,-67028,7.35,632,2.04,14087,09_02_52_17_06_2025,3.18,-8.30,-4.92,0.01,-0.01,0.11
-63829,7.11,-66917,7.34,633,2.04,14110,09_02_52_17_06_2025,2.92,-8.25,-4.66,0.06,0.00,0.06
-63684,7.10,-66768,7.33,633,2.04,14138,09_02_52_17_06_2025,3.17,-8.17,-4.54,0.09,0.04,0.03
-63737,7.10,-66921,7.34,633,2.04,14160,09_02_52_17_06_2025,3.28,-8.10,-4.37,0.09,0.03,0.04
-63652,7.09,-66788,7.33,633,2.04,14185,09_02_52_17_06_2025,3.39,-8.11,-4.19,0.05,0.02,0.05
-63640,7.09,-66940,7.34,632,2.04,14210,09_02_52_17_06_2025,3.17,-8.17,-4.47,0.01,0.04,0.08
-63601,7.09,-66680,7.32,632,2.04,14235,09_02_52_17_06_2025,2.95,-8.13,-4.48,0.00,-0.00,0.07
-63532,7.09,-66443,7.31,634,2.05,14260,09_02_52_17_06_2025,2.87,-8.16,-4.48,-0.01,-0.01,0.02
-63493,7.08,-66236,7.29,632,2.04,14288,09_02_52_17_06_2025,3.12,-8.05,-4.69,-0.02,-0.01,0.01
-63930,7.12,-66282,7.29,632,2.04,14311,09_02_52_17_06_2025,2.82,-8.12,-4.62,0.02,-0.02,0.02
-63897,7.11,-66379,7.30,633,2.04,14336,09_02_52_17_06_2025,3.09,-8.15,-4.68,0.03,0.03,-0.02
-63779,7.10,-66517,7.31,633,2.04,14361,09_02_52_17_06_2025,2.96,-8.19,-4.79,0.06,0.04,-0.02
-63937,7.12,-66493,7.31,633,2.04,14386,09_02_52_17_06_2025,3.02,-8.21,-4.74,0.10,0.02,-0.04
-64033,7.12,-66690,7.32,633,2.04,14414,09_02_52_17_06_2025,3.13,-8.34,-4.49,0.13,0.01,-0.02
-64106,7.13,-66718,7.33,633,2.04,14436,09_02_52_17_06_2025,3.23,-8.32,-4.31,0.10,0.01,-0.02
-64145,7.13,-66871,7.34,632,2.04,14461,09_02_52_17_06_2025,3.37,-8.33,-4.29,0.09,0.00,0.00
-63946,7.12,-67000,7.35,633,2.04,14487,09_02_52_17_06_2025,3.17,-8.43,-4.13,0.09,-0.02,0.01
-64046,7.12,-66891,7.34,632,2.04,14512,09_02_52_17_06_2025,3.42,-8.32,-4.15,0.03,0.00,0.01
-63879,7.11,-66988,7.35,633,2.04,14537,09_02_52_17_06_2025,2.92,-8.41,-4.40,0.03,-0.03,0.03
-63991,7.12,-66672,7.32,633,2.04,14565,09_02_52_17_06_2025,3.31,-8.33,-4.17,0.01,-0.03,-0.00
-63998,7.12,-66811,7.33,632,2.04,14588,09_02_52_17_06_2025,3.33,-8.41,-4.23,-0.01,-0.01,0.02
-64185,7.14,-66786,7.33,633,2.04,14613,09_02_52_17_06_2025,3.02,-8.27,-4.25,0.02,0.00,0.01
-63790,7.11,-66848,7.34,633,2.04,14638,09_02_52_17_06_2025,3.33,-8.36,-4.23,0.01,0.00,0.00
-63619,7.09,-66660,7.32,632,2.04,14663,09_02_52_17_06_2025,3.36,-8.33,-4.26,0.02,0.00,0.05
-63758,7.10,-66716,7.33,633,2.04,14691,09_02_52_17_06_2025,3.20,-8.24,-3.94,0.01,-0.01,0.07
-63909,7.11,-66613,7.32,632,2.04,14714,09_02_52_17_06_2025,3.23,-8.21,-3.97,-0.03,-0.01,0.08
-63871,7.11,-66721,7.33,632,2.04,14739,09_02_52_17_06_2025,2.92,-8.20,-4.15,-0.08,-0.02,0.08
-63814,7.11,-66548,7.31,632,2.04,14766,09_02_52_17_06_2025,3.15,-8.14,-4.21,-0.09,-0.05,0.09
-63806,7.11,-66552,7.31,632,2.04,14789,09_02_52_17_06_2025,3.15,-8.13,-3.86,-0.12,-0.02,0.10
-63476,7.08,-66269,7.29,633,2.04,14814,09_02_52_17_06_2025,2.91,-8.09,-3.68,-0.20,-0.04,0.11
-63655,7.10,-65932,7.27,633,2.04,14842,09_02_52_17_06_2025,2.78,-8.07,-4.14,-0.36,-0.12,0.13
-63593,7.09,-65802,7.26,633,2.04,14864,09_02_52_17_06_2025,2.78,-8.18,-4.61,-0.43,-0.13,0.10
-63484,7.08,-65492,7.23,633,2.04,14890,09_02_52_17_06_2025,2.89,-8.13,-5.25,-0.33,-0.08,0.08
-63568,7.09,-65305,7.22,633,2.04,14915,09_02_52_17_06_2025,2.73,-8.13,-5.14,-0.22,-0.07,0.07
-63316,7.07,-65621,7.24,633,2.04,14940,09_02_52_17_06_2025,2.82,-8.13,-5.02,-0.10,-0.01,0.03
-63288,7.07,-65285,7.22,633,2.04,14968,09_02_53_17_06_2025,2.99,-8.33,-4.80,-0.01,0.06,0.01
-63076,7.05,-65315,7.22,633,2.04,14991,09_02_53_17_06_2025,2.90,-8.32,-4.74,-0.01,0.06,0.02
-62705,7.02,-65236,7.21,633,2.04,15016,09_02_53_17_06_2025,3.33,-8.41,-4.82,-0.02,0.05,0.05
-62550,7.01,-64991,7.20,633,2.04,15041,09_02_53_17_06_2025,3.26,-8.43,-4.82,-0.03,0.02,0.11
-62319,6.99,-64757,7.18,632,2.04,15066,09_02_53_17_06_2025,3.09,-8.46,-4.65,-0.08,-0.02,0.16
-62144,6.98,-64453,7.16,633,2.04,15092,09_02_53_17_06_2025,3.30,-8.39,-4.81,-0.11,-0.04,0.22
-61777,6.95,-64434,7.15,633,2.04,15120,09_02_53_17_06_2025,3.14,-8.83,-4.65,-0.09,0.00,0.26
-61337,6.92,-64060,7.13,633,2.04,15142,09_02_53_17_06_2025,3.32,-8.91,-4.80,-0.10,0.04,0.28
-61174,6.91,-63658,7.10,632,2.04,15167,09_02_53_17_06_2025,4.04,-9.51,-4.66,-0.05,0.08,0.30
-60592,6.86,-63245,7.06,633,2.04,15193,09_02_53_17_06_2025,4.55,-9.03,-3.80,-0.15,0.03,0.55
-60592,6.86,-62950,7.04,633,2.04,15218,09_02_53_17_06_2025,3.13,-9.16,-4.41,-0.45,-0.21,0.76
-58360,6.69,-62469,7.01,633,2.04,15246,09_02_53_17_06_2025,3.84,-9.04,-5.31,-0.49,-0.18,0.77
-57428,6.62,-61978,6.97,633,2.04,15268,09_02_53_17_06_2025,2.79,-8.90,-4.94,-0.34,-0.14,0.82
-56967,6.59,-61143,6.90,632,2.04,15293,09_02_53_17_06_2025,1.85,-8.58,-4.80,-0.26,0.05,0.73
-55471,6.48,-59949,6.81,633,2.04,15319,09_02_53_17_06_2025,3.69,-9.29,-4.84,-0.18,0.21,0.55
-55072,6.44,-59350,6.77,633,2.04,15344,09_02_53_17_06_2025,3.11,-8.34,-4.60,0.02,0.29,0.81
-54106,6.37,-58125,6.68,632,2.04,15369,09_02_53_17_06_2025,4.32,-8.82,-4.41,0.01,0.30,0.89
-52419,6.24,-57068,6.60,632,2.04,15397,09_02_53_17_06_2025,3.64,-8.32,-4.96,0.01,0.30,1.18
-50940,6.13,-55931,6.51,633,2.04,15419,09_02_53_17_06_2025,2.33,-7.83,-4.62,0.05,0.21,1.30
-49484,6.02,-54836,6.43,633,2.04,15444,09_02_53_17_06_2025,1.26,-7.56,-4.40,0.11,0.31,1.29
-47193,5.85,-54836,6.43,633,2.04,15469,09_02_53_17_06_2025,1.45,-8.32,-4.38,0.07,0.59,0.98
-45354,5.71,-50018,6.06,633,2.04,15496,09_02_53_17_06_2025,2.68,-7.23,-4.66,0.03,0.80,0.89
-43756,5.59,-48694,5.96,633,2.04,15522,09_02_53_17_06_2025,0.05,-7.01,-4.38,-0.03,0.78,1.12
-41942,5.45,-46194,5.77,632,2.04,15545,09_02_53_17_06_2025,-0.26,-7.90,-4.44,-0.00,0.69,0.88
-39155,5.24,-43373,5.56,633,2.04,15572,09_02_53_17_06_2025,2.77,-8.78,-4.98,-0.25,0.73,0.59
-36718,5.05,-40860,5.37,633,2.04,15595,09_02_53_17_06_2025,4.49,-7.93,-5.93,-0.44,0.74,0.63
-34743,4.90,-38670,5.20,633,2.04,15620,09_02_53_17_06_2025,2.37,-6.81,-6.10,-0.32,0.45,1.16
-31822,4.68,-32236,4.71,633,2.04,15645,09_02_53_17_06_2025,-1.11,-7.26,-4.86,-0.02,0.29,1.03
-28271,4.41,-27382,4.35,632,2.04,15674,09_02_53_17_06_2025,-1.31,-7.36,-4.91,-0.33,0.62,0.29
-24671,4.14,-22000,3.94,633,2.04,15696,09_02_53_17_06_2025,-2.08,-6.55,-6.39,-0.64,0.77,-0.33
-21202,3.88,-16338,3.51,632,2.04,15721,09_02_53_17_06_2025,-3.27,-5.79,-6.90,-0.57,0.86,-0.62
-17660,3.61,-10922,3.10,632,2.04,15747,09_02_53_17_06_2025,-3.86,-5.70,-6.64,-0.35,1.05,-1.13
-15021,3.41,-5641,2.70,632,2.04,15772,09_02_53_17_06_2025,-1.28,-5.28,-6.31,-0.26,1.17,-1.49
-13519,3.30,-4563,2.62,633,2.04,15800,09_02_53_17_06_2025,1.76,-5.66,-5.79,-0.07,1.16,-1.28
-13570,3.30,-3807,2.56,632,2.04,15823,09_02_53_17_06_2025,3.28,-6.04,-4.72,-0.08,0.84,-0.74
-13185,3.27,-3049,2.50,633,2.04,15848,09_02_53_17_06_2025,3.67,-6.13,-4.53,-0.40,0.57,-0.59
-13185,3.27,-2357,2.45,632,2.04,15873,09_02_53_17_06_2025,4.30,-6.55,-5.04,-0.80,0.43,-0.38
-12149,3.19,-1801,2.41,633,2.04,15898,09_02_53_17_06_2025,4.50,-6.54,-5.28,-0.77,0.52,0.01
-11724,3.16,-1783,2.41,632,2.04,15924,09_02_53_17_06_2025,4.35,-6.55,-5.09,-0.81,0.46,0.36
-11917,3.18,-1746,2.40,633,2.04,15952,09_02_53_17_06_2025,4.08,-6.51,-5.20,-1.11,0.14,0.62
-11917,3.18,-1548,2.39,633,2.04,15974,09_02_54_17_06_2025,3.70,-6.60,-5.99,-1.31,-0.15,0.71
-12001,3.18,-1714,2.40,633,2.04,15999,09_02_54_17_06_2025,4.13,-6.25,-6.77,-1.16,-0.44,0.80
-12422,3.21,-1284,2.37,633,2.04,16025,09_02_54_17_06_2025,4.14,-5.63,-6.26,-0.90,-0.32,1.05
-12352,3.21,-963,2.35,633,2.04,16050,09_02_54_17_06_2025,3.32,-5.62,-6.32,-1.02,-0.02,1.16
-12372,3.21,-483,2.31,633,2.04,16078,09_02_54_17_06_2025,2.50,-5.24,-6.94,-1.09,0.18,1.19
-12231,3.20,-384,2.30,633,2.04,16101,09_02_54_17_06_2025,1.78,-5.33,-7.76,-1.07,0.10,1.24
-12134,3.19,-400,2.30,632,2.04,16126,09_02_54_17_06_2025,1.38,-4.94,-7.68,-0.67,-0.11,1.13
-11815,3.17,-566,2.32,633,2.04,16151,09_02_54_17_06_2025,1.83,-5.08,-6.95,-0.39,0.19,0.98
-11523,3.15,-58,2.28,633,2.04,16177,09_02_54_17_06_2025,1.01,-5.36,-6.64,-0.34,0.63,1.19
-11303,3.13,-83,2.28,633,2.04,16202,09_02_54_17_06_2025,0.51,-5.14,-6.83,-0.35,0.81,1.17
-11353,3.13,10,2.27,633,2.04,16235,09_02_54_17_06_2025,0.54,-5.45,-7.06,-0.25,1.08,0.99
-11560,3.15,-1,2.27,633,2.04,16257,09_02_54_17_06_2025,0.51,-5.45,-7.67,-0.23,1.08,1.05
-11468,3.14,-425,2.30,633,2.04,16283,09_02_54_17_06_2025,0.48,-5.10,-7.44,-0.07,1.12,1.01
-11402,3.14,-427,2.31,633,2.04,16308,09_02_54_17_06_2025,0.57,-5.67,-7.55,-0.08,1.13,0.74
-11272,3.13,-336,2.30,632,2.04,16333,09_02_54_17_06_2025,1.84,-5.70,-8.32,-0.23,1.12,0.64
-11032,3.11,-35,2.28,632,2.04,16361,09_02_54_17_06_2025,2.10,-5.41,-9.41,0.11,1.21,0.82
-11152,3.12,-120,2.28,632,2.04,16383,09_02_54_17_06_2025,1.72,-5.35,-8.78,0.41,1.26,0.88
-11305,3.13,-76,2.28,632,2.04,16409,09_02_54_17_06_2025,1.35,-6.04,-8.56,0.25,1.33,0.68
-11520,3.15,-101,2.28,632,2.04,16434,09_02_54_17_06_2025,1.97,-6.05,-9.17,-0.16,1.33,0.17
-11586,3.15,114,2.26,633,2.04,16459,09_02_54_17_06_2025,2.59,-6.11,-10.19,-0.12,1.33,0.08
-11614,3.15,61,2.27,633,2.04,16484,09_02_54_17_06_2025,2.83,-5.75,-11.17,0.44,1.42,0.39
-11836,3.17,199,2.26,633,2.04,16512,09_02_54_17_06_2025,2.60,-6.53,-9.09,0.79,1.73,0.13
-11886,3.17,-320,2.30,633,2.04,16535,09_02_54_17_06_2025,2.80,-6.54,-7.84,0.71,2.27,-0.04
-11538,3.15,-256,2.29,633,2.04,16560,09_02_54_17_06_2025,3.13,-6.48,-8.54,0.57,3.02,-0.23
-11980,3.18,-291,2.29,633,2.04,16585,09_02_54_17_06_2025,2.73,-7.23,-8.48,0.74,3.19,-0.18
-11967,3.18,-819,2.33,632,2.04,16610,09_02_54_17_06_2025,3.03,-7.29,-7.77,0.91,3.19,-0.17
-11680,3.16,-848,2.34,633,2.04,16635,09_02_54_17_06_2025,3.50,-7.56,-6.53,0.87,3.19,-0.33
-11647,3.16,-786,2.33,633,2.04,16663,09_02_54_17_06_2025,4.25,-7.33,-5.73,0.65,3.34,-0.53
-11355,3.13,-1184,2.36,633,2.04,16686,09_02_54_17_06_2025,5.36,-7.17,-4.31,0.52,3.63,-0.61
-11231,3.12,-1045,2.35,632,2.04,16711,09_02_54_17_06_2025,7.42,-7.79,-5.02,-0.28,4.36,-0.02
-11249,3.12,-1035,2.35,632,2.04,16736,09_02_54_17_06_2025,7.58,-8.29,-5.78,-0.03,4.48,0.29
-11298,3.13,-1315,2.37,633,2.04,16762,09_02_54_17_06_2025,5.78,-6.94,-3.73,0.27,3.51,0.35
-11120,3.12,-934,2.34,633,2.04,16790,09_02_54_17_06_2025,5.74,-8.67,-1.85,0.27,3.03,-0.10
-11202,3.12,-625,2.32,633,2.04,16812,09_02_54_17_06_2025,5.37,-8.58,-1.50,-0.23,2.46,-0.10
-11245,3.12,-586,2.32,633,2.04,16837,09_02_54_17_06_2025,5.61,-6.91,-0.30,-0.03,2.32,-0.51
-11465,3.14,-285,2.29,633,2.04,16863,09_02_54_17_06_2025,7.11,-6.12,0.47,0.07,2.72,-0.83
-11453,3.14,-222,2.29,632,2.04,16888,09_02_54_17_06_2025,7.20,-6.79,0.66,0.07,3.03,-1.23
-11518,3.15,-183,2.29,633,2.04,16913,09_02_54_17_06_2025,7.82,-6.41,0.46,0.15,2.86,-1.02
-11125,3.12,-35,2.28,633,2.04,16943,09_02_54_17_06_2025,7.69,-5.98,1.60,0.37,2.47,-0.81
-11273,3.13,-11,2.27,632,2.04,16967,09_02_55_17_06_2025,6.89,-5.57,4.68,0.22,2.49,-0.82
-11178,3.12,2,2.27,633,2.04,16991,09_02_55_17_06_2025,6.78,-5.32,3.10,-0.52,3.18,-0.97
-11036,3.11,-101,2.28,632,2.04,17014,09_02_55_17_06_2025,7.57,-4.60,1.05,-0.22,3.13,-1.12
-11317,3.13,-84,2.28,633,2.04,17039,09_02_55_17_06_2025,7.62,-4.19,3.27,0.73,2.16,-1.09
-11271,3.13,9,2.27,632,2.04,17064,09_02_55_17_06_2025,5.50,-5.26,5.59,0.74,1.80,-1.45
-11208,3.12,-26,2.27,632,2.04,17092,09_02_55_17_06_2025,7.11,-4.47,4.90,0.88,1.66,-1.49
-11305,3.13,162,2.26,632,2.04,17115,09_02_55_17_06_2025,8.63,-2.74,4.55,1.07,1.45,-1.44
-11211,3.12,-44,2.28,633,2.04,17140,09_02_55_17_06_2025,8.22,-3.30,5.42,0.80,0.94,-1.49
-11212,3.12,-51,2.28,633,2.04,17165,09_02_55_17_06_2025,7.62,-3.60,6.30,0.75,0.85,-0.92
-11233,3.12,12,2.27,633,2.04,17191,09_02_55_17_06_2025,7.28,-3.10,6.51,0.76,0.74,-0.72
-11221,3.12,212,2.26,633,2.04,17219,09_02_55_17_06_2025,6.81,-2.86,6.05,0.39,-0.13,-0.52
-11230,3.12,390,2.24,633,2.04,17241,09_02_55_17_06_2025,7.26,-3.54,5.84,0.55,-0.42,-0.45
-11024,3.11,649,2.22,633,2.04,17266,09_02_55_17_06_2025,7.73,-3.08,6.72,0.63,-0.50,-0.27
-11166,3.12,1052,2.19,633,2.04,17292,09_02_55_17_06_2025,8.10,-2.95,6.50,0.38,-0.12,-0.22
-11428,3.14,1030,2.19,633,2.04,17317,09_02_55_17_06_2025,7.29,-2.73,6.23,0.27,0.10,-0.25
-11009,3.11,1801,2.14,632,2.04,17342,09_02_55_17_06_2025,8.17,-2.58,5.91,0.02,0.16,-0.32
-10784,3.09,1801,2.14,632,2.04,17370,09_02_55_17_06_2025,8.26,-2.65,6.30,0.00,0.44,-0.28
-10045,3.03,5088,1.89,633,2.04,17393,09_02_55_17_06_2025,8.04,-2.93,6.32,0.00,0.54,-0.27
-7184,2.82,4352,1.94,633,2.04,17418,09_02_55_17_06_2025,7.76,-2.62,6.60,-0.02,0.32,-0.16
-12103,3.19,2830,2.06,633,2.04,17443,09_02_55_17_06_2025,6.99,-2.75,6.63,-0.05,0.31,-0.22
-12560,3.22,2143,2.11,633,2.04,17468,09_02_55_17_06_2025,7.14,-2.40,6.30,-0.07,0.16,-0.38
-8920,2.95,2503,2.08,633,2.04,17494,09_02_55_17_06_2025,6.73,-2.29,6.05,-0.18,0.15,-0.43
-9903,3.02,2357,2.09,632,2.04,17522,09_02_55_17_06_2025,6.98,-1.96,5.67,-0.11,0.27,-0.38
-10166,3.04,1604,2.15,632,2.04,17544,09_02_55_17_06_2025,7.25,-1.91,5.28,0.05,0.18,-0.45
-10467,3.07,2024,2.12,633,2.04,17569,09_02_55_17_06_2025,6.64,-1.85,5.69,0.22,-0.25,-0.45
-10101,3.04,1598,2.15,633,2.04,17594,09_02_55_17_06_2025,7.13,-1.34,6.07,0.13,-0.52,-0.46
-10547,3.07,1540,2.16,632,2.04,17619,09_02_55_17_06_2025,7.56,-1.74,6.58,0.11,-0.49,-0.40
-10203,3.05,1759,2.14,633,2.04,17656,09_02_55_17_06_2025,7.02,-1.59,6.61,0.06,-0.11,-0.35
-9825,3.02,2247,2.10,633,2.04,17679,09_02_55_17_06_2025,6.87,-1.63,6.46,0.06,-0.02,-0.38
-9928,3.02,2106,2.11,632,2.04,17703,09_02_55_17_06_2025,7.24,-1.51,6.91,0.04,-0.05,-0.51
-10241,3.05,2022,2.12,633,2.04,17727,09_02_55_17_06_2025,7.11,-1.31,6.69,-0.13,-0.03,-0.52
-9869,3.02,2327,2.10,633,2.04,17749,09_02_55_17_06_2025,7.13,-1.29,6.44,-0.22,-0.18,-0.49
-10038,3.03,2119,2.11,633,2.04,17774,09_02_55_17_06_2025,7.64,-1.13,6.52,-0.31,-0.45,-0.61
-9975,3.03,2044,2.12,633,2.04,17802,09_02_55_17_06_2025,8.40,-1.20,6.53,-0.39,-0.61,-0.58
-10100,3.04,2183,2.11,632,2.04,17825,09_02_55_17_06_2025,8.98,-1.36,7.72,-0.63,-0.43,-0.44
-10329,3.06,1909,2.13,632,2.04,17850,09_02_55_17_06_2025,8.83,-1.44,6.74,-0.63,0.01,-0.26
-10096,3.04,2017,2.12,632,2.04,17875,09_02_55_17_06_2025,8.65,-1.45,6.01,-0.58,0.18,-0.22
-10338,3.06,1994,2.12,633,2.04,17900,09_02_55_17_06_2025,8.61,-1.42,6.05,-0.52,0.16,-0.19
-10051,3.03,2114,2.11,633,2.04,17926,09_02_55_17_06_2025,8.33,-1.53,5.63,-0.49,0.05,-0.16
-10468,3.07,2042,2.12,632,2.04,17954,09_02_55_17_06_2025,7.61,-1.55,4.12,-0.53,-0.57,-0.24
-10282,3.05,2412,2.09,633,2.04,17976,09_02_56_17_06_2025,8.38,-1.41,4.91,-0.35,-0.54,-0.20
-10350,3.06,2160,2.11,632,2.04,18001,09_02_56_17_06_2025,7.98,-1.14,5.39,-0.19,0.08,-0.23
-10451,3.06,2329,2.10,632,2.04,18027,09_02_56_17_06_2025,7.97,-1.08,6.12,-0.15,0.54,-0.30
-10432,3.06,2201,2.11,632,2.04,18052,09_02_56_17_06_2025,7.83,-0.87,5.97,-0.19,0.48,-0.30
-10432,3.06,2141,2.11,633,2.04,18080,09_02_56_17_06_2025,8.18,-1.28,6.13,-0.29,-0.09,-0.17
-10341,3.06,2280,2.10,633,2.04,18102,09_02_56_17_06_2025,8.44,-1.60,5.65,-0.28,-0.16,-0.11
-10421,3.06,2425,2.09,633,2.04,18128,09_02_56_17_06_2025,8.29,-1.70,5.45,-0.18,0.07,0.01
-10344,3.06,2246,2.10,632,2.04,18153,09_02_56_17_06_2025,7.81,-1.59,5.50,-0.16,0.28,-0.05
-10158,3.04,2054,2.12,633,2.04,18178,09_02_56_17_06_2025,7.68,-1.69,5.60,-0.16,0.28,-0.12
-10384,3.06,1986,2.12,632,2.04,18203,09_02_56_17_06_2025,7.66,-1.69,5.64,-0.12,0.15,-0.11
-10030,3.03,2006,2.12,632,2.04,18232,09_02_56_17_06_2025,7.56,-1.73,5.97,-0.05,0.08,-0.13
-10264,3.05,2065,2.12,633,2.04,18254,09_02_56_17_06_2025,7.93,-1.81,6.16,-0.02,0.11,-0.22
