-37802,5.14,0,2.27,628,2.03,1128,13_59_18_18_06_2025,-3.02,-3.98,1.64,0.11,-1.47,0.71
-45160,5.69,-35146,4.94,627,2.02,1216,13_59_18_18_06_2025,-1.60,-11.40,3.93,-0.51,-1.21,-0.72
-45770,5.74,-37395,5.11,628,2.03,1236,13_59_18_18_06_2025,-1.51,-10.30,1.30,-0.60,-0.77,-0.11
-47026,5.84,-37395,5.11,628,2.03,1256,13_59_18_18_06_2025,-2.15,-9.55,1.94,-0.59,-1.07,0.13
-48601,5.95,-40974,5.38,628,2.03,1276,13_59_18_18_06_2025,-1.37,-9.00,3.25,-0.60,-1.19,0.04
-49406,6.02,-43346,5.56,628,2.03,1296,13_59_18_18_06_2025,-1.10,-8.85,4.47,-0.75,-0.99,0.11
-51629,6.18,-44775,5.66,628,2.03,1319,13_59_18_18_06_2025,-0.38,-8.32,5.72,-0.61,-0.63,-0.03
-53312,6.31,-46235,5.78,628,2.03,1341,13_59_18_18_06_2025,-1.14,-9.36,3.57,-0.31,-0.33,-0.38
-53662,6.34,-47891,5.90,628,2.03,1361,13_59_18_18_06_2025,-1.94,-11.21,2.44,-0.02,-0.57,-0.59
-54380,6.39,-48531,5.95,628,2.03,1381,13_59_18_18_06_2025,-2.07,-12.15,4.29,-0.00,-0.34,-0.23
-54907,6.43,-50242,6.08,627,2.02,1402,13_59_18_18_06_2025,-2.21,-11.35,3.20,-0.02,-0.14,0.18
-55715,6.49,-52303,6.24,627,2.02,1425,13_59_18_18_06_2025,-1.78,-10.37,3.63,0.03,-0.11,0.26
-56302,6.54,-54054,6.37,628,2.03,1445,13_59_18_18_06_2025,-1.16,-9.63,3.28,0.04,-0.09,0.29
-57514,6.63,-54891,6.43,628,2.03,1465,13_59_18_18_06_2025,-1.85,-9.32,1.84,-0.37,-0.17,0.33
-58008,6.67,-56255,6.53,628,2.03,1485,13_59_18_18_06_2025,-1.49,-9.02,2.96,-0.57,-0.31,0.16
-58726,6.72,-57168,6.60,628,2.03,1506,13_59_18_18_06_2025,-0.83,-9.41,4.48,-0.43,-0.12,-0.10
-59308,6.77,-58730,6.72,628,2.03,1526,13_59_18_18_06_2025,-1.73,-10.87,2.33,-0.03,0.07,-0.34
-60162,6.83,-60006,6.82,627,2.02,1549,13_59_18_18_06_2025,-1.83,-11.88,3.31,0.17,-0.02,-0.17
-60511,6.86,-60797,6.88,628,2.03,1569,13_59_18_18_06_2025,-1.83,-10.23,2.74,0.05,0.21,0.30
-61216,6.91,-62434,7.00,628,2.03,1590,13_59_18_18_06_2025,-1.26,-8.81,2.38,-0.32,0.16,0.51
-61712,6.95,-63371,7.07,627,2.02,1610,13_59_18_18_06_2025,-1.49,-8.57,1.98,-0.48,0.10,0.33
-62330,6.99,-63915,7.11,628,2.03,1635,13_59_18_18_06_2025,-2.29,-9.16,1.04,-0.31,-0.44,-0.04
-62516,7.01,-64977,7.20,628,2.03,1658,13_59_18_18_06_2025,-1.98,-10.09,2.32,-0.24,-0.51,-0.06
-63039,7.05,-65680,7.25,628,2.03,1679,13_59_18_18_06_2025,-1.99,-10.16,1.93,-0.06,-0.40,0.03
-63108,7.05,-65974,7.27,627,2.02,1699,13_59_18_18_06_2025,-2.46,-10.95,1.50,0.15,-0.51,0.11
-63241,7.06,-66344,7.30,628,2.03,1719,13_59_18_18_06_2025,-2.81,-11.10,1.28,0.36,-0.69,0.29
-63584,7.09,-67229,7.37,628,2.03,1740,13_59_18_18_06_2025,-2.45,-10.40,1.73,0.24,-0.74,0.62
-63960,7.12,-67780,7.41,627,2.02,1760,13_59_18_18_06_2025,-2.02,-10.17,2.18,0.09,-0.69,0.79
-64547,7.16,-68559,7.47,628,2.03,1783,13_59_18_18_06_2025,-2.05,-9.10,2.27,0.17,-0.60,0.67
-64561,7.16,-68920,7.49,628,2.03,1803,13_59_18_18_06_2025,-2.08,-8.68,2.07,0.14,-0.60,0.55
-64334,7.15,-69247,7.52,628,2.03,1824,13_59_18_18_06_2025,-2.29,-8.81,2.61,0.22,-0.64,0.42
-63995,7.12,-69760,7.56,628,2.03,1844,13_59_18_18_06_2025,-2.16,-9.36,2.79,0.10,-0.73,0.54
-63671,7.10,-69773,7.56,628,2.03,1864,13_59_18_18_06_2025,-1.77,-9.33,3.57,-0.07,-0.75,0.69
-64630,7.17,-69756,7.56,627,2.02,1887,13_59_18_18_06_2025,-1.39,-8.35,4.28,-0.03,-0.62,0.66
-64119,7.13,-70136,7.59,627,2.02,1908,13_59_18_18_06_2025,-1.64,-8.47,4.04,0.04,-0.49,0.40
-64004,7.12,-70144,7.59,628,2.03,1928,13_59_18_18_06_2025,-1.77,-9.02,3.96,0.04,-0.49,0.34
-64221,7.14,-70540,7.62,628,2.03,1949,13_59_18_18_06_2025,-2.18,-8.93,3.56,0.08,-0.52,0.35
-64860,7.19,-70320,7.60,627,2.02,1970,13_59_18_18_06_2025,-1.84,-8.41,4.14,0.07,-0.53,0.39
-64636,7.17,-70493,7.61,628,2.03,1990,13_59_18_18_06_2025,-2.57,-8.60,3.10,0.11,-0.28,0.33
-64620,7.17,-70573,7.62,628,2.03,2013,13_59_19_18_06_2025,-1.80,-7.52,3.70,0.16,-0.51,0.28
-64984,7.20,-70669,7.63,627,2.02,2033,13_59_19_18_06_2025,-1.60,-7.46,4.30,0.07,-0.44,0.16
-65020,7.20,-70839,7.64,628,2.03,2053,13_59_19_18_06_2025,-1.66,-7.31,3.74,0.04,-0.37,0.09
-64798,7.18,-70692,7.63,627,2.02,2073,13_59_19_18_06_2025,-2.08,-7.45,3.35,-0.10,-0.33,0.02
-65046,7.20,-70731,7.63,627,2.02,2093,13_59_19_18_06_2025,-2.25,-7.79,3.26,-0.16,-0.36,0.01
-64958,7.19,-70545,7.62,628,2.03,2113,13_59_19_18_06_2025,-2.01,-8.04,3.33,-0.20,-0.38,0.03
-64842,7.18,-70527,7.62,628,2.03,2136,13_59_19_18_06_2025,-2.26,-7.69,2.99,-0.01,-0.36,-0.06
-65143,7.21,-70730,7.63,628,2.03,2159,13_59_19_18_06_2025,-2.34,-7.73,2.87,0.01,-0.37,-0.14
-65022,7.20,-70650,7.62,627,2.02,2179,13_59_19_18_06_2025,-2.51,-8.32,2.55,-0.14,-0.38,-0.09
-65238,7.22,-71171,7.66,628,2.03,2199,13_59_19_18_06_2025,-2.36,-8.00,2.84,-0.24,-0.43,-0.09
-65424,7.23,-71191,7.67,628,2.03,2220,13_59_19_18_06_2025,-2.31,-8.16,3.06,-0.28,-0.43,-0.15
-65480,7.23,-71886,7.72,628,2.03,2242,13_59_19_18_06_2025,-2.34,-8.86,3.15,-0.26,-0.44,-0.22
-65500,7.23,-72223,7.74,628,2.03,2263,13_59_19_18_06_2025,-2.35,-9.48,3.27,-0.20,-0.46,-0.21
-65372,7.23,-72706,7.78,627,2.02,2283,13_59_19_18_06_2025,-2.39,-9.88,3.36,-0.19,-0.43,-0.14
-65295,7.22,-72963,7.80,628,2.03,2303,13_59_19_18_06_2025,-2.05,-9.96,3.83,-0.18,-0.42,-0.03
-65370,7.22,-73068,7.81,628,2.03,2323,13_59_19_18_06_2025,-1.93,-9.61,3.87,-0.19,-0.31,0.04
-65703,7.25,-73313,7.83,628,2.03,2344,13_59_19_18_06_2025,-2.43,-9.49,3.25,-0.27,-0.31,0.03
-66000,7.27,-73311,7.83,628,2.03,2367,13_59_19_18_06_2025,-1.96,-9.60,4.05,-0.22,-0.41,0.01
-66292,7.29,-73008,7.80,628,2.03,2387,13_59_19_18_06_2025,-1.94,-9.82,4.03,-0.19,-0.40,0.00
-66460,7.31,-72976,7.80,628,2.03,2407,13_59_19_18_06_2025,-1.71,-9.81,4.45,-0.08,-0.39,0.02
-66401,7.30,-72804,7.79,627,2.02,2427,13_59_19_18_06_2025,-1.79,-9.65,4.45,-0.06,-0.32,0.01
-66424,7.30,-72423,7.76,628,2.03,2447,13_59_19_18_06_2025,-1.62,-9.81,4.48,-0.01,-0.32,0.02
-66406,7.30,-72608,7.77,627,2.02,2470,13_59_19_18_06_2025,-1.80,-9.45,4.36,0.00,-0.17,0.07
-66529,7.31,-72316,7.75,628,2.03,2493,13_59_19_18_06_2025,-1.74,-9.31,4.09,0.00,-0.14,0.10
-66385,7.30,-72482,7.76,628,2.03,2514,13_59_19_18_06_2025,-1.76,-9.11,3.70,-0.01,-0.12,0.07
-66497,7.31,-72641,7.78,628,2.03,2534,13_59_19_18_06_2025,-1.96,-8.95,3.40,0.02,-0.16,0.04
-66501,7.31,-72560,7.77,628,2.03,2556,13_59_19_18_06_2025,-1.94,-9.01,3.45,0.01,-0.14,0.04
-66550,7.31,-72398,7.76,628,2.03,2579,13_59_19_18_06_2025,-2.30,-9.03,3.11,-0.04,-0.09,0.08
-66492,7.31,-72365,7.75,628,2.03,2602,13_59_19_18_06_2025,-2.12,-8.69,2.98,-0.05,-0.15,0.05
-66499,7.31,-72338,7.75,627,2.02,2625,13_59_19_18_06_2025,-1.80,-9.49,3.63,-0.12,-0.12,0.04
-66443,7.31,-72437,7.76,627,2.02,2645,13_59_19_18_06_2025,-2.21,-9.50,3.42,-0.08,-0.07,0.10
-66378,7.30,-72191,7.74,628,2.03,2665,13_59_19_18_06_2025,-2.21,-8.87,3.18,-0.02,-0.08,0.12
-66407,7.30,-72143,7.74,628,2.03,2685,13_59_19_18_06_2025,-2.08,-8.64,2.92,-0.07,-0.09,0.10
-66243,7.29,-72299,7.75,628,2.03,2708,13_59_19_18_06_2025,-2.15,-9.01,3.15,-0.07,-0.15,0.04
-66366,7.30,-72610,7.77,628,2.03,2728,13_59_19_18_06_2025,-2.21,-9.06,3.27,-0.06,-0.16,0.03
-66345,7.30,-72615,7.77,628,2.03,2749,13_59_19_18_06_2025,-2.19,-9.06,3.26,-0.10,-0.15,0.04
-66229,7.29,-73027,7.81,627,2.02,2769,13_59_19_18_06_2025,-2.24,-9.10,3.39,-0.08,-0.12,0.02
-66428,7.31,-73142,7.81,628,2.03,2789,13_59_19_18_06_2025,-2.39,-9.11,3.04,-0.12,-0.12,0.05
-66074,7.28,-73381,7.83,628,2.03,2809,13_59_19_18_06_2025,-2.31,-9.29,3.19,-0.08,-0.19,0.01
-65947,7.27,-73828,7.87,628,2.03,2832,13_59_19_18_06_2025,-2.17,-9.76,3.48,-0.03,-0.13,-0.00
-66094,7.28,-74000,7.88,628,2.03,2853,13_59_19_18_06_2025,-2.38,-9.96,2.79,-0.06,-0.06,0.06
-65818,7.26,-73884,7.87,628,2.03,2873,13_59_19_18_06_2025,-2.45,-9.78,2.50,0.01,-0.09,0.11
-65801,7.26,-73829,7.87,628,2.03,2893,13_59_19_18_06_2025,-2.65,-9.10,2.47,0.04,-0.12,0.17
-66211,7.29,-74257,7.90,628,2.03,2913,13_59_19_18_06_2025,-2.15,-8.32,2.75,0.04,-0.22,0.17
-66180,7.29,-74414,7.91,627,2.02,2936,13_59_19_18_06_2025,-1.72,-8.23,3.25,-0.03,-0.24,0.04
-66374,7.30,-74457,7.91,627,2.02,2959,13_59_19_18_06_2025,-1.77,-8.91,3.51,-0.04,-0.22,-0.04
-66367,7.30,-74237,7.90,628,2.03,2979,13_59_19_18_06_2025,-1.61,-9.20,3.92,-0.05,-0.22,-0.03
-66414,7.30,-74115,7.89,628,2.03,2999,13_59_19_18_06_2025,-1.43,-8.82,4.66,0.03,-0.18,-0.01
-66636,7.32,-74013,7.88,628,2.03,3019,13_59_20_18_06_2025,-1.32,-8.34,4.88,0.05,-0.10,-0.04
-66621,7.32,-73680,7.85,627,2.02,3039,13_59_20_18_06_2025,-0.88,-8.61,5.41,-0.02,-0.02,-0.08
-66596,7.32,-73217,7.82,628,2.03,3062,13_59_20_18_06_2025,-1.09,-9.70,5.45,-0.06,0.14,-0.14
-66131,7.28,-72849,7.79,628,2.03,3082,13_59_20_18_06_2025,-1.32,-9.62,5.81,0.04,0.18,-0.05
-66167,7.29,-72570,7.77,628,2.03,3102,13_59_20_18_06_2025,-0.75,-9.44,6.22,0.02,0.30,0.01
-66266,7.29,-71791,7.71,628,2.03,3122,13_59_20_18_06_2025,-0.97,-10.09,5.73,0.14,0.41,-0.04
-66266,7.29,-70699,7.63,625,2.02,3142,13_59_20_18_06_2025,-1.22,-10.46,6.50,0.22,0.41,-0.09
-65538,7.24,-68987,7.50,628,2.03,3166,13_59_20_18_06_2025,-0.55,-10.67,7.95,0.09,0.49,-0.04
-65451,7.23,-67647,7.40,628,2.03,3189,13_59_20_18_06_2025,-0.08,-12.10,7.80,-0.24,0.95,0.19
-65197,7.21,-66680,7.32,628,2.03,3210,13_59_20_18_06_2025,0.45,-11.16,6.81,-0.36,1.02,0.17
-64384,7.15,-66137,7.28,628,2.03,3230,13_59_20_18_06_2025,-0.17,-11.41,6.20,-0.05,0.99,-0.16
-63952,7.12,-64390,7.15,628,2.03,3250,13_59_20_18_06_2025,0.75,-13.48,5.94,0.64,0.92,-0.31
-63365,7.07,-63438,7.08,628,2.03,3270,13_59_20_18_06_2025,2.10,-14.21,6.50,1.07,1.03,-0.07
-62574,7.01,-62142,6.98,628,2.03,3293,13_59_20_18_06_2025,1.03,-9.13,5.77,1.27,1.55,0.42
-61875,6.96,-60996,6.89,628,2.03,3314,13_59_20_18_06_2025,-0.73,-7.94,0.95,0.78,1.66,0.27
-60947,6.89,-59251,6.76,628,2.03,3334,13_59_20_18_06_2025,0.14,-10.30,2.32,0.88,1.25,0.14
-60161,6.83,-57987,6.67,627,2.02,3354,13_59_20_18_06_2025,1.16,-10.53,3.33,1.30,1.20,0.20
-59381,6.77,-55566,6.48,628,2.03,3374,13_59_20_18_06_2025,-0.93,-4.95,2.69,1.40,1.56,0.25
-57978,6.66,-51424,6.17,627,2.02,3397,13_59_20_18_06_2025,-2.25,-6.97,-0.80,0.66,0.84,-0.08
-55900,6.51,-49561,6.03,628,2.03,3418,13_59_20_18_06_2025,-0.66,-10.39,2.87,0.78,0.32,-0.20
-55395,6.47,-47542,5.87,628,2.03,3438,13_59_20_18_06_2025,0.64,-11.69,4.91,0.92,0.61,0.16
-53552,6.33,-44783,5.67,628,2.03,3458,13_59_20_18_06_2025,-0.57,-8.23,3.86,0.59,1.40,0.74
-50525,6.10,-39841,5.29,628,2.03,3478,13_59_20_18_06_2025,-3.31,-5.11,0.95,0.55,1.52,0.64
-48863,5.97,-37721,5.13,628,2.03,3499,13_59_20_18_06_2025,-4.59,-5.85,-0.70,0.81,1.18,0.07
-46331,5.78,-34987,4.92,628,2.03,3522,13_59_20_18_06_2025,-3.03,-8.61,0.79,1.11,0.62,-0.18
-42774,5.51,-30869,4.61,628,2.03,3542,13_59_20_18_06_2025,-2.09,-8.95,2.84,1.00,0.58,-0.05
-40603,5.35,-25229,4.18,628,2.03,3562,13_59_20_18_06_2025,-3.42,-9.15,2.57,0.92,0.73,0.07
-35522,4.96,-19214,3.73,628,2.03,3582,13_59_20_18_06_2025,-4.67,-8.58,0.79,1.04,0.64,0.15
-30538,4.59,-16630,3.53,627,2.02,3603,13_59_20_18_06_2025,-6.49,-7.07,-0.57,1.20,0.04,0.11
-23823,4.08,-10332,3.06,626,2.02,3626,13_59_20_18_06_2025,-6.75,-6.97,-1.19,1.30,-0.35,0.16
-20573,3.83,-3759,2.56,627,2.02,3649,13_59_20_18_06_2025,-5.88,-6.77,0.57,1.08,-0.87,-0.27
-16287,3.51,-139,2.28,628,2.03,3669,13_59_20_18_06_2025,-4.64,-6.65,2.55,1.09,-0.86,-0.37
-14464,3.37,1508,2.16,628,2.03,3689,13_59_20_18_06_2025,-3.08,-6.47,3.14,1.21,-0.66,-0.62
-14002,3.33,1831,2.13,628,2.03,3709,13_59_20_18_06_2025,-1.75,-7.44,5.33,0.96,-0.48,-0.72
-13790,3.32,1843,2.13,628,2.03,3730,13_59_20_18_06_2025,-1.14,-8.53,7.25,0.69,0.29,-0.14
-13948,3.33,1609,2.15,628,2.03,3754,13_59_20_18_06_2025,-1.16,-7.13,6.63,0.41,0.77,0.29
-14064,3.34,995,2.20,628,2.03,3774,13_59_20_18_06_2025,-1.89,-5.73,6.28,0.34,1.05,0.25
-13996,3.33,225,2.26,628,2.03,3794,13_59_20_18_06_2025,-2.73,-5.66,6.42,0.37,1.26,-0.28
-14294,3.36,-602,2.32,627,2.02,3814,13_59_20_18_06_2025,-3.49,-5.78,5.55,0.44,1.54,-0.52
-14350,3.36,-1037,2.35,628,2.03,3835,13_59_20_18_06_2025,-3.74,-6.13,4.42,0.44,1.58,-0.70
-14739,3.39,-1703,2.40,628,2.03,3855,13_59_20_18_06_2025,-4.62,-7.57,3.72,0.30,1.30,-0.72
-15210,3.42,-1593,2.39,628,2.03,3878,13_59_20_18_06_2025,-4.96,-8.20,5.03,0.24,1.01,-0.36
-14735,3.39,-969,2.35,628,2.03,3898,13_59_20_18_06_2025,-4.34,-7.53,4.78,-0.06,1.24,-0.08
-14654,3.38,-867,2.34,627,2.02,3918,13_59_20_18_06_2025,-5.26,-7.64,5.12,-0.28,1.46,-0.04
-14495,3.37,-475,2.31,628,2.03,3938,13_59_20_18_06_2025,-6.87,-8.13,3.83,-0.08,1.62,-0.22
-14485,3.37,-618,2.32,627,2.02,3958,13_59_20_18_06_2025,-6.91,-7.68,3.24,0.09,1.39,-0.16
-14730,3.39,-1496,2.39,627,2.02,3981,13_59_20_18_06_2025,-7.11,-7.17,3.60,0.03,1.16,-0.04
-15011,3.41,-2329,2.45,628,2.03,4001,13_59_20_18_06_2025,-7.87,-7.06,3.68,-0.07,1.13,-0.04
-15190,3.42,-2285,2.45,627,2.02,4021,13_59_21_18_06_2025,-8.23,-6.57,3.02,-0.01,1.08,-0.07
-15007,3.41,-2228,2.44,627,2.02,4041,13_59_21_18_06_2025,-8.94,-6.40,2.29,-0.01,0.98,-0.23
-15175,3.42,-1965,2.42,628,2.03,4061,13_59_21_18_06_2025,-9.16,-6.58,1.91,0.04,0.74,-0.40
-15088,3.42,-1832,2.41,628,2.03,4081,13_59_21_18_06_2025,-9.25,-6.85,2.20,-0.06,0.56,-0.42
-15079,3.42,-1847,2.41,628,2.03,4104,13_59_21_18_06_2025,-10.17,-7.19,1.34,-0.15,0.43,-0.34
-15145,3.42,-1697,2.40,627,2.02,4127,13_59_21_18_06_2025,-10.67,-7.53,0.19,-0.22,0.21,-0.24
-15029,3.41,-1873,2.41,627,2.02,4148,13_59_21_18_06_2025,-10.36,-7.52,0.30,-0.41,-0.23,0.02
-15103,3.42,-1634,2.40,626,2.02,4168,13_59_21_18_06_2025,-10.08,-7.11,0.37,-0.51,-0.44,0.16
-14805,3.39,-1621,2.40,628,2.03,4188,13_59_21_18_06_2025,-9.71,-6.64,0.58,-0.65,-0.57,0.29
-14618,3.38,-1346,2.37,627,2.02,4211,13_59_21_18_06_2025,-8.93,-5.85,0.44,-0.98,-0.78,0.57
-14862,3.40,-1293,2.37,627,2.02,4231,13_59_21_18_06_2025,-8.12,-5.58,0.55,-1.28,-0.88,0.75
-14671,3.38,-1559,2.39,628,2.03,4252,13_59_21_18_06_2025,-7.71,-4.44,0.24,-1.38,-0.98,0.65
-14615,3.38,-1149,2.36,628,2.03,4272,13_59_21_18_06_2025,-6.70,-4.30,-0.31,-1.47,-1.09,0.32
-14642,3.38,-929,2.34,628,2.03,4292,13_59_21_18_06_2025,-5.21,-5.26,-0.09,-1.65,-1.52,-0.20
-14642,3.38,-861,2.34,627,2.02,4312,13_59_21_18_06_2025,-4.79,-6.56,1.26,-1.80,-1.60,-0.36
-14594,3.38,-526,2.31,627,2.02,4335,13_59_21_18_06_2025,-4.67,-7.66,2.03,-1.91,-1.42,-0.30
-15285,3.43,-658,2.32,628,2.03,4356,13_59_21_18_06_2025,-4.52,-8.55,1.28,-2.15,-1.11,0.13
-15492,3.45,-1113,2.36,627,2.02,4377,13_59_21_18_06_2025,-3.50,-8.75,-0.21,-1.99,-1.24,-0.01
-16438,3.52,-1570,2.39,628,2.03,4397,13_59_21_18_06_2025,-1.87,-9.58,1.26,-1.74,-1.58,-0.53
-18897,3.70,-2098,2.43,628,2.03,4417,13_59_21_18_06_2025,-0.83,-11.52,3.76,-1.69,-1.47,-0.78
-20622,3.84,-3857,2.56,628,2.03,4437,13_59_21_18_06_2025,0.11,-13.89,5.37,-1.21,-0.95,-0.89
-25250,4.19,-8609,2.92,627,2.02,4460,13_59_21_18_06_2025,0.62,-15.89,4.43,-0.47,-1.04,-1.17
-29930,4.54,-14850,3.40,627,2.02,4481,13_59_21_18_06_2025,1.64,-15.61,6.81,0.19,-0.96,-0.85
-32025,4.70,-20646,3.84,627,2.02,4501,13_59_21_18_06_2025,-1.99,-13.86,7.06,0.32,0.54,-0.60
-35121,4.93,-22247,3.96,627,2.02,4521,13_59_21_18_06_2025,-6.19,-10.35,4.58,0.60,0.50,-0.15
-36145,5.01,-24504,4.13,628,2.03,4541,13_59_21_18_06_2025,-6.85,-7.15,0.10,-0.69,0.50,0.83
-38489,5.19,-29790,4.53,628,2.03,4564,13_59_21_18_06_2025,-4.93,-5.67,-0.44,-1.46,-0.21,0.75
-40248,5.32,-35164,4.94,628,2.03,4585,13_59_21_18_06_2025,-3.96,-6.20,0.10,-1.47,-0.09,0.32
-42936,5.53,-37566,5.12,628,2.03,4605,13_59_21_18_06_2025,-3.27,-6.04,-2.27,-1.49,-0.43,0.18
-44638,5.65,-41514,5.42,628,2.03,4625,13_59_21_18_06_2025,-3.83,-5.49,-3.34,-1.48,-1.21,-0.16
-48192,5.92,-42712,5.51,628,2.03,4645,13_59_21_18_06_2025,-3.16,-9.61,-1.79,-0.31,-1.91,-1.62
-51042,6.14,-43515,5.57,628,2.03,4666,13_59_21_18_06_2025,-2.67,-12.36,1.56,0.15,-1.84,-1.75
-53127,6.30,-45763,5.74,628,2.03,4689,13_59_21_18_06_2025,-2.38,-12.74,3.31,0.42,-0.87,-1.20
-53133,6.30,-49216,6.00,627,2.02,4712,13_59_21_18_06_2025,-4.05,-11.08,0.17,0.75,-0.18,-0.51
-53066,6.29,-50590,6.11,628,2.03,4732,13_59_21_18_06_2025,-3.41,-10.04,-0.33,0.17,-0.20,0.06
-53428,6.32,-54736,6.42,627,2.02,4753,13_59_21_18_06_2025,-3.23,-7.53,-1.30,-1.07,-0.26,0.86
-54287,6.39,-58241,6.68,628,2.03,4773,13_59_21_18_06_2025,-1.42,-5.34,-0.60,-1.70,-0.65,0.60
-56232,6.53,-61037,6.90,627,2.02,4796,13_59_21_18_06_2025,-0.11,-6.48,0.34,-1.26,-0.98,-0.49
-59208,6.76,-61945,6.97,628,2.03,4816,13_59_21_18_06_2025,1.13,-10.76,2.88,-0.17,-0.91,-1.77
-59864,6.81,-62233,6.99,628,2.03,4836,13_59_21_18_06_2025,-0.47,-16.02,4.63,1.17,-0.27,-1.84
-59532,6.78,-62114,6.98,627,2.02,4856,13_59_21_18_06_2025,-0.53,-15.93,5.87,1.11,0.41,-0.58
-59200,6.76,-64725,7.18,628,2.03,4876,13_59_21_18_06_2025,-2.39,-13.01,1.28,0.45,0.94,0.70
-58067,6.67,-66775,7.33,628,2.03,4899,13_59_21_18_06_2025,-2.75,-9.26,-1.62,0.26,-0.10,0.75
-57590,6.64,-68390,7.45,627,2.02,4922,13_59_21_18_06_2025,-3.06,-8.08,-0.85,-0.49,-1.52,0.45
-60630,6.87,-68553,7.47,628,2.03,4942,13_59_21_18_06_2025,0.56,-9.90,7.20,0.27,-1.40,-0.29
-61580,6.94,-69242,7.52,628,2.03,4964,13_59_21_18_06_2025,-1.17,-10.44,4.34,-0.21,-0.07,0.37
-60518,6.86,-70573,7.62,627,2.02,4984,13_59_21_18_06_2025,-1.41,-10.12,2.90,0.37,0.10,0.18
-58350,6.69,-69567,7.54,628,2.03,5004,13_59_22_18_06_2025,-2.27,-9.30,-0.39,0.29,-0.48,0.33
-61945,6.97,-69821,7.56,627,2.02,5030,13_59_22_18_06_2025,-0.17,-8.70,4.65,-0.10,-0.97,0.29
-61518,6.93,-70532,7.62,628,2.03,5053,13_59_22_18_06_2025,-0.81,-8.79,3.56,0.20,-0.46,0.11
-59838,6.81,-70299,7.60,628,2.03,5073,13_59_22_18_06_2025,-1.66,-8.48,2.68,0.27,-0.40,0.10
-60518,6.86,-70257,7.60,628,2.03,5093,13_59_22_18_06_2025,-1.61,-8.04,2.44,-0.10,-0.48,0.23
-62446,7.00,-70575,7.62,627,2.02,5114,13_59_22_18_06_2025,-1.37,-8.39,3.05,-0.21,-0.47,0.09
-60961,6.89,-70525,7.62,627,2.02,5137,13_59_22_18_06_2025,-1.53,-8.68,3.15,0.12,-0.32,-0.08
-61260,6.91,-70113,7.58,627,2.02,5157,13_59_22_18_06_2025,-1.88,-8.48,2.74,-0.01,-0.26,-0.05
-62470,7.01,-70038,7.58,628,2.03,5177,13_59_22_18_06_2025,-1.56,-9.22,3.13,-0.15,-0.20,-0.05
-62388,7.00,-69849,7.56,627,2.02,5197,13_59_22_18_06_2025,-1.98,-9.69,2.48,-0.20,-0.01,-0.04
-62596,7.01,-69251,7.52,628,2.03,5218,13_59_22_18_06_2025,-2.66,-9.53,1.73,-0.14,-0.04,-0.06
-63433,7.08,-69155,7.51,628,2.03,5238,13_59_22_18_06_2025,-2.86,-10.39,1.45,-0.22,-0.10,0.01
-63514,7.08,-69015,7.50,628,2.03,5261,13_59_22_18_06_2025,-2.90,-10.51,1.46,-0.17,-0.13,0.12
-63292,7.07,-69003,7.50,627,2.02,5281,13_59_22_18_06_2025,-2.97,-9.83,1.40,-0.05,-0.19,0.11
-64134,7.13,-69190,7.51,627,2.02,5301,13_59_22_18_06_2025,-2.79,-10.08,1.55,-0.09,-0.23,0.16
-64451,7.16,-69532,7.54,627,2.02,5322,13_59_22_18_06_2025,-2.36,-9.72,1.63,-0.05,-0.26,0.18
-64536,7.16,-69809,7.56,627,2.02,5342,13_59_22_18_06_2025,-2.15,-8.94,2.05,0.04,-0.31,0.13
-65098,7.20,-70442,7.61,628,2.03,5365,13_59_22_18_06_2025,-2.40,-9.61,1.96,-0.07,-0.27,0.12
-65338,7.22,-70656,7.63,627,2.02,5388,13_59_22_18_06_2025,-2.39,-9.20,1.84,-0.03,-0.35,0.19
-65803,7.26,-70960,7.65,627,2.02,5408,13_59_22_18_06_2025,-1.49,-8.46,2.56,-0.03,-0.41,0.14
-65926,7.27,-70908,7.64,628,2.03,5428,13_59_22_18_06_2025,-1.92,-8.61,2.58,-0.07,-0.28,0.12
-66177,7.29,-71418,7.68,628,2.03,5448,13_59_22_18_06_2025,-2.30,-8.36,2.03,-0.11,-0.23,0.16
-65841,7.26,-71476,7.69,628,2.03,5469,13_59_22_18_06_2025,-1.73,-8.63,2.11,-0.23,-0.30,0.17
-65889,7.26,-71814,7.71,628,2.03,5492,13_59_22_18_06_2025,-1.90,-8.74,2.62,-0.08,-0.31,0.08
-66094,7.28,-71667,7.70,628,2.03,5512,13_59_22_18_06_2025,-1.99,-8.20,2.37,0.06,-0.33,-0.03
-66104,7.28,-71485,7.69,627,2.02,5532,13_59_22_18_06_2025,-1.98,-8.55,2.36,-0.00,-0.32,-0.09
-66028,7.27,-71166,7.66,627,2.02,5553,13_59_22_18_06_2025,-2.43,-9.52,2.28,-0.05,-0.36,-0.09
-66114,7.28,-71358,7.68,628,2.03,5574,13_59_22_18_06_2025,-2.18,-9.63,2.76,-0.02,-0.36,-0.04
-66131,7.28,-71186,7.67,627,2.02,5597,13_59_22_18_06_2025,-2.01,-8.98,2.76,0.04,-0.30,-0.00
-66152,7.28,-71036,7.65,628,2.03,5617,13_59_22_18_06_2025,-2.12,-9.20,2.72,-0.01,-0.20,-0.04
-66082,7.28,-70985,7.65,628,2.03,5637,13_59_22_18_06_2025,-2.21,-9.50,2.45,-0.16,-0.15,0.05
-65760,7.25,-70561,7.62,627,2.02,5657,13_59_22_18_06_2025,-2.32,-9.51,2.26,-0.05,-0.21,0.00
-65742,7.25,-70494,7.61,628,2.03,5678,13_59_22_18_06_2025,-2.24,-9.14,2.59,0.12,-0.29,-0.08
-65592,7.24,-70334,7.60,628,2.03,5698,13_59_22_18_06_2025,-1.86,-9.33,2.84,-0.04,-0.21,-0.04
-65505,7.24,-70086,7.58,627,2.02,5721,13_59_22_18_06_2025,-1.95,-9.79,2.85,-0.08,-0.17,-0.03
-65536,7.24,-69860,7.57,628,2.03,5741,13_59_22_18_06_2025,-2.10,-9.57,2.85,-0.05,-0.13,0.01
-65674,7.25,-69756,7.56,628,2.03,5761,13_59_22_18_06_2025,-1.91,-9.19,2.80,-0.05,-0.11,-0.01
-65420,7.23,-69692,7.55,628,2.03,5781,13_59_22_18_06_2025,-2.12,-9.70,2.57,-0.13,-0.08,-0.02
-65316,7.22,-69602,7.55,628,2.03,5801,13_59_22_18_06_2025,-2.26,-9.84,2.61,-0.10,-0.11,0.02
-65275,7.22,-69328,7.52,625,2.02,5824,13_59_22_18_06_2025,-1.96,-9.34,2.80,-0.04,-0.06,-0.02
-65180,7.21,-69329,7.52,627,2.02,5847,13_59_22_18_06_2025,-2.11,-9.88,2.66,-0.10,-0.01,-0.02
-64888,7.19,-69267,7.52,627,2.02,5867,13_59_22_18_06_2025,-2.30,-10.07,2.47,-0.11,0.03,0.05
-64825,7.18,-69101,7.51,628,2.03,5887,13_59_22_18_06_2025,-2.40,-9.28,2.09,-0.02,-0.04,0.05
-64815,7.18,-69074,7.51,627,2.02,5907,13_59_22_18_06_2025,-2.11,-9.32,2.27,-0.02,-0.10,0.02
-64790,7.18,-68979,7.50,627,2.02,5927,13_59_22_18_06_2025,-2.04,-9.79,2.52,-0.08,-0.06,0.04
-64767,7.18,-68823,7.49,628,2.03,5950,13_59_22_18_06_2025,-2.15,-9.14,2.35,-0.04,0.00,0.06
-64746,7.18,-68452,7.46,627,2.02,5970,13_59_22_18_06_2025,-2.07,-9.11,2.42,0.02,-0.02,-0.00
-64758,7.18,-68488,7.46,628,2.03,5991,13_59_22_18_06_2025,-2.07,-9.50,2.43,-0.05,0.01,0.02
-64683,7.17,-68500,7.46,628,2.03,6011,13_59_23_18_06_2025,-2.31,-9.26,2.16,-0.09,0.03,0.05
-64708,7.17,-68351,7.45,627,2.02,6031,13_59_23_18_06_2025,-2.30,-9.03,2.12,-0.02,-0.03,-0.00
-64393,7.15,-68241,7.44,628,2.03,6054,13_59_23_18_06_2025,-2.09,-9.57,2.43,-0.04,-0.02,-0.03
-64276,7.14,-68370,7.45,628,2.03,6077,13_59_23_18_06_2025,-2.24,-9.48,2.16,-0.02,0.03,-0.01
-64267,7.14,-68261,7.44,628,2.03,6097,13_59_23_18_06_2025,-2.36,-9.10,1.94,0.05,0.01,-0.03
-64135,7.13,-68143,7.44,628,2.03,6118,13_59_23_18_06_2025,-2.39,-9.32,1.96,0.01,-0.05,-0.05
-64267,7.14,-68013,7.43,628,2.03,6138,13_59_23_18_06_2025,-2.48,-9.68,2.00,-0.00,-0.07,-0.04
-64169,7.13,-68233,7.44,628,2.03,6159,13_59_23_18_06_2025,-2.25,-9.67,2.25,0.02,-0.07,-0.03
-63989,7.12,-68056,7.43,628,2.03,6185,13_59_23_18_06_2025,-2.26,-9.74,2.33,0.02,-0.04,-0.03
-64035,7.12,-67924,7.42,628,2.03,6208,13_59_23_18_06_2025,-2.34,-9.55,2.24,0.03,0.02,0.01
-64087,7.13,-67960,7.42,627,2.02,6228,13_59_23_18_06_2025,-2.43,-9.50,1.94,0.02,0.02,0.02
-64078,7.13,-68081,7.43,628,2.03,6248,13_59_23_18_06_2025,-2.32,-9.70,2.06,0.03,-0.04,0.01
-64027,7.12,-68031,7.43,628,2.03,6269,13_59_23_18_06_2025,-2.29,-9.30,2.26,0.05,0.00,0.02
-63889,7.11,-68031,7.43,627,2.02,6291,13_59_23_18_06_2025,-2.38,-9.25,2.08,0.05,0.00,0.00
-63965,7.12,-67983,7.42,627,2.02,6312,13_59_23_18_06_2025,-2.25,-9.40,2.18,0.05,-0.03,-0.02
-63848,7.11,-68041,7.43,628,2.03,6332,13_59_23_18_06_2025,-2.34,-9.52,2.25,0.06,-0.01,0.00
-64101,7.13,-68516,7.46,627,2.02,6352,13_59_23_18_06_2025,-2.36,-9.06,1.94,0.05,0.01,0.03
-64100,7.13,-68647,7.47,628,2.03,6372,13_59_23_18_06_2025,-2.28,-8.94,1.94,-0.02,-0.02,-0.00
-64026,7.12,-68641,7.47,628,2.03,6392,13_59_23_18_06_2025,-2.18,-9.37,2.28,-0.02,-0.04,-0.04
-64118,7.13,-68929,7.49,628,2.03,6415,13_59_23_18_06_2025,-2.28,-9.44,2.19,0.05,0.01,-0.02
-64021,7.12,-69028,7.50,628,2.03,6438,13_59_23_18_06_2025,-2.31,-8.94,2.06,0.06,0.00,-0.01
-64019,7.12,-68967,7.50,628,2.03,6459,13_59_23_18_06_2025,-1.87,-9.17,2.49,0.00,-0.02,-0.03
-64349,7.15,-69360,7.53,628,2.03,6479,13_59_23_18_06_2025,-2.09,-9.43,2.24,-0.05,0.06,-0.01
-64149,7.13,-69458,7.53,628,2.03,6499,13_59_23_18_06_2025,-2.40,-8.80,1.98,-0.02,0.08,-0.01
-64216,7.14,-69118,7.51,628,2.03,6519,13_59_23_18_06_2025,-2.25,-8.76,1.97,-0.09,0.05,-0.04
-64229,7.14,-69092,7.51,628,2.03,6537,13_59_23_18_06_2025,-2.26,-9.44,2.01,-0.16,0.04,-0.07
-64220,7.14,-68784,7.48,625,2.02,6588,13_59_23_18_06_2025,-1.89,-9.28,2.56,0.01,-0.00,-0.12
-64241,7.14,-68614,7.47,628,2.03,6610,13_59_23_18_06_2025,-2.13,-10.00,2.48,-0.03,0.02,-0.10
-64216,7.14,-68443,7.46,627,2.02,6633,13_59_23_18_06_2025,-2.16,-9.54,2.59,0.03,0.04,-0.05
-64473,7.16,-67981,7.42,628,2.03,6653,13_59_23_18_06_2025,-2.08,-9.54,2.62,-0.03,0.07,-0.05
-64236,7.14,-67953,7.42,627,2.02,6677,13_59_23_18_06_2025,-2.41,-10.21,2.29,-0.01,0.08,-0.04
-64244,7.14,-67847,7.41,627,2.02,6697,13_59_23_18_06_2025,-2.35,-9.99,2.35,0.04,0.08,-0.01
-64140,7.13,-67569,7.39,628,2.03,6717,13_59_23_18_06_2025,-2.20,-9.96,2.51,0.03,0.09,0.00
-63998,7.12,-67111,7.36,627,2.02,6737,13_59_23_18_06_2025,-2.31,-10.00,2.42,0.04,0.12,0.01
-63885,7.11,-66597,7.32,628,2.03,6757,13_59_23_18_06_2025,-2.29,-9.57,2.09,0.03,0.13,0.06
-63960,7.12,-66559,7.32,628,2.03,6778,13_59_23_18_06_2025,-2.06,-9.65,2.44,0.01,0.09,0.04
-63804,7.11,-66376,7.30,628,2.03,6801,13_59_23_18_06_2025,-2.12,-9.93,2.60,0.03,0.13,0.06
-63940,7.12,-66317,7.30,627,2.02,6821,13_59_23_18_06_2025,-2.32,-9.13,2.01,0.06,0.17,0.10
-63735,7.10,-65867,7.26,627,2.02,6841,13_59_23_18_06_2025,-2.33,-9.21,1.80,0.04,0.12,0.04
-63630,7.09,-65571,7.24,628,2.03,6862,13_59_23_18_06_2025,-2.35,-9.58,2.02,0.04,0.09,0.02
-63536,7.09,-65565,7.24,628,2.03,6882,13_59_23_18_06_2025,-2.29,-9.59,2.11,0.08,0.09,0.04
-63385,7.07,-65524,7.24,627,2.02,6905,13_59_23_18_06_2025,-2.42,-9.58,1.99,0.07,0.15,0.06
-63366,7.07,-65551,7.24,628,2.03,6928,13_59_23_18_06_2025,-2.53,-9.47,1.77,0.04,0.18,0.10
-63489,7.08,-65227,7.21,627,2.02,6948,13_59_23_18_06_2025,-2.49,-9.10,1.39,0.04,0.11,0.12
-63374,7.07,-65338,7.22,628,2.03,6968,13_59_23_18_06_2025,-2.19,-8.67,1.79,0.04,0.06,0.10
-63359,7.07,-65281,7.22,626,2.02,6989,13_59_23_18_06_2025,-2.33,-8.75,1.76,0.02,0.10,0.04
-63233,7.06,-65118,7.21,627,2.02,7009,13_59_24_18_06_2025,-2.40,-8.73,1.56,0.02,0.12,0.03
-63526,7.09,-65131,7.21,627,2.02,7032,13_59_24_18_06_2025,-2.15,-8.38,1.45,-0.07,0.07,0.04
-63197,7.06,-64867,7.19,627,2.02,7053,13_59_24_18_06_2025,-2.20,-8.33,1.53,-0.07,0.04,-0.03
-63070,7.05,-64920,7.19,627,2.02,7073,13_59_24_18_06_2025,-2.38,-8.63,1.42,-0.10,0.02,-0.06
-62898,7.04,-64885,7.19,627,2.02,7093,13_59_24_18_06_2025,-2.16,-8.84,1.75,-0.09,-0.01,-0.09
-62837,7.03,-65062,7.20,628,2.03,7114,13_59_24_18_06_2025,-2.32,-8.92,1.78,-0.13,0.03,-0.09
-63159,7.06,-64991,7.20,627,2.02,7137,13_59_24_18_06_2025,-2.58,-9.24,1.49,-0.16,0.03,-0.09
-63112,7.05,-65076,7.20,627,2.02,7157,13_59_24_18_06_2025,-2.50,-9.40,1.47,-0.13,-0.05,-0.11
-62950,7.04,-65124,7.21,627,2.02,7177,13_59_24_18_06_2025,-2.57,-9.66,1.79,-0.15,-0.06,-0.13
-62942,7.04,-65317,7.22,627,2.02,7199,13_59_24_18_06_2025,-2.54,-10.06,2.01,-0.12,-0.04,-0.13
-63011,7.05,-65072,7.20,627,2.02,7222,13_59_24_18_06_2025,-2.80,-10.45,1.71,-0.10,0.00,-0.07
-62946,7.04,-65149,7.21,628,2.03,7243,13_59_24_18_06_2025,-2.84,-10.35,1.79,-0.09,-0.05,-0.02
-63050,7.05,-65163,7.21,628,2.03,7266,13_59_24_18_06_2025,-2.46,-10.55,2.45,-0.07,-0.04,-0.01
-63107,7.05,-65373,7.23,628,2.03,7286,13_59_24_18_06_2025,-2.74,-10.60,2.33,-0.07,0.02,0.03
-63163,7.06,-65295,7.22,628,2.03,7306,13_59_24_18_06_2025,-2.83,-10.64,2.51,-0.08,-0.00,0.06
-63117,7.05,-65526,7.24,628,2.03,7327,13_59_24_18_06_2025,-2.57,-11.14,2.93,-0.06,-0.03,0.06
-63329,7.07,-65493,7.23,627,2.02,7347,13_59_24_18_06_2025,-2.24,-11.76,3.45,0.08,0.01,0.15
-63363,7.07,-65469,7.23,628,2.03,7370,13_59_24_18_06_2025,-2.16,-10.89,3.38,0.24,0.11,0.24
-63235,7.06,-65498,7.23,628,2.03,7391,13_59_24_18_06_2025,-2.22,-10.06,2.76,0.31,0.18,0.26
-63131,7.06,-65243,7.22,627,2.02,7411,13_59_24_18_06_2025,-2.41,-9.07,1.63,0.31,0.13,0.25
-63097,7.05,-65042,7.20,627,2.02,7431,13_59_24_18_06_2025,-2.18,-8.58,1.71,0.25,0.09,0.25
-63239,7.06,-64841,7.18,627,2.02,7452,13_59_24_18_06_2025,-1.97,-7.80,1.83,0.23,0.11,0.24
-62971,7.04,-65189,7.21,628,2.03,7472,13_59_24_18_06_2025,-1.95,-7.27,1.53,0.19,0.13,0.16
-62821,7.03,-64718,7.18,627,2.02,7495,13_59_24_18_06_2025,-2.06,-7.11,1.21,0.08,0.13,0.06
-62737,7.03,-64818,7.18,628,2.03,7516,13_59_24_18_06_2025,-2.07,-6.94,1.17,-0.01,0.10,0.02
-62846,7.03,-64728,7.18,628,2.03,7536,13_59_24_18_06_2025,-2.07,-7.20,1.33,-0.10,0.10,-0.02
-62917,7.04,-64759,7.18,628,2.03,7556,13_59_24_18_06_2025,-2.33,-7.49,0.99,-0.15,0.10,-0.09
-62662,7.02,-64684,7.17,628,2.03,7576,13_59_24_18_06_2025,-2.34,-7.61,1.04,-0.13,0.06,-0.16
-62517,7.01,-64617,7.17,628,2.03,7599,13_59_24_18_06_2025,-2.38,-8.17,1.19,-0.21,0.02,-0.20
-62448,7.00,-64523,7.16,628,2.03,7622,13_59_24_18_06_2025,-2.58,-9.09,1.38,-0.26,-0.00,-0.23
-62397,7.00,-64535,7.16,629,2.03,7643,13_59_24_18_06_2025,-2.59,-9.38,1.64,-0.19,-0.05,-0.27
-62499,7.01,-64361,7.15,628,2.03,7663,13_59_24_18_06_2025,-2.67,-9.99,1.84,-0.16,-0.07,-0.31
-62635,7.02,-64535,7.16,628,2.03,7683,13_59_24_18_06_2025,-3.03,-11.10,2.04,-0.16,-0.06,-0.26
-62553,7.01,-64484,7.16,627,2.02,7703,13_59_24_18_06_2025,-3.02,-11.25,2.22,-0.16,-0.03,-0.15
-62487,7.01,-64454,7.16,628,2.03,7726,13_59_24_18_06_2025,-2.92,-11.23,2.29,-0.14,-0.01,-0.08
-62508,7.01,-64295,7.14,627,2.02,7747,13_59_24_18_06_2025,-2.92,-11.45,2.41,0.03,-0.04,-0.06
-62440,7.00,-64165,7.13,627,2.02,7767,13_59_24_18_06_2025,-2.74,-11.25,2.62,0.02,0.00,0.02
-62592,7.01,-64179,7.13,627,2.02,7787,13_59_24_18_06_2025,-2.71,-11.20,2.56,0.02,0.05,0.09
-62515,7.01,-64415,7.15,627,2.02,7808,13_59_24_18_06_2025,-2.63,-10.96,2.33,0.08,0.08,0.15
-62458,7.00,-64264,7.14,628,2.03,7831,13_59_24_18_06_2025,-2.73,-9.96,1.90,0.15,0.10,0.22
-62554,7.01,-64400,7.15,628,2.03,7851,13_59_24_18_06_2025,-2.47,-9.40,1.86,0.17,0.08,0.20
-62578,7.01,-64313,7.14,628,2.03,7872,13_59_24_18_06_2025,-2.39,-9.27,1.60,0.12,0.08,0.18
-62574,7.01,-64556,7.16,628,2.03,7892,13_59_24_18_06_2025,-2.14,-8.75,1.69,0.19,0.03,0.15
-62353,7.00,-64631,7.17,627,2.02,7912,13_59_24_18_06_2025,-2.08,-8.16,1.68,0.22,0.04,0.11
-62131,6.98,-64507,7.16,628,2.03,7933,13_59_24_18_06_2025,-2.23,-7.85,1.54,0.11,0.07,0.09
-62075,6.98,-64286,7.14,627,2.02,7956,13_59_24_18_06_2025,-2.04,-8.10,1.46,-0.02,0.05,0.04
-62149,6.98,-64204,7.14,628,2.03,7976,13_59_24_18_06_2025,-2.11,-8.07,1.48,0.02,0.04,-0.02
-62059,6.97,-64202,7.14,628,2.03,7996,13_59_24_18_06_2025,-2.20,-8.06,1.44,0.03,0.04,-0.08
-62013,6.97,-64221,7.14,627,2.02,8017,13_59_25_18_06_2025,-2.18,-8.32,1.40,-0.02,0.04,-0.11
-61996,6.97,-64039,7.12,627,2.02,8037,13_59_25_18_06_2025,-2.54,-8.65,1.21,-0.08,0.03,-0.13
-62005,6.97,-63997,7.12,627,2.02,8057,13_59_25_18_06_2025,-2.56,-8.95,1.34,-0.09,-0.02,-0.15
-61835,6.96,-63705,7.10,628,2.03,8075,13_59_25_18_06_2025,-2.57,-9.31,1.50,-0.05,-0.05,-0.19
-61898,6.96,-63621,7.09,627,2.02,8096,13_59_25_18_06_2025,-2.72,-9.56,1.64,-0.04,-0.05,-0.19
-61971,6.97,-63481,7.08,627,2.02,8116,13_59_25_18_06_2025,-2.85,-9.71,1.83,-0.09,-0.04,-0.18
-61893,6.96,-63706,7.10,627,2.02,8136,13_59_25_18_06_2025,-2.86,-10.99,2.01,-0.16,-0.03,-0.17
-61890,6.96,-63501,7.08,627,2.02,8157,13_59_25_18_06_2025,-2.94,-11.60,2.20,-0.08,-0.04,-0.10
-62037,6.97,-63536,7.09,627,2.02,8180,13_59_25_18_06_2025,-2.97,-11.44,2.36,0.06,-0.02,-0.04
-62129,6.98,-63821,7.11,627,2.02,8200,13_59_25_18_06_2025,-2.85,-11.42,2.43,0.09,0.02,0.06
-62312,6.99,-63930,7.12,627,2.02,8220,13_59_25_18_06_2025,-2.88,-11.20,2.30,0.11,0.05,0.14
-62677,7.02,-63663,7.10,627,2.02,8241,13_59_25_18_06_2025,-2.79,-10.71,2.17,0.18,0.04,0.18
-62594,7.01,-63941,7.12,628,2.03,8261,13_59_25_18_06_2025,-2.58,-10.09,2.13,0.25,0.01,0.17
-62611,7.02,-64123,7.13,628,2.03,8284,13_59_25_18_06_2025,-2.34,-9.46,2.15,0.27,0.02,0.18
-62563,7.01,-64040,7.12,628,2.03,8305,13_59_25_18_06_2025,-2.23,-8.87,1.98,0.22,0.05,0.21
-62374,7.00,-64139,7.13,628,2.03,8325,13_59_25_18_06_2025,-2.12,-8.29,1.93,0.19,0.06,0.21
-62183,6.98,-64152,7.13,628,2.03,8345,13_59_25_18_06_2025,-1.72,-7.69,1.98,0.23,0.05,0.11
-62296,6.99,-64060,7.13,628,2.03,8365,13_59_25_18_06_2025,-1.84,-7.56,1.69,0.16,0.08,0.08
-62141,6.98,-63942,7.12,627,2.02,8386,13_59_25_18_06_2025,-2.07,-7.21,1.39,0.10,0.08,0.05
-62058,6.97,-63971,7.12,628,2.03,8412,13_59_25_18_06_2025,-1.95,-7.45,1.42,-0.00,0.03,-0.08
-61969,6.97,-63749,7.10,627,2.02,8437,13_59_25_18_06_2025,-2.24,-7.96,1.36,-0.02,0.01,-0.14
-61955,6.97,-63667,7.10,628,2.03,8457,13_59_25_18_06_2025,-2.26,-8.06,1.50,-0.05,-0.01,-0.20
-61755,6.95,-63270,7.07,627,2.02,8481,13_59_25_18_06_2025,-2.44,-9.30,1.69,-0.18,0.02,-0.23
-61999,6.97,-63327,7.07,627,2.02,8501,13_59_25_18_06_2025,-2.90,-9.58,1.42,-0.14,0.02,-0.21
-61852,6.96,-63097,7.05,627,2.02,8521,13_59_25_18_06_2025,-2.91,-9.75,1.42,-0.09,-0.07,-0.23
-61739,6.95,-62867,7.04,628,2.03,8544,13_59_25_18_06_2025,-2.94,-10.51,1.80,-0.12,-0.10,-0.21
-61681,6.95,-62812,7.03,627,2.02,8565,13_59_25_18_06_2025,-2.96,-11.07,2.01,-0.09,-0.08,-0.15
-61692,6.95,-62469,7.01,627,2.02,8585,13_59_25_18_06_2025,-3.03,-11.08,2.00,-0.05,-0.04,-0.07
-61790,6.95,-62807,7.03,627,2.02,8605,13_59_25_18_06_2025,-3.04,-11.09,1.95,-0.00,-0.04,-0.04
-61955,6.97,-63248,7.06,628,2.03,8625,13_59_25_18_06_2025,-3.18,-11.16,1.70,0.06,-0.07,0.03
-62062,6.97,-63497,7.08,627,2.02,8656,13_59_25_18_06_2025,-3.05,-10.75,1.68,0.04,-0.11,0.10
-62073,6.98,-63994,7.12,627,2.02,8678,13_59_25_18_06_2025,-3.04,-11.02,1.81,0.02,-0.13,0.12
-62508,7.01,-64420,7.15,627,2.02,8701,13_59_25_18_06_2025,-2.91,-10.92,2.08,0.11,-0.14,0.21
-62738,7.03,-64500,7.16,628,2.03,8723,13_59_25_18_06_2025,-2.81,-10.50,2.22,0.18,-0.12,0.25
-62859,7.03,-64811,7.18,628,2.03,8745,13_59_25_18_06_2025,-2.54,-9.90,2.23,0.16,-0.12,0.32
-63023,7.05,-64870,7.19,627,2.02,8768,13_59_25_18_06_2025,-2.17,-9.47,2.65,0.16,-0.11,0.34
-63027,7.05,-65571,7.24,625,2.02,8793,13_59_25_18_06_2025,-1.44,-8.29,3.39,0.21,-0.03,0.38
-62912,7.04,-65587,7.24,627,2.02,8815,13_59_25_18_06_2025,-1.29,-6.76,3.58,0.24,0.04,0.31
-62746,7.03,-65322,7.22,627,2.02,8838,13_59_25_18_06_2025,-0.59,-6.57,4.40,0.09,0.06,0.16
-62593,7.01,-65178,7.21,628,2.03,8860,13_59_25_18_06_2025,-0.25,-6.93,5.08,0.08,0.12,0.07
-62115,6.98,-64824,7.18,627,2.02,8882,13_59_25_18_06_2025,1.08,-6.78,6.50,0.28,0.19,-0.04
-60940,6.89,-63948,7.12,626,2.02,8908,13_59_25_18_06_2025,0.81,-7.33,6.47,0.15,0.59,-0.20
-60795,6.88,-62869,7.04,628,2.03,8930,13_59_25_18_06_2025,0.58,-8.82,6.02,0.14,0.68,-0.28
-60533,6.86,-61402,6.92,627,2.02,8952,13_59_25_18_06_2025,0.75,-11.65,6.84,0.46,0.73,-0.59
-60455,6.85,-59820,6.80,627,2.02,8975,13_59_25_18_06_2025,0.32,-13.08,6.70,0.62,0.91,-0.65
-59798,6.80,-58242,6.68,628,2.03,8997,13_59_25_18_06_2025,0.28,-13.23,6.28,0.82,1.12,-0.60
-59350,6.77,-56928,6.59,627,2.02,9020,13_59_26_18_06_2025,0.62,-12.74,5.55,1.18,1.14,-0.57
-58282,6.69,-55400,6.47,628,2.03,9047,13_59_26_18_06_2025,3.00,-11.03,3.76,1.33,1.13,-0.33
-57547,6.63,-53540,6.33,627,2.02,9069,13_59_26_18_06_2025,0.30,-13.80,3.51,0.76,1.37,-0.40
-56405,6.55,-51709,6.19,628,2.03,9092,13_59_26_18_06_2025,-1.73,-11.95,2.14,0.93,1.54,0.27
-55188,6.45,-47016,5.83,627,2.02,9114,13_59_26_18_06_2025,-2.22,-8.81,-0.58,0.53,1.40,0.62
-52226,6.23,-42290,5.48,627,2.02,9137,13_59_26_18_06_2025,-1.44,-9.85,0.33,0.32,0.58,0.47
-50265,6.08,-39850,5.29,627,2.02,9162,13_59_26_18_06_2025,-0.99,-11.60,4.12,0.64,0.82,0.38
-47683,5.89,-35999,5.00,628,2.03,9184,13_59_26_18_06_2025,-1.15,-11.20,2.60,0.71,1.33,0.72
-43368,5.56,-30051,4.55,627,2.02,9207,13_59_26_18_06_2025,-1.21,-9.26,0.05,0.74,1.15,0.96
-38285,5.17,-24204,4.11,627,2.02,9229,13_59_26_18_06_2025,-1.57,-8.46,-0.11,1.06,0.90,0.68
-32015,4.70,-17657,3.61,628,2.03,9252,13_59_26_18_06_2025,-3.84,-8.01,-1.33,1.50,0.63,0.42
-28024,4.40,-9088,2.96,628,2.03,9274,13_59_26_18_06_2025,-5.12,-7.53,-2.26,1.47,0.32,0.63
-19269,3.73,-1037,2.35,627,2.02,9299,13_59_26_18_06_2025,-4.42,-6.11,-1.87,1.30,-0.41,0.89
-14099,3.34,2054,2.12,627,2.02,9322,13_59_26_18_06_2025,-4.53,-4.44,0.52,1.61,-0.72,0.52
-13023,3.26,2449,2.09,628,2.03,9344,13_59_26_18_06_2025,-2.24,-4.69,2.62,1.59,-0.64,-0.20
-13007,3.26,2790,2.06,628,2.03,9366,13_59_26_18_06_2025,-1.78,-5.55,4.88,1.32,-0.49,-0.49
-13202,3.27,1945,2.13,628,2.03,9389,13_59_26_18_06_2025,-1.54,-6.84,7.50,0.77,0.37,-0.16
-13081,3.26,1344,2.17,627,2.02,9411,13_59_26_18_06_2025,-1.53,-6.50,6.26,0.88,0.86,0.11
-12989,3.26,871,2.21,628,2.03,9432,13_59_26_18_06_2025,-1.29,-5.25,4.91,0.84,1.09,0.04
-13177,3.27,487,2.24,627,2.02,9454,13_59_26_18_06_2025,-2.10,-5.23,5.45,0.22,1.28,-0.36
-12906,3.25,103,2.26,627,2.02,9476,13_59_26_18_06_2025,-2.07,-6.17,6.50,0.24,1.48,-0.80
-13008,3.26,-422,2.30,627,2.02,9499,13_59_26_18_06_2025,-2.92,-7.60,4.84,0.35,2.08,-0.97
-13407,3.29,-699,2.33,628,2.03,9521,13_59_26_18_06_2025,-4.09,-8.21,3.70,0.31,2.12,-1.02
-14947,3.41,-2265,2.44,627,2.02,9546,13_59_26_18_06_2025,-3.71,-8.39,3.02,0.15,2.03,-0.75
-16187,3.50,-3843,2.56,627,2.02,9569,13_59_26_18_06_2025,-5.39,-8.48,2.22,-0.01,2.12,-1.01
-15418,3.44,-2467,2.46,627,2.02,9591,13_59_26_18_06_2025,-6.72,-9.93,1.38,0.05,2.09,-1.25
-15069,3.41,-2007,2.42,627,2.02,9613,13_59_26_18_06_2025,-7.35,-10.80,0.91,0.11,1.93,-1.16
-14885,3.40,-1900,2.42,628,2.03,9635,13_59_26_18_06_2025,-9.26,-11.44,0.33,-0.01,1.79,-0.55
-14919,3.40,-1965,2.42,628,2.03,9658,13_59_26_18_06_2025,-9.82,-10.87,-0.47,0.16,1.66,-0.17
-15492,3.45,-2666,2.47,627,2.02,9683,13_59_26_18_06_2025,-11.11,-9.28,-0.98,0.09,1.55,0.10
-15616,3.46,-2696,2.48,628,2.03,9708,13_59_26_18_06_2025,-12.24,-9.65,-3.26,0.01,1.00,0.30
-15519,3.45,-2795,2.48,628,2.03,9735,13_59_26_18_06_2025,-12.22,-7.95,-3.30,0.20,0.18,0.11
-15565,3.45,-2641,2.47,627,2.02,9757,13_59_26_18_06_2025,-11.61,-7.59,-2.38,0.11,-0.17,0.15
-15549,3.45,-2409,2.46,628,2.03,9780,13_59_26_18_06_2025,-10.75,-7.17,-1.79,-0.14,-0.39,0.51
-15446,3.44,-1751,2.41,627,2.02,9805,13_59_26_18_06_2025,-10.13,-5.87,-2.59,-0.46,-0.57,0.88
-15166,3.42,-1597,2.39,628,2.03,9827,13_59_26_18_06_2025,-9.60,-5.11,-2.69,-0.71,-0.84,0.91
-15187,3.42,-1604,2.39,627,2.02,9850,13_59_26_18_06_2025,-8.53,-4.73,-1.54,-1.03,-1.14,0.75
-15106,3.42,-1434,2.38,628,2.03,9872,13_59_26_18_06_2025,-7.91,-4.87,-1.03,-1.18,-1.19,0.57
-15115,3.42,-1656,2.40,628,2.03,9895,13_59_26_18_06_2025,-6.83,-5.31,-0.52,-1.26,-1.28,0.17
-15009,3.41,-1608,2.39,627,2.02,9917,13_59_26_18_06_2025,-5.87,-5.96,0.08,-1.23,-1.25,-0.17
-14966,3.41,-1351,2.38,627,2.02,9942,13_59_26_18_06_2025,-5.01,-8.11,-1.49,-1.05,-1.29,-0.89
-14690,3.39,-1327,2.37,628,2.03,9965,13_59_26_18_06_2025,-4.55,-10.16,-1.51,-0.86,-1.72,-1.33
-14825,3.40,-1430,2.38,627,2.02,9987,13_59_26_18_06_2025,-4.00,-12.98,-0.70,-0.63,-2.19,-0.94
-14797,3.39,-1679,2.40,627,2.02,10010,13_59_27_18_06_2025,-3.18,-12.50,1.19,-0.87,-2.28,-0.00
-14885,3.40,-1981,2.42,627,2.02,10032,13_59_27_18_06_2025,-2.01,-9.95,2.80,-1.48,-1.85,1.13
-15027,3.41,-1948,2.42,627,2.02,10057,13_59_27_18_06_2025,-1.90,-8.20,2.12,-1.48,-1.79,0.97
-15749,3.47,-1278,2.37,627,2.02,10080,13_59_27_18_06_2025,-1.94,-8.55,2.45,-1.28,-2.05,0.11
-16557,3.53,-466,2.31,628,2.03,10102,13_59_27_18_06_2025,-0.87,-9.42,4.69,-1.37,-2.12,-0.07
-19229,3.73,-1276,2.37,628,2.03,10124,13_59_27_18_06_2025,1.21,-11.62,6.14,-1.07,-2.02,-0.61
-24175,4.10,-5684,2.70,627,2.02,10147,13_59_27_18_06_2025,2.41,-13.17,8.03,-0.50,-1.99,-1.28
-30071,4.55,-13114,3.27,628,2.03,10169,13_59_27_18_06_2025,5.07,-16.07,12.96,-0.01,-0.30,-0.82
-34920,4.92,-19593,3.76,625,2.02,10195,13_59_27_18_06_2025,0.67,-16.11,9.39,0.84,0.49,-0.38
-35805,4.99,-20703,3.84,627,2.02,10217,13_59_27_18_06_2025,-0.78,-13.76,7.77,1.38,0.71,-0.08
-36017,5.00,-23590,4.06,628,2.03,10245,13_59_27_18_06_2025,-3.91,-9.36,6.40,-0.68,0.56,1.96
-36685,5.05,-27458,4.35,627,2.02,10267,13_59_27_18_06_2025,-5.09,-2.91,3.72,-0.78,1.64,2.19
-38939,5.22,-32711,4.75,627,2.02,10293,13_59_27_18_06_2025,-4.92,-0.66,-1.69,-1.33,0.99,1.94
-42236,5.47,-35199,4.94,628,2.03,10321,13_59_27_18_06_2025,-4.99,-1.25,0.52,-1.86,-1.46,-0.05
-44310,5.63,-35863,4.99,628,2.03,10343,13_59_27_18_06_2025,-3.20,-6.15,2.00,-0.59,-1.24,-1.61
-46439,5.79,-34838,4.91,627,2.02,10370,13_59_27_18_06_2025,-5.50,-11.82,1.70,0.05,-0.71,-1.45
-48692,5.96,-36687,5.05,628,2.03,10394,13_59_27_18_06_2025,-5.06,-11.57,0.41,-0.06,-0.64,0.01
-48667,5.96,-42790,5.51,625,2.02,10421,13_59_27_18_06_2025,-2.85,-7.56,1.49,-0.25,-0.30,0.66
-49064,5.99,-48166,5.92,628,2.03,10444,13_59_27_18_06_2025,-2.32,-4.98,1.04,-0.94,0.06,0.87
-50694,6.11,-52098,6.22,627,2.02,10472,13_59_27_18_06_2025,-1.99,-3.40,0.99,-1.33,0.18,0.35
-52643,6.26,-53928,6.36,627,2.02,10495,13_59_27_18_06_2025,-1.99,-5.43,0.68,-1.37,-0.37,-0.68
-54425,6.40,-54853,6.43,627,2.02,10520,13_59_27_18_06_2025,-1.87,-10.16,2.15,-0.64,-0.40,-1.57
-55431,6.47,-54841,6.43,627,2.02,10545,13_59_27_18_06_2025,-2.62,-13.19,2.25,0.40,0.08,-1.64
-56214,6.53,-56020,6.52,627,2.02,10571,13_59_27_18_06_2025,-2.77,-11.20,1.56,-0.18,0.91,-0.10
-56060,6.52,-59443,6.78,628,2.03,10599,13_59_27_18_06_2025,-4.41,-8.23,-1.97,-1.31,0.13,0.48
-56354,6.54,-61357,6.92,627,2.02,10621,13_59_27_18_06_2025,-1.97,-5.37,-0.18,-1.88,-0.44,0.11
-56923,6.59,-62053,6.97,628,2.03,10646,13_59_27_18_06_2025,-1.85,-7.02,0.33,-1.67,-0.62,-0.73
-58578,6.71,-63043,7.05,627,2.02,10672,13_59_27_18_06_2025,-2.54,-10.82,0.18,-0.41,-0.52,-1.56
-58951,6.74,-63532,7.09,628,2.03,10697,13_59_27_18_06_2025,-2.31,-13.00,1.59,0.56,-0.18,-1.40
-58092,6.67,-63988,7.12,627,2.02,10725,13_59_27_18_06_2025,-2.39,-12.62,-0.29,0.38,-0.23,-0.56
-60150,6.83,-65534,7.24,627,2.02,10747,13_59_27_18_06_2025,-1.57,-10.47,1.94,0.27,-0.39,-0.09
-60206,6.83,-66442,7.31,627,2.02,10772,13_59_27_18_06_2025,-1.61,-9.49,1.35,0.13,-0.18,0.04
-60255,6.84,-67613,7.39,628,2.03,10798,13_59_27_18_06_2025,-2.07,-10.78,1.20,-0.27,-0.44,-0.04
-60834,6.88,-67312,7.37,627,2.02,10823,13_59_27_18_06_2025,-1.96,-11.60,2.48,0.15,-0.66,-0.24
-61497,6.93,-67623,7.40,625,2.02,10848,13_59_27_18_06_2025,-2.16,-12.09,2.47,-0.44,-0.17,0.45
-61704,6.95,-68670,7.47,628,2.03,10876,13_59_27_18_06_2025,-2.67,-10.08,1.13,-0.30,-0.32,0.68
-62018,6.97,-68654,7.47,627,2.02,10899,13_59_27_18_06_2025,-2.35,-9.57,1.52,-0.04,-0.39,0.44
-62166,6.98,-69800,7.56,628,2.03,10924,13_59_27_18_06_2025,-3.61,-9.43,-0.72,0.17,-0.38,0.16
-62349,7.00,-69708,7.55,628,2.03,10949,13_59_27_18_06_2025,-2.71,-9.32,0.33,0.20,-0.73,0.06
-62151,6.98,-70070,7.58,627,2.02,10975,13_59_27_18_06_2025,-2.65,-9.18,1.18,0.05,-0.58,0.11
-61956,6.97,-69666,7.55,628,2.03,11003,13_59_28_18_06_2025,-2.39,-9.29,1.40,0.18,-0.53,0.02
-62497,7.01,-69040,7.50,627,2.02,11025,13_59_28_18_06_2025,-2.57,-9.94,1.19,0.05,-0.49,0.07
-62862,7.03,-68767,7.48,628,2.03,11051,13_59_28_18_06_2025,-2.72,-8.86,1.86,-0.01,-0.52,0.07
-62566,7.01,-68738,7.48,627,2.02,11076,13_59_28_18_06_2025,-2.08,-9.57,3.30,0.06,-0.27,-0.01
-62644,7.02,-68511,7.46,627,2.02,11103,13_59_28_18_06_2025,-2.19,-10.21,2.99,0.20,-0.00,0.07
-62474,7.01,-68778,7.48,628,2.03,11126,13_59_28_18_06_2025,-2.19,-8.75,2.46,0.15,0.03,0.28
-62599,7.02,-69359,7.53,628,2.03,11157,13_59_28_18_06_2025,-2.18,-9.24,1.44,-0.14,0.12,0.15
-62385,7.00,-69567,7.54,627,2.02,11182,13_59_28_18_06_2025,-2.76,-8.47,1.33,-0.08,-0.08,0.22
-62595,7.01,-69578,7.54,628,2.03,11207,13_59_28_18_06_2025,-2.34,-8.19,1.50,-0.15,-0.09,0.15
-62664,7.02,-69417,7.53,627,2.02,11233,13_59_28_18_06_2025,-2.89,-9.75,1.08,-0.30,-0.06,0.11
-62708,7.02,-69253,7.52,627,2.02,11258,13_59_28_18_06_2025,-2.84,-9.11,1.62,-0.13,-0.16,0.18
-62700,7.02,-69414,7.53,628,2.03,11286,13_59_28_18_06_2025,-2.73,-9.30,1.45,-0.24,-0.12,0.12
-62648,7.02,-69319,7.52,627,2.02,11309,13_59_28_18_06_2025,-3.03,-9.39,0.89,-0.22,-0.07,0.13
-62655,7.02,-69392,7.53,627,2.02,11334,13_59_28_18_06_2025,-3.23,-9.04,0.88,-0.14,-0.12,0.08
-62770,7.03,-69438,7.53,628,2.03,11359,13_59_28_18_06_2025,-3.22,-9.91,-0.12,-0.18,0.01,0.04
-62480,7.01,-69510,7.54,628,2.03,11385,13_59_28_18_06_2025,-3.69,-9.86,0.25,-0.05,-0.15,0.12
-62607,7.02,-69522,7.54,628,2.03,11410,13_59_28_18_06_2025,-3.36,-9.32,0.24,-0.27,-0.20,0.17
-62830,7.03,-69555,7.54,627,2.02,11438,13_59_28_18_06_2025,-3.02,-9.02,0.24,-0.17,-0.20,0.19
-62720,7.02,-69467,7.54,627,2.02,11460,13_59_28_18_06_2025,-3.14,-8.64,0.73,-0.22,-0.22,0.13
-62861,7.03,-69267,7.52,628,2.03,11486,13_59_28_18_06_2025,-3.20,-9.32,0.95,-0.18,-0.08,0.17
-62846,7.03,-69602,7.55,628,2.03,11511,13_59_28_18_06_2025,-3.13,-8.97,0.44,-0.22,-0.07,0.14
-62652,7.02,-69602,7.55,628,2.03,11536,13_59_28_18_06_2025,-3.25,-9.30,0.22,-0.20,-0.13,0.01
-63095,7.05,-69801,7.56,627,2.02,11565,13_59_28_18_06_2025,-3.36,-9.64,0.53,-0.14,-0.15,0.06
-63008,7.05,-69914,7.57,627,2.02,11587,13_59_28_18_06_2025,-3.44,-9.61,0.28,-0.09,-0.11,0.07
-62891,7.04,-69936,7.57,627,2.02,11612,13_59_28_18_06_2025,-3.98,-10.13,-0.43,0.11,-0.13,0.02
-63356,7.07,-69886,7.57,625,2.02,11638,13_59_28_18_06_2025,-3.67,-9.91,-0.08,0.07,-0.24,0.13
-63611,7.09,-70099,7.58,628,2.03,11663,13_59_28_18_06_2025,-3.98,-9.67,-0.02,-0.22,-0.14,0.12
-63623,7.09,-70173,7.59,627,2.02,11688,13_59_28_18_06_2025,-4.35,-10.50,-0.21,-0.23,-0.17,0.13
-63590,7.09,-70351,7.60,627,2.02,11716,13_59_28_18_06_2025,-3.91,-10.11,0.65,-0.01,-0.27,0.20
-63923,7.12,-70629,7.62,627,2.02,11739,13_59_28_18_06_2025,-3.70,-10.27,0.68,-0.01,-0.20,0.28
-63697,7.10,-70772,7.63,625,2.02,11764,13_59_28_18_06_2025,-3.70,-9.13,0.29,-0.01,-0.29,0.33
-63819,7.11,-70989,7.65,627,2.02,11789,13_59_28_18_06_2025,-3.04,-8.68,1.58,-0.07,-0.35,0.25
-64022,7.12,-70976,7.65,628,2.03,11814,13_59_28_18_06_2025,-2.97,-8.55,1.75,-0.16,-0.16,0.26
-64212,7.14,-71101,7.66,627,2.02,11845,13_59_28_18_06_2025,-3.24,-8.28,1.83,-0.10,-0.24,0.19
-64508,7.16,-71485,7.69,627,2.02,11873,13_59_28_18_06_2025,-2.24,-7.74,3.17,-0.02,-0.26,0.08
-64553,7.16,-71479,7.69,627,2.02,11895,13_59_28_18_06_2025,-2.48,-8.45,3.68,-0.11,-0.08,0.04
-64493,7.16,-72015,7.73,628,2.03,11920,13_59_28_18_06_2025,-2.22,-8.65,4.64,0.17,0.02,0.05
-64250,7.14,-71467,7.69,628,2.03,11946,13_59_28_18_06_2025,-2.20,-8.26,4.40,0.24,0.28,0.09
-63971,7.12,-70614,7.62,628,2.03,11979,13_59_28_18_06_2025,-2.55,-8.56,3.49,-0.09,0.49,0.09
-63759,7.10,-70030,7.58,628,2.03,12001,13_59_28_18_06_2025,-3.07,-9.55,3.37,0.08,0.47,-0.03
-63261,7.07,-68243,7.44,628,2.03,12027,13_59_29_18_06_2025,-3.25,-10.53,3.97,0.22,0.54,-0.12
-62545,7.01,-66543,7.31,627,2.02,12052,13_59_29_18_06_2025,-2.97,-12.40,4.80,0.20,0.69,-0.02
-62045,6.97,-64026,7.12,628,2.03,12078,13_59_29_18_06_2025,-1.93,-12.61,5.80,0.67,0.70,0.12
-61468,6.93,-62695,7.02,627,2.02,12103,13_59_29_18_06_2025,-2.01,-13.35,6.38,1.15,1.02,0.08
-60509,6.86,-60074,6.82,627,2.02,12131,13_59_29_18_06_2025,-0.09,-17.13,8.68,1.83,0.93,0.06
-59204,6.76,-57950,6.66,627,2.02,12154,13_59_29_18_06_2025,2.75,-15.32,10.18,3.28,1.01,0.44
-58219,6.68,-56014,6.52,627,2.02,12179,13_59_29_18_06_2025,5.28,-10.45,9.39,3.38,1.50,0.53
-57115,6.60,-54055,6.37,628,2.03,12205,13_59_29_18_06_2025,5.33,-11.14,7.79,1.95,2.46,0.41
-55292,6.46,-51318,6.16,627,2.02,12230,13_59_29_18_06_2025,4.07,-13.23,4.04,1.75,2.75,0.53
-51648,6.19,-44556,5.65,627,2.02,12258,13_59_29_18_06_2025,3.41,-13.34,0.57,2.96,2.37,-0.33
-46956,5.83,-37645,5.12,627,2.02,12281,13_59_29_18_06_2025,4.12,-15.46,-1.35,1.01,1.21,0.63
-41402,5.41,-30183,4.56,627,2.02,12306,13_59_29_18_06_2025,-2.78,-9.34,-0.23,0.52,0.87,1.83
-32301,4.72,-19424,3.74,627,2.02,12332,13_59_29_18_06_2025,-5.56,-4.75,-2.92,1.42,1.66,2.06
-19801,3.77,-5841,2.72,627,2.02,12357,13_59_29_18_06_2025,-10.62,-0.77,-9.83,1.50,1.48,1.59
-13767,3.32,1497,2.16,627,2.02,12382,13_59_29_18_06_2025,-8.59,-2.25,-5.74,0.78,-0.67,0.38
-14015,3.33,1479,2.16,627,2.02,12410,13_59_29_18_06_2025,-5.48,-3.75,-1.83,1.23,-0.48,-0.73
-13764,3.32,400,2.24,627,2.02,12433,13_59_29_18_06_2025,-5.32,-5.36,-1.35,0.94,-0.20,-0.79
-14216,3.35,-133,2.28,628,2.03,12458,13_59_29_18_06_2025,-4.40,-5.42,-0.94,0.77,-0.06,-0.65
-14905,3.40,-1081,2.35,627,2.02,12483,13_59_29_18_06_2025,-3.33,-5.85,0.21,0.36,-0.15,-0.21
-16051,3.49,-1888,2.42,627,2.02,12509,13_59_29_18_06_2025,-4.85,-5.19,1.00,0.19,0.22,-0.28
-16373,3.51,-2834,2.49,626,2.02,12534,13_59_29_18_06_2025,-5.34,-6.09,-0.15,0.40,1.09,-0.85
-15364,3.44,-2304,2.45,627,2.02,12557,13_59_29_18_06_2025,-6.87,-6.94,-2.16,0.47,0.97,-1.05
-14489,3.37,-1474,2.38,627,2.02,12582,13_59_29_18_06_2025,-6.63,-8.59,-1.07,0.37,0.39,-1.05
-13479,3.29,-827,2.34,628,2.03,12605,13_59_29_18_06_2025,-5.95,-9.00,0.86,0.28,0.36,-0.66
-13138,3.27,-746,2.33,628,2.03,12632,13_59_29_18_06_2025,-5.44,-8.18,1.52,0.29,0.73,-0.01
-13081,3.26,-1144,2.36,627,2.02,12655,13_59_29_18_06_2025,-3.96,-7.34,1.14,0.32,0.95,0.23
-13082,3.26,-1281,2.37,627,2.02,12683,13_59_29_18_06_2025,-5.09,-6.22,2.08,-0.22,1.06,-0.09
-13190,3.27,-1440,2.38,627,2.02,12705,13_59_29_18_06_2025,-4.52,-7.83,1.49,-0.36,1.23,-0.46
-13219,3.27,-1274,2.37,627,2.02,12731,13_59_29_18_06_2025,-5.16,-7.86,0.92,-0.07,1.61,-0.62
-13172,3.27,-1431,2.38,628,2.03,12756,13_59_29_18_06_2025,-5.79,-8.48,0.70,0.22,1.54,-0.86
-13150,3.27,-1151,2.36,627,2.02,12781,13_59_29_18_06_2025,-7.41,-9.77,2.23,0.25,1.52,-0.87
-13806,3.32,-1857,2.41,627,2.02,12807,13_59_29_18_06_2025,-9.44,-9.88,-0.92,0.48,2.29,-1.33
-14523,3.37,-2511,2.46,627,2.02,12835,13_59_29_18_06_2025,-11.95,-10.44,-4.08,0.46,2.14,-1.41
-14903,3.40,-3113,2.51,627,2.02,12857,13_59_29_18_06_2025,-10.90,-11.68,-4.89,0.52,1.57,-1.25
-15067,3.41,-3453,2.53,628,2.03,12882,13_59_29_18_06_2025,-9.88,-11.40,-3.14,1.09,0.88,-1.06
-14498,3.37,-3380,2.53,628,2.03,12907,13_59_29_18_06_2025,-7.57,-9.93,-1.50,1.36,0.71,-0.62
-13839,3.32,-2936,2.50,627,2.02,12933,13_59_29_18_06_2025,-6.23,-8.10,-0.99,1.24,0.70,-0.15
-13302,3.28,-2111,2.43,628,2.03,12961,13_59_29_18_06_2025,-7.07,-6.33,-1.74,0.75,0.68,0.02
-13356,3.28,-1644,2.40,627,2.02,12983,13_59_29_18_06_2025,-7.12,-5.57,-2.01,0.30,0.40,0.11
-12909,3.25,-1298,2.37,628,2.03,13008,13_59_30_18_06_2025,-6.21,-5.29,0.38,-0.08,-0.07,-0.20
-13088,3.26,-1110,2.36,627,2.02,13033,13_59_30_18_06_2025,-6.30,-5.55,2.04,-0.42,-0.05,-0.23
-13428,3.29,-1521,2.39,628,2.03,13059,13_59_30_18_06_2025,-7.25,-5.70,2.14,-0.56,0.10,-0.15
-13340,3.28,-1357,2.38,628,2.03,13084,13_59_30_18_06_2025,-7.15,-5.66,2.40,-0.82,0.15,-0.16
-13493,3.29,-1343,2.37,627,2.02,13112,13_59_30_18_06_2025,-7.68,-6.94,2.76,-0.96,-0.03,-0.43
-13146,3.27,-1574,2.39,627,2.02,13134,13_59_30_18_06_2025,-7.64,-8.63,4.48,-0.94,-0.34,-0.79
-13086,3.26,-1818,2.41,628,2.03,13159,13_59_30_18_06_2025,-7.32,-10.00,5.37,-0.86,-0.20,-0.70
-12949,3.25,-1968,2.42,628,2.03,13185,13_59_30_18_06_2025,-7.23,-11.02,5.92,-0.72,-0.21,-0.66
-12926,3.25,-2224,2.44,628,2.03,13210,13_59_30_18_06_2025,-6.95,-12.01,6.21,-0.32,-0.19,-0.57
-12811,3.24,-2040,2.43,627,2.02,13238,13_59_30_18_06_2025,-6.26,-12.28,6.59,-0.15,-0.11,-0.14
-12625,3.23,-1872,2.41,628,2.03,13261,13_59_30_18_06_2025,-5.64,-11.82,6.12,-0.21,0.06,0.59
-12497,3.22,-1745,2.40,627,2.02,13286,13_59_30_18_06_2025,-4.59,-10.80,5.69,-0.09,0.06,1.01
-12922,3.25,-1646,2.40,627,2.02,13314,13_59_30_18_06_2025,-3.44,-9.93,5.86,0.10,-0.10,0.87
-13100,3.27,-1328,2.37,627,2.02,13337,13_59_30_18_06_2025,-2.52,-10.29,5.85,0.24,-0.18,0.65
-13399,3.29,-1617,2.40,627,2.02,13367,13_59_30_18_06_2025,-1.75,-10.89,6.45,0.77,-0.04,0.35
-13948,3.33,-1542,2.39,628,2.03,13393,13_59_30_18_06_2025,-1.72,-10.80,6.14,1.00,0.18,0.48
-13609,3.30,-1396,2.38,627,2.02,13418,13_59_30_18_06_2025,-2.16,-10.06,5.16,1.27,0.34,0.61
-13609,3.30,-608,2.32,627,2.02,13443,13_59_30_18_06_2025,-2.24,-9.53,4.74,1.60,0.38,0.46
-13362,3.29,-249,2.29,627,2.02,13469,13_59_30_18_06_2025,-2.99,-9.34,4.86,1.71,0.28,0.36
-13116,3.27,-51,2.28,627,2.02,13494,13_59_30_18_06_2025,-3.15,-9.54,4.38,1.84,0.32,0.32
-12888,3.25,-149,2.28,627,2.02,13522,13_59_30_18_06_2025,-3.28,-9.30,3.99,1.89,0.23,0.30
-12984,3.26,-180,2.29,627,2.02,13544,13_59_30_18_06_2025,-3.08,-8.92,4.13,1.87,0.17,0.32
-13046,3.26,-331,2.30,627,2.02,13569,13_59_30_18_06_2025,-2.58,-8.26,4.66,1.64,0.32,0.49
-13115,3.27,-446,2.31,627,2.02,13595,13_59_30_18_06_2025,-2.30,-7.23,4.78,1.42,0.61,0.64
-13407,3.29,-593,2.32,627,2.02,13620,13_59_30_18_06_2025,-2.32,-6.56,4.54,1.32,0.79,0.62
-13506,3.30,-443,2.31,626,2.02,13645,13_59_30_18_06_2025,-2.22,-5.78,4.13,1.19,0.85,0.37
-13199,3.27,-859,2.34,628,2.03,13673,13_59_30_18_06_2025,-2.38,-5.74,4.46,1.15,0.87,0.00
-12961,3.25,-765,2.33,627,2.02,13696,13_59_30_18_06_2025,-3.21,-6.14,4.09,1.11,1.01,-0.16
-12909,3.25,-463,2.31,627,2.02,13721,13_59_30_18_06_2025,-4.08,-6.19,3.16,0.89,1.15,-0.04
-13168,3.27,-739,2.33,628,2.03,13746,13_59_30_18_06_2025,-4.65,-5.94,3.42,0.60,1.11,0.13
-13665,3.31,-1047,2.35,627,2.02,13771,13_59_30_18_06_2025,-5.62,-6.39,2.65,0.31,1.19,0.28
-13831,3.32,-1309,2.37,628,2.03,13800,13_59_30_18_06_2025,-6.94,-6.35,1.77,0.28,1.02,0.23
-14134,3.34,-1376,2.38,628,2.03,13822,13_59_30_18_06_2025,-8.23,-5.98,1.71,0.29,0.87,0.03
-13980,3.33,-1526,2.39,627,2.02,13847,13_59_30_18_06_2025,-9.12,-6.18,1.54,0.21,0.78,-0.04
-13862,3.32,-1472,2.38,628,2.03,13873,13_59_30_18_06_2025,-9.55,-6.68,1.97,0.18,0.52,-0.16
-13569,3.30,-1302,2.37,627,2.02,13898,13_59_30_18_06_2025,-9.40,-6.98,2.47,0.48,0.34,-0.20
-13606,3.30,-1438,2.38,627,2.02,13923,13_59_30_18_06_2025,-8.72,-6.17,2.44,0.61,0.34,-0.15
-13687,3.31,-1326,2.37,627,2.02,13951,13_59_30_18_06_2025,-7.84,-6.36,2.29,0.40,0.38,-0.07
-13604,3.30,-1140,2.36,628,2.03,13973,13_59_30_18_06_2025,-7.37,-6.66,2.41,0.39,0.44,-0.16
-13227,3.27,-1185,2.36,627,2.02,13999,13_59_30_18_06_2025,-6.70,-6.74,1.93,0.50,0.60,-0.24
-13413,3.29,-1062,2.35,627,2.02,14025,13_59_31_18_06_2025,-6.39,-7.18,1.68,0.45,0.72,-0.23
-13586,3.30,-1096,2.36,628,2.03,14049,13_59_31_18_06_2025,-6.96,-7.51,1.36,0.18,0.75,-0.01
-13354,3.28,-1032,2.35,627,2.02,14076,13_59_31_18_06_2025,-7.45,-7.37,0.99,0.16,0.60,0.15
-13215,3.27,-997,2.35,627,2.02,14102,13_59_31_18_06_2025,-7.77,-6.11,1.20,0.33,0.59,0.23
-13492,3.29,-1092,2.36,627,2.02,14124,13_59_31_18_06_2025,-7.99,-5.50,1.07,0.47,0.57,0.19
-13257,3.28,-1085,2.35,628,2.03,14149,13_59_31_18_06_2025,-9.07,-5.09,-0.11,0.47,0.35,0.16
-12967,3.26,-953,2.34,628,2.03,14174,13_59_31_18_06_2025,-8.88,-4.44,0.60,0.55,-0.09,0.13
-12997,3.26,-681,2.32,628,2.03,14199,13_59_31_18_06_2025,-8.35,-4.24,1.22,0.49,-0.22,0.17
-13143,3.27,-453,2.31,628,2.03,14227,13_59_31_18_06_2025,-7.75,-3.50,1.71,0.40,-0.30,0.18
-13140,3.27,-573,2.32,628,2.03,14250,13_59_31_18_06_2025,-7.27,-2.19,1.94,0.36,-0.24,0.21
-13265,3.28,-389,2.30,628,2.03,14275,13_59_31_18_06_2025,-6.53,-1.76,1.99,0.24,-0.16,-0.08
-12810,3.24,39,2.27,627,2.02,14300,13_59_31_18_06_2025,-6.22,-2.18,2.48,0.20,-0.16,-0.47
-12554,3.22,214,2.26,626,2.02,14326,13_59_31_18_06_2025,-5.45,-2.67,2.92,0.07,-0.04,-0.90
-12352,3.21,259,2.25,627,2.02,14351,13_59_31_18_06_2025,-5.21,-2.60,3.09,-0.22,0.11,-1.05
-12177,3.20,529,2.23,627,2.02,14379,13_59_31_18_06_2025,-5.19,-3.10,2.11,-1.00,0.17,-1.18
-12105,3.19,459,2.24,627,2.02,14401,13_59_31_18_06_2025,-5.01,-5.86,1.32,-1.44,-0.05,-1.34
-12203,3.20,457,2.24,627,2.02,14427,13_59_31_18_06_2025,-4.94,-6.71,1.98,-1.08,-0.14,-1.32
-12113,3.19,561,2.23,627,2.02,14452,13_59_31_18_06_2025,-4.83,-7.27,2.99,-0.76,0.02,-1.01
-10975,3.10,861,2.21,627,2.02,14477,13_59_31_18_06_2025,-5.09,-7.48,2.41,-0.78,0.43,-0.48
-11946,3.18,596,2.23,628,2.03,14505,13_59_31_18_06_2025,-6.13,-7.38,1.27,-0.87,0.63,-0.07
-11993,3.18,385,2.24,627,2.02,14528,13_59_31_18_06_2025,-6.01,-7.31,1.10,-0.61,0.41,0.07
-12347,3.21,701,2.22,627,2.02,14553,13_59_31_18_06_2025,-6.06,-7.02,1.65,-0.28,0.38,-0.10
-12296,3.20,309,2.25,628,2.03,14578,13_59_31_18_06_2025,-6.63,-7.08,1.86,0.16,0.64,-0.48
-12181,3.20,939,2.20,627,2.02,14604,13_59_31_18_06_2025,-6.89,-7.43,1.59,0.54,0.85,-0.87
-11892,3.17,1166,2.18,627,2.02,14629,13_59_31_18_06_2025,-6.70,-7.89,1.45,0.48,0.77,-1.17
-12492,3.22,2107,2.11,627,2.02,14657,13_59_31_18_06_2025,-6.29,-9.99,1.51,0.29,0.61,-1.27
-12355,3.21,2381,2.09,628,2.03,14679,13_59_31_18_06_2025,-5.96,-10.91,1.78,0.41,0.51,-1.18
-11995,3.18,2723,2.07,628,2.03,14705,13_59_31_18_06_2025,-5.52,-10.65,1.69,0.62,0.45,-1.03
-11872,3.17,2389,2.09,626,2.02,14730,13_59_31_18_06_2025,-5.06,-9.94,1.79,0.75,0.47,-1.00
-12164,3.19,2042,2.12,627,2.02,14757,13_59_31_18_06_2025,-4.49,-9.23,1.82,0.83,0.47,-0.94
-12435,3.21,1920,2.13,628,2.03,14780,13_59_31_18_06_2025,-4.54,-8.57,1.64,0.67,0.33,-0.99
-12520,3.22,2545,2.08,627,2.02,14811,13_59_31_18_06_2025,-3.70,-8.19,1.73,0.39,-0.00,-1.23
-11919,3.18,3740,1.99,625,2.02,14836,13_59_31_18_06_2025,-3.18,-8.45,2.55,0.32,-0.16,-1.35
-12201,3.20,3400,2.02,627,2.02,14861,13_59_31_18_06_2025,-3.36,-8.30,3.30,-0.01,-0.07,-1.35
-12447,3.22,3195,2.03,628,2.03,14886,13_59_31_18_06_2025,-3.57,-8.60,2.39,-0.50,0.11,-1.23
-12418,3.21,2630,2.07,627,2.02,14912,13_59_31_18_06_2025,-3.22,-8.74,1.38,-0.45,0.18,-1.18
-12655,3.23,1666,2.15,627,2.02,14940,13_59_31_18_06_2025,-2.42,-9.19,1.38,-0.28,0.20,-1.17
-12473,3.22,1006,2.20,627,2.02,14962,13_59_31_18_06_2025,-2.14,-9.81,1.69,-0.59,0.21,-1.14
-12193,3.20,720,2.22,627,2.02,14988,13_59_31_18_06_2025,-1.73,-9.95,1.71,-0.54,0.35,-1.00
-12180,3.20,860,2.21,627,2.02,15013,13_59_32_18_06_2025,-1.55,-10.22,1.73,-0.46,0.42,-0.72
-12189,3.20,917,2.20,627,2.02,15038,13_59_32_18_06_2025,-1.54,-9.63,1.25,-0.51,0.43,-0.46
-12045,3.19,1338,2.17,627,2.02,15063,13_59_32_18_06_2025,-1.57,-9.64,0.97,-0.35,0.46,-0.51
-12136,3.19,1116,2.19,625,2.02,15091,13_59_32_18_06_2025,-1.97,-10.08,0.49,-0.36,0.44,-1.05
-12265,3.20,893,2.21,627,2.02,15114,13_59_32_18_06_2025,-2.08,-10.01,0.49,-0.24,0.30,-1.33
-12400,3.21,1226,2.18,627,2.02,15139,13_59_32_18_06_2025,-1.21,-10.41,0.38,-0.20,0.30,-1.46
-12236,3.20,1215,2.18,627,2.02,15164,13_59_32_18_06_2025,-0.90,-11.54,0.29,-0.31,0.30,-1.44
-12394,3.21,1125,2.19,627,2.02,15189,13_59_32_18_06_2025,-0.53,-12.18,0.82,-0.28,0.26,-1.32
-12322,3.21,1245,2.18,628,2.03,15217,13_59_32_18_06_2025,-0.25,-12.49,-0.12,0.06,0.16,-1.13
-12400,3.21,1120,2.19,627,2.02,15240,13_59_32_18_06_2025,0.03,-12.69,0.13,0.12,0.09,-1.19
-12438,3.21,1171,2.18,627,2.02,15265,13_59_32_18_06_2025,0.57,-13.12,0.41,0.19,-0.04,-0.98
-12189,3.20,1226,2.18,627,2.02,15290,13_59_32_18_06_2025,0.88,-12.89,0.89,0.47,-0.08,-0.87
-12184,3.20,829,2.21,627,2.02,15315,13_59_32_18_06_2025,0.75,-11.85,1.11,0.68,-0.12,-0.75
-12231,3.20,931,2.20,628,2.03,15340,13_59_32_18_06_2025,0.80,-10.45,1.71,0.78,0.02,-0.56
-12161,3.19,1162,2.18,627,2.02,15368,13_59_32_18_06_2025,0.21,-10.24,1.42,0.79,0.15,-0.22
-12259,3.20,1191,2.18,627,2.02,15391,13_59_32_18_06_2025,-0.40,-9.84,1.12,1.06,-0.03,0.03
-12036,3.18,1165,2.18,627,2.02,15416,13_59_32_18_06_2025,-1.13,-9.33,1.24,1.27,-0.23,0.23
-11988,3.18,1310,2.17,628,2.03,15441,13_59_32_18_06_2025,-0.92,-9.03,1.39,1.12,-0.32,0.39
-12076,3.19,1295,2.17,627,2.02,15467,13_59_32_18_06_2025,-1.51,-10.03,1.17,0.96,-0.28,0.81
-11958,3.18,1373,2.17,627,2.02,15493,13_59_32_18_06_2025,-1.63,-10.35,2.13,1.28,-0.49,1.38
-11986,3.18,1283,2.18,625,2.02,15520,13_59_32_18_06_2025,-1.26,-9.23,2.61,1.61,-0.24,1.75
-12467,3.22,1063,2.19,627,2.02,15542,13_59_32_18_06_2025,-1.56,-8.34,3.64,1.58,0.74,2.01
-12215,3.20,1140,2.19,627,2.02,15570,13_59_32_18_06_2025,-2.72,-8.42,2.21,1.88,1.05,1.60
-12162,3.19,1089,2.19,627,2.02,15592,13_59_32_18_06_2025,-2.53,-9.00,1.99,2.58,0.49,1.43
-12331,3.21,1445,2.16,628,2.03,15618,13_59_32_18_06_2025,-1.80,-8.77,3.52,3.22,-0.37,1.42
-12052,3.19,1338,2.17,628,2.03,15646,13_59_32_18_06_2025,-1.37,-6.54,4.27,3.16,-0.26,1.08
-12078,3.19,1307,2.17,627,2.02,15668,13_59_32_18_06_2025,-0.71,-4.75,4.82,2.94,-0.63,0.45
-12269,3.20,1449,2.16,627,2.02,15693,13_59_32_18_06_2025,-1.65,-4.60,6.03,1.79,-0.67,0.01
-12170,3.19,1030,2.19,627,2.02,15719,13_59_32_18_06_2025,-1.26,-5.33,7.14,1.18,-0.80,-0.20
-12140,3.19,1203,2.18,627,2.02,15744,13_59_32_18_06_2025,-1.38,-6.12,7.92,0.97,-1.00,-0.25
-12117,3.19,1317,2.17,627,2.02,15769,13_59_32_18_06_2025,-1.59,-5.43,8.39,0.89,-0.84,-0.25
-12118,3.19,1243,2.18,627,2.02,15797,13_59_32_18_06_2025,-1.10,-6.33,8.64,0.64,-0.78,-0.28
-12313,3.21,1133,2.19,628,2.03,15820,13_59_32_18_06_2025,0.01,-6.56,9.41,0.44,-0.67,0.19
-12480,3.22,1252,2.18,627,2.02,15845,13_59_32_18_06_2025,-0.77,-6.20,9.10,0.19,-0.55,0.55
-12349,3.21,1115,2.19,627,2.02,15870,13_59_32_18_06_2025,-1.02,-5.84,9.36,0.86,-0.43,0.06
-12467,3.22,1321,2.17,627,2.02,15895,13_59_32_18_06_2025,0.06,-6.00,7.81,1.26,-0.46,-0.30
-12288,3.20,1447,2.16,628,2.03,15923,13_59_32_18_06_2025,-0.02,-5.02,8.57,1.56,-0.59,-0.69
-12495,3.22,1299,2.17,627,2.02,15946,13_59_32_18_06_2025,-0.50,-5.22,8.07,1.85,-0.49,-0.78
-12199,3.20,1289,2.18,627,2.02,15971,13_59_32_18_06_2025,-1.19,-3.71,10.54,2.09,-0.56,-0.75
-11844,3.17,1339,2.17,627,2.02,15996,13_59_32_18_06_2025,-0.60,-3.74,8.73,0.93,-0.49,-1.65
-12241,3.20,1340,2.17,628,2.03,16022,13_59_33_18_06_2025,0.29,-4.60,9.24,0.72,-0.46,-1.96
-12189,3.20,1182,2.18,627,2.02,16047,13_59_33_18_06_2025,0.36,-4.41,9.57,0.39,-0.03,-1.97
-12151,3.19,1255,2.18,628,2.03,16075,13_59_33_18_06_2025,0.78,-4.53,9.69,0.04,0.33,-1.61
-12061,3.19,1285,2.18,628,2.03,16097,13_59_33_18_06_2025,0.58,-5.00,9.44,0.10,0.40,-1.15
-12221,3.20,1244,2.18,627,2.02,16123,13_59_33_18_06_2025,0.36,-4.76,9.42,0.27,0.31,-0.95
-12266,3.20,1322,2.17,627,2.02,16148,13_59_33_18_06_2025,0.46,-3.81,9.29,0.28,0.18,-1.16
-12243,3.20,1452,2.16,627,2.02,16173,13_59_33_18_06_2025,1.03,-3.89,9.06,0.21,0.11,-1.01
-11995,3.18,1167,2.18,627,2.02,16198,13_59_33_18_06_2025,0.94,-3.74,9.53,0.12,0.18,-0.54
-12232,3.20,1088,2.19,627,2.02,16229,13_59_33_18_06_2025,0.73,-3.69,9.37,0.02,0.30,-0.32
-12334,3.21,1070,2.19,627,2.02,16256,13_59_33_18_06_2025,0.60,-3.45,9.16,0.11,0.20,-0.39
-12144,3.19,1193,2.18,627,2.02,16279,13_59_33_18_06_2025,0.84,-3.28,9.23,0.15,0.15,-0.53
-12068,3.19,1135,2.19,628,2.03,16304,13_59_33_18_06_2025,0.93,-3.44,9.54,0.13,0.20,-0.52
-12167,3.19,1086,2.19,628,2.03,16329,13_59_33_18_06_2025,0.91,-3.66,9.56,0.21,0.29,-0.64
-12212,3.20,1336,2.17,627,2.02,16357,13_59_33_18_06_2025,0.79,-3.61,9.57,0.20,0.30,-0.62
-12272,3.20,1372,2.17,627,2.02,16380,13_59_33_18_06_2025,0.83,-3.22,9.47,0.16,0.35,-0.66
-12376,3.21,1295,2.17,628,2.03,16405,13_59_33_18_06_2025,0.44,-3.79,9.15,0.23,0.41,-0.60
-12254,3.20,1129,2.19,627,2.02,16430,13_59_33_18_06_2025,0.10,-3.49,8.57,-0.00,0.27,-0.39
-12329,3.21,1238,2.18,627,2.02,16455,13_59_33_18_06_2025,0.33,-3.33,8.93,0.01,0.09,-0.29
-12020,3.18,1123,2.19,627,2.02,16480,13_59_33_18_06_2025,0.47,-3.60,9.11,0.00,0.02,-0.42
-12118,3.19,1144,2.19,628,2.03,16508,13_59_33_18_06_2025,0.82,-3.91,9.51,-0.04,0.05,-0.33
-12255,3.20,1397,2.17,627,2.02,16530,13_59_33_18_06_2025,0.94,-3.55,9.44,-0.21,0.19,-0.28
-12187,3.20,1113,2.19,627,2.02,16556,13_59_33_18_06_2025,1.04,-3.49,9.30,-0.15,0.37,-0.13
-12267,3.20,1040,2.19,628,2.03,16581,13_59_33_18_06_2025,0.66,-3.09,9.02,-0.21,0.41,-0.37
-12229,3.20,1059,2.19,628,2.03,16606,13_59_33_18_06_2025,0.76,-3.22,9.10,-0.30,0.41,-0.37
-12171,3.19,1183,2.18,627,2.02,16631,13_59_33_18_06_2025,1.35,-3.60,9.67,-0.55,0.45,-0.16
-12104,3.19,984,2.20,627,2.02,16659,13_59_33_18_06_2025,1.21,-4.18,10.25,-0.67,0.78,0.16
-12299,3.20,1116,2.19,627,2.02,16682,13_59_33_18_06_2025,0.45,-4.22,9.68,-0.69,0.96,0.33
-12247,3.20,1349,2.17,627,2.02,16707,13_59_33_18_06_2025,-0.10,-4.10,9.73,-0.51,0.96,0.29
-12135,3.19,1222,2.18,627,2.02,16732,13_59_33_18_06_2025,-0.24,-3.79,9.30,-0.40,0.91,0.16
-12234,3.20,1162,2.18,627,2.02,16758,13_59_33_18_06_2025,-0.71,-3.61,8.77,-0.77,0.89,0.19
-12173,3.19,1043,2.19,627,2.02,16786,13_59_33_18_06_2025,-1.41,-4.29,8.14,-0.34,0.95,-0.27
-12368,3.21,1063,2.19,625,2.02,16808,13_59_33_18_06_2025,-1.79,-4.95,7.89,-0.21,0.73,-0.48
-12262,3.20,1193,2.18,628,2.03,16833,13_59_33_18_06_2025,-1.72,-4.89,8.40,-0.17,0.36,-0.38
-12373,3.21,1259,2.18,625,2.02,16859,13_59_33_18_06_2025,-1.13,-4.42,8.62,-0.31,0.24,-0.22
-12176,3.20,1018,2.20,627,2.02,16884,13_59_33_18_06_2025,-0.92,-4.49,8.69,-0.28,0.26,-0.27
-12150,3.19,1167,2.18,627,2.02,16909,13_59_33_18_06_2025,-1.00,-4.80,8.78,-0.15,0.32,-0.35
-12282,3.20,1287,2.18,627,2.02,16939,13_59_33_18_06_2025,-0.84,-4.78,8.85,-0.01,0.29,-0.44
-12245,3.20,1032,2.19,628,2.03,16962,13_59_33_18_06_2025,-0.92,-4.78,8.87,-0.04,0.33,-0.50
-12186,3.20,1213,2.18,628,2.03,16985,13_59_33_18_06_2025,-1.28,-4.55,8.40,-0.13,0.38,-0.41
