-99968,9.85,0,2.27,640,2.06,1107,11_03_32_19_06_2025,-3.23,-2.78,-10.35,0.12,-1.39,0.71
-111836,10.75,-8829,2.94,641,2.07,1202,11_03_32_19_06_2025,-2.33,-2.84,-10.00,-0.07,0.03,-0.07
-117394,11.17,-7592,2.85,640,2.06,1226,11_03_32_19_06_2025,-0.24,-1.98,-9.56,-0.19,0.04,-0.19
-123368,11.62,-6535,2.77,640,2.06,1246,11_03_32_19_06_2025,0.93,-1.09,-10.49,-0.80,0.01,0.12
-129435,12.08,-4841,2.64,640,2.06,1267,11_03_32_19_06_2025,-0.62,-0.77,-10.43,-0.65,0.11,0.36
-131923,12.27,-3859,2.57,640,2.06,1287,11_03_32_19_06_2025,-1.42,-0.82,-8.13,-0.31,0.28,0.08
-136120,12.58,-3757,2.56,640,2.06,1310,11_03_32_19_06_2025,-1.75,0.03,-8.69,-0.28,0.16,-0.03
-137403,12.68,-4236,2.59,640,2.06,1330,11_03_32_19_06_2025,-0.74,-0.22,-8.79,-0.05,0.17,0.08
-137338,12.68,-4900,2.64,640,2.06,1350,11_03_32_19_06_2025,-0.99,-0.49,-8.34,0.11,0.07,0.02
-136457,12.61,-5923,2.72,640,2.06,1371,11_03_32_19_06_2025,-1.95,-1.13,-8.87,0.29,-0.18,-0.02
-133987,12.42,-8045,2.88,640,2.06,1391,11_03_32_19_06_2025,-1.22,-1.48,-8.42,0.45,-0.24,-0.07
-131402,12.23,-9380,2.98,640,2.06,1414,11_03_32_19_06_2025,-2.19,-0.90,-9.44,0.38,-0.17,-0.01
-130802,12.18,-9293,2.98,639,2.06,1434,11_03_32_19_06_2025,-2.49,-2.08,-9.55,0.32,0.07,0.06
-130958,12.19,-8998,2.95,640,2.06,1455,11_03_32_19_06_2025,-2.33,-2.26,-9.48,0.09,0.08,0.11
-130437,12.15,-8189,2.89,640,2.06,1475,11_03_32_19_06_2025,-1.96,-2.07,-9.36,0.01,0.12,0.05
-130305,12.14,-7465,2.84,640,2.06,1495,11_03_32_19_06_2025,-1.93,-1.82,-9.40,0.03,0.12,0.04
-129976,12.12,-6887,2.79,640,2.06,1516,11_03_32_19_06_2025,-2.46,-1.91,-8.95,-0.06,0.03,0.00
-131629,12.24,-5417,2.68,640,2.06,1539,11_03_32_19_06_2025,-3.62,-0.42,-8.57,-0.20,0.01,0.12
-134343,12.45,-5696,2.70,640,2.06,1559,11_03_32_19_06_2025,-3.04,-1.04,-9.71,-0.41,-0.05,0.49
-140427,12.91,-6567,2.77,639,2.06,1579,11_03_32_19_06_2025,-0.46,-2.54,-10.07,-0.49,-0.03,0.43
-146279,13.35,-3953,2.57,639,2.06,1600,11_03_32_19_06_2025,-0.49,-1.28,-10.92,-0.46,0.00,0.14
-149860,13.63,-1267,2.37,640,2.06,1620,11_03_32_19_06_2025,-1.85,-0.87,-10.35,-0.45,0.10,0.03
-154471,13.98,842,2.21,640,2.06,1643,11_03_32_19_06_2025,-2.13,-1.12,-9.09,-0.52,0.17,-0.15
-159353,14.34,1926,2.13,640,2.06,1664,11_03_32_19_06_2025,-1.09,-0.68,-9.68,-0.52,0.02,-0.06
-162228,14.56,3435,2.01,640,2.06,1684,11_03_32_19_06_2025,-1.26,-0.71,-9.35,-0.17,-0.06,-0.06
-166944,14.92,3333,2.02,640,2.06,1704,11_03_32_19_06_2025,-1.79,-0.65,-8.99,0.05,-0.15,-0.19
-168409,15.03,2322,2.10,640,2.06,1724,11_03_32_19_06_2025,-2.21,-0.98,-9.94,0.21,0.05,0.18
-168892,15.07,2476,2.09,640,2.06,1747,11_03_32_19_06_2025,-1.92,-1.67,-10.07,0.04,0.05,0.32
-169597,15.12,4205,1.95,640,2.06,1773,11_03_32_19_06_2025,-1.22,-1.86,-9.84,-0.15,0.01,0.12
-168606,15.05,3634,2.00,640,2.06,1796,11_03_32_19_06_2025,-1.31,-0.95,-9.73,-0.22,-0.05,-0.15
-165014,14.77,2961,2.05,640,2.06,1816,11_03_32_19_06_2025,-2.54,-0.84,-8.96,-0.24,-0.04,-0.44
-162541,14.59,1096,2.19,640,2.06,1836,11_03_32_19_06_2025,-1.88,-0.80,-10.47,-0.33,-0.06,-0.26
-161517,14.51,1259,2.18,639,2.06,1857,11_03_32_19_06_2025,-1.54,-0.73,-9.85,-0.37,-0.09,-0.17
-158941,14.31,1573,2.15,640,2.06,1880,11_03_32_19_06_2025,-1.63,0.73,-9.63,-0.19,-0.21,0.03
-156098,14.10,1214,2.18,640,2.06,1900,11_03_33_19_06_2025,-1.17,0.46,-9.03,0.11,-0.19,-0.04
-153241,13.88,490,2.24,640,2.06,1921,11_03_33_19_06_2025,-1.45,0.11,-10.18,0.13,-0.22,-0.27
-146331,13.36,-799,2.33,640,2.06,1941,11_03_33_19_06_2025,-0.64,-0.64,-12.00,0.07,-0.25,-0.36
-140545,12.92,-740,2.33,640,2.06,1961,11_03_33_19_06_2025,-2.84,-1.33,-10.31,-0.40,-0.29,-0.34
-137789,12.71,-796,2.33,639,2.06,1982,11_03_33_19_06_2025,-2.96,-0.34,-9.08,-0.54,-0.19,-0.47
-131530,12.24,-1757,2.41,640,2.06,2005,11_03_33_19_06_2025,-1.73,0.46,-11.04,-0.57,-0.16,-0.14
-123538,11.63,-2330,2.45,640,2.06,2025,11_03_33_19_06_2025,-1.17,-0.62,-11.90,-0.35,-0.10,0.18
-116246,11.08,-2139,2.43,640,2.06,2045,11_03_33_19_06_2025,-1.71,-0.13,-11.68,0.32,0.07,0.18
-112624,10.80,-1808,2.41,640,2.06,2065,11_03_33_19_06_2025,-1.31,-0.11,-10.20,0.87,0.12,-0.01
-104188,10.17,-6197,2.74,640,2.06,2086,11_03_33_19_06_2025,-1.83,-0.88,-8.29,0.79,-0.16,-0.36
-90676,9.14,-12806,3.24,640,2.06,2109,11_03_33_19_06_2025,-3.27,-0.10,-7.46,-0.11,-0.38,-0.21
-84109,8.64,-15375,3.44,639,2.06,2129,11_03_33_19_06_2025,-2.76,-0.81,-8.04,-0.40,-0.26,-0.08
-69519,7.54,-22144,3.95,639,2.06,2149,11_03_33_19_06_2025,-2.47,-1.28,-8.54,-0.37,-0.05,-0.13
-57687,6.64,-30381,4.57,640,2.06,2169,11_03_33_19_06_2025,-2.15,-0.72,-6.82,-0.24,-0.13,-0.32
-54722,6.42,-32208,4.71,639,2.06,2189,11_03_33_19_06_2025,-1.45,1.62,-6.56,-0.26,-0.26,0.06
-50141,6.07,-32333,4.72,640,2.06,2212,11_03_33_19_06_2025,-2.63,0.23,-7.07,0.22,-0.20,0.43
-48053,5.91,-33073,4.78,640,2.06,2235,11_03_33_19_06_2025,-3.80,-0.35,-6.48,1.28,0.02,0.20
-46644,5.81,-33694,4.83,640,2.06,2256,11_03_33_19_06_2025,-2.79,-1.06,-6.93,1.32,0.14,0.15
-46141,5.77,-34033,4.85,640,2.06,2276,11_03_33_19_06_2025,-3.01,-2.44,-7.05,1.10,0.12,0.01
-45129,5.69,-35360,4.95,640,2.06,2296,11_03_33_19_06_2025,-2.62,-3.07,-8.35,0.56,-0.00,-0.51
-45066,5.69,-35416,4.96,640,2.06,2317,11_03_33_19_06_2025,-2.79,-2.09,-8.98,0.28,0.02,-0.24
-44879,5.67,-34670,4.90,640,2.06,2341,11_03_33_19_06_2025,-3.97,-2.42,-8.42,0.44,0.12,0.04
-44404,5.64,-34799,4.91,640,2.06,2362,11_03_33_19_06_2025,-3.05,-2.45,-7.91,0.79,0.26,-0.22
-44986,5.68,-34654,4.90,638,2.06,2382,11_03_33_19_06_2025,-2.77,-1.41,-8.10,1.04,0.48,-0.24
-46225,5.77,-33563,4.82,637,2.05,2406,11_03_33_19_06_2025,-3.55,-0.72,-6.65,1.77,0.65,-0.01
-47191,5.85,-32955,4.77,640,2.06,2426,11_03_33_19_06_2025,-0.45,-1.58,-6.94,2.30,0.45,0.00
-50166,6.07,-31335,4.65,640,2.06,2449,11_03_33_19_06_2025,0.77,-4.54,-10.02,2.87,-0.07,0.25
-55313,6.46,-29953,4.54,640,2.06,2469,11_03_33_19_06_2025,-0.90,-6.48,-9.85,3.21,-0.36,0.18
-60668,6.87,-29861,4.53,640,2.06,2490,11_03_33_19_06_2025,-1.89,-7.39,-9.68,2.95,-0.41,-0.08
-63406,7.08,-30089,4.55,639,2.06,2510,11_03_33_19_06_2025,-1.98,-7.34,-9.89,2.24,-0.26,-0.13
-66519,7.31,-31380,4.65,640,2.06,2530,11_03_33_19_06_2025,-2.33,-7.86,-9.30,1.58,-0.03,-0.07
-67701,7.40,-32326,4.72,640,2.06,2551,11_03_33_19_06_2025,-2.35,-8.45,-9.70,0.78,0.16,-0.03
-69570,7.54,-32148,4.71,640,2.06,2574,11_03_33_19_06_2025,-1.69,-8.43,-9.41,0.39,0.26,-0.07
-70537,7.62,-32035,4.70,639,2.06,2594,11_03_33_19_06_2025,-1.49,-7.05,-9.50,-0.08,0.19,-0.23
-70822,7.64,-32440,4.73,637,2.05,2614,11_03_33_19_06_2025,-2.56,-5.60,-9.25,-0.31,0.02,-0.15
-71418,7.68,-32397,4.73,639,2.06,2634,11_03_33_19_06_2025,-2.24,-5.46,-8.84,-0.22,-0.08,0.05
-73366,7.83,-31159,4.63,640,2.06,2655,11_03_33_19_06_2025,-1.64,-5.40,-8.91,-0.06,-0.13,0.07
-74665,7.93,-30472,4.58,640,2.06,2678,11_03_33_19_06_2025,-1.38,-6.04,-9.84,-0.17,-0.14,-0.14
-75331,7.98,-29939,4.54,640,2.06,2698,11_03_33_19_06_2025,-1.67,-5.31,-10.27,-0.54,-0.08,-0.21
-75917,8.02,-28540,4.43,640,2.06,2718,11_03_33_19_06_2025,-2.15,-4.63,-9.18,-0.84,0.06,-0.19
-76128,8.04,-27985,4.39,640,2.06,2739,11_03_33_19_06_2025,-2.11,-3.41,-8.57,-1.24,0.11,-0.06
-76558,8.07,-27402,4.35,639,2.06,2759,11_03_33_19_06_2025,-1.99,-2.30,-7.30,-1.43,0.15,0.05
-77969,8.18,-26813,4.30,640,2.06,2779,11_03_33_19_06_2025,-1.57,-1.70,-6.36,-1.32,0.21,-0.01
-79391,8.29,-25958,4.24,640,2.06,2802,11_03_33_19_06_2025,-1.67,-0.89,-6.10,-0.94,0.25,-0.14
-79778,8.32,-25554,4.21,640,2.06,2823,11_03_33_19_06_2025,-1.58,-0.95,-6.39,-0.14,0.17,0.01
-80202,8.35,-25491,4.20,641,2.07,2843,11_03_33_19_06_2025,-1.36,-1.62,-6.81,0.35,0.05,0.08
-80000,8.33,-25530,4.21,640,2.06,2863,11_03_33_19_06_2025,-1.60,-2.07,-6.72,0.83,0.06,0.05
-79695,8.31,-25798,4.23,640,2.06,2883,11_03_33_19_06_2025,-1.16,-3.07,-7.77,1.08,-0.01,0.01
-78986,8.26,-27225,4.34,639,2.06,2906,11_03_34_19_06_2025,-1.66,-3.92,-8.57,1.24,-0.13,0.03
-78295,8.20,-28552,4.44,639,2.06,2929,11_03_34_19_06_2025,-1.91,-5.40,-9.77,1.09,-0.16,-0.03
-78422,8.21,-29528,4.51,639,2.06,2951,11_03_34_19_06_2025,-2.29,-6.25,-10.42,0.59,-0.04,-0.13
-78422,8.21,-30222,4.56,637,2.05,2971,11_03_34_19_06_2025,-2.40,-5.81,-10.85,0.10,0.17,-0.15
-77599,8.15,-30790,4.61,640,2.06,2995,11_03_34_19_06_2025,-1.65,-5.97,-10.99,-0.50,0.10,-0.05
-76655,8.08,-30513,4.58,640,2.06,3015,11_03_34_19_06_2025,-1.95,-5.13,-10.29,-0.61,-0.03,-0.09
-76491,8.07,-29895,4.54,640,2.06,3038,11_03_34_19_06_2025,-1.87,-4.57,-10.00,-0.41,-0.15,-0.08
-76491,8.07,-29069,4.47,640,2.06,3058,11_03_34_19_06_2025,-1.87,-4.88,-9.85,-0.16,-0.23,-0.11
-74656,7.93,-28390,4.42,639,2.06,3078,11_03_34_19_06_2025,-2.29,-5.00,-9.71,-0.19,-0.21,-0.20
-73323,7.83,-28765,4.45,639,2.06,3098,11_03_34_19_06_2025,-1.83,-4.84,-10.06,-0.28,-0.20,-0.09
-72442,7.76,-29049,4.47,640,2.06,3118,11_03_34_19_06_2025,-1.84,-4.92,-9.71,-0.38,-0.21,-0.05
-70549,7.62,-29399,4.50,640,2.06,3141,11_03_34_19_06_2025,-1.86,-4.87,-9.59,-0.54,-0.16,-0.09
-68724,7.48,-29178,4.48,639,2.06,3165,11_03_34_19_06_2025,-2.03,-4.90,-8.79,-0.72,-0.04,-0.15
-66448,7.31,-28909,4.46,640,2.06,3185,11_03_34_19_06_2025,-2.01,-4.58,-9.06,-1.09,0.00,-0.06
-65155,7.21,-28672,4.44,640,2.06,3205,11_03_34_19_06_2025,-1.90,-4.22,-8.53,-1.17,-0.01,0.00
-64120,7.13,-27962,4.39,640,2.06,3225,11_03_34_19_06_2025,-1.90,-3.84,-8.06,-1.11,-0.02,0.01
-63110,7.05,-28173,4.41,640,2.06,3246,11_03_34_19_06_2025,-1.62,-3.50,-7.78,-0.99,-0.07,-0.03
-62109,6.98,-28126,4.40,640,2.06,3269,11_03_34_19_06_2025,-2.68,-3.00,-7.61,-0.80,-0.10,0.03
-61754,6.95,-28476,4.43,639,2.06,3289,11_03_34_19_06_2025,-2.40,-2.76,-7.46,-0.66,0.03,0.11
-60969,6.89,-29026,4.47,640,2.06,3309,11_03_34_19_06_2025,-1.71,-3.26,-7.59,-0.51,0.11,0.15
-60763,6.88,-29006,4.47,637,2.05,3330,11_03_34_19_06_2025,-2.49,-3.02,-7.11,-0.46,0.10,0.07
-60442,6.85,-28861,4.46,640,2.06,3350,11_03_34_19_06_2025,-2.90,-3.13,-6.33,-0.59,0.21,0.12
-60034,6.82,-29262,4.49,640,2.06,3373,11_03_34_19_06_2025,-2.01,-2.55,-5.89,-0.65,0.40,0.22
-60518,6.86,-29735,4.53,640,2.06,3393,11_03_34_19_06_2025,-0.58,-1.92,-6.98,-0.65,0.34,0.15
-61234,6.91,-29454,4.50,640,2.06,3414,11_03_34_19_06_2025,-0.64,-0.74,-7.16,-0.43,0.33,-0.01
-62281,6.99,-29442,4.50,639,2.06,3434,11_03_34_19_06_2025,-0.13,-1.00,-7.76,-0.17,0.25,-0.11
-63290,7.07,-29335,4.50,639,2.06,3454,11_03_34_19_06_2025,-0.53,-1.18,-8.46,0.20,0.18,-0.26
-63839,7.11,-29008,4.47,640,2.06,3477,11_03_34_19_06_2025,-0.86,-2.08,-8.63,0.66,0.01,-0.32
-65442,7.23,-28757,4.45,639,2.06,3498,11_03_34_19_06_2025,-0.79,-2.73,-9.13,0.80,-0.13,-0.38
-65799,7.26,-29642,4.52,639,2.06,3518,11_03_34_19_06_2025,-1.05,-3.34,-9.92,0.94,-0.19,-0.49
-65837,7.26,-30808,4.61,639,2.06,3538,11_03_34_19_06_2025,-1.17,-4.83,-10.88,0.84,-0.25,-0.39
-66723,7.33,-32135,4.71,640,2.06,3560,11_03_34_19_06_2025,-1.37,-5.36,-10.76,0.67,-0.20,-0.41
-66772,7.33,-34401,4.88,640,2.06,3581,11_03_34_19_06_2025,-1.98,-5.41,-11.05,0.27,-0.24,-0.47
-67106,7.36,-36497,5.04,640,2.06,3610,11_03_34_19_06_2025,-2.17,-5.39,-11.90,-0.19,0.01,-0.31
-66330,7.30,-37009,5.08,640,2.06,3630,11_03_34_19_06_2025,-2.52,-5.29,-10.95,-0.42,0.08,-0.19
-66293,7.29,-36271,5.02,638,2.06,3654,11_03_34_19_06_2025,-2.63,-5.02,-10.78,-0.60,0.08,-0.11
-66331,7.30,-35072,4.93,640,2.06,3674,11_03_34_19_06_2025,-2.23,-4.72,-9.80,-0.58,0.03,0.05
-65547,7.24,-34708,4.90,640,2.06,3694,11_03_34_19_06_2025,-1.99,-4.18,-9.26,-0.66,-0.02,0.01
-65091,7.20,-33224,4.79,639,2.06,3717,11_03_34_19_06_2025,-2.30,-3.42,-8.99,-0.65,0.06,0.02
-65213,7.21,-32106,4.70,640,2.06,3738,11_03_34_19_06_2025,-1.45,-3.46,-8.33,-0.53,0.11,0.07
-65353,7.22,-31014,4.62,639,2.06,3758,11_03_34_19_06_2025,-1.95,-3.28,-8.09,-0.57,0.04,0.04
-65600,7.24,-28217,4.41,639,2.06,3778,11_03_34_19_06_2025,-1.72,-2.66,-8.28,-0.51,0.07,-0.02
-65911,7.27,-25766,4.22,640,2.06,3798,11_03_34_19_06_2025,-0.87,-1.90,-8.12,-0.39,0.10,0.04
-65627,7.24,-24623,4.14,640,2.06,3819,11_03_34_19_06_2025,-1.01,-1.45,-8.34,-0.19,-0.02,0.08
-66271,7.29,-23381,4.04,640,2.06,3842,11_03_34_19_06_2025,-1.11,-1.55,-8.10,-0.02,-0.01,0.07
-67333,7.37,-22733,3.99,640,2.06,3862,11_03_34_19_06_2025,-1.26,-1.74,-7.83,0.15,0.03,0.05
-67459,7.38,-22382,3.97,640,2.06,3882,11_03_34_19_06_2025,-1.76,-1.77,-8.33,0.20,0.01,-0.04
-68428,7.46,-21716,3.92,639,2.06,3902,11_03_35_19_06_2025,-1.65,-1.70,-8.64,0.18,0.07,-0.01
-68936,7.50,-21631,3.91,639,2.06,3922,11_03_35_19_06_2025,-0.88,-2.03,-8.62,0.20,0.10,0.07
-69925,7.57,-21333,3.89,639,2.06,3945,11_03_35_19_06_2025,-0.79,-2.19,-9.29,0.34,0.03,0.02
-70755,7.63,-21126,3.87,640,2.06,3968,11_03_35_19_06_2025,-1.35,-2.20,-9.29,0.44,0.04,-0.02
-71228,7.67,-20974,3.86,640,2.06,3989,11_03_35_19_06_2025,-1.81,-2.53,-9.07,0.41,0.07,-0.03
-71702,7.70,-21260,3.88,640,2.06,4009,11_03_35_19_06_2025,-1.17,-2.97,-9.74,0.36,0.10,0.10
-73056,7.81,-21380,3.89,639,2.06,4029,11_03_35_19_06_2025,-0.73,-3.12,-9.66,0.33,0.03,0.09
-74815,7.94,-21547,3.91,640,2.06,4049,11_03_35_19_06_2025,-1.41,-3.16,-9.63,0.25,-0.03,-0.02
-74815,7.94,-22307,3.96,639,2.06,4072,11_03_35_19_06_2025,-1.61,-3.00,-9.58,0.15,0.05,-0.01
-76954,8.10,-22773,4.00,640,2.06,4092,11_03_35_19_06_2025,-0.95,-3.18,-9.85,0.02,0.15,0.08
-77446,8.14,-22844,4.00,639,2.06,4112,11_03_35_19_06_2025,-0.90,-3.08,-10.21,0.00,0.06,0.08
-77718,8.16,-23139,4.03,640,2.06,4133,11_03_35_19_06_2025,-0.91,-2.94,-10.01,-0.07,-0.02,0.02
-77735,8.16,-23061,4.02,640,2.06,4153,11_03_35_19_06_2025,-1.00,-2.40,-10.07,-0.14,-0.04,-0.09
-77185,8.12,-22879,4.01,639,2.06,4178,11_03_35_19_06_2025,-0.99,-2.06,-10.30,-0.17,-0.09,-0.18
-75685,8.01,-22363,3.97,639,2.06,4198,11_03_35_19_06_2025,-0.80,-1.78,-10.31,-0.23,-0.12,-0.15
-74242,7.90,-22730,3.99,640,2.06,4218,11_03_35_19_06_2025,-0.36,-1.62,-10.70,-0.24,-0.19,-0.20
-68864,7.49,-24945,4.16,640,2.06,4239,11_03_35_19_06_2025,-0.33,-1.38,-11.15,-0.24,-0.27,-0.28
-62675,7.02,-26438,4.28,640,2.06,4259,11_03_35_19_06_2025,0.47,-1.47,-12.19,-0.30,-0.40,-0.27
-59262,6.76,-27256,4.34,639,2.06,4279,11_03_35_19_06_2025,0.73,-1.63,-12.32,-0.39,-0.48,-0.14
-52468,6.25,-28750,4.45,640,2.06,4302,11_03_35_19_06_2025,-3.31,-1.71,-10.56,-0.30,-0.21,0.19
-46599,5.80,-30057,4.55,640,2.06,4323,11_03_35_19_06_2025,-3.13,-2.43,-8.65,-0.11,0.10,0.29
-44038,5.61,-31235,4.64,639,2.06,4343,11_03_35_19_06_2025,-1.50,-2.27,-8.02,-0.53,0.13,0.36
-40356,5.33,-32558,4.74,639,2.06,4363,11_03_35_19_06_2025,0.33,-3.02,-9.71,-1.43,-0.24,0.39
-37493,5.11,-32837,4.76,641,2.07,4384,11_03_35_19_06_2025,-0.70,-1.92,-10.61,-1.62,-0.30,0.36
-36701,5.05,-32934,4.77,640,2.06,4407,11_03_35_19_06_2025,-2.16,-2.07,-9.05,-1.35,-0.19,0.30
-36107,5.01,-32968,4.77,640,2.06,4427,11_03_35_19_06_2025,-2.76,-1.57,-7.77,-1.11,-0.08,0.16
-31876,4.69,-32582,4.74,640,2.06,4447,11_03_35_19_06_2025,-2.06,-0.73,-7.56,-1.16,-0.14,0.17
-31876,4.69,-32134,4.71,640,2.06,4467,11_03_35_19_06_2025,-1.54,-0.27,-7.67,-1.20,-0.34,0.15
-27522,4.36,-31774,4.68,639,2.06,4488,11_03_35_19_06_2025,-0.98,0.30,-8.38,-1.21,-0.56,0.04
-26514,4.28,-30037,4.55,639,2.06,4508,11_03_35_19_06_2025,-0.12,0.50,-9.98,-1.38,-0.55,0.53
-23687,4.07,-26174,4.26,640,2.06,4531,11_03_35_19_06_2025,-3.21,1.00,-8.04,-1.24,-0.46,0.89
-22640,3.99,-21681,3.92,640,2.06,4551,11_03_35_19_06_2025,-5.96,1.53,-5.55,-0.83,-0.45,0.86
-20098,3.80,-19152,3.72,639,2.06,4572,11_03_35_19_06_2025,-5.94,0.85,-4.41,-0.86,-0.88,0.78
-18024,3.64,-12627,3.23,640,2.06,4592,11_03_35_19_06_2025,-5.00,0.54,-5.00,-1.72,-1.32,1.01
-17333,3.59,-7702,2.86,640,2.06,4612,11_03_35_19_06_2025,-3.51,0.30,-6.20,-2.87,-1.87,1.37
-16701,3.54,-4839,2.64,640,2.06,4635,11_03_35_19_06_2025,-2.80,0.92,-8.18,-4.31,-2.78,1.56
-16595,3.53,-3589,2.54,640,2.06,4656,11_03_35_19_06_2025,-3.76,2.40,-8.93,-4.29,-3.26,1.15
-15570,3.45,-2797,2.48,639,2.06,4676,11_03_35_19_06_2025,-4.01,3.08,-9.71,-3.81,-3.53,0.43
-14786,3.39,-2957,2.50,640,2.06,4696,11_03_35_19_06_2025,-3.99,2.96,-10.41,-3.05,-3.52,-0.29
-13652,3.31,-3545,2.54,640,2.06,4717,11_03_35_19_06_2025,-4.41,3.32,-10.56,-1.52,-3.35,-1.16
-13288,3.28,-4561,2.62,639,2.06,4737,11_03_35_19_06_2025,-4.72,3.36,-10.07,-0.35,-3.13,-1.53
-12680,3.23,-4963,2.65,638,2.06,4762,11_03_35_19_06_2025,-6.34,3.27,-8.55,0.88,-2.47,-1.71
-12321,3.21,-6120,2.74,640,2.06,4782,11_03_35_19_06_2025,-7.44,3.52,-7.10,1.18,-1.91,-1.65
-11866,3.17,-6231,2.74,640,2.06,4802,11_03_35_19_06_2025,-8.32,3.63,-6.88,1.10,-1.68,-1.32
-11967,3.18,-6684,2.78,640,2.06,4822,11_03_35_19_06_2025,-8.61,3.24,-6.13,1.10,-1.59,-0.94
-12163,3.19,-7244,2.82,637,2.05,4842,11_03_35_19_06_2025,-9.49,2.83,-4.78,1.09,-1.43,-0.39
-12522,3.22,-7078,2.81,639,2.06,4865,11_03_35_19_06_2025,-9.80,2.59,-4.21,0.60,-1.06,-0.10
-12420,3.21,-6947,2.80,640,2.06,4886,11_03_35_19_06_2025,-10.04,2.24,-4.24,0.16,-0.81,0.12
-12918,3.25,-6225,2.74,640,2.06,4906,11_03_36_19_06_2025,-9.94,2.01,-4.48,-0.17,-0.55,0.16
-13211,3.27,-6273,2.75,639,2.06,4926,11_03_36_19_06_2025,-9.64,2.03,-4.68,-0.40,-0.40,0.11
-13632,3.31,-5705,2.70,640,2.06,4946,11_03_36_19_06_2025,-9.18,2.27,-4.81,-0.45,-0.28,0.08
-13899,3.33,-5332,2.68,640,2.06,4966,11_03_36_19_06_2025,-8.76,2.26,-4.57,-0.42,-0.23,0.10
-13474,3.29,-4087,2.58,640,2.06,4989,11_03_36_19_06_2025,-8.55,2.27,-3.85,-0.34,-0.22,0.04
-13387,3.29,-3149,2.51,639,2.06,5010,11_03_36_19_06_2025,-8.28,2.31,-3.63,-0.41,-0.25,-0.07
-12989,3.26,-2704,2.48,640,2.06,5030,11_03_36_19_06_2025,-8.22,2.38,-3.71,-0.49,-0.32,-0.18
-13253,3.28,-3071,2.51,639,2.06,5050,11_03_36_19_06_2025,-8.11,2.40,-3.94,-0.57,-0.38,-0.30
-13277,3.28,-3346,2.53,639,2.06,5071,11_03_36_19_06_2025,-8.05,2.43,-4.02,-0.58,-0.40,-0.43
-13428,3.29,-2984,2.50,639,2.06,5094,11_03_36_19_06_2025,-7.70,2.67,-4.27,-0.31,-0.41,-0.47
-13209,3.27,-3207,2.52,638,2.06,5114,11_03_36_19_06_2025,-7.71,2.99,-3.28,-0.05,-0.39,-0.39
-13314,3.28,-2625,2.47,640,2.06,5134,11_03_36_19_06_2025,-8.04,2.89,-3.27,-0.04,-0.40,-0.28
-13424,3.29,-2644,2.47,640,2.06,5155,11_03_36_19_06_2025,-8.31,2.69,-3.28,0.00,-0.41,-0.27
-13237,3.28,-2661,2.47,639,2.06,5175,11_03_36_19_06_2025,-8.68,2.71,-3.45,-0.08,-0.39,-0.25
-13028,3.26,-2246,2.44,640,2.06,5195,11_03_36_19_06_2025,-8.77,2.66,-3.45,-0.04,-0.34,-0.22
-12988,3.26,-2680,2.48,640,2.06,5219,11_03_36_19_06_2025,-9.22,2.56,-3.41,-0.09,-0.26,-0.14
-13012,3.26,-2928,2.49,640,2.06,5239,11_03_36_19_06_2025,-9.27,2.53,-3.48,-0.13,-0.22,-0.06
-13001,3.26,-1861,2.41,640,2.06,5259,11_03_36_19_06_2025,-9.19,2.52,-3.20,-0.15,-0.20,0.03
-12970,3.26,-2437,2.46,640,2.06,5285,11_03_36_19_06_2025,-9.19,2.52,-3.15,-0.13,-0.19,0.15
-12708,3.24,-3981,2.57,639,2.06,5305,11_03_36_19_06_2025,-9.01,2.62,-3.05,-0.05,-0.14,0.19
-12695,3.23,-3896,2.57,640,2.06,5328,11_03_36_19_06_2025,-8.99,2.68,-2.82,-0.04,-0.11,0.21
-12361,3.21,-3476,2.54,640,2.06,5349,11_03_36_19_06_2025,-8.91,2.70,-2.72,-0.05,-0.12,0.20
-12312,3.21,-3140,2.51,639,2.06,5370,11_03_36_19_06_2025,-8.60,2.88,-2.78,0.01,-0.15,0.16
-12685,3.23,-2587,2.47,639,2.06,5391,11_03_36_19_06_2025,-8.43,3.04,-2.61,0.09,-0.13,0.17
-12796,3.24,-1398,2.38,640,2.06,5411,11_03_36_19_06_2025,-8.41,3.04,-2.78,0.08,-0.10,0.20
-12887,3.25,-800,2.33,639,2.06,5431,11_03_36_19_06_2025,-8.31,2.91,-2.88,0.07,-0.09,0.17
-13045,3.26,-137,2.28,638,2.06,5454,11_03_36_19_06_2025,-8.31,2.99,-2.94,0.05,-0.09,0.05
-13238,3.28,-94,2.28,639,2.06,5475,11_03_36_19_06_2025,-8.11,2.99,-2.99,0.06,-0.09,-0.01
-13730,3.31,128,2.26,640,2.06,5495,11_03_36_19_06_2025,-8.35,3.07,-2.90,0.08,-0.08,-0.04
-13832,3.32,38,2.27,639,2.06,5515,11_03_36_19_06_2025,-8.42,3.01,-2.99,0.06,-0.12,-0.07
-13901,3.33,-60,2.28,639,2.06,5536,11_03_36_19_06_2025,-8.40,3.04,-2.90,0.13,-0.15,-0.08
-13729,3.31,195,2.26,639,2.06,5556,11_03_36_19_06_2025,-8.41,3.09,-2.85,0.14,-0.19,-0.05
-13501,3.30,11,2.27,639,2.06,5583,11_03_36_19_06_2025,-8.62,3.19,-2.82,0.20,-0.17,0.05
-13423,3.29,-781,2.33,640,2.06,5603,11_03_36_19_06_2025,-8.67,2.90,-2.82,0.16,-0.15,0.09
-12668,3.23,-1215,2.36,639,2.06,5623,11_03_36_19_06_2025,-8.56,2.78,-2.81,0.18,-0.10,-0.01
-12543,3.22,-1211,2.36,640,2.06,5643,11_03_36_19_06_2025,-8.61,2.96,-2.78,0.16,-0.08,-0.05
-12599,3.23,-1150,2.36,639,2.06,5664,11_03_36_19_06_2025,-8.66,2.96,-2.66,0.13,-0.08,-0.07
-12915,3.25,-1240,2.37,640,2.06,5687,11_03_36_19_06_2025,-8.96,3.03,-2.81,0.12,-0.03,-0.07
-12764,3.24,-1581,2.39,639,2.06,5712,11_03_36_19_06_2025,-8.93,3.15,-2.95,0.10,0.00,-0.04
-12654,3.23,-1518,2.39,640,2.06,5735,11_03_36_19_06_2025,-8.90,3.21,-3.08,0.03,0.04,0.05
-12448,3.22,-1133,2.36,639,2.06,5755,11_03_36_19_06_2025,-8.87,3.12,-3.05,-0.03,0.06,0.11
-12337,3.21,-513,2.31,640,2.06,5776,11_03_36_19_06_2025,-8.74,3.15,-2.95,-0.04,0.07,0.15
-12242,3.20,-428,2.31,639,2.06,5796,11_03_36_19_06_2025,-8.63,3.29,-2.98,0.01,0.11,0.23
-12586,3.23,-409,2.30,640,2.06,5819,11_03_36_19_06_2025,-8.50,3.17,-3.21,0.09,0.08,0.29
-12531,3.22,-595,2.32,639,2.06,5839,11_03_36_19_06_2025,-8.60,3.00,-2.86,0.22,0.04,0.23
-12117,3.19,-1297,2.37,640,2.06,5859,11_03_36_19_06_2025,-8.50,3.05,-2.81,0.15,-0.01,0.05
-11957,3.18,-1221,2.37,640,2.06,5879,11_03_36_19_06_2025,-8.57,3.13,-2.66,0.18,-0.05,-0.03
-11787,3.17,-988,2.35,640,2.06,5899,11_03_37_19_06_2025,-8.70,3.14,-2.70,0.09,-0.10,-0.07
-11909,3.17,-1161,2.36,639,2.06,5920,11_03_37_19_06_2025,-8.60,3.09,-2.89,0.11,-0.13,-0.10
-11822,3.17,-1065,2.35,639,2.06,5943,11_03_37_19_06_2025,-8.62,2.82,-3.08,0.05,-0.11,-0.12
-11757,3.16,-895,2.34,640,2.06,5966,11_03_37_19_06_2025,-8.65,2.78,-3.05,0.05,-0.07,-0.14
-11926,3.18,-256,2.29,640,2.06,5987,11_03_37_19_06_2025,-8.76,2.81,-2.90,0.05,-0.00,-0.14
-12069,3.19,-53,2.28,639,2.06,6008,11_03_37_19_06_2025,-8.88,2.80,-3.01,0.05,0.04,-0.14
-12069,3.19,310,2.25,639,2.06,6031,11_03_37_19_06_2025,-8.85,2.80,-3.06,0.05,0.07,-0.09
-12305,3.20,1214,2.18,639,2.06,6054,11_03_37_19_06_2025,-8.98,2.86,-2.89,0.06,0.07,-0.06
-12254,3.20,1573,2.15,638,2.06,6074,11_03_37_19_06_2025,-8.89,2.64,-3.09,0.05,0.02,-0.01
-12350,3.21,1558,2.15,639,2.06,6094,11_03_37_19_06_2025,-8.95,2.82,-2.84,0.13,-0.03,0.02
-12667,3.23,2114,2.11,640,2.06,6115,11_03_37_19_06_2025,-9.00,2.65,-2.87,0.20,-0.05,0.04
-12868,3.25,2440,2.09,640,2.06,6135,11_03_37_19_06_2025,-8.92,2.63,-3.07,0.28,0.03,0.00
-13266,3.28,2503,2.08,640,2.06,6155,11_03_37_19_06_2025,-8.97,2.69,-2.82,0.37,0.10,0.04
-12886,3.25,2096,2.11,639,2.06,6178,11_03_37_19_06_2025,-9.10,2.49,-2.45,0.44,0.29,-0.20
-12631,3.23,1537,2.16,640,2.06,6201,11_03_37_19_06_2025,-8.89,2.85,-2.68,0.46,0.40,-0.24
-12763,3.24,1123,2.19,640,2.06,6222,11_03_37_19_06_2025,-9.06,2.72,-2.50,0.89,0.70,-0.12
-12632,3.23,912,2.20,640,2.06,6242,11_03_37_19_06_2025,-9.13,2.26,-2.46,1.09,0.89,-0.01
-12635,3.23,937,2.20,640,2.06,6262,11_03_37_19_06_2025,-9.27,2.02,-2.22,1.14,1.08,0.09
-12653,3.23,999,2.20,640,2.06,6283,11_03_37_19_06_2025,-9.73,2.06,-2.02,1.19,1.38,0.09
-12629,3.23,1042,2.19,640,2.06,6306,11_03_37_19_06_2025,-9.23,1.80,-2.65,1.01,1.82,-0.01
-12496,3.22,891,2.21,640,2.06,6326,11_03_37_19_06_2025,-8.46,1.69,-3.33,0.66,2.03,0.06
-12317,3.21,212,2.26,640,2.06,6346,11_03_37_19_06_2025,-7.60,1.65,-4.19,0.37,2.27,0.21
-12465,3.22,-236,2.29,639,2.06,6366,11_03_37_19_06_2025,-6.76,1.20,-6.15,0.44,2.76,0.46
-12486,3.22,-1383,2.38,640,2.06,6387,11_03_37_19_06_2025,-6.33,1.44,-8.01,0.44,3.17,0.50
-12528,3.22,-3231,2.52,640,2.06,6410,11_03_37_19_06_2025,-5.41,2.05,-9.95,0.19,3.70,0.48
-12771,3.24,-4343,2.60,637,2.05,6430,11_03_37_19_06_2025,-3.14,2.82,-13.46,0.04,4.86,0.54
-14057,3.34,-6583,2.77,640,2.06,6450,11_03_37_19_06_2025,-2.23,2.70,-16.32,0.63,5.65,0.69
-15058,3.41,-10112,3.04,640,2.06,6471,11_03_37_19_06_2025,-4.88,4.62,-16.90,1.85,5.92,0.86
-15237,3.43,-15120,3.42,640,2.06,6491,11_03_37_19_06_2025,-7.40,6.33,-12.43,3.01,5.28,0.49
-15149,3.42,-17999,3.64,639,2.06,6511,11_03_37_19_06_2025,-5.62,2.33,-1.07,2.52,2.87,-0.12
-15146,3.42,-24576,4.13,637,2.05,6535,11_03_37_19_06_2025,-4.64,-0.19,2.90,1.60,1.08,-0.70
-15293,3.43,-30085,4.55,639,2.06,6555,11_03_37_19_06_2025,-2.18,0.17,2.39,0.14,-1.36,-1.87
-17630,3.61,-32962,4.77,638,2.06,6577,11_03_37_19_06_2025,-1.27,3.78,-2.24,0.33,-3.69,-1.89
-19760,3.77,-35051,4.93,640,2.06,6598,11_03_37_19_06_2025,-2.11,4.59,-5.94,0.57,-3.22,-0.73
-21128,3.87,-37975,5.15,640,2.06,6624,11_03_37_19_06_2025,-4.08,-1.21,-14.82,1.87,-0.93,1.14
-21957,3.94,-40493,5.34,640,2.06,6647,11_03_37_19_06_2025,-3.91,-4.38,-16.18,4.67,1.25,1.10
-22736,4.00,-41507,5.42,640,2.06,6670,11_03_37_19_06_2025,-5.61,-5.95,-13.12,4.97,2.03,0.56
-22965,4.01,-41235,5.40,639,2.06,6691,11_03_37_19_06_2025,-6.05,-8.83,-9.77,3.62,2.05,-0.31
-23811,4.08,-41545,5.42,639,2.06,6711,11_03_37_19_06_2025,-3.69,-7.29,-7.22,0.53,1.50,-1.50
-24614,4.14,-42209,5.47,639,2.06,6731,11_03_37_19_06_2025,-1.32,-4.82,-6.47,-1.37,0.84,-1.59
-25770,4.22,-39922,5.30,640,2.06,6751,11_03_37_19_06_2025,-0.87,-1.70,-5.54,-2.39,0.02,-1.17
-29648,4.52,-38637,5.20,640,2.06,6774,11_03_37_19_06_2025,-2.36,-0.64,-4.89,-2.43,-0.97,-0.59
-33296,4.80,-38444,5.19,640,2.06,6797,11_03_37_19_06_2025,-2.17,0.47,-9.89,-1.01,-1.08,-0.27
-35188,4.94,-40126,5.31,640,2.06,6818,11_03_37_19_06_2025,-3.40,0.43,-11.31,1.91,-0.35,0.27
-35776,4.98,-41371,5.41,638,2.06,6838,11_03_37_19_06_2025,-3.27,-3.76,-10.71,1.56,0.72,1.28
-35541,4.97,-43724,5.59,639,2.06,6858,11_03_37_19_06_2025,-2.16,-4.49,-12.00,1.37,1.02,1.24
-35701,4.98,-44926,5.68,640,2.06,6878,11_03_37_19_06_2025,-2.32,-5.72,-10.44,1.10,1.02,0.55
-35768,4.98,-45967,5.76,639,2.06,6901,11_03_38_19_06_2025,-2.12,-3.44,-8.45,-0.65,0.28,-0.59
-36709,5.05,-46329,5.78,637,2.05,6921,11_03_38_19_06_2025,-0.48,-1.49,-9.11,-0.76,-0.12,-0.92
-39466,5.26,-45899,5.75,640,2.06,6942,11_03_38_19_06_2025,-0.53,-0.55,-10.24,-0.49,-0.26,-0.63
-40914,5.37,-45307,5.71,640,2.06,6962,11_03_38_19_06_2025,-1.77,-1.50,-9.23,0.11,-0.28,-0.44
-43088,5.54,-45509,5.72,640,2.06,6982,11_03_38_19_06_2025,-2.30,-1.32,-9.92,0.59,-0.00,-0.12
-43214,5.55,-47358,5.86,640,2.06,7006,11_03_38_19_06_2025,-1.18,-0.88,-11.43,0.79,0.28,0.48
-42212,5.47,-50600,6.11,640,2.06,7026,11_03_38_19_06_2025,-0.39,-2.03,-10.60,0.72,0.32,0.79
-40331,5.33,-52513,6.25,638,2.06,7046,11_03_38_19_06_2025,-0.04,-3.09,-9.85,0.30,-0.01,0.06
-39259,5.25,-55668,6.49,640,2.06,7067,11_03_38_19_06_2025,-0.88,-2.36,-9.66,-0.05,-0.34,-0.67
-39513,5.27,-57303,6.61,640,2.06,7087,11_03_38_19_06_2025,-0.22,-2.89,-10.11,-0.20,-0.59,-1.16
-40328,5.33,-57864,6.66,639,2.06,7110,11_03_38_19_06_2025,-2.57,-1.62,-9.59,-0.49,-0.54,-1.14
-41212,5.39,-58289,6.69,634,2.05,7130,11_03_38_19_06_2025,-4.20,-0.46,-10.22,-0.49,-0.26,-0.57
-40270,5.32,-60082,6.82,640,2.06,7150,11_03_38_19_06_2025,-2.19,-1.87,-9.60,-0.31,0.01,0.11
-39173,5.24,-62449,7.00,640,2.06,7171,11_03_38_19_06_2025,-1.93,-1.81,-9.43,-0.34,0.10,0.51
-37271,5.10,-63764,7.10,639,2.06,7193,11_03_38_19_06_2025,-1.84,-2.11,-9.87,0.31,0.22,0.64
-36133,5.01,-64903,7.19,639,2.06,7213,11_03_38_19_06_2025,-3.59,-3.11,-8.15,0.80,0.04,0.25
-35856,4.99,-66385,7.30,639,2.06,7236,11_03_38_19_06_2025,-3.34,-4.10,-6.22,0.72,-0.41,-0.76
-35705,4.98,-66589,7.32,639,2.06,7256,11_03_38_19_06_2025,-2.33,-3.68,-9.47,-0.26,-0.45,-0.93
-37310,5.10,-66157,7.28,639,2.06,7277,11_03_38_19_06_2025,-2.48,-3.22,-10.27,-0.29,-0.13,-0.64
-37916,5.15,-66197,7.29,639,2.06,7297,11_03_38_19_06_2025,-2.93,-3.13,-9.41,-0.47,0.08,-0.00
-38470,5.19,-67398,7.38,639,2.06,7317,11_03_38_19_06_2025,-2.25,-3.49,-8.41,-0.41,0.22,0.48
-38313,5.18,-68846,7.49,640,2.06,7340,11_03_38_19_06_2025,-2.52,-3.35,-8.19,-0.25,0.18,0.60
-37857,5.14,-69007,7.50,640,2.06,7361,11_03_38_19_06_2025,-2.51,-3.74,-7.74,-0.15,0.19,0.30
-37787,5.14,-69658,7.55,640,2.06,7381,11_03_38_19_06_2025,-2.20,-3.37,-8.46,-0.17,0.15,-0.03
-39066,5.23,-69608,7.55,639,2.06,7401,11_03_38_19_06_2025,-2.28,-3.72,-8.64,-0.24,-0.15,-0.36
-40097,5.31,-69848,7.56,640,2.06,7421,11_03_38_19_06_2025,-2.10,-2.96,-8.99,-0.41,-0.24,-0.50
-41911,5.45,-69953,7.57,639,2.06,7442,11_03_38_19_06_2025,-2.28,-1.94,-9.48,-0.43,-0.05,-0.28
-43054,5.53,-70610,7.62,640,2.06,7465,11_03_38_19_06_2025,-2.33,-2.07,-9.59,-0.38,0.19,0.24
-43902,5.60,-71453,7.69,637,2.05,7485,11_03_38_19_06_2025,-1.98,-1.68,-9.05,-0.34,0.27,0.40
-44395,5.64,-71990,7.73,639,2.06,7506,11_03_38_19_06_2025,-1.55,-1.22,-8.98,-0.26,0.24,0.37
-45174,5.70,-72713,7.78,640,2.06,7526,11_03_38_19_06_2025,-1.50,-1.04,-8.75,-0.12,0.14,0.18
-46407,5.79,-73305,7.83,639,2.06,7546,11_03_38_19_06_2025,-1.36,-0.64,-9.15,-0.09,-0.08,-0.26
-47435,5.87,-74765,7.94,640,2.06,7569,11_03_38_19_06_2025,-1.84,-0.77,-9.11,0.03,-0.15,-0.41
-48951,5.98,-76089,8.04,639,2.06,7589,11_03_38_19_06_2025,-2.25,-0.66,-9.36,0.09,-0.16,-0.46
-50054,6.06,-77916,8.18,640,2.06,7609,11_03_38_19_06_2025,-2.29,-0.79,-9.91,0.15,0.02,-0.09
-50212,6.08,-78263,8.20,640,2.06,7629,11_03_38_19_06_2025,-2.10,-0.87,-9.77,0.27,0.15,0.17
-49141,6.00,-77796,8.17,640,2.06,7650,11_03_38_19_06_2025,-1.85,-1.51,-9.54,0.29,0.15,0.17
-48106,5.92,-77238,8.12,639,2.06,7670,11_03_38_19_06_2025,-1.91,-1.79,-9.35,0.19,0.03,-0.05
-47644,5.88,-77006,8.11,640,2.06,7693,11_03_38_19_06_2025,-2.09,-2.26,-9.00,0.23,-0.13,-0.27
-46959,5.83,-77207,8.12,640,2.06,7716,11_03_38_19_06_2025,-2.23,-2.14,-9.73,0.18,-0.26,-0.36
-46590,5.80,-78386,8.21,639,2.06,7736,11_03_38_19_06_2025,-2.43,-2.55,-9.40,0.21,-0.12,-0.07
-46398,5.79,-78390,8.21,640,2.06,7756,11_03_38_19_06_2025,-2.45,-2.66,-10.27,0.08,0.09,0.06
-46127,5.77,-77247,8.12,640,2.06,7777,11_03_38_19_06_2025,-2.36,-3.78,-8.44,0.00,0.19,0.18
-45573,5.73,-75580,8.00,639,2.06,7801,11_03_38_19_06_2025,-1.92,-2.55,-9.09,-0.31,0.15,0.03
-45308,5.71,-74501,7.92,639,2.06,7821,11_03_38_19_06_2025,-1.90,-3.19,-7.92,-0.37,0.14,0.07
-45033,5.68,-73947,7.87,638,2.06,7841,11_03_38_19_06_2025,-1.81,-3.24,-8.10,-0.49,0.01,-0.20
-45088,5.69,-73950,7.88,639,2.06,7862,11_03_38_19_06_2025,-2.31,-2.90,-8.59,-0.47,0.07,0.10
-44749,5.66,-74310,7.90,640,2.06,7882,11_03_38_19_06_2025,-1.96,-3.20,-9.14,-0.73,0.09,0.31
-44701,5.66,-74819,7.94,639,2.06,7902,11_03_39_19_06_2025,-2.07,-3.35,-9.25,-0.94,0.15,0.49
-44175,5.62,-74887,7.95,640,2.06,7925,11_03_39_19_06_2025,-1.83,-2.43,-8.43,-1.64,0.26,0.44
-43619,5.58,-76225,8.05,637,2.05,7946,11_03_39_19_06_2025,-1.39,-0.38,-8.35,-1.83,0.38,0.16
-43417,5.56,-76704,8.08,640,2.06,7966,11_03_39_19_06_2025,-1.01,0.76,-8.33,-1.70,0.35,0.03
-43655,5.58,-77496,8.14,639,2.06,7986,11_03_39_19_06_2025,-1.51,1.61,-8.75,-1.25,0.33,-0.01
-43885,5.60,-77851,8.17,639,2.06,8007,11_03_39_19_06_2025,-1.23,1.30,-8.78,-0.71,0.19,0.15
-43629,5.58,-77734,8.16,640,2.06,8030,11_03_39_19_06_2025,-1.57,0.76,-9.29,0.19,-0.04,0.22
-43264,5.55,-79567,8.30,640,2.06,8050,11_03_39_19_06_2025,-1.80,0.17,-9.78,0.65,-0.16,0.07
-43446,5.56,-80847,8.40,639,2.06,8070,11_03_39_19_06_2025,-1.83,-0.66,-10.68,0.87,-0.06,-0.13
-43230,5.55,-82732,8.54,639,2.06,8091,11_03_39_19_06_2025,-2.15,-1.53,-11.37,0.70,0.03,-0.12
-43253,5.55,-83370,8.59,640,2.06,8111,11_03_39_19_06_2025,-2.27,-1.86,-11.21,0.43,0.07,-0.05
-43576,5.57,-84591,8.68,639,2.06,8131,11_03_39_19_06_2025,-2.20,-1.56,-10.80,0.17,0.05,-0.04
-43812,5.59,-85906,8.78,639,2.06,8155,11_03_39_19_06_2025,-1.67,-1.14,-10.99,0.14,0.02,0.04
-44116,5.61,-86155,8.80,640,2.06,8175,11_03_39_19_06_2025,-1.55,-1.12,-10.64,0.17,-0.03,0.05
-44549,5.65,-86295,8.81,639,2.06,8195,11_03_39_19_06_2025,-1.54,-1.11,-9.96,0.17,-0.05,-0.01
-45383,5.71,-86438,8.82,637,2.05,8216,11_03_39_19_06_2025,-2.00,-1.03,-9.71,0.11,-0.10,-0.01
-45664,5.73,-86121,8.80,639,2.06,8236,11_03_39_19_06_2025,-1.58,-1.19,-9.75,0.05,-0.06,0.05
-46328,5.78,-84896,8.70,640,2.06,8259,11_03_39_19_06_2025,-1.58,-1.19,-9.12,0.04,-0.00,0.07
-47368,5.86,-84688,8.69,639,2.06,8279,11_03_39_19_06_2025,-1.77,-0.98,-8.66,0.08,0.00,-0.00
-47735,5.89,-85185,8.73,638,2.06,8299,11_03_39_19_06_2025,-1.98,-0.74,-8.73,0.03,-0.01,0.02
-48486,5.95,-85211,8.73,639,2.06,8320,11_03_39_19_06_2025,-1.36,-0.64,-9.05,0.02,0.02,0.09
-49601,6.03,-84959,8.71,640,2.06,8340,11_03_39_19_06_2025,-1.32,-0.69,-8.96,0.11,0.05,0.10
-50128,6.07,-84629,8.68,640,2.06,8360,11_03_39_19_06_2025,-1.50,-1.04,-9.06,0.22,0.02,-0.02
-50965,6.13,-84650,8.69,638,2.06,8385,11_03_39_19_06_2025,-1.81,-0.85,-9.61,0.11,-0.08,-0.04
-51299,6.16,-84757,8.69,639,2.06,8406,11_03_39_19_06_2025,-1.59,-1.02,-10.33,0.03,-0.05,-0.01
-51834,6.20,-85217,8.73,640,2.06,8426,11_03_39_19_06_2025,-1.54,-1.21,-10.74,-0.04,-0.04,-0.02
-52099,6.22,-85054,8.72,639,2.06,8449,11_03_39_19_06_2025,-1.85,-0.90,-10.53,-0.12,-0.07,-0.06
-52342,6.24,-84167,8.65,640,2.06,8470,11_03_39_19_06_2025,-1.84,-0.64,-10.64,-0.21,-0.10,-0.06
-52529,6.25,-84369,8.66,640,2.06,8493,11_03_39_19_06_2025,-1.86,-0.65,-10.35,-0.20,-0.08,-0.02
-52471,6.25,-84302,8.66,640,2.06,8513,11_03_39_19_06_2025,-1.61,-0.63,-9.82,-0.12,-0.08,-0.03
-52701,6.27,-84334,8.66,640,2.06,8533,11_03_39_19_06_2025,-1.77,-0.56,-9.63,0.04,-0.17,-0.11
-52822,6.27,-83931,8.63,640,2.06,8553,11_03_39_19_06_2025,-1.68,-0.46,-9.66,0.01,-0.20,-0.10
-52701,6.27,-83173,8.57,640,2.06,8574,11_03_39_19_06_2025,-1.68,-0.63,-9.66,-0.01,-0.17,-0.08
-52491,6.25,-81910,8.48,639,2.06,8604,11_03_39_19_06_2025,-1.72,-0.80,-9.17,-0.12,-0.14,-0.07
-52464,6.25,-80628,8.38,639,2.06,8627,11_03_39_19_06_2025,-1.73,-0.43,-8.90,-0.27,-0.10,-0.12
-51924,6.21,-79076,8.26,640,2.06,8652,11_03_39_19_06_2025,-1.22,0.07,-9.08,-0.29,-0.09,-0.12
-51616,6.18,-76301,8.05,639,2.06,8677,11_03_39_19_06_2025,-1.16,0.03,-8.83,-0.24,-0.11,-0.19
-50788,6.12,-73807,7.86,640,2.06,8702,11_03_39_19_06_2025,-1.72,0.42,-8.46,-0.18,-0.13,-0.29
-49784,6.04,-71328,7.68,639,2.06,8727,11_03_39_19_06_2025,-1.59,0.78,-9.01,0.00,-0.09,-0.26
-48762,5.97,-68240,7.44,639,2.06,8755,11_03_39_19_06_2025,-1.06,0.63,-10.02,0.22,-0.20,-0.30
-47513,5.87,-64946,7.19,640,2.06,8778,11_03_39_19_06_2025,-1.26,0.57,-10.76,0.27,-0.33,-0.48
-45568,5.72,-61201,6.91,639,2.06,8803,11_03_39_19_06_2025,-1.28,0.15,-11.10,0.18,-0.39,-0.52
-43781,5.59,-56266,6.54,639,2.06,8829,11_03_39_19_06_2025,-2.52,0.04,-9.91,-0.06,-0.41,-0.33
-42291,5.48,-53936,6.36,640,2.06,8854,11_03_39_19_06_2025,-2.32,0.76,-8.75,-0.06,-0.36,-0.02
-38967,5.22,-52204,6.23,640,2.06,8882,11_03_39_19_06_2025,-1.65,0.68,-10.04,0.48,-0.29,0.18
-38062,5.16,-51170,6.15,639,2.06,8904,11_03_40_19_06_2025,-3.49,-0.42,-9.60,0.92,-0.11,0.32
-36460,5.03,-50222,6.08,640,2.06,8930,11_03_40_19_06_2025,-3.24,-1.73,-9.02,1.06,0.08,0.22
-36460,5.03,-49727,6.04,640,2.06,8955,11_03_40_19_06_2025,-2.62,-2.08,-8.46,0.38,-0.09,-0.19
-31356,4.65,-49143,6.00,640,2.06,8980,11_03_40_19_06_2025,-0.28,-1.06,-10.58,-0.76,-0.66,-0.12
-29838,4.53,-48798,5.97,640,2.06,9006,11_03_40_19_06_2025,-2.38,-1.18,-11.43,-1.34,-0.80,0.37
-27946,4.39,-48183,5.92,640,2.06,9034,11_03_40_19_06_2025,-3.82,0.06,-10.45,-0.73,-0.25,0.41
-25835,4.23,-46602,5.80,639,2.06,9058,11_03_40_19_06_2025,-2.84,0.05,-9.47,-0.71,-0.17,0.41
-23872,4.08,-45027,5.68,639,2.06,9080,11_03_40_19_06_2025,-1.39,-0.34,-9.64,-1.41,-0.37,0.67
-23136,4.03,-43189,5.54,640,2.06,9103,11_03_40_19_06_2025,-5.90,0.47,-7.96,-1.52,-0.19,1.01
-21010,3.86,-40664,5.35,640,2.06,9125,11_03_40_19_06_2025,-7.29,1.05,-6.43,-0.95,0.21,0.55
-18710,3.69,-37823,5.14,639,2.06,9150,11_03_40_19_06_2025,-4.41,0.55,-6.53,-1.17,0.03,0.24
-16823,3.55,-35879,4.99,639,2.06,9173,11_03_40_19_06_2025,-2.45,0.69,-7.46,-1.42,-0.33,0.22
-15724,3.46,-32075,4.70,639,2.06,9195,11_03_40_19_06_2025,-2.18,1.10,-8.40,-1.81,-0.82,0.36
-13962,3.33,-26522,4.28,640,2.06,9218,11_03_40_19_06_2025,-3.72,1.78,-7.86,-1.82,-1.06,0.51
-12728,3.24,-19912,3.78,640,2.06,9240,11_03_40_19_06_2025,-5.21,1.91,-6.17,-2.08,-1.36,0.78
-11238,3.12,-12593,3.23,640,2.06,9265,11_03_40_19_06_2025,-6.10,2.04,-4.49,-2.38,-1.59,1.00
-10645,3.08,-4476,2.61,639,2.06,9293,11_03_40_19_06_2025,-5.43,1.86,-3.63,-2.74,-1.79,1.26
-10126,3.04,-3192,2.51,640,2.06,9316,11_03_40_19_06_2025,-4.12,2.04,-4.04,-3.21,-1.82,1.16
-9742,3.01,-740,2.33,639,2.06,9341,11_03_40_19_06_2025,-3.86,2.85,-5.13,-2.86,-1.83,0.64
-9574,3.00,-527,2.31,640,2.06,9366,11_03_40_19_06_2025,-3.84,4.11,-5.64,-2.24,-1.98,-0.17
-8937,2.95,-118,2.28,637,2.05,9392,11_03_40_19_06_2025,-2.38,5.51,-7.81,-1.11,-2.47,-0.94
-9167,2.97,-564,2.32,639,2.06,9420,11_03_40_19_06_2025,-1.47,3.99,-8.23,1.75,-3.59,-1.16
-9085,2.96,-930,2.34,640,2.06,9442,11_03_40_19_06_2025,-5.77,4.14,-5.62,1.82,-3.50,-1.36
-9382,2.98,-930,2.34,639,2.06,9467,11_03_40_19_06_2025,-6.53,4.26,-6.55,0.59,-2.86,-1.59
-9296,2.98,-2612,2.47,640,2.06,9493,11_03_40_19_06_2025,-6.77,4.04,-5.91,0.53,-2.44,-1.48
-9309,2.98,-2922,2.49,639,2.06,9518,11_03_40_19_06_2025,-7.99,4.09,-5.69,0.60,-2.01,-1.17
-9304,2.98,-2674,2.48,638,2.06,9543,11_03_40_19_06_2025,-8.97,2.77,-4.29,0.54,-1.93,-0.60
-9190,2.97,-2219,2.44,640,2.06,9571,11_03_40_19_06_2025,-9.49,3.04,-3.77,0.76,-1.84,-0.12
-9187,2.97,-1772,2.41,639,2.06,9594,11_03_40_19_06_2025,-8.55,3.10,-2.66,1.16,-1.46,0.58
-9182,2.97,-954,2.35,639,2.06,9619,11_03_40_19_06_2025,-9.32,2.53,-3.75,0.88,-1.38,0.92
-8783,2.94,-877,2.34,639,2.06,9644,11_03_40_19_06_2025,-8.80,2.42,-3.39,1.46,-1.23,1.30
-8805,2.94,-525,2.31,640,2.06,9669,11_03_40_19_06_2025,-8.56,3.10,-1.94,1.86,-0.78,1.12
-9026,2.96,-311,2.30,640,2.06,9694,11_03_40_19_06_2025,-8.43,3.32,-1.89,1.58,-0.53,0.84
-8906,2.95,-279,2.29,639,2.06,9722,11_03_40_19_06_2025,-8.24,2.80,-2.62,1.41,-0.36,0.51
-9120,2.96,-178,2.29,639,2.06,9745,11_03_40_19_06_2025,-8.17,2.45,-2.97,1.12,-0.30,0.35
-9378,2.98,-202,2.29,639,2.06,9772,11_03_40_19_06_2025,-8.63,2.91,-3.16,0.82,-0.16,0.03
-9429,2.99,-248,2.29,640,2.06,9794,11_03_40_19_06_2025,-8.91,2.65,-3.34,0.55,0.03,-0.23
-9514,2.99,-402,2.30,639,2.06,9817,11_03_40_19_06_2025,-9.58,2.19,-3.18,0.46,0.04,-0.37
-9573,3.00,-440,2.31,637,2.05,9839,11_03_40_19_06_2025,-9.86,2.88,-3.03,0.27,0.17,-0.38
-9505,2.99,-409,2.30,637,2.05,9864,11_03_40_19_06_2025,-9.06,3.61,-3.12,0.26,0.40,-0.38
-9540,3.00,-569,2.32,640,2.06,9886,11_03_40_19_06_2025,-8.77,3.35,-4.20,0.64,0.70,-0.30
-9622,3.00,-648,2.32,639,2.06,9909,11_03_41_19_06_2025,-8.77,3.24,-4.07,0.83,0.84,-0.17
-9713,3.01,-269,2.29,639,2.06,9931,11_03_41_19_06_2025,-9.21,3.21,-3.24,0.85,0.96,0.07
-9965,3.03,-228,2.29,640,2.06,9953,11_03_41_19_06_2025,-8.74,3.77,-3.16,0.88,1.10,0.12
-9974,3.03,-286,2.29,640,2.06,9979,11_03_41_19_06_2025,-8.54,3.82,-4.47,1.18,1.28,0.35
-10151,3.04,-31,2.28,640,2.06,10001,11_03_41_19_06_2025,-7.64,3.65,-4.33,2.06,1.13,0.45
-10279,3.05,220,2.26,640,2.06,10023,11_03_41_19_06_2025,-7.19,2.85,-2.97,2.88,0.67,0.43
-10168,3.04,310,2.25,639,2.06,10046,11_03_41_19_06_2025,-7.49,2.21,-2.29,2.85,0.51,0.25
-10441,3.06,663,2.22,637,2.05,10068,11_03_41_19_06_2025,-9.12,2.08,-2.52,2.47,0.41,-0.36
-10392,3.06,610,2.23,639,2.06,10091,11_03_41_19_06_2025,-10.03,1.14,-3.98,2.66,0.22,-0.95
-10464,3.07,1035,2.19,638,2.06,10116,11_03_41_19_06_2025,-8.13,-0.11,-4.20,3.23,-0.23,-1.26
-10679,3.08,1112,2.19,639,2.06,10138,11_03_41_19_06_2025,-7.80,-0.55,-3.05,2.55,-0.40,-1.02
-10923,3.10,1016,2.20,639,2.06,10161,11_03_41_19_06_2025,-9.32,-0.16,-2.82,2.04,-0.38,-1.05
-10987,3.11,986,2.20,639,2.06,10183,11_03_41_19_06_2025,-9.84,-0.95,-3.94,1.70,-0.41,-1.08
-11297,3.13,1144,2.19,640,2.06,10205,11_03_41_19_06_2025,-8.78,-1.38,-3.98,1.55,-0.54,-0.76
-11429,3.14,645,2.22,640,2.06,10228,11_03_41_19_06_2025,-8.42,-0.84,-3.50,1.44,-0.67,-0.32
-11206,3.12,366,2.24,639,2.06,10253,11_03_41_19_06_2025,-9.35,-1.01,-3.00,1.38,-0.73,-0.23
-10973,3.10,183,2.26,640,2.06,10275,11_03_41_19_06_2025,-10.29,-0.55,-3.74,2.13,-0.97,-0.40
-10795,3.09,-10,2.27,638,2.06,10298,11_03_41_19_06_2025,-9.60,-1.93,-3.86,2.54,-1.13,-0.27
-10670,3.08,195,2.26,640,2.06,10320,11_03_41_19_06_2025,-10.20,-1.39,-4.30,3.09,-1.28,0.37
-10426,3.06,293,2.25,639,2.06,10343,11_03_41_19_06_2025,-10.15,-1.84,-3.32,3.92,-1.41,0.46
-10256,3.05,390,2.24,637,2.05,10368,11_03_41_19_06_2025,-9.52,-1.79,-2.23,3.99,-1.27,0.85
-10610,3.08,742,2.22,639,2.06,10393,11_03_41_19_06_2025,-9.87,-1.68,-0.31,4.90,-1.27,0.32
-10470,3.07,280,2.25,640,2.06,10420,11_03_41_19_06_2025,-11.43,-2.83,-1.03,5.67,-1.12,-0.19
-10674,3.08,-41,2.28,639,2.06,10443,11_03_41_19_06_2025,-14.29,-7.65,4.22,3.41,-0.45,0.34
-10385,3.06,-479,2.31,638,2.06,10471,11_03_41_19_06_2025,-21.14,-1.98,-2.57,0.16,1.02,-0.83
-10630,3.08,-1060,2.35,637,2.05,10493,11_03_41_19_06_2025,-9.15,-3.10,-0.67,2.26,0.77,-2.12
-10726,3.09,-1956,2.42,639,2.06,10521,11_03_41_19_06_2025,-8.23,-6.23,-0.35,1.73,0.46,-1.78
-10470,3.07,-2138,2.43,639,2.06,10544,11_03_41_19_06_2025,-7.39,-5.94,-0.38,0.83,0.48,-1.39
-10321,3.05,-2233,2.44,640,2.06,10569,11_03_41_19_06_2025,-8.10,-4.64,-0.64,-0.24,0.71,-0.89
-9991,3.03,-2260,2.44,639,2.06,10594,11_03_41_19_06_2025,-7.98,-2.85,-0.97,-1.58,0.81,-1.08
-9518,2.99,-2372,2.45,638,2.06,10619,11_03_41_19_06_2025,-8.14,-4.21,-1.38,-2.44,1.18,-1.32
-9482,2.99,-2043,2.43,639,2.06,10647,11_03_41_19_06_2025,-7.80,-4.89,-2.47,-1.75,1.45,-1.85
-9365,2.98,-2076,2.43,639,2.06,10670,11_03_41_19_06_2025,-6.17,-7.42,-4.07,-1.25,1.50,-1.46
-9315,2.98,-2061,2.43,640,2.06,10695,11_03_41_19_06_2025,-7.23,-6.40,-3.42,-0.82,1.54,-1.23
-9193,2.97,-1860,2.41,640,2.06,10720,11_03_41_19_06_2025,-6.15,-5.61,-4.00,-0.75,1.56,-1.29
-9240,2.97,-1614,2.39,639,2.06,10746,11_03_41_19_06_2025,-4.98,-5.38,-4.13,-0.91,1.93,-1.69
-8788,2.94,-1518,2.39,641,2.07,10771,11_03_41_19_06_2025,-4.94,-3.89,-3.54,-1.36,2.00,-2.29
-8859,2.94,-1526,2.39,639,2.06,10799,11_03_41_19_06_2025,-3.60,-5.63,-3.66,-2.45,2.66,-2.37
-8909,2.95,-1129,2.36,639,2.06,10821,11_03_41_19_06_2025,-3.24,-6.40,-3.39,-4.01,3.32,-1.81
-9079,2.96,-1057,2.35,639,2.06,10847,11_03_41_19_06_2025,-2.95,-7.22,-5.67,-5.19,3.75,-0.37
-9170,2.97,-922,2.34,640,2.06,10872,11_03_41_19_06_2025,-2.60,-4.34,-9.86,-5.32,3.08,0.50
-9316,2.98,-856,2.34,639,2.06,10897,11_03_42_19_06_2025,-2.12,-1.56,-11.37,-5.37,2.42,0.80
-9456,2.99,-1109,2.36,640,2.06,10925,11_03_42_19_06_2025,-3.20,1.07,-13.21,-5.52,1.20,0.42
-9282,2.98,-1657,2.40,640,2.06,10947,11_03_42_19_06_2025,-0.04,4.07,-27.79,-3.41,-0.44,-1.11
-9389,2.98,-1900,2.42,639,2.06,10973,11_03_42_19_06_2025,-2.43,-1.56,-11.33,-0.65,-0.17,-1.63
-9549,3.00,-2189,2.44,638,2.06,10998,11_03_42_19_06_2025,-2.17,-0.75,-9.47,-0.64,-0.16,-1.58
-9644,3.00,-2077,2.43,639,2.06,11023,11_03_42_19_06_2025,-2.24,-0.73,-10.03,-0.30,0.02,-1.56
-9814,3.02,-2211,2.44,639,2.06,11049,11_03_42_19_06_2025,-1.82,-1.37,-9.79,-0.04,0.09,-1.08
-9772,3.01,-1720,2.40,640,2.06,11077,11_03_42_19_06_2025,-1.87,-0.55,-9.82,-0.11,-0.02,-0.43
-9686,3.01,-1674,2.40,640,2.06,11099,11_03_42_19_06_2025,-2.23,0.11,-9.48,-0.07,-0.03,0.03
-9889,3.02,-1847,2.41,639,2.06,11125,11_03_42_19_06_2025,-2.19,0.03,-9.36,-0.01,-0.01,0.00
-9818,3.02,-1726,2.40,637,2.05,11151,11_03_42_19_06_2025,-2.09,-0.14,-9.46,0.09,0.04,-0.02
-10358,3.06,-1881,2.42,639,2.06,11173,11_03_42_19_06_2025,-2.08,-0.16,-9.45,0.09,0.04,-0.02
-10167,3.04,-1965,2.42,640,2.06,11198,11_03_42_19_06_2025,-2.04,-0.24,-9.49,0.07,0.03,-0.02
-10355,3.06,-1795,2.41,639,2.06,11221,11_03_42_19_06_2025,-2.04,-0.25,-9.50,0.02,0.00,-0.00
-10572,3.07,-1549,2.39,639,2.06,11243,11_03_42_19_06_2025,-2.07,-0.17,-9.47,-0.00,-0.01,0.00
-10580,3.07,-1675,2.40,640,2.06,11265,11_03_42_19_06_2025,-2.06,-0.20,-9.47,0.01,-0.00,-0.00
-10471,3.07,-1387,2.38,640,2.06,11290,11_03_42_19_06_2025,-2.07,-0.19,-9.47,0.00,-0.00,-0.00
-10525,3.07,-1692,2.40,637,2.05,11316,11_03_42_19_06_2025,-2.07,-0.19,-9.47,0.00,-0.01,-0.00
-10601,3.08,-1136,2.36,640,2.06,11343,11_03_42_19_06_2025,-2.06,-0.20,-9.47,0.00,-0.00,0.00
-10585,3.07,-1220,2.37,639,2.06,11366,11_03_42_19_06_2025,-2.07,-0.19,-9.48,-0.00,-0.01,0.00
-10418,3.06,-1015,2.35,640,2.06,11391,11_03_42_19_06_2025,-2.06,-0.19,-9.47,-0.01,-0.01,0.00
-10423,3.06,-1025,2.35,639,2.06,11416,11_03_42_19_06_2025,-2.07,-0.16,-9.47,-0.01,-0.01,0.00
-10680,3.08,-1415,2.38,639,2.06,11441,11_03_42_19_06_2025,-2.06,-0.19,-9.48,-0.00,-0.01,0.00
-10326,3.06,-1129,2.36,640,2.06,11469,11_03_42_19_06_2025,-2.08,-0.16,-9.48,0.01,-0.00,-0.00
-9802,3.02,-617,2.32,639,2.06,11491,11_03_42_19_06_2025,-2.05,-0.20,-9.48,-0.01,-0.01,0.00
-9174,2.97,-824,2.34,640,2.06,11516,11_03_42_19_06_2025,-2.08,-0.16,-9.45,-0.00,-0.01,0.00
-8444,2.91,-1020,2.35,639,2.06,11541,11_03_42_19_06_2025,-2.07,-0.18,-9.45,0.02,0.00,-0.00
-8031,2.88,-968,2.35,640,2.06,11566,11_03_42_19_06_2025,-2.08,-0.17,-9.46,0.02,0.00,-0.00
-7433,2.84,-1235,2.37,640,2.06,11592,11_03_42_19_06_2025,-2.06,-0.18,-9.47,0.01,-0.00,-0.00
-6797,2.79,-794,2.33,639,2.06,11620,11_03_42_19_06_2025,-2.07,-0.18,-9.46,0.03,0.01,-0.01
-6402,2.76,-866,2.34,639,2.06,11642,11_03_42_19_06_2025,-2.07,-0.19,-9.47,0.03,0.01,-0.01
-6609,2.77,-344,2.30,637,2.05,11667,11_03_42_19_06_2025,-2.05,-0.20,-9.47,0.04,0.02,-0.01
-7308,2.83,674,2.22,640,2.06,11692,11_03_42_19_06_2025,-2.04,-0.24,-9.47,0.04,0.01,-0.01
-7537,2.84,811,2.21,639,2.06,11718,11_03_42_19_06_2025,-2.05,-0.23,-9.47,0.03,0.01,-0.01
-7631,2.85,1096,2.19,639,2.06,11746,11_03_42_19_06_2025,-2.05,-0.25,-9.48,0.02,0.00,-0.00
-8929,2.95,1349,2.17,639,2.06,11768,11_03_42_19_06_2025,-2.04,-0.24,-9.47,0.01,-0.00,-0.00
-9730,3.01,1527,2.16,639,2.06,11793,11_03_42_19_06_2025,-2.03,-0.25,-9.47,0.00,-0.00,0.00
-10830,3.09,1931,2.13,639,2.06,11818,11_03_42_19_06_2025,-2.03,-0.27,-9.47,-0.03,-0.02,0.01
-11435,3.14,2310,2.10,637,2.05,11843,11_03_42_19_06_2025,-2.08,-0.20,-9.46,-0.05,-0.03,0.01
-11933,3.18,2516,2.08,640,2.06,11869,11_03_42_19_06_2025,-2.04,-0.24,-9.57,-0.04,-0.02,0.01
-12403,3.21,2464,2.09,640,2.06,11897,11_03_43_19_06_2025,-2.12,-0.10,-9.46,-0.04,-0.03,0.01
-12614,3.23,2302,2.10,639,2.06,11920,11_03_43_19_06_2025,-2.10,-0.12,-9.44,0.01,-0.00,-0.00
-13269,3.28,2095,2.11,639,2.06,11945,11_03_43_19_06_2025,-2.07,-0.17,-9.46,0.03,0.01,-0.01
-12997,3.26,1310,2.17,640,2.06,11970,11_03_43_19_06_2025,-2.03,-0.27,-9.49,0.02,0.00,-0.00
-12936,3.25,681,2.22,639,2.06,11995,11_03_43_19_06_2025,-2.06,-0.20,-9.47,-0.02,-0.01,0.00
-12600,3.23,1035,2.19,640,2.06,12023,11_03_43_19_06_2025,-2.08,-0.19,-9.48,0.01,0.00,-0.00
-12609,3.23,2383,2.09,637,2.05,12045,11_03_43_19_06_2025,-2.07,-0.18,-9.46,0.02,-0.00,-0.00
-13180,3.27,2800,2.06,639,2.06,12070,11_03_43_19_06_2025,-2.08,-0.17,-9.45,0.04,0.01,-0.01
-12995,3.26,2800,2.06,640,2.06,12095,11_03_43_19_06_2025,-2.06,-0.22,-9.46,0.05,0.02,-0.01
-12745,3.24,2637,2.07,637,2.05,12121,11_03_43_19_06_2025,-2.04,-0.25,-9.47,0.05,0.02,-0.01
-12311,3.21,2277,2.10,639,2.06,12146,11_03_43_19_06_2025,-2.03,-0.27,-9.47,0.01,-0.00,-0.00
-12682,3.23,2788,2.06,639,2.06,12174,11_03_43_19_06_2025,-2.07,-0.18,-9.47,0.01,-0.00,-0.00
-12745,3.24,2914,2.05,639,2.06,12196,11_03_43_19_06_2025,-2.06,-0.21,-9.46,0.03,0.01,-0.01
-12896,3.25,2383,2.09,639,2.06,12221,11_03_43_19_06_2025,-2.07,-0.20,-9.47,0.05,0.02,-0.01
-13566,3.30,317,2.25,639,2.06,12247,11_03_43_19_06_2025,-2.07,-0.18,-9.49,0.11,0.04,-0.03
-14738,3.39,-1937,2.42,640,2.06,12272,11_03_43_19_06_2025,-1.90,-0.55,-9.51,0.08,0.03,-0.02
-14468,3.37,-193,2.29,640,2.06,12297,11_03_43_19_06_2025,-2.02,-0.30,-9.47,0.03,0.00,-0.00
-14316,3.36,266,2.25,640,2.06,12325,11_03_43_19_06_2025,-2.02,-0.31,-9.47,0.00,-0.00,-0.00
-16164,3.50,-1059,2.35,639,2.06,12347,11_03_43_19_06_2025,-2.01,-0.30,-9.50,-0.00,-0.01,0.00
-16480,3.52,-696,2.33,638,2.06,12372,11_03_43_19_06_2025,-2.01,-0.33,-9.49,-0.03,-0.02,0.01
-16244,3.50,-153,2.28,639,2.06,12398,11_03_43_19_06_2025,-2.03,-0.26,-9.48,-0.05,-0.03,0.01
-15669,3.46,1128,2.19,640,2.06,12423,11_03_43_19_06_2025,-2.08,-0.13,-9.49,0.02,0.00,-0.00
-15892,3.48,740,2.22,639,2.06,12451,11_03_43_19_06_2025,-1.99,-0.37,-9.50,0.08,0.03,-0.02
-15356,3.44,961,2.20,637,2.05,12473,11_03_43_19_06_2025,-2.02,-0.30,-9.48,0.01,-0.00,-0.00
-15078,3.41,1318,2.17,640,2.06,12498,11_03_43_19_06_2025,-2.02,-0.31,-9.49,0.02,0.00,-0.00
-14686,3.39,1321,2.17,640,2.06,12523,11_03_43_19_06_2025,-2.02,-0.31,-9.48,0.02,0.00,-0.00
-15217,3.43,824,2.21,639,2.06,12548,11_03_43_19_06_2025,-2.02,-0.30,-9.48,0.01,-0.00,0.00
-15156,3.42,572,2.23,639,2.06,12574,11_03_43_19_06_2025,-2.02,-0.29,-9.48,0.00,-0.00,-0.00
-15341,3.43,372,2.24,639,2.06,12603,11_03_43_19_06_2025,-2.02,-0.29,-9.48,0.00,-0.00,0.00
-15653,3.46,253,2.25,639,2.06,12625,11_03_43_19_06_2025,-2.01,-0.29,-9.48,0.00,-0.00,0.00
-15275,3.43,770,2.21,640,2.06,12647,11_03_43_19_06_2025,-2.01,-0.30,-9.49,0.01,-0.00,-0.00
-15019,3.41,1299,2.17,640,2.06,12669,11_03_43_19_06_2025,-2.02,-0.30,-9.48,0.00,-0.00,0.00
-15287,3.43,1145,2.19,639,2.06,12694,11_03_43_19_06_2025,-2.02,-0.30,-9.49,0.00,-0.00,0.00
-14465,3.37,1698,2.14,640,2.06,12722,11_03_43_19_06_2025,-2.02,-0.23,-9.55,-0.01,-0.00,-0.00
-14084,3.34,1915,2.13,639,2.06,12745,11_03_43_19_06_2025,-2.01,-0.32,-9.45,0.00,-0.01,0.00
-14938,3.40,-256,2.29,640,2.06,12770,11_03_43_19_06_2025,-2.03,-0.29,-9.47,0.00,-0.00,0.00
-14938,3.40,1160,2.18,639,2.06,12795,11_03_43_19_06_2025,-2.00,-0.30,-9.48,0.01,-0.00,-0.00
-14640,3.38,777,2.21,639,2.06,12820,11_03_43_19_06_2025,-2.01,-0.31,-9.48,0.01,-0.00,-0.00
-14778,3.39,917,2.20,640,2.06,12845,11_03_43_19_06_2025,-2.02,-0.30,-9.48,0.01,-0.00,-0.00
-14584,3.38,1230,2.18,639,2.06,12873,11_03_43_19_06_2025,-2.01,-0.30,-9.48,0.00,-0.00,0.00
-14769,3.39,1192,2.18,639,2.06,12895,11_03_44_19_06_2025,-2.02,-0.30,-9.48,0.01,-0.00,-0.00
-14788,3.39,756,2.22,639,2.06,12920,11_03_44_19_06_2025,-2.01,-0.31,-9.48,0.01,-0.00,-0.00
-14645,3.38,953,2.20,639,2.06,12946,11_03_44_19_06_2025,-2.03,-0.30,-9.48,0.00,-0.00,-0.00
-14712,3.39,969,2.20,637,2.05,12971,11_03_44_19_06_2025,-2.02,-0.25,-9.51,0.00,-0.00,0.00
-15144,3.42,812,2.21,639,2.06,12998,11_03_44_19_06_2025,-1.99,-0.39,-9.44,0.01,-0.00,-0.00
-14918,3.40,651,2.22,639,2.06,13021,11_03_44_19_06_2025,-2.02,-0.28,-9.49,0.00,-0.00,-0.00
-15083,3.42,775,2.21,640,2.06,13046,11_03_44_19_06_2025,-2.01,-0.31,-9.48,-0.00,-0.01,0.00
-15245,3.43,952,2.20,639,2.06,13071,11_03_44_19_06_2025,-2.02,-0.29,-9.49,0.00,-0.00,-0.00
-14692,3.39,1201,2.18,639,2.06,13096,11_03_44_19_06_2025,-2.02,-0.29,-9.47,0.00,-0.00,-0.00
-14995,3.41,1067,2.19,640,2.06,13121,11_03_44_19_06_2025,-2.02,-0.28,-9.47,-0.00,-0.01,0.00
-15005,3.41,858,2.21,639,2.06,13149,11_03_44_19_06_2025,-2.02,-0.27,-9.47,0.00,-0.00,0.00
-15051,3.41,659,2.22,640,2.06,13171,11_03_44_19_06_2025,-2.02,-0.30,-9.47,0.01,-0.00,-0.00
-13979,3.33,1601,2.15,639,2.06,13196,11_03_44_19_06_2025,-2.02,-0.29,-9.48,-0.00,-0.01,0.00
-13800,3.32,1275,2.18,639,2.06,13221,11_03_44_19_06_2025,-2.02,-0.29,-9.47,0.00,-0.00,-0.00
-14460,3.37,764,2.21,640,2.06,13246,11_03_44_19_06_2025,-2.02,-0.28,-9.49,-0.00,-0.01,0.00
-14931,3.40,160,2.26,640,2.06,13274,11_03_44_19_06_2025,-2.01,-0.31,-9.48,0.01,-0.00,0.00
-14815,3.40,638,2.22,639,2.06,13297,11_03_44_19_06_2025,-2.02,-0.29,-9.48,0.01,-0.00,-0.00
-14504,3.37,439,2.24,639,2.06,13320,11_03_44_19_06_2025,-2.02,-0.27,-9.49,-0.01,-0.01,0.00
-14252,3.35,1231,2.18,640,2.06,13342,11_03_44_19_06_2025,-2.02,-0.28,-9.49,0.01,-0.00,-0.00
-14617,3.38,806,2.21,639,2.06,13364,11_03_44_19_06_2025,-2.02,-0.28,-9.48,0.01,-0.00,-0.00
-15160,3.42,916,2.20,640,2.06,13387,11_03_44_19_06_2025,-2.01,-0.30,-9.47,0.01,-0.00,-0.00
-15182,3.42,1382,2.17,640,2.06,13415,11_03_44_19_06_2025,-2.01,-0.29,-9.48,-0.00,-0.00,0.00
-14901,3.40,1201,2.18,640,2.06,13437,11_03_44_19_06_2025,-2.02,-0.31,-9.47,0.01,-0.00,0.00
-15603,3.45,750,2.22,639,2.06,13462,11_03_44_19_06_2025,-2.02,-0.27,-9.48,-0.00,-0.01,0.00
-16036,3.49,365,2.25,639,2.06,13487,11_03_44_19_06_2025,-2.00,-0.33,-9.47,0.01,-0.00,-0.00
-14631,3.38,867,2.21,638,2.06,13512,11_03_44_19_06_2025,-2.02,-0.30,-9.47,-0.01,-0.01,0.00
-14115,3.34,867,2.21,639,2.06,13537,11_03_44_19_06_2025,-2.03,-0.28,-9.48,-0.00,-0.00,0.00
-14437,3.37,745,2.22,639,2.06,13565,11_03_44_19_06_2025,-2.03,-0.28,-9.47,-0.01,-0.01,0.00
-14571,3.38,845,2.21,640,2.06,13587,11_03_44_19_06_2025,-2.04,-0.23,-9.48,0.00,-0.01,0.00
-14594,3.38,878,2.21,640,2.06,13612,11_03_44_19_06_2025,-2.03,-0.26,-9.48,0.01,-0.00,-0.00
-14545,3.37,1032,2.19,639,2.06,13638,11_03_44_19_06_2025,-2.01,-0.30,-9.48,-0.01,-0.01,0.00
-14613,3.38,862,2.21,639,2.06,13663,11_03_44_19_06_2025,-2.04,-0.24,-9.48,-0.01,-0.01,0.00
-15054,3.41,456,2.24,640,2.06,13691,11_03_44_19_06_2025,-2.02,-0.31,-9.49,0.02,0.00,-0.00
-15173,3.42,913,2.20,639,2.06,13713,11_03_44_19_06_2025,-2.03,-0.25,-9.49,-0.01,-0.01,0.00
-14958,3.41,1088,2.19,639,2.06,13738,11_03_44_19_06_2025,-2.03,-0.28,-9.48,0.00,-0.00,0.00
-16426,3.52,210,2.26,639,2.06,13763,11_03_44_19_06_2025,-2.03,-0.27,-9.48,-0.01,-0.01,0.00
-16991,3.56,523,2.23,639,2.06,13789,11_03_44_19_06_2025,-2.05,-0.24,-9.47,-0.00,-0.01,0.00
-15938,3.48,859,2.21,639,2.06,13814,11_03_44_19_06_2025,-2.02,-0.28,-9.48,0.01,-0.00,-0.00
-15789,3.47,922,2.20,639,2.06,13842,11_03_44_19_06_2025,-2.04,-0.25,-9.50,-0.01,-0.01,0.00
-16374,3.51,1031,2.19,639,2.06,13864,11_03_44_19_06_2025,-2.02,-0.29,-9.47,0.01,-0.00,-0.00
-15997,3.48,1114,2.19,639,2.06,13889,11_03_44_19_06_2025,-2.03,-0.28,-9.48,-0.00,-0.01,0.00
-15741,3.47,1220,2.18,641,2.07,13914,11_03_45_19_06_2025,-2.04,-0.25,-9.48,0.01,-0.00,-0.00
-15773,3.47,903,2.20,637,2.05,13940,11_03_45_19_06_2025,-2.03,-0.27,-9.47,0.01,-0.00,-0.00
-15468,3.44,929,2.20,639,2.06,13967,11_03_45_19_06_2025,-2.02,-0.27,-9.47,0.01,-0.00,-0.00
-15241,3.43,1445,2.16,639,2.06,13990,11_03_45_19_06_2025,-2.03,-0.26,-9.48,0.00,-0.01,0.00
-15013,3.41,787,2.21,640,2.06,14014,11_03_45_19_06_2025,-2.02,-0.26,-9.48,0.01,-0.00,-0.00
-15211,3.43,796,2.21,638,2.06,14036,11_03_45_19_06_2025,-2.04,-0.25,-9.48,0.00,-0.00,-0.00
-15633,3.46,581,2.23,639,2.06,14058,11_03_45_19_06_2025,-2.03,-0.28,-9.47,0.01,-0.00,-0.00
-15653,3.46,557,2.23,640,2.06,14080,11_03_45_19_06_2025,-2.03,-0.25,-9.47,0.00,-0.01,0.00
-15653,3.46,585,2.23,640,2.06,14111,11_03_45_19_06_2025,-2.03,-0.26,-9.47,0.00,-0.00,-0.00
-16176,3.50,675,2.22,639,2.06,14136,11_03_45_19_06_2025,-2.03,-0.27,-9.48,0.01,-0.00,0.00
-16443,3.52,1179,2.18,640,2.06,14161,11_03_45_19_06_2025,-2.04,-0.26,-9.48,-0.00,-0.01,0.00
-16638,3.53,809,2.21,639,2.06,14186,11_03_45_19_06_2025,-2.04,-0.24,-9.47,0.00,-0.00,0.00
-16707,3.54,541,2.23,640,2.06,14211,11_03_45_19_06_2025,-2.02,-0.30,-9.46,0.01,-0.00,-0.00
-17026,3.56,896,2.20,639,2.06,14239,11_03_45_19_06_2025,-2.04,-0.24,-9.48,0.01,-0.00,0.00
-16743,3.54,607,2.23,640,2.06,14261,11_03_45_19_06_2025,-2.02,-0.29,-9.48,0.01,-0.00,-0.00
-16807,3.55,502,2.23,640,2.06,14286,11_03_45_19_06_2025,-2.04,-0.25,-9.48,0.00,-0.00,-0.00
-17605,3.61,302,2.25,639,2.06,14311,11_03_45_19_06_2025,-2.02,-0.27,-9.47,0.01,-0.00,-0.00
-17677,3.61,336,2.25,639,2.06,14336,11_03_45_19_06_2025,-2.03,-0.26,-9.48,0.01,-0.00,-0.00
-16999,3.56,317,2.25,639,2.06,14362,11_03_45_19_06_2025,-2.03,-0.26,-9.49,0.00,-0.00,-0.00
-14826,3.40,912,2.20,640,2.06,14389,11_03_45_19_06_2025,-2.03,-0.27,-9.48,0.01,-0.00,-0.00
-13731,3.31,906,2.20,639,2.06,14412,11_03_45_19_06_2025,-2.04,-0.27,-9.48,0.00,-0.00,0.00
-13882,3.32,1351,2.17,640,2.06,14437,11_03_45_19_06_2025,-2.04,-0.25,-9.47,0.01,0.00,-0.00
-14435,3.37,1362,2.17,639,2.06,14462,11_03_45_19_06_2025,-2.03,-0.28,-9.47,0.02,0.00,-0.00
-15798,3.47,1350,2.17,639,2.06,14487,11_03_45_19_06_2025,-2.03,-0.27,-9.47,0.01,-0.00,-0.00
-17029,3.56,545,2.23,639,2.06,14512,11_03_45_19_06_2025,-2.03,-0.27,-9.48,-0.00,-0.00,0.00
-17185,3.57,286,2.25,639,2.06,14540,11_03_45_19_06_2025,-2.03,-0.28,-9.48,0.00,-0.00,0.00
-20549,3.83,778,2.21,639,2.06,14562,11_03_45_19_06_2025,-2.03,-0.26,-9.48,0.01,-0.00,-0.00
-20218,3.80,1145,2.19,639,2.06,14588,11_03_45_19_06_2025,-2.03,-0.26,-9.46,-0.00,-0.01,0.00
-19939,3.78,438,2.24,639,2.06,14613,11_03_45_19_06_2025,-2.05,-0.24,-9.45,-0.01,-0.01,0.00
-19948,3.78,861,2.21,639,2.06,14638,11_03_45_19_06_2025,-2.01,-0.31,-9.48,0.03,0.01,-0.01
-20384,3.82,-77,2.28,640,2.06,14666,11_03_45_19_06_2025,-2.03,-0.23,-9.52,-0.02,-0.01,0.01
-18785,3.70,299,2.25,639,2.06,14688,11_03_45_19_06_2025,-2.01,-0.29,-9.47,0.01,-0.00,-0.00
-17689,3.61,454,2.24,640,2.06,14713,11_03_45_19_06_2025,-2.05,-0.22,-9.48,0.00,-0.00,0.00
-17611,3.61,270,2.25,639,2.06,14740,11_03_45_19_06_2025,-2.02,-0.28,-9.47,0.00,-0.00,0.00
-17223,3.58,884,2.21,638,2.06,14762,11_03_45_19_06_2025,-2.03,-0.29,-9.46,0.02,0.00,-0.00
-17240,3.58,655,2.22,637,2.05,14784,11_03_45_19_06_2025,-2.03,-0.28,-9.48,0.00,-0.00,0.00
-17515,3.60,554,2.23,637,2.05,14809,11_03_45_19_06_2025,-2.02,-0.28,-9.48,-0.00,-0.01,0.00
-18326,3.66,511,2.23,640,2.06,14832,11_03_45_19_06_2025,-2.03,-0.24,-9.47,-0.00,-0.01,0.00
-18600,3.68,535,2.23,639,2.06,14854,11_03_45_19_06_2025,-2.03,-0.27,-9.48,0.01,-0.00,-0.00
-18653,3.69,489,2.24,640,2.06,14879,11_03_45_19_06_2025,-2.03,-0.28,-9.47,0.01,-0.01,0.00
-19771,3.77,264,2.25,639,2.06,14904,11_03_46_19_06_2025,-2.03,-0.26,-9.48,0.00,-0.00,0.00
-20445,3.82,516,2.23,640,2.06,14932,11_03_46_19_06_2025,-2.04,-0.24,-9.49,0.00,-0.00,0.00
-21315,3.89,776,2.21,639,2.06,14954,11_03_46_19_06_2025,-2.02,-0.28,-9.50,0.01,0.00,-0.00
-22004,3.94,954,2.20,639,2.06,14979,11_03_46_19_06_2025,-2.05,-0.24,-9.48,0.01,-0.00,-0.00
-22171,3.95,534,2.23,638,2.06,15004,11_03_46_19_06_2025,-2.03,-0.27,-9.48,0.00,-0.00,-0.00
-23592,4.06,354,2.25,639,2.06,15030,11_03_46_19_06_2025,-2.04,-0.24,-9.48,0.01,-0.00,-0.00
-25168,4.18,204,2.26,639,2.06,15055,11_03_46_19_06_2025,-2.03,-0.29,-9.47,0.00,-0.00,-0.00
-26504,4.28,256,2.25,639,2.06,15083,11_03_46_19_06_2025,-2.04,-0.25,-9.48,0.01,-0.00,-0.00
-26430,4.28,287,2.25,640,2.06,15105,11_03_46_19_06_2025,-2.02,-0.28,-9.47,0.01,-0.00,-0.00
-26622,4.29,873,2.21,639,2.06,15130,11_03_46_19_06_2025,-2.02,-0.27,-9.48,0.01,-0.00,-0.00
-25513,4.21,127,2.26,639,2.06,15155,11_03_46_19_06_2025,-2.02,-0.27,-9.46,0.02,0.00,-0.00
-27741,4.37,552,2.23,639,2.06,15180,11_03_46_19_06_2025,-2.02,-0.27,-9.48,0.01,-0.00,-0.00
-27926,4.39,849,2.21,639,2.06,15208,11_03_46_19_06_2025,-2.02,-0.30,-9.48,0.00,-0.01,0.00
-26557,4.28,522,2.23,639,2.06,15230,11_03_46_19_06_2025,-2.04,-0.24,-9.47,0.00,-0.00,0.00
-24447,4.12,386,2.24,639,2.06,15252,11_03_46_19_06_2025,-2.02,-0.28,-9.48,0.01,-0.00,-0.00
-23491,4.05,522,2.23,639,2.06,15274,11_03_46_19_06_2025,-2.03,-0.29,-9.45,0.01,0.00,-0.00
-23723,4.07,298,2.25,639,2.06,15296,11_03_46_19_06_2025,-2.03,-0.26,-9.48,-0.00,-0.01,0.00
-24715,4.15,148,2.26,638,2.06,15318,11_03_46_19_06_2025,-2.03,-0.27,-9.48,0.00,-0.00,-0.00
-24877,4.16,327,2.25,639,2.06,15343,11_03_46_19_06_2025,-2.04,-0.27,-9.48,0.01,-0.00,-0.00
-24578,4.13,272,2.25,639,2.06,15365,11_03_46_19_06_2025,-2.02,-0.28,-9.48,0.00,-0.00,0.00
-23982,4.09,382,2.24,639,2.06,15390,11_03_46_19_06_2025,-2.03,-0.27,-9.48,0.00,-0.01,0.00
-23682,4.07,115,2.26,639,2.06,15413,11_03_46_19_06_2025,-2.03,-0.27,-9.49,0.01,-0.00,-0.00
-22250,3.96,206,2.26,639,2.06,15436,11_03_46_19_06_2025,-2.03,-0.26,-9.48,0.00,-0.00,0.00
-21575,3.91,323,2.25,637,2.05,15461,11_03_46_19_06_2025,-2.02,-0.27,-9.47,0.00,-0.00,0.00
-20984,3.86,468,2.24,638,2.06,15489,11_03_46_19_06_2025,-2.03,-0.28,-9.48,0.01,-0.00,-0.00
-20594,3.83,267,2.25,639,2.06,15511,11_03_46_19_06_2025,-2.03,-0.28,-9.47,0.01,0.00,-0.00
-20610,3.83,116,2.26,639,2.06,15536,11_03_46_19_06_2025,-2.04,-0.26,-9.47,-0.00,-0.01,0.00
-20986,3.86,322,2.25,639,2.06,15562,11_03_46_19_06_2025,-2.01,-0.32,-9.47,0.01,-0.00,-0.00
-20589,3.83,341,2.25,640,2.06,15587,11_03_46_19_06_2025,-2.04,-0.23,-9.48,0.00,-0.01,-0.00
-20715,3.84,243,2.25,640,2.06,15615,11_03_46_19_06_2025,-2.02,-0.26,-9.48,0.00,-0.00,0.00
-20129,3.80,442,2.24,640,2.06,15637,11_03_46_19_06_2025,-2.04,-0.26,-9.46,0.02,0.00,-0.00
-20285,3.81,243,2.25,640,2.06,15662,11_03_46_19_06_2025,-2.02,-0.30,-9.46,-0.00,-0.01,0.00
-19999,3.79,229,2.26,637,2.05,15687,11_03_46_19_06_2025,-2.01,-0.29,-9.48,0.01,-0.00,-0.00
-19476,3.75,252,2.25,640,2.06,15712,11_03_46_19_06_2025,-2.03,-0.26,-9.48,-0.00,-0.01,0.00
-19910,3.78,304,2.25,640,2.06,15738,11_03_46_19_06_2025,-2.02,-0.29,-9.47,0.01,-0.00,-0.00
-19346,3.74,413,2.24,639,2.06,15765,11_03_46_19_06_2025,-2.02,-0.30,-9.47,0.01,-0.00,-0.00
-18781,3.70,685,2.22,638,2.06,15788,11_03_46_19_06_2025,-2.02,-0.27,-9.48,0.00,-0.00,-0.00
-18715,3.69,203,2.26,639,2.06,15813,11_03_46_19_06_2025,-2.03,-0.24,-9.48,0.00,-0.00,-0.00
-18920,3.71,302,2.25,640,2.06,15838,11_03_46_19_06_2025,-2.02,-0.30,-9.48,0.00,-0.01,0.00
-19054,3.72,267,2.25,639,2.06,15863,11_03_46_19_06_2025,-2.02,-0.29,-9.47,0.01,-0.00,-0.00
-18673,3.69,95,2.27,640,2.06,15891,11_03_47_19_06_2025,-2.02,-0.28,-9.48,0.01,-0.00,-0.00
-18597,3.68,437,2.24,639,2.06,15913,11_03_47_19_06_2025,-2.03,-0.27,-9.48,-0.00,-0.00,-0.00
-19211,3.73,237,2.25,639,2.06,15939,11_03_47_19_06_2025,-2.02,-0.28,-9.48,0.00,-0.00,-0.00
-19156,3.72,281,2.25,640,2.06,15964,11_03_47_19_06_2025,-2.03,-0.27,-9.49,0.01,-0.00,-0.00
-18912,3.71,331,2.25,639,2.06,15989,11_03_47_19_06_2025,-2.02,-0.27,-9.47,0.00,-0.00,0.00
-18976,3.71,366,2.24,639,2.06,16014,11_03_47_19_06_2025,-2.04,-0.27,-9.48,0.00,-0.01,0.00
-19301,3.73,84,2.27,640,2.06,16042,11_03_47_19_06_2025,-2.03,-0.28,-9.48,0.00,-0.00,-0.00
-19386,3.74,102,2.27,639,2.06,16064,11_03_47_19_06_2025,-2.03,-0.28,-9.48,0.00,-0.00,-0.00
-19548,3.75,217,2.26,639,2.06,16089,11_03_47_19_06_2025,-2.03,-0.27,-9.48,0.00,-0.00,0.00
-19848,3.78,47,2.27,637,2.05,16114,11_03_47_19_06_2025,-2.03,-0.26,-9.48,0.01,-0.00,0.00
-19671,3.76,138,2.26,640,2.06,16141,11_03_47_19_06_2025,-2.03,-0.28,-9.48,0.02,0.00,-0.00
-19833,3.78,19,2.27,640,2.06,16164,11_03_47_19_06_2025,-2.02,-0.30,-9.47,0.00,-0.00,0.00
-19887,3.78,331,2.25,639,2.06,16189,11_03_47_19_06_2025,-2.02,-0.27,-9.47,0.02,-0.00,-0.00
-20029,3.79,339,2.25,639,2.06,16214,11_03_47_19_06_2025,-2.05,-0.22,-9.48,0.01,-0.00,-0.00
-20364,3.82,247,2.25,639,2.06,16239,11_03_47_19_06_2025,-2.02,-0.28,-9.48,0.01,0.00,-0.00
-20420,3.82,138,2.26,640,2.06,16264,11_03_47_19_06_2025,-2.01,-0.33,-9.47,0.00,-0.00,-0.00
-20144,3.80,647,2.22,640,2.06,16289,11_03_47_19_06_2025,-2.03,-0.27,-9.49,0.01,0.00,-0.00
-20164,3.80,266,2.25,638,2.06,16323,11_03_47_19_06_2025,-2.01,-0.31,-9.48,0.00,-0.00,-0.00
-20330,3.81,-9,2.27,639,2.06,16345,11_03_47_19_06_2025,-2.03,-0.28,-9.48,0.01,-0.00,-0.00
-20582,3.83,291,2.25,640,2.06,16370,11_03_47_19_06_2025,-2.02,-0.26,-9.48,0.00,-0.00,-0.00
-20848,3.85,100,2.27,639,2.06,16395,11_03_47_19_06_2025,-2.02,-0.30,-9.47,0.01,-0.00,-0.00
-20701,3.84,163,2.26,640,2.06,16420,11_03_47_19_06_2025,-2.03,-0.25,-9.49,0.00,-0.00,0.00
-20569,3.83,296,2.25,639,2.06,16442,11_03_47_19_06_2025,-2.01,-0.28,-9.49,0.00,-0.00,-0.00
-20653,3.84,332,2.25,640,2.06,16467,11_03_47_19_06_2025,-2.01,-0.32,-9.46,0.01,-0.00,-0.00
-20191,3.80,384,2.24,640,2.06,16490,11_03_47_19_06_2025,-2.03,-0.25,-9.48,0.00,-0.00,0.00
-20160,3.80,68,2.27,640,2.06,16512,11_03_47_19_06_2025,-2.02,-0.28,-9.47,0.01,-0.00,-0.00
-20283,3.81,242,2.25,639,2.06,16534,11_03_47_19_06_2025,-2.02,-0.28,-9.48,0.01,-0.00,-0.00
-20202,3.80,-252,2.29,640,2.06,16557,11_03_47_19_06_2025,-2.01,-0.29,-9.49,0.00,-0.00,0.00
-20110,3.80,188,2.26,640,2.06,16582,11_03_47_19_06_2025,-2.01,-0.30,-9.48,0.01,-0.00,-0.00
-19944,3.78,243,2.25,639,2.06,16604,11_03_47_19_06_2025,-2.02,-0.30,-9.47,0.01,-0.00,-0.00
-19833,3.78,-168,2.29,639,2.06,16627,11_03_47_19_06_2025,-2.01,-0.30,-9.48,0.01,-0.00,-0.00
-19788,3.77,-134,2.28,639,2.06,16649,11_03_47_19_06_2025,-2.03,-0.27,-9.48,-0.00,-0.00,0.00
-19643,3.76,-169,2.29,639,2.06,16671,11_03_47_19_06_2025,-2.01,-0.32,-9.48,0.01,-0.00,-0.00
-19847,3.78,-143,2.28,639,2.06,16693,11_03_47_19_06_2025,-2.02,-0.28,-9.48,0.01,-0.00,-0.00
-19719,3.77,-113,2.28,639,2.06,16718,11_03_47_19_06_2025,-2.04,-0.25,-9.48,0.00,-0.00,-0.00
-19545,3.75,-284,2.29,639,2.06,16741,11_03_47_19_06_2025,-2.02,-0.27,-9.49,0.00,-0.00,-0.00
-19313,3.74,25,2.27,639,2.06,16763,11_03_47_19_06_2025,-2.01,-0.30,-9.48,0.00,-0.00,-0.00
-19395,3.74,-55,2.28,639,2.06,16785,11_03_47_19_06_2025,-2.02,-0.26,-9.49,0.01,-0.00,-0.00
-19283,3.73,354,2.25,640,2.06,16808,11_03_47_19_06_2025,-2.03,-0.27,-9.49,0.00,-0.00,-0.00
-19297,3.73,18,2.27,640,2.06,16834,11_03_47_19_06_2025,-2.03,-0.28,-9.49,0.00,-0.00,-0.00
-19354,3.74,-202,2.29,639,2.06,16859,11_03_47_19_06_2025,-2.02,-0.30,-9.48,0.01,-0.00,-0.00
-19241,3.73,-224,2.29,639,2.06,16885,11_03_47_19_06_2025,-2.02,-0.29,-9.48,0.00,-0.00,-0.00
-19185,3.73,-81,2.28,639,2.06,16910,11_03_48_19_06_2025,-2.03,-0.28,-9.47,0.00,-0.00,0.00
-19469,3.75,-252,2.29,640,2.06,16935,11_03_48_19_06_2025,-2.02,-0.29,-9.49,0.00,-0.00,-0.00
-18963,3.71,-193,2.29,639,2.06,16960,11_03_48_19_06_2025,-2.02,-0.29,-9.48,0.00,-0.00,0.00
-18987,3.71,120,2.26,639,2.06,16988,11_03_48_19_06_2025,-2.02,-0.28,-9.48,0.00,-0.00,-0.00
-18960,3.71,45,2.27,639,2.06,17010,11_03_48_19_06_2025,-2.03,-0.29,-9.48,0.00,-0.00,-0.00
-19153,3.72,-224,2.29,639,2.06,17035,11_03_48_19_06_2025,-2.01,-0.29,-9.48,0.01,-0.00,-0.00
-19341,3.74,-61,2.28,624,2.01,17061,11_03_48_19_06_2025,-2.02,-0.29,-9.48,0.00,-0.00,-0.00
-19295,3.73,288,2.25,640,2.06,17086,11_03_48_19_06_2025,-2.01,-0.29,-9.48,0.01,-0.00,-0.00
-19428,3.74,-456,2.31,639,2.06,17111,11_03_48_19_06_2025,-2.02,-0.29,-9.48,0.00,-0.00,-0.00
-19471,3.75,-161,2.28,638,2.06,17139,11_03_48_19_06_2025,-2.02,-0.30,-9.47,0.00,-0.00,-0.00
-19099,3.72,-223,2.29,639,2.06,17161,11_03_48_19_06_2025,-2.01,-0.29,-9.49,0.00,-0.00,0.00
-18992,3.71,-191,2.29,639,2.06,17186,11_03_48_19_06_2025,-2.01,-0.29,-9.47,0.01,-0.00,-0.00
-19165,3.72,-363,2.30,638,2.06,17212,11_03_48_19_06_2025,-2.02,-0.30,-9.48,0.00,-0.00,-0.00
-19304,3.74,-15,2.27,639,2.06,17237,11_03_48_19_06_2025,-2.03,-0.27,-9.48,0.00,-0.00,0.00
-19689,3.76,-348,2.30,639,2.06,17264,11_03_48_19_06_2025,-2.01,-0.28,-9.48,0.00,-0.00,0.00
-19747,3.77,-565,2.32,639,2.06,17287,11_03_48_19_06_2025,-2.02,-0.30,-9.47,0.00,-0.00,-0.00
-19091,3.72,27,2.27,640,2.06,17312,11_03_48_19_06_2025,-2.02,-0.30,-9.47,0.00,-0.00,-0.00
-19088,3.72,-461,2.31,639,2.06,17337,11_03_48_19_06_2025,-2.02,-0.27,-9.49,0.00,-0.00,0.00
-19088,3.72,-197,2.29,638,2.06,17361,11_03_48_19_06_2025,-2.02,-0.29,-9.48,0.01,-0.00,-0.00
-19292,3.73,-207,2.29,637,2.05,17384,11_03_48_19_06_2025,-2.01,-0.29,-9.49,0.00,-0.00,0.00
-18810,3.70,-246,2.29,640,2.06,17416,11_03_48_19_06_2025,-2.01,-0.31,-9.47,0.01,-0.00,-0.00
-18980,3.71,-253,2.29,639,2.06,17442,11_03_48_19_06_2025,-2.01,-0.29,-9.47,0.00,-0.00,-0.00
-19053,3.72,-122,2.28,640,2.06,17467,11_03_48_19_06_2025,-2.02,-0.30,-9.47,0.01,-0.00,-0.00
-19319,3.74,-318,2.30,638,2.06,17495,11_03_48_19_06_2025,-2.01,-0.30,-9.48,0.00,-0.00,-0.00
-19344,3.74,297,2.25,637,2.05,17519,11_03_48_19_06_2025,-2.01,-0.30,-9.47,0.00,-0.00,0.00
-19631,3.76,-529,2.31,638,2.06,17544,11_03_48_19_06_2025,-2.02,-0.31,-9.48,0.01,-0.00,-0.00
-19516,3.75,-103,2.28,639,2.06,17566,11_03_48_19_06_2025,-2.02,-0.27,-9.49,0.00,-0.00,0.00
-19408,3.74,-383,2.30,640,2.06,17588,11_03_48_19_06_2025,-2.02,-0.27,-9.47,0.00,-0.00,0.00
-19567,3.76,-447,2.31,639,2.06,17611,11_03_48_19_06_2025,-2.02,-0.28,-9.48,0.00,-0.00,0.00
-19546,3.75,-339,2.30,639,2.06,17633,11_03_48_19_06_2025,-2.02,-0.28,-9.48,0.00,-0.00,0.00
-19368,3.74,-267,2.29,639,2.06,17658,11_03_48_19_06_2025,-2.01,-0.30,-9.48,0.01,-0.00,-0.00
-18558,3.68,-131,2.28,639,2.06,17687,11_03_48_19_06_2025,-2.02,-0.29,-9.48,0.00,-0.00,-0.00
-18728,3.69,-161,2.28,637,2.05,17709,11_03_48_19_06_2025,-2.02,-0.30,-9.48,0.00,-0.00,0.00
-18678,3.69,-414,2.30,639,2.06,17731,11_03_48_19_06_2025,-2.02,-0.29,-9.47,0.01,-0.00,-0.00
-19141,3.72,-1039,2.35,639,2.06,17754,11_03_48_19_06_2025,-2.03,-0.29,-9.48,0.00,-0.00,0.00
-19230,3.73,-908,2.34,639,2.06,17781,11_03_48_19_06_2025,-2.01,-0.29,-9.49,0.00,-0.00,0.00
-17967,3.63,-20,2.27,639,2.06,17807,11_03_48_19_06_2025,-2.01,-0.29,-9.48,0.00,-0.00,0.00
-18424,3.67,-893,2.34,639,2.06,17829,11_03_48_19_06_2025,-2.02,-0.30,-9.49,0.01,-0.00,-0.00
-19215,3.73,-736,2.33,640,2.06,17854,11_03_48_19_06_2025,-2.01,-0.30,-9.48,0.00,-0.00,0.00
-19726,3.77,-706,2.33,640,2.06,17879,11_03_48_19_06_2025,-2.02,-0.29,-9.47,0.00,-0.00,0.00
-19065,3.72,-184,2.29,639,2.06,17904,11_03_49_19_06_2025,-2.01,-0.30,-9.49,0.01,-0.00,-0.00
-18852,3.70,-703,2.33,639,2.06,17929,11_03_49_19_06_2025,-2.01,-0.29,-9.48,0.00,-0.00,0.00
-18880,3.70,-62,2.28,639,2.06,17957,11_03_49_19_06_2025,-2.01,-0.30,-9.47,0.00,-0.00,0.00
-18804,3.70,-148,2.28,640,2.06,17979,11_03_49_19_06_2025,-2.01,-0.28,-9.48,0.01,-0.00,0.00
-19225,3.73,-146,2.28,639,2.06,18004,11_03_49_19_06_2025,-2.02,-0.28,-9.48,0.01,-0.00,-0.00
-19426,3.74,-567,2.32,640,2.06,18030,11_03_49_19_06_2025,-2.02,-0.29,-9.47,0.00,-0.00,0.00
-18723,3.69,-236,2.29,640,2.06,18055,11_03_49_19_06_2025,-2.02,-0.29,-9.49,0.00,-0.00,-0.00
-18508,3.67,-311,2.30,638,2.06,18083,11_03_49_19_06_2025,-2.02,-0.29,-9.48,0.01,-0.00,-0.00
-18898,3.70,-574,2.32,639,2.06,18105,11_03_49_19_06_2025,-2.02,-0.28,-9.48,0.00,-0.00,-0.00
-19205,3.73,-570,2.32,640,2.06,18130,11_03_49_19_06_2025,-2.01,-0.29,-9.48,0.00,-0.00,0.00
-19719,3.77,-607,2.32,639,2.06,18155,11_03_49_19_06_2025,-2.02,-0.29,-9.49,0.00,-0.00,0.00
-19997,3.79,-1086,2.36,639,2.06,18180,11_03_49_19_06_2025,-2.01,-0.29,-9.47,0.00,-0.00,0.00
-19876,3.78,-699,2.33,639,2.06,18205,11_03_49_19_06_2025,-2.02,-0.29,-9.48,0.00,-0.00,0.00
-19220,3.73,-699,2.33,639,2.06,18235,11_03_49_19_06_2025,-2.02,-0.30,-9.49,0.01,-0.00,-0.00
-19125,3.72,241,2.25,639,2.06,18259,11_03_49_19_06_2025,-2.03,-0.29,-9.48,0.01,-0.00,0.00
-18714,3.69,262,2.25,639,2.06,18281,11_03_49_19_06_2025,-2.01,-0.29,-9.48,0.00,-0.00,0.00
-18253,3.66,-9,2.27,640,2.06,18304,11_03_49_19_06_2025,-2.02,-0.29,-9.47,0.00,-0.00,0.00
-18753,3.69,392,2.24,639,2.06,18326,11_03_49_19_06_2025,-2.01,-0.31,-9.48,0.01,-0.00,-0.00
-19052,3.72,-354,2.30,639,2.06,18351,11_03_49_19_06_2025,-2.03,-0.28,-9.47,0.00,-0.00,-0.00
-18845,3.70,-834,2.34,640,2.06,18379,11_03_49_19_06_2025,-2.02,-0.28,-9.47,0.01,-0.00,-0.00
-18963,3.71,-680,2.32,639,2.06,18401,11_03_49_19_06_2025,-2.02,-0.29,-9.49,0.00,-0.00,0.00
-18907,3.71,-780,2.33,639,2.06,18426,11_03_49_19_06_2025,-2.02,-0.28,-9.48,0.00,-0.00,0.00
-18761,3.69,-691,2.33,638,2.06,18451,11_03_49_19_06_2025,-2.01,-0.30,-9.47,0.01,-0.00,-0.00
-18427,3.67,-945,2.34,639,2.06,18476,11_03_49_19_06_2025,-2.02,-0.29,-9.48,0.01,-0.00,-0.00
-18196,3.65,-507,2.31,639,2.06,18504,11_03_49_19_06_2025,-2.02,-0.29,-9.47,0.00,-0.00,0.00
-18164,3.65,-608,2.32,640,2.06,18526,11_03_49_19_06_2025,-2.03,-0.28,-9.48,0.00,-0.00,-0.00
-18217,3.65,-622,2.32,639,2.06,18551,11_03_49_19_06_2025,-2.02,-0.29,-9.48,0.00,-0.00,-0.00
-18282,3.66,-743,2.33,639,2.06,18576,11_03_49_19_06_2025,-2.02,-0.29,-9.49,0.00,-0.00,0.00
-17658,3.61,-229,2.29,639,2.06,18601,11_03_49_19_06_2025,-2.02,-0.29,-9.48,0.00,-0.00,0.00
-17518,3.60,-624,2.32,638,2.06,18626,11_03_49_19_06_2025,-2.01,-0.30,-9.48,0.00,-0.00,0.00
-17128,3.57,-326,2.30,639,2.06,18651,11_03_49_19_06_2025,-2.01,-0.28,-9.48,0.00,-0.00,0.00
-16923,3.55,-52,2.28,640,2.06,18674,11_03_49_19_06_2025,-2.02,-0.29,-9.48,0.00,-0.00,0.00
-17341,3.59,-700,2.33,639,2.06,18696,11_03_49_19_06_2025,-2.03,-0.28,-9.47,0.00,-0.01,-0.00
-17308,3.58,-879,2.34,639,2.06,18718,11_03_49_19_06_2025,-2.01,-0.28,-9.48,0.00,-0.00,-0.00
-17375,3.59,-848,2.34,640,2.06,18740,11_03_49_19_06_2025,-2.02,-0.29,-9.47,0.00,-0.00,0.00
-17951,3.63,-642,2.32,640,2.06,18765,11_03_49_19_06_2025,-2.02,-0.29,-9.48,0.00,-0.00,-0.00
-18249,3.66,-951,2.34,639,2.06,18788,11_03_49_19_06_2025,-2.03,-0.28,-9.48,0.00,-0.00,-0.00
-18243,3.65,-623,2.32,639,2.06,18810,11_03_49_19_06_2025,-2.02,-0.29,-9.48,0.01,-0.00,-0.00
-18202,3.65,-944,2.34,639,2.06,18832,11_03_49_19_06_2025,-2.02,-0.29,-9.48,0.00,-0.00,0.00
-18240,3.65,-873,2.34,639,2.06,18854,11_03_49_19_06_2025,-2.02,-0.28,-9.48,0.00,-0.00,-0.00
-17662,3.61,-524,2.31,640,2.06,18877,11_03_49_19_06_2025,-2.01,-0.30,-9.48,0.01,-0.00,-0.00
-17697,3.61,-485,2.31,639,2.06,18906,11_03_50_19_06_2025,-2.02,-0.30,-9.48,0.00,-0.00,0.00
-18573,3.68,-1145,2.36,640,2.06,18930,11_03_50_19_06_2025,-2.03,-0.29,-9.47,0.00,-0.00,0.00
-18086,3.64,-169,2.29,639,2.06,18952,11_03_50_19_06_2025,-2.03,-0.28,-9.48,0.01,-0.00,-0.00
-17529,3.60,-544,2.31,639,2.06,18977,11_03_50_19_06_2025,-2.02,-0.29,-9.48,0.00,-0.00,-0.00
-17855,3.63,-987,2.35,639,2.06,19002,11_03_50_19_06_2025,-2.01,-0.28,-9.48,0.00,-0.00,-0.00
-17855,3.63,-1074,2.35,640,2.06,19030,11_03_50_19_06_2025,-2.03,-0.28,-9.49,0.00,-0.00,0.00
-18487,3.67,-588,2.32,639,2.06,19052,11_03_50_19_06_2025,-2.01,-0.29,-9.48,0.00,-0.00,0.00
-18644,3.69,-608,2.32,640,2.06,19077,11_03_50_19_06_2025,-2.02,-0.29,-9.48,0.00,-0.00,-0.00
-19223,3.73,-1094,2.36,639,2.06,19103,11_03_50_19_06_2025,-2.02,-0.31,-9.48,0.01,-0.00,-0.00
-18163,3.65,-621,2.32,639,2.06,19128,11_03_50_19_06_2025,-2.03,-0.27,-9.49,0.00,-0.00,-0.00
-17262,3.58,220,2.26,640,2.06,19153,11_03_50_19_06_2025,-2.02,-0.29,-9.48,0.01,-0.00,-0.00
-17786,3.62,-599,2.32,639,2.06,19181,11_03_50_19_06_2025,-2.02,-0.31,-9.48,0.00,-0.00,-0.00
-17700,3.61,-708,2.33,639,2.06,19203,11_03_50_19_06_2025,-2.01,-0.28,-9.48,0.00,-0.00,0.00
-18165,3.65,-585,2.32,640,2.06,19228,11_03_50_19_06_2025,-2.02,-0.27,-9.48,0.00,-0.00,0.00
-18105,3.64,-387,2.30,639,2.06,19253,11_03_50_19_06_2025,-2.02,-0.27,-9.48,0.00,-0.00,-0.00
-17972,3.63,-689,2.32,638,2.06,19278,11_03_50_19_06_2025,-2.02,-0.29,-9.46,0.00,-0.00,-0.00
-18069,3.64,-849,2.34,639,2.06,19306,11_03_50_19_06_2025,-2.02,-0.30,-9.47,0.01,-0.01,-0.00
-18062,3.64,-843,2.34,640,2.06,19329,11_03_50_19_06_2025,-2.01,-0.29,-9.48,0.00,-0.00,-0.00
-17917,3.63,-828,2.34,640,2.06,19354,11_03_50_19_06_2025,-2.03,-0.29,-9.48,0.00,-0.00,0.00
-17737,3.62,-760,2.33,639,2.06,19379,11_03_50_19_06_2025,-2.01,-0.29,-9.48,0.00,-0.00,-0.00
-17770,3.62,-983,2.35,639,2.06,19404,11_03_50_19_06_2025,-2.03,-0.28,-9.48,0.00,-0.00,0.00
-17666,3.61,-632,2.32,640,2.06,19429,11_03_50_19_06_2025,-2.02,-0.28,-9.47,0.00,-0.00,-0.00
-17196,3.58,-674,2.32,639,2.06,19457,11_03_50_19_06_2025,-2.02,-0.29,-9.49,0.01,-0.00,-0.00
-17437,3.59,-916,2.34,640,2.06,19479,11_03_50_19_06_2025,-2.01,-0.30,-9.48,0.00,-0.00,-0.00
-17298,3.58,-588,2.32,638,2.06,19504,11_03_50_19_06_2025,-2.02,-0.29,-9.48,0.00,-0.00,0.00
-17163,3.57,-814,2.33,640,2.06,19529,11_03_50_19_06_2025,-2.02,-0.29,-9.48,0.00,-0.00,0.00
-18034,3.64,-1164,2.36,638,2.06,19554,11_03_50_19_06_2025,-2.02,-0.29,-9.48,0.01,-0.00,-0.00
-17958,3.63,-948,2.34,639,2.06,19582,11_03_50_19_06_2025,-2.03,-0.29,-9.48,0.00,-0.00,0.00
-17829,3.62,-1109,2.36,638,2.06,19605,11_03_50_19_06_2025,-2.02,-0.28,-9.47,0.00,-0.00,-0.00
-18099,3.64,-1139,2.36,639,2.06,19632,11_03_50_19_06_2025,-2.02,-0.29,-9.48,0.00,-0.00,-0.00
-17748,3.62,-797,2.33,638,2.06,19654,11_03_50_19_06_2025,-2.02,-0.30,-9.48,0.00,-0.00,-0.00
-18376,3.66,-957,2.35,639,2.06,19676,11_03_50_19_06_2025,-2.02,-0.29,-9.49,0.00,-0.00,-0.00
-18686,3.69,-1032,2.35,639,2.06,19699,11_03_50_19_06_2025,-2.01,-0.28,-9.49,0.01,-0.00,0.00
-18528,3.68,-555,2.31,639,2.06,19723,11_03_50_19_06_2025,-2.02,-0.29,-9.48,0.01,-0.00,-0.00
-18061,3.64,-576,2.32,639,2.06,19746,11_03_50_19_06_2025,-2.01,-0.29,-9.48,0.00,-0.01,0.00
-17482,3.60,-400,2.30,639,2.06,19768,11_03_50_19_06_2025,-2.03,-0.28,-9.48,0.00,-0.00,0.00
-18252,3.66,-922,2.34,639,2.06,19790,11_03_50_19_06_2025,-2.02,-0.30,-9.48,0.01,-0.00,-0.00
-19421,3.74,-909,2.34,640,2.06,19818,11_03_50_19_06_2025,-2.02,-0.29,-9.48,0.00,-0.00,0.00
-20399,3.82,-1373,2.38,639,2.06,19843,11_03_50_19_06_2025,-2.02,-0.28,-9.49,0.00,-0.00,-0.00
-20170,3.80,-972,2.35,639,2.06,19865,11_03_50_19_06_2025,-2.01,-0.31,-9.47,0.01,-0.00,-0.00
-20326,3.81,-1387,2.38,639,2.06,19890,11_03_51_19_06_2025,-2.01,-0.31,-9.48,0.00,-0.00,-0.00
-19586,3.76,-768,2.33,639,2.06,19916,11_03_51_19_06_2025,-2.03,-0.28,-9.49,0.00,-0.00,-0.00
-19664,3.76,-701,2.33,639,2.06,19941,11_03_51_19_06_2025,-2.02,-0.30,-9.47,0.01,-0.00,-0.00
-19046,3.72,-689,2.32,639,2.06,19966,11_03_51_19_06_2025,-2.01,-0.29,-9.48,0.01,-0.00,-0.00
-18469,3.67,-259,2.29,639,2.06,19994,11_03_51_19_06_2025,-2.02,-0.28,-9.49,0.00,-0.00,0.00
-18189,3.65,-414,2.30,639,2.06,20016,11_03_51_19_06_2025,-2.03,-0.28,-9.48,0.00,-0.01,-0.00
-18675,3.69,-911,2.34,639,2.06,20041,11_03_51_19_06_2025,-2.03,-0.30,-9.48,0.01,0.00,-0.00
-18816,3.70,-904,2.34,639,2.06,20066,11_03_51_19_06_2025,-2.02,-0.30,-9.48,0.00,-0.00,-0.00
-18528,3.68,-942,2.34,639,2.06,20091,11_03_51_19_06_2025,-2.02,-0.28,-9.49,0.00,-0.00,0.00
-18233,3.65,-968,2.35,639,2.06,20119,11_03_51_19_06_2025,-2.02,-0.30,-9.49,0.01,-0.00,-0.00
-17920,3.63,-843,2.34,639,2.06,20141,11_03_51_19_06_2025,-2.02,-0.30,-9.48,0.01,-0.00,-0.00
-17893,3.63,-940,2.34,639,2.06,20167,11_03_51_19_06_2025,-2.02,-0.30,-9.48,0.00,-0.00,0.00
-17893,3.63,-1064,2.35,639,2.06,20192,11_03_51_19_06_2025,-2.02,-0.31,-9.47,0.00,-0.00,-0.00
-17486,3.60,-1198,2.36,639,2.06,20217,11_03_51_19_06_2025,-2.02,-0.29,-9.48,0.01,-0.00,-0.00
-17479,3.60,-1726,2.40,639,2.06,20242,11_03_51_19_06_2025,-2.03,-0.29,-9.47,0.00,-0.00,0.00
-16673,3.54,-1474,2.38,639,2.06,20270,11_03_51_19_06_2025,-2.04,-0.28,-9.47,0.00,-0.00,0.00
-15904,3.48,-619,2.32,639,2.06,20292,11_03_51_19_06_2025,-2.02,-0.28,-9.48,-0.01,-0.01,0.00
-17353,3.59,-1512,2.39,639,2.06,20319,11_03_51_19_06_2025,-2.02,-0.28,-9.48,0.01,-0.00,-0.00
-18103,3.64,-1987,2.42,639,2.06,20342,11_03_51_19_06_2025,-2.03,-0.27,-9.48,0.00,-0.00,0.00
-17659,3.61,-1342,2.37,639,2.06,20366,11_03_51_19_06_2025,-2.01,-0.30,-9.48,-0.00,-0.01,0.00
-17641,3.61,-1436,2.38,638,2.06,20391,11_03_51_19_06_2025,-2.00,-0.33,-9.48,-0.03,-0.02,0.01
-17850,3.62,-1324,2.37,639,2.06,20413,11_03_51_19_06_2025,-2.09,-0.13,-9.47,-0.02,-0.02,0.01
-18504,3.67,-1480,2.38,639,2.06,20435,11_03_51_19_06_2025,-2.02,-0.29,-9.46,0.05,0.01,-0.01
-18745,3.69,-1560,2.39,639,2.06,20460,11_03_51_19_06_2025,-2.01,-0.30,-9.50,-0.02,-0.02,0.00
-18319,3.66,-567,2.32,639,2.06,20482,11_03_51_19_06_2025,-2.02,-0.28,-9.48,-0.05,-0.03,0.02
-18844,3.70,-861,2.34,639,2.06,20507,11_03_51_19_06_2025,-2.05,-0.21,-9.48,-0.06,-0.04,0.02
-18995,3.71,-562,2.32,639,2.06,20535,11_03_51_19_06_2025,-2.06,-0.20,-9.46,-0.02,-0.01,0.00
-20421,3.82,-617,2.32,639,2.06,20557,11_03_51_19_06_2025,-2.02,-0.27,-9.48,-0.01,-0.01,0.00
-22445,3.97,-785,2.33,639,2.06,20582,11_03_51_19_06_2025,-2.04,-0.23,-9.48,-0.05,-0.03,0.01
-23126,4.02,-1367,2.38,639,2.06,20608,11_03_51_19_06_2025,-2.06,-0.21,-9.47,-0.05,-0.03,0.01
-22410,3.97,-870,2.34,639,2.06,20633,11_03_51_19_06_2025,-2.06,-0.19,-9.46,-0.05,-0.03,0.01
-21652,3.91,-985,2.35,639,2.06,20661,11_03_51_19_06_2025,-2.07,-0.17,-9.46,-0.04,-0.03,0.01
-21249,3.88,-1199,2.36,640,2.06,20683,11_03_51_19_06_2025,-2.09,-0.12,-9.46,-0.05,-0.03,-0.02
-19167,3.72,-247,2.29,639,2.06,20708,11_03_51_19_06_2025,-2.09,-0.08,-9.44,-0.05,-0.03,-0.05
-19331,3.74,-1183,2.36,640,2.06,20733,11_03_51_19_06_2025,-2.10,-0.11,-9.46,-0.03,-0.01,-0.11
-18371,3.66,-572,2.32,639,2.06,20758,11_03_51_19_06_2025,-2.08,-0.11,-9.47,-0.05,-0.01,-0.15
-18575,3.68,-1000,2.35,637,2.05,20783,11_03_51_19_06_2025,-2.08,-0.12,-9.48,-0.07,-0.02,-0.19
-17989,3.64,-1061,2.35,639,2.06,20811,11_03_51_19_06_2025,-2.12,-0.08,-9.44,-0.10,-0.03,-0.24
-17736,3.62,-634,2.32,640,2.06,20834,11_03_51_19_06_2025,-2.11,-0.09,-9.45,-0.08,-0.02,-0.26
-17861,3.63,-783,2.33,639,2.06,20859,11_03_51_19_06_2025,-2.10,-0.12,-9.47,-0.07,-0.01,-0.27
-17838,3.62,-1164,2.36,636,2.05,20884,11_03_51_19_06_2025,-2.10,-0.11,-9.46,-0.08,-0.02,-0.28
-17735,3.62,-1441,2.38,639,2.06,20909,11_03_52_19_06_2025,-2.10,-0.16,-9.45,-0.05,-0.00,-0.26
-17189,3.57,-943,2.34,639,2.06,20937,11_03_52_19_06_2025,-2.10,-0.14,-9.46,-0.05,-0.00,-0.23
-17239,3.58,-1388,2.38,639,2.06,20960,11_03_52_19_06_2025,-2.11,-0.15,-9.47,-0.04,-0.00,-0.21
-17241,3.58,-1316,2.37,640,2.06,20985,11_03_52_19_06_2025,-2.10,-0.14,-9.48,-0.03,-0.00,-0.17
-17028,3.56,-1720,2.40,639,2.06,21010,11_03_52_19_06_2025,-2.11,-0.12,-9.46,-0.03,-0.00,-0.14
-16829,3.55,-1207,2.36,639,2.06,21037,11_03_52_19_06_2025,-2.11,-0.15,-9.46,-0.02,-0.00,-0.11
-17568,3.60,-1554,2.39,639,2.06,21060,11_03_52_19_06_2025,-2.10,-0.17,-9.46,-0.01,-0.01,-0.07
-17384,3.59,-1502,2.39,639,2.06,21080,11_03_52_19_06_2025,-2.10,-0.14,-9.47,-0.01,-0.00,-0.04
-16966,3.56,-1054,2.35,639,2.06,21105,11_03_52_19_06_2025,-2.11,-0.15,-9.45,0.00,-0.00,-0.02
-16680,3.54,-881,2.34,639,2.06,21130,11_03_52_19_06_2025,-2.10,-0.11,-9.46,0.00,-0.00,-0.00
-16908,3.55,-898,2.34,638,2.06,21155,11_03_52_19_06_2025,-2.11,-0.11,-9.46,0.00,-0.00,0.00
-17004,3.56,-972,2.35,639,2.06,21181,11_03_52_19_06_2025,-2.11,-0.11,-9.46,0.00,-0.00,-0.00
-16475,3.52,-805,2.33,639,2.06,21209,11_03_52_19_06_2025,-2.10,-0.12,-9.47,0.00,-0.00,0.00
-16560,3.53,-974,2.35,639,2.06,21231,11_03_52_19_06_2025,-2.10,-0.12,-9.46,0.00,-0.00,-0.00
-16498,3.52,-1042,2.35,639,2.06,21256,11_03_52_19_06_2025,-2.11,-0.11,-9.46,0.00,-0.00,-0.00
-16723,3.54,-1231,2.37,639,2.06,21281,11_03_52_19_06_2025,-2.10,-0.12,-9.46,0.00,-0.00,0.00
-17052,3.56,-937,2.34,637,2.05,21306,11_03_52_19_06_2025,-2.11,-0.11,-9.47,0.00,-0.00,-0.00
-17438,3.59,-987,2.35,639,2.06,21334,11_03_52_19_06_2025,-2.11,-0.12,-9.46,0.00,-0.00,-0.00
-17555,3.60,-1297,2.37,639,2.06,21356,11_03_52_19_06_2025,-2.11,-0.12,-9.45,0.00,-0.00,-0.00
-16419,3.52,-1408,2.38,640,2.06,21382,11_03_52_19_06_2025,-2.10,-0.12,-9.47,0.01,-0.00,-0.00
-16522,3.52,-546,2.31,640,2.06,21407,11_03_52_19_06_2025,-2.11,-0.12,-9.46,0.00,-0.00,-0.00
-16646,3.53,-616,2.32,639,2.06,21432,11_03_52_19_06_2025,-2.11,-0.11,-9.45,0.00,-0.00,-0.00
-16443,3.52,-714,2.33,639,2.06,21457,11_03_52_19_06_2025,-2.11,-0.06,-9.47,-0.00,-0.00,-0.03
-16389,3.51,-790,2.33,639,2.06,21485,11_03_52_19_06_2025,-2.10,-0.12,-9.46,-0.01,-0.00,-0.06
-14511,3.37,-1153,2.36,639,2.06,21507,11_03_52_19_06_2025,-2.11,-0.11,-9.45,-0.01,-0.00,-0.06
-12876,3.25,-946,2.34,638,2.06,21533,11_03_52_19_06_2025,-2.10,-0.12,-9.46,-0.01,-0.00,-0.06
-11115,3.11,-1035,2.35,640,2.06,21558,11_03_52_19_06_2025,-2.10,-0.17,-9.47,-0.00,-0.00,-0.03
-10702,3.08,-1398,2.38,639,2.06,21583,11_03_52_19_06_2025,-2.11,-0.13,-9.46,0.00,-0.00,-0.01
-12078,3.19,-1283,2.37,639,2.06,21611,11_03_52_19_06_2025,-2.12,-0.11,-9.46,0.00,-0.00,0.00
-13535,3.30,-1513,2.39,639,2.06,21633,11_03_52_19_06_2025,-2.11,-0.11,-9.47,0.00,-0.00,-0.00
-14250,3.35,-1448,2.38,639,2.06,21658,11_03_52_19_06_2025,-2.11,-0.12,-9.46,0.00,-0.00,0.00
-13145,3.27,-1930,2.42,639,2.06,21683,11_03_52_19_06_2025,-2.10,-0.12,-9.46,0.00,-0.00,0.00
-11309,3.13,-1551,2.39,639,2.06,21705,11_03_52_19_06_2025,-2.11,-0.11,-9.46,0.00,-0.00,-0.00
-11370,3.13,-1807,2.41,640,2.06,21727,11_03_52_19_06_2025,-2.11,-0.11,-9.46,0.00,-0.00,0.00
-11261,3.13,-1844,2.41,639,2.06,21754,11_03_52_19_06_2025,-2.11,-0.11,-9.46,0.00,-0.00,-0.00
-10504,3.07,-1545,2.39,639,2.06,21777,11_03_52_19_06_2025,-2.11,-0.11,-9.46,0.00,-0.00,-0.00
-10070,3.04,-894,2.34,639,2.06,21799,11_03_52_19_06_2025,-2.10,-0.11,-9.45,0.00,-0.00,0.00
-9189,2.97,-993,2.35,639,2.06,21821,11_03_52_19_06_2025,-2.11,-0.11,-9.45,0.00,-0.00,-0.00
-8841,2.94,-791,2.33,637,2.05,21843,11_03_52_19_06_2025,-2.11,-0.08,-9.46,0.00,-0.00,-0.00
-8516,2.92,-1171,2.36,639,2.06,21872,11_03_52_19_06_2025,-2.11,-0.11,-9.47,0.00,-0.00,-0.00
-7702,2.86,-691,2.33,638,2.06,21894,11_03_53_19_06_2025,-2.11,-0.11,-9.46,0.00,-0.00,0.00
-7454,2.84,-390,2.30,640,2.06,21919,11_03_53_19_06_2025,-2.10,-0.11,-9.45,0.01,-0.00,-0.00
-6653,2.78,-493,2.31,640,2.06,21944,11_03_53_19_06_2025,-2.11,-0.12,-9.45,0.00,-0.00,0.00
-7338,2.83,-1975,2.42,637,2.05,21969,11_03_53_19_06_2025,-2.11,-0.11,-9.46,0.00,-0.00,0.00
-6833,2.79,-1379,2.38,639,2.06,21994,11_03_53_19_06_2025,-2.11,-0.12,-9.46,0.01,-0.00,-0.00
-8642,2.93,-1377,2.38,640,2.06,22022,11_03_53_19_06_2025,-2.11,-0.11,-9.46,0.01,-0.00,0.00
-10083,3.04,-1676,2.40,639,2.06,22045,11_03_53_19_06_2025,-2.11,-0.11,-9.45,0.01,-0.00,-0.00
-10900,3.10,-577,2.32,639,2.06,22070,11_03_53_19_06_2025,-2.11,-0.12,-9.45,0.00,-0.00,0.00
-11001,3.11,-1119,2.36,639,2.06,22095,11_03_53_19_06_2025,-2.11,-0.11,-9.46,0.00,-0.00,-0.00
-11009,3.11,-541,2.31,639,2.06,22126,11_03_53_19_06_2025,-2.12,-0.06,-9.47,0.01,0.00,-0.00
-11915,3.18,-761,2.33,639,2.06,22154,11_03_53_19_06_2025,-2.17,0.01,-9.38,-0.02,-0.02,0.01
-11935,3.18,-418,2.30,639,2.06,22176,11_03_53_19_06_2025,-2.10,-0.11,-9.44,0.01,-0.00,0.00
-11110,3.11,-418,2.30,639,2.06,22201,11_03_53_19_06_2025,-2.12,-0.13,-9.49,0.00,-0.00,-0.00
-11653,3.16,-228,2.29,639,2.06,22226,11_03_53_19_06_2025,-2.12,-0.08,-9.48,0.01,-0.00,-0.00
-11053,3.11,40,2.27,639,2.06,22251,11_03_53_19_06_2025,-2.13,0.01,-9.47,-0.01,-0.00,-0.08
-10619,3.08,-281,2.29,639,2.06,22277,11_03_53_19_06_2025,-2.13,0.03,-9.44,-0.04,-0.00,-0.18
-11394,3.14,-335,2.30,639,2.06,22305,11_03_53_19_06_2025,-2.11,-0.02,-9.45,-0.07,-0.00,-0.32
-12239,3.20,-100,2.28,639,2.06,22327,11_03_53_19_06_2025,-2.13,-0.05,-9.49,-0.08,-0.01,-0.39
-12050,3.19,1164,2.18,639,2.06,22352,11_03_53_19_06_2025,-2.11,-0.17,-9.45,-0.10,-0.00,-0.46
-11990,3.18,1920,2.13,639,2.06,22378,11_03_53_19_06_2025,-2.10,-0.07,-9.47,-0.09,-0.00,-0.43
-11936,3.18,2644,2.07,639,2.06,22403,11_03_53_19_06_2025,-2.12,-0.20,-9.55,-0.09,-0.00,-0.39
-12728,3.24,2995,2.05,639,2.06,22431,11_03_53_19_06_2025,-2.09,-0.24,-9.43,-0.06,-0.00,-0.28
-12645,3.23,2608,2.08,639,2.06,22455,11_03_53_19_06_2025,-2.15,0.14,-9.48,-0.04,-0.00,-0.17
-12395,3.21,2770,2.06,639,2.06,22479,11_03_53_19_06_2025,-2.12,-0.22,-9.45,-0.05,-0.00,-0.22
-12291,3.20,2902,2.05,640,2.06,22502,11_03_53_19_06_2025,-2.11,-0.02,-9.44,-0.05,-0.00,-0.22
-12315,3.21,2192,2.11,640,2.06,22524,11_03_53_19_06_2025,-2.15,0.21,-9.57,-0.06,0.02,-0.16
-12118,3.19,2448,2.09,639,2.06,22546,11_03_53_19_06_2025,-2.23,-0.18,-9.24,0.00,-0.01,-0.27
-11795,3.17,2941,2.05,639,2.06,22572,11_03_53_19_06_2025,-2.06,-0.30,-9.63,-0.04,-0.00,-0.22
-11697,3.16,2615,2.07,639,2.06,22594,11_03_53_19_06_2025,-2.10,-0.19,-9.47,-0.03,-0.00,-0.13
-11592,3.15,2480,2.08,639,2.06,22616,11_03_53_19_06_2025,-2.12,-0.08,-9.45,-0.02,-0.00,-0.12
-11512,3.14,2440,2.09,639,2.06,22639,11_03_53_19_06_2025,-2.10,-0.14,-9.45,-0.03,-0.00,-0.16
-11083,3.11,2360,2.09,640,2.06,22661,11_03_53_19_06_2025,-2.08,-0.22,-9.47,-0.01,-0.00,-0.07
-11272,3.13,2089,2.11,639,2.06,22686,11_03_53_19_06_2025,-2.12,-0.11,-9.46,0.00,-0.00,-0.00
-11143,3.12,2095,2.11,640,2.06,22708,11_03_53_19_06_2025,-2.10,-0.11,-9.46,0.00,-0.00,-0.00
-11228,3.12,1951,2.12,639,2.06,22730,11_03_53_19_06_2025,-2.11,-0.13,-9.47,0.00,-0.00,-0.01
-11435,3.14,1783,2.14,636,2.05,22753,11_03_53_19_06_2025,-2.11,-0.12,-9.46,0.00,-0.00,0.00
-11039,3.11,1797,2.14,639,2.06,22778,11_03_53_19_06_2025,-2.11,-0.11,-9.46,0.00,-0.00,-0.00
-10478,3.07,2031,2.12,639,2.06,22803,11_03_53_19_06_2025,-2.10,-0.11,-9.46,0.00,-0.00,-0.00
-9688,3.01,1855,2.13,639,2.06,22831,11_03_53_19_06_2025,-2.11,-0.12,-9.46,0.00,-0.00,0.00
-9159,2.97,2168,2.11,639,2.06,22853,11_03_53_19_06_2025,-2.12,-0.12,-9.45,0.00,-0.00,-0.00
-9523,2.99,2336,2.10,640,2.06,22878,11_03_53_19_06_2025,-2.13,-0.10,-9.51,0.00,-0.00,-0.01
-9604,3.00,2131,2.11,639,2.06,22903,11_03_54_19_06_2025,-2.13,-0.10,-9.49,0.00,-0.00,-0.01
-9413,2.99,2369,2.09,639,2.06,22928,11_03_54_19_06_2025,-2.09,-0.17,-9.43,0.00,-0.00,-0.01
-9593,3.00,2619,2.07,638,2.06,22956,11_03_54_19_06_2025,-2.11,-0.11,-9.43,0.00,-0.00,-0.01
-10036,3.03,2225,2.10,639,2.06,22978,11_03_54_19_06_2025,-2.13,-0.05,-9.44,-0.00,-0.00,-0.03
-8742,2.93,2225,2.10,640,2.06,23003,11_03_54_19_06_2025,-2.14,-0.05,-9.49,-0.02,-0.00,-0.10
-8932,2.95,2197,2.11,639,2.06,23029,11_03_54_19_06_2025,-2.07,-0.17,-9.35,-0.03,-0.01,-0.14
-8741,2.93,1768,2.14,639,2.06,23054,11_03_54_19_06_2025,-2.08,-0.20,-9.40,0.00,-0.00,-0.02
-8477,2.91,2060,2.12,639,2.06,23079,11_03_54_19_06_2025,-2.08,-0.13,-9.41,0.01,-0.00,0.00
-8413,2.91,2208,2.11,640,2.06,23107,11_03_54_19_06_2025,-2.11,-0.14,-9.44,0.00,-0.00,0.00
-8641,2.93,2106,2.11,639,2.06,23129,11_03_54_19_06_2025,-2.17,0.15,-9.32,-0.00,-0.00,-0.01
-8307,2.90,2213,2.11,639,2.06,23156,11_03_54_19_06_2025,-2.12,0.23,-9.48,-0.08,0.00,-0.30
-8027,2.88,1952,2.12,639,2.06,23178,11_03_54_19_06_2025,-2.17,-0.03,-9.35,-0.06,-0.02,-0.52
-7979,2.88,2210,2.11,639,2.06,23200,11_03_54_19_06_2025,-2.07,-0.00,-9.55,-0.21,0.01,-0.60
-8945,2.95,3152,2.03,639,2.06,23223,11_03_54_19_06_2025,-2.10,-0.27,-9.43,-0.13,-0.01,-0.63
-8947,2.95,3190,2.03,639,2.06,23248,11_03_54_19_06_2025,-2.11,-0.22,-9.45,-0.12,-0.00,-0.53
-8874,2.94,2979,2.05,639,2.06,23270,11_03_54_19_06_2025,-2.04,-0.22,-9.55,-0.24,0.02,-0.52
-8770,2.94,2795,2.06,638,2.06,23293,11_03_54_19_06_2025,-2.09,-0.30,-9.52,0.10,-0.03,-0.14
-8158,2.89,2570,2.08,639,2.06,23315,11_03_54_19_06_2025,-2.14,-0.19,-9.40,-0.00,-0.01,-0.08
-8345,2.90,2848,2.06,637,2.05,23337,11_03_54_19_06_2025,-2.07,-0.10,-9.48,-0.06,0.00,-0.11
-8733,2.93,2262,2.10,640,2.06,23363,11_03_54_19_06_2025,-2.12,-0.19,-9.41,0.04,-0.01,-0.01
-8181,2.89,1507,2.16,639,2.06,23385,11_03_54_19_06_2025,-2.09,-0.01,-9.53,0.08,-0.02,-0.01
-7922,2.87,834,2.21,639,2.06,23407,11_03_54_19_06_2025,-2.12,-0.05,-9.43,0.02,-0.01,0.00
-7948,2.87,907,2.20,639,2.06,23430,11_03_54_19_06_2025,-2.13,0.05,-9.48,-0.02,0.00,-0.05
-8453,2.91,570,2.23,639,2.06,23452,11_03_54_19_06_2025,-2.07,-0.32,-9.51,-0.05,0.01,-0.06
-9005,2.95,238,2.25,639,2.06,23474,11_03_54_19_06_2025,-2.15,-0.48,-9.35,0.08,-0.03,-0.02
-9283,2.98,-19,2.27,638,2.06,23499,11_03_54_19_06_2025,-2.11,-0.11,-9.48,0.00,-0.00,-0.00
-9134,2.96,34,2.27,639,2.06,23522,11_03_54_19_06_2025,-2.12,-0.12,-9.45,0.00,-0.00,0.00
-9382,2.98,-472,2.31,639,2.06,23544,11_03_54_19_06_2025,-2.13,-0.11,-9.46,0.01,-0.00,-0.00
-9208,2.97,134,2.26,639,2.06,23569,11_03_54_19_06_2025,-2.12,-0.11,-9.47,0.00,-0.00,-0.00
-9028,2.96,513,2.23,639,2.06,23594,11_03_54_19_06_2025,-2.12,-0.12,-9.47,0.01,-0.00,0.00
-8796,2.94,875,2.21,638,2.06,23622,11_03_54_19_06_2025,-2.12,-0.11,-9.46,0.00,-0.00,0.00
-8722,2.93,560,2.23,638,2.06,23645,11_03_54_19_06_2025,-2.13,-0.09,-9.43,0.01,0.00,-0.00
-8543,2.92,-511,2.31,639,2.06,23670,11_03_54_19_06_2025,-2.10,-0.14,-9.48,0.02,0.01,-0.01
-8521,2.92,-901,2.34,639,2.06,23695,11_03_54_19_06_2025,-2.12,-0.11,-9.45,0.02,0.01,-0.00
-8730,2.93,-601,2.32,639,2.06,23720,11_03_54_19_06_2025,-2.10,-0.14,-9.46,0.04,0.02,-0.01
-8820,2.94,-622,2.32,640,2.06,23745,11_03_54_19_06_2025,-2.09,-0.15,-9.47,0.03,0.01,-0.01
-9073,2.96,-1393,2.38,639,2.06,23773,11_03_54_19_06_2025,-2.10,-0.14,-9.46,0.03,0.01,-0.01
-9070,2.96,-1485,2.39,639,2.06,23796,11_03_54_19_06_2025,-2.09,-0.15,-9.46,0.03,0.01,-0.01
-9197,2.97,-593,2.32,639,2.06,23821,11_03_54_19_06_2025,-2.09,-0.16,-9.47,0.02,0.01,-0.01
-9263,2.97,194,2.26,638,2.06,23848,11_03_54_19_06_2025,-2.08,-0.18,-9.47,0.01,-0.00,-0.00
-9173,2.97,-1113,2.36,638,2.06,23870,11_03_54_19_06_2025,-2.09,-0.14,-9.46,0.00,-0.00,0.00
-9040,2.96,-1042,2.35,639,2.06,23892,11_03_55_19_06_2025,-2.10,-0.17,-9.47,0.01,0.00,-0.00
-9636,3.00,-346,2.30,639,2.06,23917,11_03_55_19_06_2025,-2.09,-0.17,-9.46,0.02,0.00,-0.00
-10097,3.04,82,2.27,638,2.06,23940,11_03_55_19_06_2025,-2.09,-0.18,-9.48,0.00,-0.00,0.00
-10083,3.04,332,2.25,640,2.06,23962,11_03_55_19_06_2025,-2.08,-0.16,-9.47,0.01,-0.00,-0.00
-10024,3.03,1518,2.16,639,2.06,23984,11_03_55_19_06_2025,-2.09,-0.17,-9.46,0.01,-0.00,-0.00
-9692,3.01,1658,2.15,639,2.06,24006,11_03_55_19_06_2025,-2.09,-0.17,-9.47,0.01,0.00,-0.00
-9321,2.98,1454,2.16,639,2.06,24037,11_03_55_19_06_2025,-2.07,-0.18,-9.47,0.03,0.01,-0.01
-9330,2.98,806,2.21,640,2.06,24062,11_03_55_19_06_2025,-2.06,-0.22,-9.47,0.02,0.01,-0.00
-9494,2.99,493,2.24,639,2.06,24087,11_03_55_19_06_2025,-2.09,-0.18,-9.46,-0.00,-0.01,0.00
-9078,2.96,508,2.23,638,2.06,24112,11_03_55_19_06_2025,-2.09,-0.16,-9.47,-0.01,-0.01,0.00
-9078,2.96,426,2.24,639,2.06,24137,11_03_55_19_06_2025,-2.09,-0.18,-9.44,0.02,0.00,-0.00
-8930,2.95,-183,2.29,636,2.05,24163,11_03_55_19_06_2025,-2.07,-0.19,-9.47,0.01,0.00,-0.00
-8768,2.94,-459,2.31,639,2.06,24191,11_03_55_19_06_2025,-2.08,-0.17,-9.47,0.01,0.00,-0.00
-8708,2.93,-671,2.32,639,2.06,24213,11_03_55_19_06_2025,-2.08,-0.18,-9.45,0.02,0.00,-0.00
-8859,2.94,-1208,2.36,638,2.06,24238,11_03_55_19_06_2025,-2.08,-0.20,-9.46,0.01,-0.00,0.00
-8607,2.92,-1109,2.36,639,2.06,24263,11_03_55_19_06_2025,-2.08,-0.18,-9.46,0.02,0.00,-0.00
-8813,2.94,-977,2.35,640,2.06,24289,11_03_55_19_06_2025,-2.08,-0.18,-9.47,0.02,0.01,-0.00
-8928,2.95,-884,2.34,640,2.06,24317,11_03_55_19_06_2025,-2.07,-0.20,-9.47,0.02,0.01,-0.00
-8879,2.95,2,2.27,637,2.05,24339,11_03_55_19_06_2025,-2.07,-0.20,-9.48,0.01,0.00,-0.00
-8711,2.93,951,2.20,639,2.06,24364,11_03_55_19_06_2025,-2.03,-0.29,-9.49,0.04,0.01,0.04
-8608,2.92,1806,2.14,639,2.06,24389,11_03_55_19_06_2025,-2.04,-0.32,-9.47,0.06,0.01,0.11
-8688,2.93,1200,2.18,639,2.06,24415,11_03_55_19_06_2025,-2.03,-0.29,-9.48,0.08,0.01,0.21
-8515,2.92,663,2.22,639,2.06,24440,11_03_55_19_06_2025,-2.03,-0.31,-9.50,0.12,0.02,0.32
-8710,2.93,735,2.22,639,2.06,24468,11_03_55_19_06_2025,-2.02,-0.33,-9.48,0.14,0.02,0.42
-8426,2.91,490,2.24,639,2.06,24490,11_03_55_19_06_2025,-2.01,-0.31,-9.50,0.15,0.02,0.51
-8430,2.91,111,2.26,639,2.06,24515,11_03_55_19_06_2025,-2.03,-0.29,-9.47,0.16,0.02,0.55
-8706,2.93,613,2.23,639,2.06,24541,11_03_55_19_06_2025,-2.03,-0.26,-9.47,0.13,0.01,0.56
-8839,2.94,1380,2.17,640,2.06,24568,11_03_55_19_06_2025,-2.06,-0.20,-9.48,0.10,-0.00,0.51
-8971,2.95,1782,2.14,638,2.06,24590,11_03_55_19_06_2025,-2.11,-0.07,-9.49,0.06,-0.01,0.38
-9215,2.97,2281,2.10,639,2.06,24616,11_03_55_19_06_2025,-2.11,-0.03,-9.47,0.03,-0.01,0.25
-9187,2.97,2554,2.08,639,2.06,24638,11_03_55_19_06_2025,-2.09,-0.12,-9.44,-0.00,-0.01,0.02
-9075,2.96,2607,2.08,639,2.06,24661,11_03_55_19_06_2025,-2.03,-0.30,-9.47,0.00,-0.01,-0.00
-9057,2.96,2733,2.07,639,2.06,24686,11_03_55_19_06_2025,-2.06,-0.19,-9.47,-0.01,-0.01,0.00
-9189,2.97,2833,2.06,639,2.06,24711,11_03_55_19_06_2025,-2.04,-0.27,-9.47,0.01,-0.00,-0.00
-9264,2.97,2740,2.07,639,2.06,24736,11_03_55_19_06_2025,-2.05,-0.25,-9.48,-0.03,-0.02,0.01
-9042,2.96,2629,2.07,639,2.06,24759,11_03_55_19_06_2025,-2.06,-0.20,-9.49,-0.03,-0.02,0.01
-9009,2.96,2639,2.07,639,2.06,24782,11_03_55_19_06_2025,-2.07,-0.18,-9.47,-0.00,-0.01,0.00
-9043,2.96,2450,2.09,639,2.06,24807,11_03_55_19_06_2025,-2.06,-0.25,-9.47,-0.00,-0.01,0.00
-9095,2.96,2440,2.09,639,2.06,24832,11_03_55_19_06_2025,-2.05,-0.22,-9.47,-0.03,-0.02,0.01
-8969,2.95,2505,2.08,639,2.06,24857,11_03_55_19_06_2025,-2.07,-0.20,-9.46,-0.05,-0.03,0.01
-8992,2.95,2512,2.08,640,2.06,24885,11_03_55_19_06_2025,-2.11,-0.13,-9.45,-0.01,-0.01,0.00
-9055,2.96,2462,2.09,638,2.06,24908,11_03_56_19_06_2025,-2.07,-0.21,-9.46,0.00,-0.00,0.00
-8744,2.94,2478,2.09,639,2.06,24932,11_03_56_19_06_2025,-2.07,-0.20,-9.51,-0.02,-0.02,0.00
-8594,2.92,2310,2.10,638,2.06,24957,11_03_56_19_06_2025,-2.21,0.17,-9.66,0.53,0.26,-0.18
-8748,2.94,2368,2.09,638,2.06,24983,11_03_56_19_06_2025,-1.70,-0.21,-9.95,-0.22,-0.04,-0.04
-8629,2.93,2289,2.10,639,2.06,25008,11_03_56_19_06_2025,-1.92,-1.07,-9.19,-0.25,-0.20,-0.01
-8624,2.93,1975,2.12,639,2.06,25036,11_03_56_19_06_2025,-2.72,1.10,-8.16,-0.31,-0.14,-0.05
-8638,2.93,2135,2.11,639,2.06,25058,11_03_56_19_06_2025,-1.94,-0.41,-9.52,-0.01,0.01,-0.19
-8554,2.92,2175,2.11,639,2.06,25083,11_03_56_19_06_2025,-2.07,-0.18,-9.56,-0.05,-0.01,-0.25
-8336,2.90,2175,2.11,639,2.06,25108,11_03_56_19_06_2025,-2.09,-0.23,-9.45,-0.03,-0.00,-0.16
-8624,2.93,2276,2.10,639,2.06,25133,11_03_56_19_06_2025,-2.12,-0.17,-9.47,0.00,-0.00,-0.01
-8365,2.91,2383,2.09,639,2.06,25161,11_03_56_19_06_2025,-2.11,-0.13,-9.42,0.07,0.04,-0.02
-8338,2.90,1802,2.14,639,2.06,25184,11_03_56_19_06_2025,-2.01,-0.28,-9.65,0.15,0.07,-0.03
-8271,2.90,1813,2.14,639,2.06,25209,11_03_56_19_06_2025,-1.41,-1.33,-9.90,-0.10,-0.08,0.11
-7981,2.88,1484,2.16,639,2.06,25234,11_03_56_19_06_2025,-0.98,-1.19,-9.64,0.11,0.04,1.12
-8133,2.89,1319,2.17,639,2.06,25259,11_03_56_19_06_2025,-1.65,-1.13,-9.61,0.15,0.04,1.59
-8465,2.91,1696,2.14,639,2.06,25286,11_03_56_19_06_2025,-1.61,-1.33,-9.76,0.52,-0.02,1.93
-8541,2.92,1792,2.14,639,2.06,25311,11_03_56_19_06_2025,-1.36,-0.80,-9.67,0.63,-0.02,2.27
-8548,2.92,1528,2.16,639,2.06,25333,11_03_56_19_06_2025,-0.85,-1.35,-9.66,0.67,-0.01,2.55
-8408,2.91,1525,2.16,639,2.06,25356,11_03_56_19_06_2025,-1.68,-0.65,-9.53,0.62,0.01,2.62
-8236,2.90,1353,2.17,638,2.06,25378,11_03_56_19_06_2025,-1.82,-0.12,-9.47,0.60,-0.00,2.59
-8099,2.89,1371,2.17,639,2.06,25401,11_03_56_19_06_2025,-2.04,0.03,-9.48,0.58,0.00,2.47
-8323,2.90,1607,2.15,638,2.06,25426,11_03_56_19_06_2025,-2.36,0.47,-9.39,0.56,0.00,2.39
-8310,2.90,1340,2.17,639,2.06,25448,11_03_56_19_06_2025,-2.35,0.84,-9.47,0.51,0.00,2.15
-8310,2.90,1376,2.17,639,2.06,25470,11_03_56_19_06_2025,-2.22,0.22,-9.44,0.44,-0.00,1.88
-8191,2.89,1414,2.17,639,2.06,25493,11_03_56_19_06_2025,-2.78,0.54,-9.19,0.43,0.00,1.84
-8198,2.89,1381,2.17,639,2.06,25515,11_03_56_19_06_2025,-1.83,0.55,-9.49,0.35,-0.01,1.47
-8220,2.90,1519,2.16,639,2.06,25538,11_03_56_19_06_2025,-2.14,0.09,-9.41,0.30,0.00,1.29
-8365,2.91,1495,2.16,639,2.06,25563,11_03_56_19_06_2025,-2.21,0.26,-9.46,0.23,0.00,1.00
-8508,2.92,1470,2.16,639,2.06,25585,11_03_56_19_06_2025,-2.67,0.47,-9.32,0.21,0.00,0.90
-8338,2.90,1477,2.16,639,2.06,25607,11_03_56_19_06_2025,-2.32,0.87,-9.40,0.14,0.00,0.58
-8286,2.90,1354,2.17,639,2.06,25630,11_03_56_19_06_2025,-2.27,0.63,-9.44,0.11,0.00,0.46
-8443,2.91,1587,2.15,638,2.06,25652,11_03_56_19_06_2025,-2.09,1.00,-9.49,0.07,0.00,0.28
-8315,2.90,1259,2.18,637,2.05,25674,11_03_56_19_06_2025,-2.11,0.67,-9.47,0.05,-0.00,0.21
-8304,2.90,1438,2.16,639,2.06,25700,11_03_56_19_06_2025,-2.06,0.64,-9.61,0.07,0.00,0.26
-8346,2.90,1520,2.16,639,2.06,25722,11_03_56_19_06_2025,-1.93,0.70,-9.50,0.04,0.00,0.12
-8307,2.90,1491,2.16,639,2.06,25744,11_03_56_19_06_2025,-2.12,-0.03,-9.44,0.12,0.06,-0.03
-8393,2.91,1323,2.17,639,2.06,25767,11_03_56_19_06_2025,-2.16,0.01,-9.43,0.20,0.11,-0.05
-8249,2.90,1285,2.18,639,2.06,25789,11_03_56_19_06_2025,-2.06,-0.18,-9.59,0.21,0.12,-0.10
-8373,2.91,1291,2.17,638,2.06,25812,11_03_56_19_06_2025,-2.04,-0.34,-9.43,0.10,0.14,-0.08
-8265,2.90,1429,2.16,639,2.06,25837,11_03_56_19_06_2025,-2.26,-0.32,-9.60,0.07,0.01,-0.15
-8457,2.91,1542,2.16,639,2.06,25859,11_03_56_19_06_2025,-1.94,-0.40,-9.46,0.01,-0.04,-0.14
-8551,2.92,1154,2.19,638,2.06,25882,11_03_56_19_06_2025,-1.83,-0.50,-9.38,-0.01,-0.05,-0.06
-8199,2.89,1237,2.18,639,2.06,25904,11_03_57_19_06_2025,-1.98,-0.33,-9.49,-0.01,-0.01,0.00
-8241,2.90,1197,2.18,639,2.06,25926,11_03_57_19_06_2025,-1.97,-0.38,-9.48,-0.01,-0.01,0.04
-8482,2.92,1290,2.17,639,2.06,25953,11_03_57_19_06_2025,-2.09,-0.27,-9.36,-0.13,-0.03,0.05
-8324,2.90,1519,2.16,639,2.06,25978,11_03_57_19_06_2025,-1.85,-0.19,-9.45,-0.01,-0.02,-0.04
-8436,2.91,1200,2.18,640,2.06,26003,11_03_57_19_06_2025,-2.00,-0.14,-9.50,-0.01,-0.00,-0.04
-8404,2.91,1242,2.18,639,2.06,26028,11_03_57_19_06_2025,-2.03,-0.20,-9.46,0.14,0.02,-0.04
-8523,2.92,1312,2.17,639,2.06,26053,11_03_57_19_06_2025,-1.93,-0.49,-9.41,0.07,0.03,0.06
