-81239,8.43,0,2.27,638,2.06,1109,15_10_07_18_06_2025,-0.50,7.54,7.03,0.13,-1.35,0.71
-82416,8.52,-62835,7.03,640,2.06,1207,15_10_07_18_06_2025,-0.44,6.87,6.47,-0.19,0.12,-0.08
-81873,8.48,-62698,7.02,640,2.06,1228,15_10_07_18_06_2025,-0.55,6.20,5.70,-0.17,0.20,-0.09
-81890,8.48,-62449,7.00,640,2.06,1251,15_10_07_18_06_2025,-0.35,6.20,5.40,-0.28,0.17,-0.09
-81956,8.48,-62446,7.00,640,2.06,1271,15_10_07_18_06_2025,-0.67,6.11,5.77,-0.34,0.13,-0.11
-81892,8.48,-61996,6.97,640,2.06,1291,15_10_07_18_06_2025,-1.32,5.75,6.27,-0.15,0.02,0.16
-81785,8.47,-61935,6.96,640,2.06,1314,15_10_07_18_06_2025,-0.85,6.63,6.23,-0.03,-0.01,0.26
-81720,8.46,-61800,6.95,641,2.07,1334,15_10_07_18_06_2025,-0.39,7.12,6.06,0.04,-0.07,0.26
-81590,8.45,-61681,6.95,640,2.06,1355,15_10_07_18_06_2025,0.43,8.54,6.73,-0.18,-0.07,0.06
-81539,8.45,-61716,6.95,640,2.06,1375,15_10_07_18_06_2025,0.91,9.21,7.27,-0.14,-0.02,-0.10
-81070,8.41,-61561,6.94,639,2.06,1395,15_10_07_18_06_2025,1.42,9.10,6.81,0.10,-0.06,-0.22
-80485,8.37,-60982,6.89,640,2.06,1416,15_10_07_18_06_2025,1.73,9.16,6.45,0.16,-0.11,-0.32
-79816,8.32,-59606,6.79,640,2.06,1439,15_10_07_18_06_2025,2.26,9.33,6.67,0.11,-0.07,-0.62
-78932,8.25,-57615,6.64,639,2.06,1459,15_10_07_18_06_2025,2.37,8.60,6.35,0.01,0.02,-0.84
-77665,8.16,-56622,6.56,640,2.06,1479,15_10_07_18_06_2025,2.10,8.12,6.14,-0.15,0.16,-1.04
-76549,8.07,-55202,6.45,639,2.06,1500,15_10_07_18_06_2025,1.80,7.66,6.91,-0.10,0.22,-0.99
-75746,8.01,-53547,6.33,634,2.05,1520,15_10_07_18_06_2025,1.78,7.97,8.03,0.33,-0.03,-0.82
-72688,7.78,-50488,6.10,639,2.06,1543,15_10_07_18_06_2025,1.90,8.19,8.28,0.70,-0.16,-0.87
-68985,7.50,-47403,5.86,640,2.06,1566,15_10_07_18_06_2025,2.96,7.90,8.39,0.85,-0.11,-1.06
-67114,7.36,-46384,5.79,639,2.06,1587,15_10_07_18_06_2025,1.76,8.17,8.37,0.77,-0.13,-1.32
-65601,7.24,-44220,5.62,640,2.06,1607,15_10_07_18_06_2025,0.07,7.77,8.11,0.74,-0.02,-1.60
-60574,6.86,-40232,5.32,639,2.06,1627,15_10_07_18_06_2025,-1.01,5.83,6.94,0.91,0.19,-1.55
-57544,6.63,-35853,4.99,640,2.06,1648,15_10_07_18_06_2025,-1.89,5.27,5.93,1.12,0.14,-1.12
-49781,6.04,-32093,4.70,640,2.06,1676,15_10_07_18_06_2025,-3.10,5.66,6.38,0.93,0.16,-0.92
-46437,5.79,-26247,4.26,640,2.06,1697,15_10_07_18_06_2025,-4.31,5.07,6.24,1.09,0.28,-0.80
-37078,5.08,-18787,3.70,640,2.06,1717,15_10_07_18_06_2025,-7.73,3.47,4.28,1.21,0.33,-0.58
-27312,4.34,-15085,3.42,640,2.06,1737,15_10_07_18_06_2025,-9.81,2.29,3.89,0.88,0.48,-0.33
-22023,3.94,-6916,2.80,634,2.05,1758,15_10_07_18_06_2025,-8.73,2.80,3.56,0.63,0.65,0.16
-14602,3.38,-2447,2.46,640,2.06,1782,15_10_07_18_06_2025,-4.80,5.32,2.33,0.30,0.29,0.59
-14602,3.38,-2215,2.44,639,2.06,1809,15_10_07_18_06_2025,-3.67,8.35,3.74,0.06,-0.52,0.25
-13744,3.31,-2421,2.46,640,2.06,1829,15_10_07_18_06_2025,-2.63,9.48,4.29,0.22,-0.76,-0.17
-13912,3.33,-2660,2.47,640,2.06,1849,15_10_07_18_06_2025,-1.82,9.41,4.34,0.35,-0.80,-0.81
-13913,3.33,-3243,2.52,640,2.06,1870,15_10_07_18_06_2025,-2.16,8.78,3.55,0.14,-0.73,-1.36
-14451,3.37,-4793,2.64,640,2.06,1890,15_10_07_18_06_2025,-3.36,7.43,4.17,-0.68,-0.20,-1.84
-14926,3.40,-5769,2.71,640,2.06,1913,15_10_07_18_06_2025,-3.63,4.98,5.14,-0.80,0.04,-1.83
-15311,3.43,-5898,2.72,639,2.06,1934,15_10_07_18_06_2025,-5.39,6.36,4.76,-1.29,0.44,-1.43
-15569,3.45,-6363,2.75,639,2.06,1954,15_10_07_18_06_2025,-6.28,6.74,4.80,-1.04,0.18,-1.86
-15819,3.47,-6287,2.75,640,2.06,1975,15_10_08_18_06_2025,-6.59,6.13,5.49,-0.51,-0.16,-1.49
-15763,3.47,-5877,2.72,640,2.06,1995,15_10_08_18_06_2025,-7.32,6.35,5.62,0.52,-0.79,-0.86
-15639,3.46,-5973,2.73,640,2.06,2015,15_10_08_18_06_2025,-6.76,7.19,6.19,1.39,-1.29,-0.49
-15778,3.47,-5809,2.71,640,2.06,2038,15_10_08_18_06_2025,-6.30,7.33,6.97,2.34,-1.73,-0.54
-15844,3.47,-5707,2.71,640,2.06,2059,15_10_08_18_06_2025,-6.29,6.12,7.54,2.74,-1.96,-0.78
-15851,3.47,-5714,2.71,640,2.06,2079,15_10_08_18_06_2025,-5.56,8.46,9.46,2.60,-1.83,-0.48
-15527,3.45,-5714,2.71,640,2.06,2099,15_10_08_18_06_2025,-3.51,10.25,9.24,3.28,-1.27,-1.03
-15371,3.44,-5225,2.67,639,2.06,2119,15_10_08_18_06_2025,-3.59,9.15,8.18,3.83,-1.28,-1.70
-15196,3.42,-4635,2.62,640,2.06,2139,15_10_08_18_06_2025,-4.63,7.83,6.51,3.56,-1.02,-1.99
-14916,3.40,-4398,2.61,640,2.06,2162,15_10_08_18_06_2025,-5.23,7.86,4.40,2.87,-0.08,-1.74
-14533,3.37,-4672,2.63,640,2.06,2186,15_10_08_18_06_2025,-6.10,7.66,3.23,2.92,0.00,-1.51
-14722,3.39,-4633,2.62,639,2.06,2206,15_10_08_18_06_2025,-6.33,6.16,2.32,3.29,-0.29,-1.20
-14670,3.38,-4529,2.62,639,2.06,2226,15_10_08_18_06_2025,-6.51,5.43,1.61,3.39,-0.62,-0.56
-14449,3.37,-4321,2.60,640,2.06,2246,15_10_08_18_06_2025,-6.95,5.36,0.38,2.61,-0.20,-0.22
-14657,3.38,-4019,2.58,640,2.06,2269,15_10_08_18_06_2025,-6.51,5.61,-0.37,1.89,-0.08,-0.11
-14771,3.39,-4054,2.58,640,2.06,2289,15_10_08_18_06_2025,-5.83,5.94,0.01,1.08,-0.37,0.04
-14621,3.38,-4144,2.59,639,2.06,2310,15_10_08_18_06_2025,-5.87,6.92,0.94,0.88,-0.33,0.07
-14318,3.36,-4061,2.58,640,2.06,2330,15_10_08_18_06_2025,-6.02,7.20,0.75,0.93,-0.30,-0.05
-14390,3.36,-4099,2.58,640,2.06,2350,15_10_08_18_06_2025,-5.90,6.41,0.50,0.80,-0.25,-0.12
-14421,3.37,-4186,2.59,640,2.06,2371,15_10_08_18_06_2025,-6.49,6.43,0.55,0.15,-0.14,-0.05
-14485,3.37,-4017,2.58,640,2.06,2395,15_10_08_18_06_2025,-6.81,6.45,0.73,-0.02,-0.19,0.00
-14657,3.38,-4078,2.58,640,2.06,2415,15_10_08_18_06_2025,-7.01,6.25,2.03,-0.56,0.05,0.08
-14641,3.38,-4221,2.59,639,2.06,2436,15_10_08_18_06_2025,-6.72,6.65,2.35,-0.38,0.31,0.20
-14813,3.39,-4592,2.62,640,2.06,2456,15_10_08_18_06_2025,-6.89,6.54,1.72,-0.27,0.45,0.27
-14769,3.39,-4758,2.63,639,2.06,2476,15_10_08_18_06_2025,-7.26,5.84,1.49,-0.60,0.68,0.27
-14778,3.39,-5040,2.65,640,2.06,2500,15_10_08_18_06_2025,-7.28,5.15,0.91,-1.19,0.85,0.24
-15339,3.43,-5529,2.69,640,2.06,2520,15_10_08_18_06_2025,-7.61,4.53,0.92,-1.57,0.85,0.19
-16107,3.49,-5823,2.71,640,2.06,2540,15_10_08_18_06_2025,-7.92,4.20,0.40,-1.66,0.67,0.41
-16055,3.49,-6096,2.73,639,2.06,2560,15_10_08_18_06_2025,-8.12,4.07,0.74,-1.65,0.38,1.12
-16316,3.51,-6478,2.76,640,2.06,2581,15_10_08_18_06_2025,-7.78,4.84,1.61,-1.92,0.42,1.39
-16899,3.55,-6763,2.79,640,2.06,2601,15_10_08_18_06_2025,-7.24,5.77,2.48,-1.80,0.51,1.59
-16956,3.56,-6864,2.79,640,2.06,2624,15_10_08_18_06_2025,-5.65,6.47,2.99,-1.64,0.73,1.90
-17600,3.61,-7259,2.82,639,2.06,2644,15_10_08_18_06_2025,-5.04,7.76,3.00,-1.63,0.86,1.90
-19381,3.74,-8399,2.91,639,2.06,2665,15_10_08_18_06_2025,-3.77,8.23,3.43,-1.76,1.03,1.71
-20867,3.85,-10678,3.08,640,2.06,2685,15_10_08_18_06_2025,-2.51,9.16,3.47,-1.75,1.11,1.66
-25781,4.23,-14080,3.34,640,2.06,2705,15_10_08_18_06_2025,-0.35,11.64,3.78,-0.76,0.90,3.34
-32238,4.72,-15658,3.46,640,2.06,2726,15_10_08_18_06_2025,1.22,16.42,2.71,-0.33,0.55,3.74
-32238,4.72,-19272,3.73,639,2.06,2749,15_10_08_18_06_2025,2.97,18.10,2.63,-0.56,-0.16,1.80
-39728,5.28,-22976,4.01,640,2.06,2769,15_10_08_18_06_2025,1.41,15.17,5.82,-0.55,-0.27,-1.08
-42608,5.50,-26086,4.25,640,2.06,2789,15_10_08_18_06_2025,-1.00,11.90,5.38,-0.14,-0.08,-1.47
-43405,5.56,-28866,4.46,640,2.06,2810,15_10_08_18_06_2025,-3.43,7.89,4.61,0.17,0.13,-0.80
-45297,5.70,-30321,4.57,640,2.06,2830,15_10_08_18_06_2025,-3.68,5.76,2.80,-0.55,0.90,-0.25
-47474,5.87,-32705,4.75,640,2.06,2853,15_10_08_18_06_2025,-3.54,5.13,1.97,-0.87,1.02,0.22
-49909,6.05,-33803,4.83,640,2.06,2874,15_10_08_18_06_2025,-4.15,3.85,1.90,-0.23,0.63,1.05
-50779,6.12,-32734,4.75,639,2.06,2894,15_10_08_18_06_2025,-3.93,4.58,2.62,-0.09,0.35,1.89
-51741,6.19,-31521,4.66,640,2.06,2914,15_10_08_18_06_2025,-1.84,7.27,4.30,-0.49,0.32,2.78
-53245,6.31,-31657,4.67,639,2.06,2934,15_10_08_18_06_2025,-0.25,10.21,5.16,-0.51,0.26,2.50
-54457,6.40,-33208,4.79,639,2.06,2955,15_10_08_18_06_2025,0.10,11.27,5.95,-0.18,0.11,1.72
-55833,6.50,-36107,5.01,640,2.06,2979,15_10_09_18_06_2025,-0.91,10.54,6.26,-0.55,0.56,0.46
-56964,6.59,-38710,5.21,639,2.06,2999,15_10_09_18_06_2025,-2.14,8.57,5.43,-1.19,1.13,-0.12
-57579,6.63,-40918,5.37,640,2.06,3019,15_10_09_18_06_2025,-2.29,7.81,5.07,-1.11,1.07,0.18
-59729,6.80,-42053,5.46,639,2.06,3039,15_10_09_18_06_2025,-2.26,7.01,4.92,-0.59,0.71,0.76
-62293,6.99,-43046,5.53,640,2.06,3060,15_10_09_18_06_2025,-1.28,8.06,5.91,-0.69,0.56,1.08
-63277,7.07,-43071,5.54,640,2.06,3080,15_10_09_18_06_2025,-0.52,9.55,6.89,-0.46,0.44,1.11
-64672,7.17,-43050,5.53,639,2.06,3103,15_10_09_18_06_2025,-0.13,10.11,6.48,-0.16,0.49,0.87
-66359,7.30,-45046,5.69,639,2.06,3124,15_10_09_18_06_2025,-0.51,9.46,6.20,-0.10,0.62,0.45
-67299,7.37,-46547,5.80,640,2.06,3144,15_10_09_18_06_2025,-0.56,8.93,5.86,0.13,0.49,0.53
-68608,7.47,-48987,5.98,639,2.06,3164,15_10_09_18_06_2025,-0.71,8.57,5.05,-0.25,0.69,0.29
-70316,7.60,-50995,6.14,640,2.06,3184,15_10_09_18_06_2025,-0.77,7.65,4.12,-0.60,0.85,0.05
-72096,7.73,-52347,6.24,640,2.06,3207,15_10_09_18_06_2025,-0.42,7.67,3.90,-0.82,0.67,0.43
-72871,7.79,-52574,6.26,640,2.06,3227,15_10_09_18_06_2025,0.80,9.14,4.49,-0.84,0.38,0.54
-74340,7.90,-52855,6.28,639,2.06,3248,15_10_09_18_06_2025,1.75,10.36,4.36,-0.64,-0.03,0.46
-74340,7.90,-53635,6.34,640,2.06,3268,15_10_09_18_06_2025,0.37,9.94,3.59,-0.89,-0.27,-0.24
-76235,8.05,-55291,6.46,640,2.06,3288,15_10_09_18_06_2025,0.27,9.51,3.35,-1.34,-0.15,-0.41
-77389,8.14,-56101,6.52,640,2.06,3309,15_10_09_18_06_2025,1.21,8.96,4.68,-1.71,-0.44,-0.47
-78683,8.23,-57607,6.64,640,2.06,3332,15_10_09_18_06_2025,0.11,9.07,7.53,-1.70,-0.82,-0.18
-79283,8.28,-58659,6.72,639,2.06,3352,15_10_09_18_06_2025,1.01,9.81,7.49,-1.12,-0.60,0.17
-80127,8.34,-58973,6.74,640,2.06,3372,15_10_09_18_06_2025,1.70,10.36,6.96,-0.60,-0.53,0.03
-80626,8.38,-58785,6.73,640,2.06,3393,15_10_09_18_06_2025,1.00,9.72,6.58,-0.20,-0.43,-0.21
-80853,8.40,-58788,6.73,639,2.06,3413,15_10_09_18_06_2025,0.36,8.19,6.49,0.07,-0.20,-0.41
-81185,8.42,-58531,6.71,639,2.06,3436,15_10_09_18_06_2025,-0.52,7.20,6.92,0.32,-0.10,-0.35
-81095,8.42,-58444,6.70,640,2.06,3456,15_10_09_18_06_2025,-0.62,6.46,6.70,0.70,-0.03,-0.21
-81195,8.42,-58497,6.70,640,2.06,3477,15_10_09_18_06_2025,-1.58,4.97,5.76,0.53,0.32,0.10
-81402,8.44,-58676,6.72,640,2.06,3497,15_10_09_18_06_2025,-0.66,5.40,4.77,0.22,0.54,0.26
-82107,8.49,-59093,6.75,640,2.06,3517,15_10_09_18_06_2025,0.26,5.97,5.04,0.12,0.39,0.30
-82392,8.51,-59198,6.76,640,2.06,3538,15_10_09_18_06_2025,-0.34,6.54,5.55,0.12,0.40,0.25
-82120,8.49,-59461,6.78,639,2.06,3561,15_10_09_18_06_2025,-0.15,6.51,5.77,0.21,0.34,0.10
-82289,8.51,-59402,6.77,640,2.06,3583,15_10_09_18_06_2025,-0.74,5.87,6.01,0.31,0.32,0.05
-82528,8.52,-59712,6.80,640,2.06,3606,15_10_09_18_06_2025,-1.44,5.44,6.77,0.33,0.43,0.25
-82649,8.53,-60502,6.86,640,2.06,3626,15_10_09_18_06_2025,-1.09,5.60,5.98,0.25,0.60,0.36
-83208,8.58,-60807,6.88,639,2.06,3647,15_10_09_18_06_2025,-0.55,5.99,5.02,0.06,0.63,0.39
-83456,8.60,-61332,6.92,640,2.06,3667,15_10_09_18_06_2025,0.01,7.15,5.65,-0.24,0.58,0.29
-83864,8.63,-61908,6.96,638,2.06,3690,15_10_09_18_06_2025,-0.18,7.41,6.01,-0.14,0.52,0.22
-84071,8.64,-62517,7.01,640,2.06,3710,15_10_09_18_06_2025,-0.46,6.95,5.73,0.12,0.42,0.22
-84411,8.67,-63191,7.06,640,2.06,3731,15_10_09_18_06_2025,-1.37,6.42,6.20,0.05,0.48,0.36
-84539,8.68,-63353,7.07,640,2.06,3751,15_10_09_18_06_2025,-0.89,7.09,6.49,-0.01,0.65,0.62
-84718,8.69,-63516,7.08,638,2.06,3771,15_10_09_18_06_2025,-0.04,8.09,5.57,0.04,0.71,0.83
-85653,8.76,-63747,7.10,638,2.06,3795,15_10_09_18_06_2025,0.91,9.72,4.69,0.01,0.41,0.31
-85053,8.72,-63524,7.09,640,2.06,3815,15_10_09_18_06_2025,-0.06,9.17,5.42,-0.02,0.39,0.20
-85164,8.72,-63835,7.11,640,2.06,3835,15_10_09_18_06_2025,0.10,8.99,5.37,-0.01,0.52,0.31
-85626,8.76,-64009,7.12,640,2.06,3855,15_10_09_18_06_2025,0.63,9.46,4.91,0.08,0.50,0.46
-86040,8.79,-63432,7.08,640,2.06,3876,15_10_09_18_06_2025,1.21,9.54,3.78,0.13,0.31,0.06
-85750,8.77,-63395,7.08,640,2.06,3896,15_10_09_18_06_2025,0.59,9.15,4.54,0.04,0.14,-0.08
-85617,8.76,-63651,7.09,640,2.06,3919,15_10_09_18_06_2025,-0.18,8.61,5.13,0.07,0.12,-0.06
-85912,8.78,-63427,7.08,639,2.06,3939,15_10_09_18_06_2025,-0.09,7.93,4.39,0.05,0.27,0.06
-85686,8.76,-63259,7.07,639,2.06,3959,15_10_09_18_06_2025,0.13,7.74,4.13,0.04,0.18,-0.02
-85488,8.75,-63166,7.06,640,2.06,3979,15_10_10_18_06_2025,-0.14,7.06,4.40,0.04,0.12,-0.05
-85284,8.73,-63298,7.07,640,2.06,4000,15_10_10_18_06_2025,-0.65,6.20,4.21,0.04,0.13,0.00
-85078,8.72,-63141,7.06,639,2.06,4020,15_10_10_18_06_2025,-0.92,5.30,4.02,-0.27,0.25,0.07
-84965,8.71,-63141,7.06,639,2.06,4043,15_10_10_18_06_2025,-0.52,6.33,4.71,-0.43,0.25,0.22
-84723,8.69,-63185,7.06,639,2.06,4068,15_10_10_18_06_2025,0.14,7.88,4.84,-0.18,0.07,0.29
-84726,8.69,-63061,7.05,639,2.06,4092,15_10_10_18_06_2025,0.18,8.08,5.33,-0.16,-0.02,0.18
-84895,8.70,-63035,7.05,639,2.06,4112,15_10_10_18_06_2025,-0.07,8.81,6.18,-0.38,0.04,-0.02
-84804,8.70,-62930,7.04,639,2.06,4132,15_10_10_18_06_2025,-0.23,8.82,6.14,-0.14,0.03,0.06
-85155,8.72,-63008,7.05,640,2.06,4155,15_10_10_18_06_2025,0.03,8.85,5.19,0.04,0.00,0.09
-84494,8.67,-62910,7.04,640,2.06,4175,15_10_10_18_06_2025,-0.21,8.62,5.76,-0.16,-0.08,-0.11
-84399,8.67,-62709,7.02,639,2.06,4197,15_10_10_18_06_2025,-0.43,8.63,6.50,-0.21,-0.10,-0.11
-84202,8.65,-62111,6.98,640,2.06,4218,15_10_10_18_06_2025,-0.07,9.23,6.79,-0.10,-0.13,-0.00
-83767,8.62,-61833,6.96,640,2.06,4239,15_10_10_18_06_2025,0.96,10.43,6.05,0.15,-0.34,0.10
-82960,8.56,-60314,6.84,639,2.06,4264,15_10_10_18_06_2025,1.81,11.78,6.47,0.39,-0.52,-0.13
-81673,8.46,-58844,6.73,640,2.06,4290,15_10_10_18_06_2025,2.01,11.25,5.92,0.96,-0.58,-0.27
-80342,8.36,-56592,6.56,640,2.06,4314,15_10_10_18_06_2025,1.13,9.84,4.62,1.00,-0.59,-0.54
-78865,8.25,-54859,6.43,640,2.06,4334,15_10_10_18_06_2025,0.75,8.62,3.99,0.76,-0.39,-0.65
-78681,8.23,-54214,6.38,640,2.06,4354,15_10_10_18_06_2025,1.46,8.77,3.82,0.57,-0.29,-0.62
-77943,8.18,-52907,6.28,640,2.06,4375,15_10_10_18_06_2025,2.58,9.56,3.89,0.48,-0.33,-0.74
-75269,7.97,-50621,6.11,640,2.06,4395,15_10_10_18_06_2025,2.47,9.19,4.32,0.60,-0.44,-0.79
-73226,7.82,-48050,5.91,639,2.06,4418,15_10_10_18_06_2025,2.30,8.95,5.23,0.79,-0.44,-0.68
-72560,7.77,-47312,5.86,640,2.06,4438,15_10_10_18_06_2025,2.65,8.76,6.36,0.90,-0.14,-0.60
-70869,7.64,-45241,5.70,640,2.06,4459,15_10_10_18_06_2025,0.43,7.83,8.55,1.06,0.41,-0.21
-69142,7.51,-41996,5.45,640,2.06,4479,15_10_10_18_06_2025,1.52,8.59,8.43,1.27,1.48,0.35
-65148,7.21,-39196,5.24,639,2.06,4499,15_10_10_18_06_2025,3.24,9.22,5.95,1.68,1.55,0.17
-61956,6.97,-36408,5.03,640,2.06,4522,15_10_10_18_06_2025,3.25,6.87,2.54,2.33,0.62,-0.23
-56991,6.59,-34759,4.91,640,2.06,4543,15_10_10_18_06_2025,3.32,7.61,1.45,1.97,0.32,-0.33
-53511,6.33,-30142,4.56,639,2.06,4563,15_10_10_18_06_2025,3.57,8.96,0.99,1.63,-0.01,-0.59
-45745,5.74,-24359,4.12,639,2.06,4583,15_10_10_18_06_2025,1.18,8.23,1.78,1.18,-0.53,-1.39
-45745,5.74,-17849,3.62,639,2.06,4603,15_10_10_18_06_2025,-2.38,6.23,2.11,0.91,-0.42,-1.76
-29836,4.53,-13323,3.28,639,2.06,4624,15_10_10_18_06_2025,-6.51,4.24,1.57,0.49,0.01,-1.91
-16121,3.49,-3527,2.54,640,2.06,4647,15_10_10_18_06_2025,-4.09,4.15,0.62,0.11,0.44,-1.17
-12290,3.20,-1389,2.38,639,2.06,4667,15_10_10_18_06_2025,-3.41,5.80,0.33,0.38,-0.34,-0.69
-12104,3.19,-1403,2.38,640,2.06,4687,15_10_10_18_06_2025,-4.16,6.37,2.00,0.67,-1.13,-0.55
-12377,3.21,-1587,2.39,640,2.06,4708,15_10_10_18_06_2025,-5.27,6.42,2.55,0.80,-1.24,-0.30
-12707,3.24,-1444,2.38,639,2.06,4728,15_10_10_18_06_2025,-4.38,8.19,1.86,0.46,-0.76,-0.04
-12811,3.24,-1039,2.35,640,2.06,4748,15_10_10_18_06_2025,-2.80,8.90,1.40,0.34,-0.61,-0.12
-12718,3.24,-817,2.33,640,2.06,4771,15_10_10_18_06_2025,-2.16,8.92,1.02,0.10,-0.90,-0.45
-12667,3.23,-1270,2.37,640,2.06,4792,15_10_10_18_06_2025,-3.98,8.90,1.94,-0.42,-1.38,-1.00
-12937,3.25,-2246,2.44,639,2.06,4814,15_10_10_18_06_2025,-4.98,8.25,3.40,-0.53,-1.26,-1.20
-13160,3.27,-3588,2.54,639,2.06,4838,15_10_10_18_06_2025,-5.38,7.92,2.96,-0.63,-0.73,-0.85
-13908,3.33,-5264,2.67,639,2.06,4858,15_10_10_18_06_2025,-5.44,8.56,3.11,-0.49,-0.95,-0.56
-14251,3.35,-5695,2.70,640,2.06,4881,15_10_10_18_06_2025,-6.29,8.68,3.77,-0.09,-1.50,-0.24
-14113,3.34,-5701,2.70,639,2.06,4901,15_10_10_18_06_2025,-6.32,8.58,4.19,-0.09,-1.52,-0.20
-14461,3.37,-5542,2.69,640,2.06,4922,15_10_10_18_06_2025,-6.41,8.87,4.39,-0.23,-1.27,-0.29
-14576,3.38,-4867,2.64,639,2.06,4942,15_10_10_18_06_2025,-6.64,8.73,4.88,-0.30,-1.00,-0.46
-1,2.27,-4432,2.61,640,2.06,4962,15_10_10_18_06_2025,-6.16,7.88,4.86,-0.23,-0.89,-0.46
-1,2.27,-4195,2.59,640,2.06,4982,15_10_11_18_06_2025,-6.18,7.75,5.26,-0.25,-0.83,-0.20
-14641,3.38,-3544,2.54,640,2.06,5005,15_10_11_18_06_2025,-6.16,8.07,5.62,-0.24,-0.67,-0.10
-14598,3.38,-3199,2.52,639,2.06,5031,15_10_11_18_06_2025,-6.08,7.99,4.84,-0.27,-0.44,-0.24
-14393,3.36,-3195,2.51,639,2.06,5054,15_10_11_18_06_2025,-6.67,6.81,5.10,-0.39,-0.27,-0.45
-14182,3.35,-3057,2.50,639,2.06,5074,15_10_11_18_06_2025,-6.83,6.45,5.39,-0.43,-0.15,-0.34
-14213,3.35,-2834,2.49,639,2.06,5094,15_10_11_18_06_2025,-6.53,6.61,5.24,-0.40,-0.03,-0.14
-13895,3.33,-2614,2.47,639,2.06,5117,15_10_11_18_06_2025,-6.58,6.52,5.42,-0.30,0.02,0.10
-13945,3.33,-2685,2.48,640,2.06,5138,15_10_11_18_06_2025,-6.54,6.31,5.11,-0.31,0.19,0.22
-13882,3.32,-2718,2.48,639,2.06,5158,15_10_11_18_06_2025,-6.56,5.94,5.04,-0.53,0.45,0.28
-14600,3.38,-2898,2.49,639,2.06,5178,15_10_11_18_06_2025,-6.86,6.01,5.03,-0.70,0.70,0.34
-14790,3.39,-3043,2.50,639,2.06,5199,15_10_11_18_06_2025,-7.42,5.29,4.80,-0.85,0.97,0.23
-14615,3.38,-3192,2.51,640,2.06,5219,15_10_11_18_06_2025,-7.82,3.98,5.98,-0.93,1.14,0.26
-14661,3.38,-3609,2.55,640,2.06,5242,15_10_11_18_06_2025,-7.69,3.61,6.36,-0.84,1.61,0.81
-14661,3.38,-3547,2.54,639,2.06,5262,15_10_11_18_06_2025,-5.56,4.91,5.84,-0.73,1.98,1.66
-14514,3.37,-3625,2.55,640,2.06,5283,15_10_11_18_06_2025,-3.97,6.10,5.53,-0.59,1.75,1.98
-14619,3.38,-4025,2.58,639,2.06,5303,15_10_11_18_06_2025,-2.68,7.20,5.06,-0.41,1.31,2.13
-14865,3.40,-4492,2.61,639,2.06,5323,15_10_11_18_06_2025,-1.83,8.20,4.00,-0.26,0.78,2.03
-15157,3.42,-4687,2.63,640,2.06,5344,15_10_11_18_06_2025,-1.90,7.23,4.91,-0.21,0.41,1.66
-15559,3.45,-4949,2.65,640,2.06,5367,15_10_11_18_06_2025,-1.42,7.16,4.21,-0.27,0.62,1.74
-16833,3.55,-5368,2.68,639,2.06,5387,15_10_11_18_06_2025,0.04,8.00,2.73,-0.50,0.45,1.71
-19349,3.74,-6713,2.78,640,2.06,5407,15_10_11_18_06_2025,1.93,9.33,2.92,-0.29,-1.04,1.70
-21848,3.93,-10167,3.04,639,2.06,5430,15_10_11_18_06_2025,2.45,9.53,5.07,0.28,-1.80,2.11
-28927,4.46,-15617,3.46,640,2.06,5454,15_10_11_18_06_2025,4.47,12.08,4.60,0.25,-1.32,2.49
-37694,5.13,-21370,3.89,639,2.06,5477,15_10_11_18_06_2025,5.22,15.36,5.49,-0.66,-0.79,1.64
-44545,5.65,-23748,4.07,639,2.06,5497,15_10_11_18_06_2025,4.65,15.07,6.94,-0.55,-0.62,0.03
-46704,5.81,-27187,4.33,639,2.06,5517,15_10_11_18_06_2025,0.29,10.27,7.04,-0.53,0.27,-1.34
-50450,6.09,-32118,4.71,639,2.06,5538,15_10_11_18_06_2025,-0.47,7.01,4.95,-1.25,1.19,-1.27
-55212,6.46,-37151,5.09,640,2.06,5558,15_10_11_18_06_2025,-0.43,6.11,3.83,-1.71,1.28,-0.95
-57054,6.59,-39003,5.23,640,2.06,5578,15_10_11_18_06_2025,-0.52,4.87,2.63,-1.57,1.01,-0.50
-59671,6.79,-40758,5.36,639,2.06,5601,15_10_11_18_06_2025,-0.51,4.57,4.00,-0.79,0.08,1.20
-61854,6.96,-41234,5.40,639,2.06,5622,15_10_11_18_06_2025,0.41,6.71,6.82,0.23,-0.77,2.42
-62577,7.01,-41308,5.40,640,2.06,5642,15_10_11_18_06_2025,1.99,10.12,8.05,0.60,-0.75,2.50
-64524,7.16,-42726,5.51,640,2.06,5662,15_10_11_18_06_2025,3.50,12.22,6.93,0.01,0.14,0.55
-66360,7.30,-43985,5.60,639,2.06,5683,15_10_11_18_06_2025,3.51,11.28,5.67,-0.24,0.22,-0.53
-67416,7.38,-48021,5.91,639,2.06,5703,15_10_11_18_06_2025,1.38,8.37,5.94,-0.51,0.28,-1.19
-69265,7.52,-50977,6.13,638,2.06,5726,15_10_11_18_06_2025,0.05,6.15,5.19,-1.41,0.75,-1.18
-71007,7.65,-52597,6.26,639,2.06,5747,15_10_11_18_06_2025,-0.32,5.76,5.59,-0.99,0.26,-0.66
-72620,7.77,-53084,6.29,639,2.06,5767,15_10_11_18_06_2025,-0.56,5.89,6.63,-0.25,-0.31,0.17
-73180,7.82,-52812,6.27,640,2.06,5787,15_10_11_18_06_2025,-0.38,8.68,8.56,0.37,-0.62,0.73
-74134,7.89,-52563,6.25,639,2.06,5807,15_10_11_18_06_2025,0.82,10.38,8.08,0.81,-0.41,0.40
-74279,7.90,-53142,6.30,639,2.06,5830,15_10_11_18_06_2025,0.60,9.63,6.78,0.42,0.07,-0.58
-74717,7.93,-55495,6.48,639,2.06,5851,15_10_11_18_06_2025,-0.79,6.23,6.77,0.25,0.27,-1.08
-76048,8.03,-56986,6.59,639,2.06,5871,15_10_11_18_06_2025,-1.57,5.54,6.13,-0.11,0.52,-0.55
-76812,8.09,-57652,6.64,639,2.06,5891,15_10_11_18_06_2025,-1.03,5.93,5.54,-0.22,0.52,-0.28
-77365,8.13,-58148,6.68,640,2.06,5911,15_10_11_18_06_2025,-1.33,5.68,6.06,0.01,0.29,0.06
-78499,8.22,-58509,6.71,639,2.06,5931,15_10_11_18_06_2025,-1.77,6.04,7.19,0.02,0.35,0.48
-78654,8.23,-57968,6.66,639,2.06,5954,15_10_11_18_06_2025,-1.09,6.72,7.21,0.16,0.64,0.65
-78879,8.25,-58217,6.68,639,2.06,5980,15_10_12_18_06_2025,-0.55,6.64,6.70,0.34,0.64,0.68
-79634,8.31,-58553,6.71,639,2.06,6003,15_10_12_18_06_2025,-0.81,7.34,6.71,0.48,0.50,0.67
-79722,8.31,-58641,6.72,639,2.06,6023,15_10_12_18_06_2025,0.17,8.15,5.44,0.54,0.57,0.73
-80264,8.35,-58531,6.71,639,2.06,6046,15_10_12_18_06_2025,0.99,9.77,5.31,0.35,0.53,0.60
-80534,8.37,-57912,6.66,639,2.06,6069,15_10_12_18_06_2025,0.82,9.91,5.74,0.54,0.44,0.23
-80768,8.39,-57354,6.62,640,2.06,6092,15_10_12_18_06_2025,0.54,9.45,5.46,0.59,0.44,0.02
-81094,8.42,-57231,6.61,639,2.06,6113,15_10_12_18_06_2025,-0.46,8.55,5.72,0.54,0.48,-0.15
-81004,8.41,-56928,6.59,640,2.06,6133,15_10_12_18_06_2025,-0.24,7.82,4.72,0.58,0.64,0.15
-81129,8.42,-57347,6.62,640,2.06,6153,15_10_12_18_06_2025,0.20,7.88,3.60,0.57,0.50,0.38
-81325,8.43,-58397,6.70,639,2.06,6173,15_10_12_18_06_2025,0.92,8.78,3.13,0.35,0.49,0.36
-82046,8.49,-58753,6.72,639,2.06,6197,15_10_12_18_06_2025,0.57,9.05,3.70,0.33,0.37,0.23
-82088,8.49,-59577,6.79,640,2.06,6222,15_10_12_18_06_2025,0.83,9.17,2.47,0.60,0.31,0.29
-81968,8.48,-60690,6.87,639,2.06,6245,15_10_12_18_06_2025,1.45,8.65,1.74,0.36,0.38,0.19
-82618,8.53,-60690,6.87,639,2.06,6266,15_10_12_18_06_2025,1.06,8.62,2.19,-0.01,0.22,-0.13
-83025,8.56,-61408,6.92,639,2.06,6286,15_10_12_18_06_2025,0.34,7.81,2.57,-0.06,0.15,-0.09
-83087,8.57,-61635,6.94,640,2.06,6306,15_10_12_18_06_2025,0.39,7.79,2.62,-0.01,0.07,0.00
-83629,8.61,-61834,6.96,639,2.06,6329,15_10_12_18_06_2025,0.38,8.11,2.79,-0.06,0.05,0.04
-84213,8.65,-61460,6.93,639,2.06,6350,15_10_12_18_06_2025,0.26,8.41,3.14,-0.10,0.01,0.05
-84137,8.65,-61230,6.91,639,2.06,6370,15_10_12_18_06_2025,-0.03,8.62,3.78,-0.11,-0.05,-0.05
-83884,8.63,-61034,6.90,639,2.06,6390,15_10_12_18_06_2025,-0.47,8.09,3.97,-0.02,-0.03,-0.01
-83778,8.62,-60115,6.83,640,2.06,6410,15_10_12_18_06_2025,-0.27,8.24,3.93,0.02,-0.10,0.16
-83607,8.61,-60067,6.82,638,2.06,6431,15_10_12_18_06_2025,-0.13,8.76,4.32,-0.01,-0.12,0.13
-83384,8.59,-59868,6.81,640,2.06,6454,15_10_12_18_06_2025,-0.28,8.14,4.31,-0.08,-0.07,-0.02
-83032,8.56,-59565,6.79,634,2.05,6474,15_10_12_18_06_2025,-0.30,8.05,4.57,-0.20,-0.08,-0.05
-83059,8.57,-59485,6.78,640,2.06,6494,15_10_12_18_06_2025,-0.73,7.98,5.37,-0.31,-0.03,-0.10
-83058,8.56,-59441,6.78,639,2.06,6514,15_10_12_18_06_2025,-1.14,7.45,5.38,-0.24,0.04,0.03
-82730,8.54,-59391,6.77,640,2.06,6535,15_10_12_18_06_2025,-0.70,7.61,5.44,-0.26,0.08,0.08
-82787,8.54,-59470,6.78,640,2.06,6558,15_10_12_18_06_2025,-0.74,7.87,6.00,-0.30,0.09,0.04
-82776,8.54,-59329,6.77,639,2.06,6578,15_10_12_18_06_2025,-1.27,7.85,5.70,-0.17,0.13,0.06
-82852,8.55,-59341,6.77,640,2.06,6598,15_10_12_18_06_2025,-1.17,8.09,5.72,-0.17,0.15,0.17
-82855,8.55,-59448,6.78,639,2.06,6619,15_10_12_18_06_2025,-0.63,8.65,5.71,-0.15,0.20,0.21
-83013,8.56,-59707,6.80,639,2.06,6641,15_10_12_18_06_2025,-0.67,8.21,5.01,-0.16,0.20,0.14
-83156,8.57,-60065,6.82,640,2.06,6667,15_10_12_18_06_2025,-0.80,8.61,5.52,-0.19,0.17,0.15
-83385,8.59,-60131,6.83,640,2.06,6691,15_10_12_18_06_2025,-0.68,8.75,5.65,-0.11,0.23,0.19
-83579,8.60,-60443,6.85,640,2.06,6711,15_10_12_18_06_2025,-0.38,8.65,4.93,-0.03,0.25,0.21
-83554,8.60,-60514,6.86,640,2.06,6737,15_10_12_18_06_2025,-0.23,8.90,4.95,-0.14,0.20,0.09
-84011,8.64,-60724,6.87,639,2.06,6760,15_10_12_18_06_2025,-0.41,8.78,5.18,-0.13,0.22,0.02
-84080,8.64,-60617,6.86,640,2.06,6780,15_10_12_18_06_2025,-0.33,8.79,5.04,-0.10,0.22,0.03
-83900,8.63,-60610,6.86,639,2.06,6803,15_10_12_18_06_2025,-0.23,8.71,4.68,-0.23,0.20,-0.10
-84024,8.64,-60665,6.87,639,2.06,6824,15_10_12_18_06_2025,-0.19,8.98,5.03,-0.45,0.21,-0.25
-84069,8.64,-60733,6.87,640,2.06,6844,15_10_12_18_06_2025,-0.63,8.95,5.72,-0.43,0.25,-0.32
-84034,8.64,-60726,6.87,639,2.06,6864,15_10_12_18_06_2025,-1.16,8.42,5.63,-0.19,0.25,-0.29
-83890,8.63,-60855,6.88,640,2.06,6884,15_10_12_18_06_2025,-0.98,8.11,5.27,0.03,0.22,-0.11
-83396,8.59,-60703,6.87,639,2.06,6905,15_10_12_18_06_2025,-0.71,8.19,5.12,-0.05,0.26,-0.03
-83122,8.57,-60788,6.88,627,2.02,6928,15_10_12_18_06_2025,-0.64,8.22,4.83,-0.08,0.26,-0.06
-83420,8.59,-60672,6.87,639,2.06,6948,15_10_12_18_06_2025,-0.70,7.81,4.70,-0.02,0.20,-0.03
-83508,8.60,-61066,6.90,640,2.06,6968,15_10_12_18_06_2025,-1.07,7.74,5.03,-0.05,0.15,-0.00
-83535,8.60,-60974,6.89,640,2.06,6988,15_10_13_18_06_2025,-0.92,7.63,4.71,-0.03,0.18,0.07
-83787,8.62,-60948,6.89,639,2.06,7009,15_10_13_18_06_2025,-0.49,7.78,4.42,-0.06,0.16,0.10
-83679,8.61,-61170,6.91,640,2.06,7029,15_10_13_18_06_2025,-0.56,8.03,4.75,-0.08,0.10,0.05
-83924,8.63,-61424,6.93,639,2.06,7052,15_10_13_18_06_2025,-0.93,7.80,4.91,0.03,0.08,0.08
-84009,8.64,-61118,6.90,640,2.06,7075,15_10_13_18_06_2025,-0.81,8.12,4.73,-0.04,0.12,0.11
-84033,8.64,-61433,6.93,639,2.06,7095,15_10_13_18_06_2025,-0.64,8.52,4.79,-0.20,0.13,0.03
-84004,8.64,-61433,6.93,640,2.06,7115,15_10_13_18_06_2025,-0.51,8.93,4.79,-0.35,0.15,-0.10
-83928,8.63,-61400,6.92,640,2.06,7136,15_10_13_18_06_2025,-0.54,9.42,4.88,-0.56,0.18,-0.26
-83805,8.62,-61165,6.91,640,2.06,7159,15_10_13_18_06_2025,-0.84,10.41,5.76,-0.98,0.30,-0.60
-83829,8.62,-60903,6.89,639,2.06,7179,15_10_13_18_06_2025,-0.93,11.17,6.67,-0.86,0.29,-0.69
-83823,8.62,-60635,6.87,640,2.06,7200,15_10_13_18_06_2025,-1.00,11.46,7.35,-0.42,0.26,-0.68
-83722,8.62,-60577,6.86,640,2.06,7220,15_10_13_18_06_2025,-1.70,9.62,6.32,0.13,0.23,-0.72
-83443,8.59,-60295,6.84,639,2.06,7240,15_10_13_18_06_2025,-1.84,8.79,5.66,0.40,0.23,-0.65
-83071,8.57,-59529,6.78,639,2.06,7262,15_10_13_18_06_2025,-1.73,8.29,5.42,0.28,0.24,-0.64
-83038,8.56,-58620,6.71,639,2.06,7289,15_10_13_18_06_2025,-1.74,8.29,5.21,0.42,0.17,-0.50
-82815,8.55,-57616,6.64,639,2.06,7310,15_10_13_18_06_2025,-1.78,7.72,4.57,0.66,0.06,-0.41
-82279,8.51,-57085,6.60,640,2.06,7330,15_10_13_18_06_2025,-1.38,7.66,4.08,0.67,0.02,-0.31
-81530,8.45,-55731,6.49,639,2.06,7350,15_10_13_18_06_2025,-1.13,7.82,3.89,0.53,0.04,-0.34
-81286,8.43,-55385,6.47,640,2.06,7371,15_10_13_18_06_2025,-0.86,8.20,3.68,0.56,-0.03,-0.34
-80616,8.38,-54531,6.40,639,2.06,7394,15_10_13_18_06_2025,-0.93,7.28,2.80,0.84,-0.25,-0.38
-79809,8.32,-53458,6.32,639,2.06,7414,15_10_13_18_06_2025,-1.02,6.94,2.85,0.66,-0.28,-0.42
-79621,8.30,-52501,6.25,639,2.06,7434,15_10_13_18_06_2025,-1.00,7.13,3.15,0.43,-0.27,-0.41
-78854,8.25,-51342,6.16,640,2.06,7455,15_10_13_18_06_2025,-0.39,8.01,3.52,0.38,-0.27,-0.28
-77666,8.16,-50863,6.13,639,2.06,7475,15_10_13_18_06_2025,0.45,9.80,4.16,0.59,-0.49,-0.18
-77381,8.13,-49562,6.03,639,2.06,7495,15_10_13_18_06_2025,0.53,10.70,4.36,0.75,-0.57,-0.30
-76967,8.10,-48795,5.97,639,2.06,7519,15_10_13_18_06_2025,0.37,11.03,3.95,0.79,-0.57,-0.57
-75921,8.02,-47391,5.86,639,2.06,7539,15_10_13_18_06_2025,0.33,10.59,3.70,0.63,-0.45,-1.02
-74891,7.95,-45778,5.74,639,2.06,7559,15_10_13_18_06_2025,0.70,10.49,3.81,0.54,-0.52,-1.14
-74674,7.93,-45194,5.70,640,2.06,7580,15_10_13_18_06_2025,0.50,10.57,4.37,0.60,-0.80,-1.13
-73197,7.82,-43397,5.56,639,2.06,7600,15_10_13_18_06_2025,0.61,11.01,5.24,0.72,-0.94,-1.24
-72441,7.76,-41538,5.42,639,2.06,7620,15_10_13_18_06_2025,0.95,11.10,5.26,0.86,-0.78,-1.51
-70129,7.59,-39581,5.27,639,2.06,7644,15_10_13_18_06_2025,1.21,11.20,4.83,0.92,-0.72,-1.66
-68061,7.43,-37998,5.15,640,2.06,7664,15_10_13_18_06_2025,1.27,10.56,4.29,1.05,-0.73,-1.87
-65191,7.21,-36924,5.07,638,2.06,7684,15_10_13_18_06_2025,0.90,9.63,3.92,1.05,-0.78,-1.96
-63324,7.07,-34464,4.88,639,2.06,7705,15_10_13_18_06_2025,0.27,9.28,4.63,1.00,-0.87,-1.99
-59918,6.81,-32238,4.72,640,2.06,7725,15_10_13_18_06_2025,-0.39,9.36,5.12,1.11,-0.94,-1.86
-55598,6.48,-29333,4.49,639,2.06,7748,15_10_13_18_06_2025,-0.63,8.72,5.80,1.45,-0.96,-1.69
-52725,6.27,-25432,4.20,639,2.06,7768,15_10_13_18_06_2025,-0.28,8.25,5.56,1.58,-0.84,-1.62
-45921,5.75,-23215,4.03,640,2.06,7788,15_10_13_18_06_2025,-1.16,7.20,5.56,1.61,-0.70,-1.75
-37788,5.14,-18041,3.64,639,2.06,7809,15_10_13_18_06_2025,-2.63,5.58,5.14,1.67,-0.43,-1.86
-32422,4.73,-10772,3.09,639,2.06,7829,15_10_13_18_06_2025,-6.16,2.18,4.15,1.54,-0.01,-2.24
-19982,3.79,-10772,3.09,639,2.06,7849,15_10_13_18_06_2025,-6.70,1.04,3.49,1.14,0.39,-2.25
-12653,3.23,-1325,2.37,639,2.06,7873,15_10_13_18_06_2025,-5.39,2.99,3.96,0.83,0.50,-1.12
-12144,3.19,-1299,2.37,640,2.06,7893,15_10_13_18_06_2025,-5.14,4.47,3.71,1.39,-0.32,-0.81
-12317,3.21,-1099,2.36,639,2.06,7913,15_10_13_18_06_2025,-5.30,5.25,3.40,1.49,-0.50,-0.43
-12354,3.21,-1307,2.37,639,2.06,7934,15_10_13_18_06_2025,-5.22,6.04,2.91,1.41,-0.58,-0.33
-12250,3.20,-1541,2.39,640,2.06,7954,15_10_13_18_06_2025,-5.41,6.49,2.66,1.29,-0.58,-0.50
-12122,3.19,-1731,2.40,639,2.06,7977,15_10_14_18_06_2025,-5.50,6.33,3.01,1.18,-0.53,-0.91
-12573,3.23,-2156,2.44,640,2.06,7997,15_10_14_18_06_2025,-5.56,6.09,2.10,1.24,-0.46,-1.01
-13447,3.29,-3371,2.53,639,2.06,8017,15_10_14_18_06_2025,-6.05,6.18,1.29,0.87,-0.30,-1.16
-13552,3.30,-4552,2.62,640,2.06,8038,15_10_14_18_06_2025,-6.26,6.60,1.25,0.76,-0.67,-0.80
-13347,3.28,-4691,2.63,640,2.06,8058,15_10_14_18_06_2025,-6.33,6.61,0.89,1.10,-1.34,-0.44
-13192,3.27,-4490,2.61,640,2.06,8078,15_10_14_18_06_2025,-6.65,6.75,1.00,1.34,-2.04,-0.28
-13166,3.27,-4769,2.63,638,2.06,8102,15_10_14_18_06_2025,-7.05,7.13,1.17,1.29,-2.32,-0.32
-12998,3.26,-4655,2.63,639,2.06,8122,15_10_14_18_06_2025,-6.81,6.93,1.50,1.10,-2.21,-0.34
-12919,3.25,-4752,2.63,639,2.06,8142,15_10_14_18_06_2025,-6.71,6.86,2.05,0.88,-2.15,-0.39
-12959,3.25,-4363,2.60,639,2.06,8163,15_10_14_18_06_2025,-6.91,7.19,2.80,0.67,-2.16,-0.55
-12943,3.25,-3451,2.53,639,2.06,8183,15_10_14_18_06_2025,-6.83,6.57,4.14,0.42,-1.91,-0.89
-12489,3.22,-2318,2.45,639,2.06,8203,15_10_14_18_06_2025,-7.24,6.06,4.53,0.54,-1.62,-0.87
-12023,3.18,-1309,2.37,639,2.06,8226,15_10_14_18_06_2025,-7.58,6.11,4.28,0.51,-1.39,-0.81
-11262,3.13,-455,2.31,639,2.06,8247,15_10_14_18_06_2025,-7.64,6.25,4.26,0.38,-1.21,-0.94
-10832,3.09,-400,2.30,639,2.06,8267,15_10_14_18_06_2025,-7.67,5.97,4.36,0.48,-1.22,-0.92
-10639,3.08,-437,2.31,639,2.06,8287,15_10_14_18_06_2025,-8.24,5.66,4.98,0.53,-1.30,-0.86
-10381,3.06,-24,2.27,640,2.06,8307,15_10_14_18_06_2025,-8.66,5.18,5.75,0.61,-1.28,-0.79
-10171,3.04,233,2.26,639,2.06,8331,15_10_14_18_06_2025,-8.19,4.90,5.22,0.72,-1.01,-0.49
-10007,3.03,529,2.23,639,2.06,8351,15_10_14_18_06_2025,-8.27,5.00,4.81,0.63,-0.87,-0.42
-9846,3.02,438,2.24,639,2.06,8371,15_10_14_18_06_2025,-8.20,4.83,4.78,0.43,-0.73,-0.59
-9612,3.00,484,2.24,640,2.06,8391,15_10_14_18_06_2025,-7.32,4.23,4.78,0.24,-0.40,-0.78
-9463,2.99,593,2.23,640,2.06,8412,15_10_14_18_06_2025,-6.66,3.58,4.29,0.19,-0.20,-0.80
-9601,3.00,810,2.21,640,2.06,8432,15_10_14_18_06_2025,-6.59,3.48,4.23,-0.06,-0.03,-0.91
-9260,2.97,629,2.23,639,2.06,8456,15_10_14_18_06_2025,-7.02,2.95,4.72,-0.33,0.34,-1.15
-8988,2.95,712,2.22,639,2.06,8476,15_10_14_18_06_2025,-6.71,2.75,4.35,-0.30,0.47,-1.05
-8969,2.95,729,2.22,640,2.06,8497,15_10_14_18_06_2025,-6.48,2.75,4.10,-0.24,0.31,-0.89
-8840,2.94,859,2.21,639,2.06,8517,15_10_14_18_06_2025,-7.18,3.01,4.80,-0.16,-0.13,-0.65
-8962,2.95,632,2.22,640,2.06,8537,15_10_14_18_06_2025,-7.73,3.04,5.21,0.18,-0.29,-0.40
-8915,2.95,612,2.23,639,2.06,8558,15_10_14_18_06_2025,-8.21,2.99,5.35,0.47,-0.63,-0.22
-8695,2.93,828,2.21,639,2.06,8581,15_10_14_18_06_2025,-9.12,3.28,5.78,0.78,-0.73,0.09
-8320,2.90,803,2.21,639,2.06,8601,15_10_14_18_06_2025,-9.38,3.46,5.89,0.87,-0.63,0.16
-8354,2.91,808,2.21,640,2.06,8621,15_10_14_18_06_2025,-9.86,3.51,6.38,0.88,-0.44,0.14
-8402,2.91,617,2.23,639,2.06,8642,15_10_14_18_06_2025,-10.55,3.29,6.57,0.95,-0.02,0.22
-8551,2.92,758,2.22,639,2.06,8662,15_10_14_18_06_2025,-9.98,3.95,5.35,0.94,0.38,0.36
-8567,2.92,1007,2.20,639,2.06,8682,15_10_14_18_06_2025,-9.66,4.34,4.59,0.98,0.44,0.36
-8705,2.93,957,2.20,639,2.06,8705,15_10_14_18_06_2025,-9.19,4.38,4.06,1.16,0.34,0.46
-8894,2.95,811,2.21,640,2.06,8725,15_10_14_18_06_2025,-8.00,4.57,3.24,1.35,0.26,0.77
-8919,2.95,970,2.20,640,2.06,8746,15_10_14_18_06_2025,-6.76,4.68,2.16,1.44,0.10,0.83
-9399,2.98,887,2.21,639,2.06,8766,15_10_14_18_06_2025,-5.87,4.67,1.40,1.27,-0.13,0.80
-9744,3.01,453,2.24,640,2.06,8786,15_10_14_18_06_2025,-5.21,4.62,1.25,1.14,-0.49,0.81
-9765,3.01,438,2.24,639,2.06,8806,15_10_14_18_06_2025,-4.53,4.55,0.97,1.11,-0.85,0.82
-9842,3.02,363,2.25,640,2.06,8837,15_10_14_18_06_2025,-3.65,4.33,0.22,0.85,-1.47,0.59
-10061,3.03,391,2.24,639,2.06,8859,15_10_14_18_06_2025,-3.38,4.07,-0.02,0.69,-1.79,0.37
-10005,3.03,626,2.23,639,2.06,8881,15_10_14_18_06_2025,-2.83,3.77,-0.45,0.34,-2.32,-0.01
-9796,3.01,194,2.26,640,2.06,8904,15_10_14_18_06_2025,-2.49,3.58,-0.64,0.05,-2.76,-0.28
-9703,3.01,200,2.26,639,2.06,8926,15_10_14_18_06_2025,-2.51,3.65,0.39,-0.42,-3.67,-0.74
-9668,3.01,251,2.25,640,2.06,8951,15_10_14_18_06_2025,-2.42,3.77,2.47,-0.49,-4.53,-0.78
-9508,2.99,348,2.25,639,2.06,8973,15_10_14_18_06_2025,-2.61,4.55,5.86,-0.16,-5.44,-0.53
-9438,2.99,517,2.23,639,2.06,8996,15_10_15_18_06_2025,-3.39,4.73,7.55,0.37,-5.67,-0.66
-9406,2.99,300,2.25,640,2.06,9018,15_10_15_18_06_2025,-4.05,5.25,7.98,0.71,-4.57,-0.63
-9191,2.97,-111,2.28,639,2.06,9041,15_10_15_18_06_2025,-3.80,5.05,7.31,0.68,-3.84,-0.52
-9150,2.97,305,2.25,640,2.06,9064,15_10_15_18_06_2025,-2.95,5.34,6.80,0.39,-3.26,0.18
-9334,2.98,26,2.27,639,2.06,9089,15_10_15_18_06_2025,-1.96,6.58,8.08,0.24,-3.22,0.65
-9604,3.00,-75,2.28,639,2.06,9112,15_10_15_18_06_2025,-1.45,7.11,8.86,0.35,-3.08,0.70
-9825,3.02,-315,2.30,639,2.06,9137,15_10_15_18_06_2025,-1.63,7.49,9.96,0.74,-2.91,0.72
-10044,3.03,-392,2.30,640,2.06,9162,15_10_15_18_06_2025,-0.36,7.78,10.24,1.38,-2.64,1.12
-10149,3.04,-497,2.31,639,2.06,9187,15_10_15_18_06_2025,0.63,8.86,9.81,1.70,-2.59,1.43
-10287,3.05,-346,2.30,639,2.06,9212,15_10_15_18_06_2025,2.06,10.47,9.43,1.82,-2.29,1.33
-10579,3.07,-60,2.28,640,2.06,9241,15_10_15_18_06_2025,2.31,10.38,8.43,1.80,-2.00,0.90
-10746,3.09,-66,2.28,639,2.06,9263,15_10_15_18_06_2025,3.00,10.21,7.49,1.59,-1.71,0.53
-10955,3.10,50,2.27,639,2.06,9288,15_10_15_18_06_2025,3.26,9.61,5.99,1.40,-1.69,0.27
-11041,3.11,-39,2.28,639,2.06,9314,15_10_15_18_06_2025,3.32,9.51,5.64,1.17,-1.70,0.17
-11166,3.12,8,2.27,640,2.06,9339,15_10_15_18_06_2025,3.14,8.89,5.33,0.93,-1.58,0.03
-11221,3.12,-179,2.29,639,2.06,9364,15_10_15_18_06_2025,3.70,9.37,4.76,0.68,-1.45,0.05
-11131,3.12,-59,2.28,640,2.06,9392,15_10_15_18_06_2025,3.42,8.79,4.79,0.69,-1.31,0.00
-10987,3.11,-95,2.28,640,2.06,9414,15_10_15_18_06_2025,3.90,9.62,4.63,0.69,-1.11,0.13
-11215,3.12,1559,2.15,639,2.06,9440,15_10_15_18_06_2025,4.62,9.22,3.98,0.54,-0.80,0.01
-11807,3.17,2021,2.12,639,2.06,9465,15_10_15_18_06_2025,4.47,8.85,2.83,0.89,-0.90,0.26
-11448,3.14,1880,2.13,639,2.06,9490,15_10_15_18_06_2025,5.00,10.37,3.75,0.61,-1.14,0.30
-11561,3.15,1826,2.13,639,2.06,9516,15_10_15_18_06_2025,4.21,10.41,3.52,0.54,-0.48,-0.03
-11818,3.17,1893,2.13,638,2.06,9544,15_10_15_18_06_2025,4.23,9.31,3.21,0.19,0.05,-0.04
-11766,3.16,1544,2.16,639,2.06,9566,15_10_15_18_06_2025,3.59,9.11,2.47,0.28,0.20,0.08
-11473,3.14,1535,2.16,640,2.06,9591,15_10_15_18_06_2025,4.12,8.79,2.40,-0.21,0.56,0.07
-11300,3.13,1661,2.15,638,2.06,9617,15_10_15_18_06_2025,4.09,9.36,2.24,0.13,0.44,-0.17
-10937,3.10,2232,2.10,639,2.06,9642,15_10_15_18_06_2025,3.75,8.93,2.63,-0.21,0.48,-0.39
-10899,3.10,2179,2.11,639,2.06,9667,15_10_15_18_06_2025,3.51,8.45,2.92,-0.36,0.44,-0.32
-11176,3.12,2165,2.11,639,2.06,9695,15_10_15_18_06_2025,3.53,8.82,2.75,0.16,0.42,0.20
-10981,3.10,1733,2.14,639,2.06,9718,15_10_15_18_06_2025,3.80,9.34,3.30,0.29,0.32,0.30
-10709,3.08,1296,2.17,639,2.06,9743,15_10_15_18_06_2025,3.98,9.51,3.74,0.79,0.11,0.12
-11023,3.11,1479,2.16,639,2.06,9768,15_10_15_18_06_2025,3.65,9.38,3.48,1.13,-0.02,-0.09
-11018,3.11,1244,2.18,639,2.06,9796,15_10_15_18_06_2025,3.62,8.98,2.99,1.17,0.05,-0.27
-10619,3.08,1012,2.20,640,2.06,9821,15_10_15_18_06_2025,4.58,9.83,2.64,1.65,-0.08,-0.34
-10597,3.08,1234,2.18,640,2.06,9843,15_10_15_18_06_2025,3.15,11.99,1.14,5.52,-1.25,-0.43
-10749,3.09,1037,2.19,639,2.06,9870,15_10_15_18_06_2025,2.03,7.67,2.56,5.41,-1.76,-0.46
-10639,3.08,670,2.22,639,2.06,9892,15_10_15_18_06_2025,2.12,7.58,-0.36,2.11,-0.18,-0.58
-10719,3.08,637,2.22,640,2.06,9915,15_10_15_18_06_2025,2.80,8.66,-1.45,0.71,-0.15,-0.44
-10636,3.08,742,2.22,639,2.06,9937,15_10_15_18_06_2025,2.15,8.44,-1.04,-0.05,-0.27,-0.42
-10412,3.06,979,2.20,639,2.06,9962,15_10_15_18_06_2025,1.56,9.48,-0.06,-0.34,-0.02,-0.52
-10620,3.08,597,2.23,639,2.06,9984,15_10_16_18_06_2025,1.73,9.48,0.17,0.11,-0.08,-0.46
-10669,3.08,472,2.24,640,2.06,10007,15_10_16_18_06_2025,2.07,8.87,-0.12,-0.02,0.16,-0.45
-10134,3.04,632,2.22,638,2.06,10029,15_10_16_18_06_2025,2.50,8.74,-0.68,-0.19,0.29,-0.38
-10254,3.05,608,2.23,640,2.06,10051,15_10_16_18_06_2025,2.36,9.07,-1.04,-0.04,0.09,-0.22
-10316,3.05,590,2.23,640,2.06,10074,15_10_16_18_06_2025,2.03,9.22,-0.91,-0.27,0.12,-0.24
-10230,3.05,576,2.23,640,2.06,10102,15_10_16_18_06_2025,2.03,9.54,-0.90,0.10,0.21,-0.30
-10256,3.05,758,2.22,639,2.06,10124,15_10_16_18_06_2025,2.48,9.61,-1.36,0.91,-0.18,-0.29
-10199,3.05,624,2.23,638,2.06,10149,15_10_16_18_06_2025,2.36,9.15,-2.16,0.89,-0.25,-0.39
-10149,3.04,563,2.23,639,2.06,10175,15_10_16_18_06_2025,1.98,9.02,-2.16,0.59,-0.36,-0.47
-10227,3.05,452,2.24,639,2.06,10200,15_10_16_18_06_2025,1.44,8.88,-1.78,0.22,-0.22,-0.46
-10192,3.04,592,2.23,639,2.06,10225,15_10_16_18_06_2025,1.65,8.95,-2.23,0.55,-0.14,-0.37
-10243,3.05,596,2.23,640,2.06,10249,15_10_16_18_06_2025,1.72,9.36,-2.23,0.85,-0.39,-0.26
-10338,3.06,597,2.23,640,2.06,10271,15_10_16_18_06_2025,1.32,9.16,-2.32,0.64,-0.45,-0.40
-10285,3.05,602,2.23,640,2.06,10296,15_10_16_18_06_2025,0.81,9.00,-1.80,-0.06,-0.31,-0.61
-10224,3.05,698,2.22,639,2.06,10322,15_10_16_18_06_2025,0.53,9.03,-0.95,-0.67,0.30,-0.63
-10129,3.04,449,2.24,640,2.06,10347,15_10_16_18_06_2025,0.45,9.54,0.88,-0.42,0.27,-0.61
-10220,3.05,805,2.21,639,2.06,10375,15_10_16_18_06_2025,1.23,9.21,-2.38,0.95,0.22,-0.62
-10261,3.05,771,2.21,639,2.06,10397,15_10_16_18_06_2025,0.91,8.73,-2.33,0.05,-0.10,-0.80
-10261,3.05,693,2.22,639,2.06,10423,15_10_16_18_06_2025,-0.01,8.78,-1.94,-0.61,-0.00,-0.91
-10296,3.05,543,2.23,639,2.06,10448,15_10_16_18_06_2025,0.00,10.09,-1.45,-0.69,-0.06,-0.74
-10327,3.06,604,2.23,640,2.06,10473,15_10_16_18_06_2025,-0.22,10.27,-1.42,0.02,-0.10,-0.54
-10186,3.04,620,2.23,638,2.06,10500,15_10_16_18_06_2025,-0.56,8.06,-2.35,-0.12,-0.20,-0.30
-10218,3.05,811,2.21,639,2.06,10526,15_10_16_18_06_2025,-0.92,7.23,-1.75,-1.28,-0.19,-0.10
-10167,3.04,696,2.22,639,2.06,10549,15_10_16_18_06_2025,-0.69,7.62,-0.15,-2.09,0.12,0.18
-10151,3.04,437,2.24,639,2.06,10574,15_10_16_18_06_2025,0.15,8.41,-0.31,-2.34,0.35,0.36
-10179,3.04,626,2.23,639,2.06,10599,15_10_16_18_06_2025,-0.18,9.75,-0.41,-2.21,0.30,0.05
-10044,3.03,505,2.23,639,2.06,10624,15_10_16_18_06_2025,-0.67,8.38,1.94,-2.64,0.45,0.11
-10224,3.05,616,2.23,639,2.06,10653,15_10_16_18_06_2025,-1.54,7.32,2.59,-3.84,1.51,1.01
-10226,3.05,680,2.22,639,2.06,10675,15_10_16_18_06_2025,0.48,9.54,3.15,-3.83,1.68,1.24
-10262,3.05,583,2.23,639,2.06,10700,15_10_16_18_06_2025,-0.04,10.00,2.76,-3.23,1.42,0.62
-10262,3.05,689,2.22,639,2.06,10726,15_10_16_18_06_2025,0.23,8.52,3.59,-1.43,0.59,0.33
-10259,3.05,752,2.22,639,2.06,10751,15_10_16_18_06_2025,-1.36,7.98,4.48,0.59,0.24,0.78
-10320,3.05,634,2.22,640,2.06,10776,15_10_16_18_06_2025,1.17,9.99,2.62,0.85,0.32,0.97
-10177,3.04,842,2.21,639,2.06,10804,15_10_16_18_06_2025,-0.99,8.35,1.81,-0.62,0.59,0.68
-9961,3.03,614,2.23,639,2.06,10827,15_10_16_18_06_2025,1.18,7.54,1.78,-1.73,0.68,0.58
-10279,3.05,625,2.23,639,2.06,10852,15_10_16_18_06_2025,1.15,7.08,3.08,-3.05,0.34,0.43
-10265,3.05,842,2.21,639,2.06,10877,15_10_16_18_06_2025,0.04,6.05,5.32,-1.46,-0.40,1.13
-10141,3.04,569,2.23,639,2.06,10902,15_10_16_18_06_2025,2.33,7.51,2.48,-2.42,-0.30,1.34
-10197,3.05,859,2.21,639,2.06,10928,15_10_16_18_06_2025,1.25,9.41,0.37,-4.44,-0.32,0.50
-10268,3.05,809,2.21,640,2.06,10956,15_10_16_18_06_2025,2.13,7.39,7.22,-3.89,-0.47,0.33
-10192,3.04,580,2.23,639,2.06,10978,15_10_17_18_06_2025,2.27,7.53,9.14,-3.43,-0.37,0.41
-10166,3.04,679,2.22,639,2.06,11003,15_10_17_18_06_2025,2.28,7.90,10.89,-1.91,-0.41,0.32
-10274,3.05,771,2.21,639,2.06,11028,15_10_17_18_06_2025,2.16,6.45,9.05,-0.94,-0.24,0.33
-10121,3.04,809,2.21,639,2.06,11054,15_10_17_18_06_2025,2.07,5.65,8.52,-1.20,0.01,0.38
-10263,3.05,722,2.22,638,2.06,11079,15_10_17_18_06_2025,1.90,4.92,8.80,-2.18,0.24,0.21
-10103,3.04,724,2.22,640,2.06,11107,15_10_17_18_06_2025,4.10,8.98,11.82,-1.68,-0.07,0.25
-10119,3.04,852,2.21,640,2.06,11129,15_10_17_18_06_2025,1.36,8.16,14.41,2.76,-1.39,0.41
-10099,3.04,846,2.21,639,2.06,11154,15_10_17_18_06_2025,2.96,4.02,9.02,-0.16,0.02,-0.10
-10109,3.04,839,2.21,640,2.06,11179,15_10_17_18_06_2025,2.29,3.42,7.52,-1.14,0.44,-0.22
-10016,3.03,811,2.21,639,2.06,11205,15_10_17_18_06_2025,2.47,3.57,7.93,-2.91,0.51,-0.38
-10202,3.05,714,2.22,640,2.06,11231,15_10_17_18_06_2025,1.66,2.40,9.04,-2.97,0.71,-0.66
-10172,3.04,676,2.22,638,2.06,11257,15_10_17_18_06_2025,1.89,2.37,10.07,-1.77,0.31,-0.55
-10179,3.04,725,2.22,639,2.06,11280,15_10_17_18_06_2025,2.59,2.49,10.05,-1.74,0.19,-0.47
-10154,3.04,700,2.22,639,2.06,11307,15_10_17_18_06_2025,2.75,2.32,9.73,-1.82,0.29,-0.30
-10181,3.04,544,2.23,639,2.06,11329,15_10_17_18_06_2025,3.12,2.17,9.44,-1.16,0.25,-0.00
-10034,3.03,576,2.23,639,2.06,11351,15_10_17_18_06_2025,2.68,1.55,8.63,-0.73,0.13,0.07
-10169,3.04,567,2.23,640,2.06,11377,15_10_17_18_06_2025,2.29,2.01,9.82,-1.05,0.01,0.04
-10238,3.05,739,2.22,639,2.06,11399,15_10_17_18_06_2025,2.37,2.50,10.19,-1.04,0.02,-0.00
-9972,3.03,415,2.24,640,2.06,11421,15_10_17_18_06_2025,2.05,1.85,8.72,-0.29,-0.04,0.02
-10123,3.04,634,2.22,639,2.06,11444,15_10_17_18_06_2025,2.85,2.42,10.16,-2.96,-0.16,-0.76
-10093,3.04,903,2.20,638,2.06,11466,15_10_17_18_06_2025,1.75,0.10,8.95,-3.43,0.27,-0.49
-10230,3.05,500,2.23,641,2.07,11489,15_10_17_18_06_2025,2.61,-0.22,8.53,-3.68,0.27,-0.19
-10109,3.04,714,2.22,640,2.06,11514,15_10_17_18_06_2025,1.24,-1.15,8.10,-4.16,1.07,-0.65
-10214,3.05,742,2.22,641,2.07,11539,15_10_17_18_06_2025,2.26,-5.88,16.68,-4.20,1.67,-1.52
-10376,3.06,540,2.23,641,2.07,11565,15_10_17_18_06_2025,-1.05,-3.90,7.68,-0.72,0.66,-0.44
-10278,3.05,695,2.22,641,2.07,11590,15_10_17_18_06_2025,0.67,-4.23,9.00,-0.18,0.09,-0.63
-9946,3.03,478,2.24,641,2.07,11615,15_10_17_18_06_2025,1.92,-2.72,9.86,0.76,0.43,-0.95
-10110,3.04,706,2.22,641,2.07,11640,15_10_17_18_06_2025,1.11,-1.51,8.83,0.41,0.16,-0.42
-10044,3.03,724,2.22,641,2.07,11668,15_10_17_18_06_2025,0.53,-3.56,9.19,0.11,0.01,-0.07
-10085,3.04,672,2.22,641,2.07,11691,15_10_17_18_06_2025,0.76,-3.22,9.36,0.39,-0.03,-0.03
-10251,3.05,891,2.21,642,2.07,11716,15_10_17_18_06_2025,0.72,-2.60,9.55,0.62,-0.01,-0.06
-9992,3.03,732,2.22,641,2.07,11741,15_10_17_18_06_2025,0.38,-3.51,8.76,0.89,0.07,-0.68
-10087,3.04,642,2.22,640,2.06,11767,15_10_17_18_06_2025,0.28,-2.06,9.52,1.32,-0.42,-0.88
-10185,3.04,827,2.21,641,2.07,11795,15_10_17_18_06_2025,1.81,-0.88,10.09,0.68,0.11,-0.16
-10124,3.04,567,2.23,641,2.07,11817,15_10_17_18_06_2025,0.79,-0.50,10.15,0.01,0.26,0.02
-10136,3.04,531,2.23,641,2.07,11842,15_10_17_18_06_2025,1.12,-1.58,9.54,-0.92,0.18,-0.04
-10120,3.04,771,2.21,641,2.07,11868,15_10_17_18_06_2025,0.57,-3.08,9.09,-0.00,0.01,-0.43
-10154,3.04,808,2.21,641,2.07,11893,15_10_17_18_06_2025,1.34,-3.33,9.00,0.71,0.20,-0.68
-10134,3.04,839,2.21,641,2.07,11918,15_10_17_18_06_2025,0.61,-2.67,9.11,1.78,0.22,-0.80
-10230,3.05,541,2.23,641,2.07,11949,15_10_17_18_06_2025,1.37,-1.14,9.70,2.60,-0.19,-0.49
-10242,3.05,511,2.23,641,2.07,11974,15_10_18_18_06_2025,0.68,-1.21,9.01,2.72,-0.19,-0.23
-10245,3.05,669,2.22,641,2.07,11999,15_10_18_18_06_2025,0.74,-0.57,8.94,3.59,-0.21,-0.28
-9917,3.02,884,2.21,639,2.06,12025,15_10_18_18_06_2025,3.45,7.46,12.82,3.71,-0.40,0.81
-10029,3.03,705,2.22,639,2.06,12050,15_10_18_18_06_2025,2.42,1.08,9.58,-0.24,0.05,0.60
-10147,3.04,705,2.22,638,2.06,12075,15_10_18_18_06_2025,1.07,0.88,9.92,-0.04,0.32,-0.05
-10234,3.05,775,2.21,639,2.06,12109,15_10_18_18_06_2025,1.20,1.01,9.74,-0.03,-0.01,-0.01
-10132,3.04,947,2.20,640,2.06,12131,15_10_18_18_06_2025,1.15,1.27,9.74,0.01,-0.01,-0.01
-10175,3.04,737,2.22,639,2.06,12156,15_10_18_18_06_2025,1.14,1.32,9.74,0.01,-0.01,-0.01
-10108,3.04,609,2.23,638,2.06,12181,15_10_18_18_06_2025,1.13,1.34,9.73,0.01,-0.01,0.00
-10195,3.05,578,2.23,639,2.06,12206,15_10_18_18_06_2025,1.05,1.38,9.67,0.03,-0.02,0.00
-10065,3.04,657,2.22,639,2.06,12231,15_10_18_18_06_2025,1.08,1.29,9.67,0.04,0.03,-0.07
-10194,3.05,652,2.22,639,2.06,12259,15_10_18_18_06_2025,1.20,1.37,9.74,0.04,-0.03,-0.16
-9996,3.03,776,2.21,640,2.06,12282,15_10_18_18_06_2025,1.24,1.48,9.65,-0.03,-0.06,-0.35
-10192,3.04,801,2.21,639,2.06,12307,15_10_18_18_06_2025,1.14,1.47,9.67,-0.07,-0.09,-0.68
-10126,3.04,435,2.24,640,2.06,12332,15_10_18_18_06_2025,1.11,1.29,9.70,-0.08,-0.11,-0.67
-10200,3.05,801,2.21,639,2.06,12357,15_10_18_18_06_2025,1.10,0.97,9.86,-0.02,-0.07,-0.50
-10125,3.04,830,2.21,639,2.06,12385,15_10_18_18_06_2025,1.23,1.86,9.60,0.18,-0.04,-0.15
-10181,3.04,703,2.22,640,2.06,12408,15_10_18_18_06_2025,0.50,-0.47,10.69,-0.43,-0.04,-0.14
-10053,3.03,612,2.23,639,2.06,12433,15_10_18_18_06_2025,0.75,0.86,9.67,0.01,-0.01,-0.06
-10211,3.05,739,2.22,639,2.06,12458,15_10_18_18_06_2025,1.15,1.28,9.81,0.06,-0.01,0.00
-10002,3.03,769,2.21,638,2.06,12483,15_10_18_18_06_2025,1.13,1.31,9.77,0.20,-0.02,-0.02
-10208,3.05,626,2.23,640,2.06,12509,15_10_18_18_06_2025,1.12,1.43,9.76,0.38,-0.05,-0.04
-10020,3.03,694,2.22,639,2.06,12537,15_10_18_18_06_2025,1.13,1.71,9.59,0.42,-0.05,-0.04
-9933,3.03,864,2.21,639,2.06,12559,15_10_18_18_06_2025,1.16,2.05,9.39,0.23,-0.03,-0.02
-10052,3.03,736,2.22,639,2.06,12584,15_10_18_18_06_2025,1.27,2.21,9.29,-0.36,0.02,-0.10
-9923,3.02,726,2.22,639,2.06,12610,15_10_18_18_06_2025,1.18,1.74,9.56,-0.71,0.05,-0.07
-10077,3.04,834,2.21,640,2.06,12635,15_10_18_18_06_2025,1.99,1.73,9.51,0.15,-0.00,-0.18
-10051,3.03,764,2.21,639,2.06,12660,15_10_18_18_06_2025,1.21,1.35,9.71,0.00,-0.03,-0.11
-10212,3.05,665,2.22,640,2.06,12691,15_10_18_18_06_2025,1.14,1.34,9.73,-0.01,-0.02,-0.15
-10097,3.04,537,2.23,638,2.06,12718,15_10_18_18_06_2025,1.09,1.35,9.72,-0.00,-0.01,-0.08
-10182,3.04,893,2.21,638,2.06,12741,15_10_18_18_06_2025,1.10,1.35,9.70,-0.01,-0.01,-0.05
-10119,3.04,820,2.21,640,2.06,12766,15_10_18_18_06_2025,1.10,1.31,9.72,0.01,-0.00,0.01
-9927,3.02,757,2.22,639,2.06,12791,15_10_18_18_06_2025,1.20,1.29,9.74,0.00,-0.00,0.00
-10145,3.04,682,2.22,639,2.06,12816,15_10_18_18_06_2025,1.11,2.39,10.14,-0.11,-0.03,-0.09
-10206,3.05,808,2.21,639,2.06,12844,15_10_18_18_06_2025,1.70,0.45,9.70,-0.02,0.07,-0.06
-10285,3.05,789,2.21,639,2.06,12866,15_10_18_18_06_2025,1.18,1.34,9.76,0.01,0.01,-0.01
-10135,3.04,891,2.21,639,2.06,12892,15_10_18_18_06_2025,1.09,1.32,9.72,0.00,0.01,0.00
-10211,3.05,718,2.22,639,2.06,12917,15_10_18_18_06_2025,1.11,1.37,9.71,0.01,-0.00,-0.00
-10141,3.04,760,2.22,640,2.06,12942,15_10_18_18_06_2025,1.06,1.37,9.70,0.01,0.00,-0.00
-10312,3.05,868,2.21,640,2.06,12970,15_10_18_18_06_2025,0.86,1.58,9.67,-0.16,-0.04,0.03
-10197,3.05,753,2.22,639,2.06,12992,15_10_19_18_06_2025,0.52,1.31,9.44,-0.13,-0.32,-0.13
-10214,3.05,655,2.22,639,2.06,13018,15_10_19_18_06_2025,1.34,1.10,9.81,0.10,-0.19,-0.03
-10206,3.05,673,2.22,640,2.06,13043,15_10_19_18_06_2025,1.46,1.32,9.61,0.02,-0.07,-0.23
-10246,3.05,692,2.22,639,2.06,13068,15_10_19_18_06_2025,1.14,1.44,9.77,0.05,0.15,-0.06
-9948,3.03,613,2.23,639,2.06,13093,15_10_19_18_06_2025,1.25,1.37,9.70,-0.01,-0.04,-0.02
-10162,3.04,627,2.23,640,2.06,13121,15_10_19_18_06_2025,1.13,1.41,9.72,-0.02,-0.02,-0.19
-9979,3.03,628,2.23,639,2.06,13144,15_10_19_18_06_2025,2.05,1.40,9.62,-0.08,0.01,-0.39
-9819,3.02,819,2.21,639,2.06,13169,15_10_19_18_06_2025,1.80,2.63,9.53,-0.33,0.02,-1.39
-10117,3.04,696,2.22,639,2.06,13194,15_10_19_18_06_2025,1.92,1.79,9.74,-0.44,-0.38,-2.35
-10275,3.05,671,2.22,640,2.06,13219,15_10_19_18_06_2025,1.60,2.66,9.23,-0.41,-0.41,-3.29
-10081,3.04,829,2.21,639,2.06,13245,15_10_19_18_06_2025,0.39,1.97,9.89,-0.67,-0.55,-3.95
-10069,3.04,677,2.22,640,2.06,13273,15_10_19_18_06_2025,1.27,1.21,9.82,-0.40,-0.44,-2.97
-10144,3.04,777,2.21,640,2.06,13295,15_10_19_18_06_2025,1.22,0.77,10.23,-0.27,-0.31,-2.41
-10217,3.05,642,2.22,639,2.06,13320,15_10_19_18_06_2025,1.06,0.64,9.63,-0.05,-0.13,-0.98
-10257,3.05,468,2.24,639,2.06,13345,15_10_19_18_06_2025,1.15,2.29,9.41,-0.28,-0.11,-1.12
-10232,3.05,652,2.22,639,2.06,13370,15_10_19_18_06_2025,1.18,0.73,10.04,-0.08,-0.33,-1.32
-10270,3.05,671,2.22,639,2.06,13397,15_10_19_18_06_2025,0.75,-0.72,9.93,0.12,-0.26,-0.87
-10233,3.05,440,2.24,640,2.06,13423,15_10_19_18_06_2025,0.92,0.23,9.83,-0.02,-0.05,-0.27
-9944,3.03,556,2.23,639,2.06,13446,15_10_19_18_06_2025,0.99,1.91,9.75,0.27,-0.02,-0.02
-10092,3.04,470,2.24,639,2.06,13473,15_10_19_18_06_2025,0.87,1.02,9.89,-0.01,-0.06,-0.36
-10100,3.04,748,2.22,639,2.06,13495,15_10_19_18_06_2025,1.11,1.52,9.85,0.02,-0.12,-0.04
-10160,3.04,671,2.22,639,2.06,13521,15_10_19_18_06_2025,1.79,1.06,9.82,-0.04,-0.04,0.02
-10214,3.05,709,2.22,639,2.06,13548,15_10_19_18_06_2025,1.00,1.60,10.05,-0.14,-0.03,0.23
-10310,3.05,672,2.22,639,2.06,13571,15_10_19_18_06_2025,1.42,1.14,9.86,-0.52,0.03,0.64
-10220,3.05,788,2.21,638,2.06,13596,15_10_19_18_06_2025,1.20,0.83,9.91,0.04,-0.01,0.16
-10192,3.04,653,2.22,640,2.06,13621,15_10_19_18_06_2025,0.24,3.44,9.14,-0.21,0.03,-0.07
-10146,3.04,707,2.22,638,2.06,13647,15_10_19_18_06_2025,0.03,3.38,9.78,0.34,-0.14,-0.80
-10541,3.07,384,2.24,640,2.06,13672,15_10_19_18_06_2025,0.76,-2.23,10.99,0.28,-0.05,-1.15
-10160,3.04,528,2.23,638,2.06,13700,15_10_19_18_06_2025,2.51,0.09,9.76,-0.07,-0.10,-0.75
-10224,3.05,686,2.22,638,2.06,13722,15_10_19_18_06_2025,1.15,1.21,9.73,0.01,-0.00,-0.01
-10220,3.05,734,2.22,640,2.06,13748,15_10_19_18_06_2025,1.36,1.31,9.73,0.01,-0.00,-0.01
-10247,3.05,585,2.23,640,2.06,13773,15_10_19_18_06_2025,1.08,1.29,9.72,0.01,-0.00,-0.00
-10060,3.03,585,2.23,638,2.06,13798,15_10_19_18_06_2025,1.19,1.21,9.66,-0.01,-0.04,-0.19
-10139,3.04,697,2.22,639,2.06,13823,15_10_19_18_06_2025,1.01,0.90,9.76,-0.02,-0.02,-0.13
-10092,3.04,882,2.21,639,2.06,13851,15_10_19_18_06_2025,1.06,0.84,9.66,-0.02,-0.00,-0.01
-10156,3.04,739,2.22,639,2.06,13873,15_10_19_18_06_2025,1.25,1.16,9.76,0.00,-0.00,0.01
-10288,3.05,756,2.22,639,2.06,13899,15_10_19_18_06_2025,1.20,1.14,9.73,0.00,-0.00,0.01
-10438,3.06,740,2.22,639,2.06,13924,15_10_19_18_06_2025,1.10,0.99,9.78,0.01,-0.13,0.08
-10047,3.03,563,2.23,639,2.06,13949,15_10_19_18_06_2025,1.40,1.07,9.73,-0.06,0.22,0.21
-10048,3.03,785,2.21,639,2.06,13974,15_10_20_18_06_2025,1.15,1.13,9.75,0.04,0.07,0.23
-10258,3.05,810,2.21,639,2.06,14002,15_10_20_18_06_2025,0.92,1.22,9.57,0.02,0.02,-0.21
-10167,3.04,608,2.23,640,2.06,14025,15_10_20_18_06_2025,1.21,1.24,9.71,0.01,-0.00,-0.01
-10146,3.04,601,2.23,639,2.06,14050,15_10_20_18_06_2025,1.29,1.28,9.91,0.07,0.01,-0.04
-10270,3.05,783,2.21,639,2.06,14075,15_10_20_18_06_2025,1.50,1.04,9.73,0.12,0.11,-0.09
-10222,3.05,803,2.21,640,2.06,14100,15_10_20_18_06_2025,0.91,1.28,9.43,-0.03,0.08,-0.02
-10589,3.07,755,2.22,638,2.06,14131,15_10_20_18_06_2025,0.81,1.52,9.28,0.11,0.05,-0.13
-10606,3.08,758,2.22,639,2.06,14159,15_10_20_18_06_2025,1.16,1.15,9.78,0.00,-0.00,-0.00
-10546,3.07,853,2.21,639,2.06,14181,15_10_20_18_06_2025,1.12,1.20,9.75,0.01,-0.01,-0.04
-10234,3.05,568,2.23,639,2.06,14206,15_10_20_18_06_2025,1.11,1.18,9.75,0.00,-0.00,0.00
-10285,3.05,743,2.22,638,2.06,14231,15_10_20_18_06_2025,1.04,1.44,9.70,0.01,-0.00,0.00
-10149,3.04,655,2.22,638,2.06,14256,15_10_20_18_06_2025,1.12,1.21,9.76,0.01,-0.02,0.01
-10345,3.06,655,2.22,638,2.06,14284,15_10_20_18_06_2025,1.08,1.20,9.73,0.02,0.00,-0.00
-10079,3.04,875,2.21,638,2.06,14307,15_10_20_18_06_2025,1.05,1.26,9.74,0.01,-0.00,0.00
-10187,3.04,721,2.22,639,2.06,14332,15_10_20_18_06_2025,1.02,1.23,9.69,0.01,-0.00,-0.00
-10313,3.05,721,2.22,640,2.06,14357,15_10_20_18_06_2025,1.06,1.24,9.75,0.01,0.00,-0.01
-10327,3.06,714,2.22,639,2.06,14382,15_10_20_18_06_2025,1.10,1.20,9.72,0.01,0.00,0.00
-10448,3.06,545,2.23,639,2.06,14407,15_10_20_18_06_2025,1.09,1.20,9.75,0.01,-0.00,0.00
-10324,3.05,476,2.24,639,2.06,14435,15_10_20_18_06_2025,1.08,1.21,9.74,0.00,-0.00,-0.00
-10327,3.06,778,2.21,640,2.06,14457,15_10_20_18_06_2025,1.10,1.21,9.75,0.00,-0.00,0.00
-10221,3.05,777,2.21,640,2.06,14482,15_10_20_18_06_2025,1.09,1.21,9.72,0.00,-0.00,-0.00
-10626,3.08,788,2.21,640,2.06,14507,15_10_20_18_06_2025,1.06,1.23,9.72,0.01,-0.00,-0.00
-10538,3.07,708,2.22,639,2.06,14532,15_10_20_18_06_2025,1.10,1.92,9.60,-0.00,-0.01,-0.03
-10297,3.05,631,2.22,638,2.06,14557,15_10_20_18_06_2025,1.10,1.22,9.74,0.01,-0.00,-0.00
-10424,3.06,548,2.23,639,2.06,14585,15_10_20_18_06_2025,1.10,1.20,9.75,0.01,-0.00,-0.00
-10241,3.05,720,2.22,638,2.06,14607,15_10_20_18_06_2025,1.10,1.21,9.74,0.01,-0.00,-0.00
-10455,3.06,687,2.22,639,2.06,14632,15_10_20_18_06_2025,1.10,1.22,9.74,0.01,-0.00,-0.00
-10512,3.07,780,2.21,640,2.06,14657,15_10_20_18_06_2025,1.08,1.22,9.74,0.01,-0.00,0.00
-10305,3.05,903,2.20,639,2.06,14682,15_10_20_18_06_2025,0.61,0.88,8.09,-0.02,-0.01,0.04
-10290,3.05,705,2.22,639,2.06,14707,15_10_20_18_06_2025,1.45,0.79,9.00,0.17,-0.34,-0.15
-10132,3.04,509,2.23,638,2.06,14735,15_10_20_18_06_2025,1.41,1.48,10.13,0.13,-0.14,0.05
-10166,3.04,515,2.23,639,2.06,14758,15_10_20_18_06_2025,1.27,1.34,9.75,-0.09,-0.07,0.03
-10166,3.04,646,2.22,639,2.06,14783,15_10_20_18_06_2025,1.76,2.26,9.57,-0.45,-0.01,-0.11
-10388,3.06,725,2.22,638,2.06,14808,15_10_20_18_06_2025,2.27,1.75,10.19,-1.79,0.01,-0.09
-10508,3.07,834,2.21,639,2.06,14833,15_10_20_18_06_2025,-0.94,-1.68,10.96,-3.89,0.08,0.74
-10165,3.04,855,2.21,639,2.06,14864,15_10_20_18_06_2025,1.08,-2.02,9.11,-1.09,-0.38,-0.14
-10190,3.04,632,2.22,639,2.06,14892,15_10_20_18_06_2025,2.20,-0.34,9.92,-0.16,0.06,0.05
-10259,3.05,559,2.23,638,2.06,14915,15_10_20_18_06_2025,1.09,-0.33,10.05,-0.38,0.19,0.11
-10278,3.05,673,2.22,638,2.06,14940,15_10_20_18_06_2025,1.25,-0.99,9.71,-0.55,-0.06,0.18
-10179,3.04,751,2.22,640,2.06,14965,15_10_20_18_06_2025,0.36,-0.19,10.06,0.32,0.25,0.06
-10270,3.05,805,2.21,639,2.06,14991,15_10_21_18_06_2025,0.81,-0.66,9.88,0.06,-0.12,-0.07
-10260,3.05,980,2.20,640,2.06,15019,15_10_21_18_06_2025,1.80,-0.81,9.83,0.10,-0.14,-0.34
-10298,3.05,601,2.23,639,2.06,15041,15_10_21_18_06_2025,1.96,-1.30,9.61,0.37,-0.23,-0.21
-10080,3.04,699,2.22,639,2.06,15066,15_10_21_18_06_2025,1.49,-1.24,9.88,0.79,0.17,0.33
-10072,3.04,687,2.22,639,2.06,15092,15_10_21_18_06_2025,2.61,0.87,9.83,1.01,0.07,0.35
-10094,3.04,674,2.22,639,2.06,15117,15_10_21_18_06_2025,0.47,0.66,9.19,0.52,0.07,0.24
-10182,3.04,700,2.22,639,2.06,15142,15_10_21_18_06_2025,0.89,-0.34,9.80,-0.11,0.10,0.23
-10213,3.05,750,2.22,639,2.06,15170,15_10_21_18_06_2025,1.76,-0.63,10.37,0.03,0.20,-0.22
-10204,3.05,622,2.23,639,2.06,15193,15_10_21_18_06_2025,1.34,0.58,9.92,-0.14,0.08,-0.09
-10328,3.06,665,2.22,639,2.06,15218,15_10_21_18_06_2025,0.33,-1.19,10.01,0.10,0.08,0.27
-10412,3.06,813,2.21,638,2.06,15243,15_10_21_18_06_2025,1.                                -10202,3.05,661,2.22,639,2.06,15561,15_10_21_18_06_2025,1.05,-0.05,10.13,-0.27,0.22,0.14
-10311,3.05,734,2.22,640,2.06,15593,15_10_21_18_06_2025,1.30,-0.81,9.67,-0.40,-0.03,0.29
-10503,3.07,736,2.22,639,2.06,15615,15_10_21_18_06_2025,1.36,-0.15,10.12,-0.57,-0.12,0.33
-10250,3.05,609,2.23,640,2.06,15638,15_10_21_18_06_2025,0.99,-0.80,9.76,-1.39,-0.16,0.19
-10149,3.04,887,2.21,642,2.07,17813,15_10_23_18_06_2025,-1.34,-1.45,9.03,-0.03,-0.06,0.11
-10093,3.04,633,2.22,641,2.07,17838,15_10_23_18_06_2025,-0.89,-1.64,9.98,0.28,-0.31,-0.39
-10194,3.05,830,2.21,641,2.07,17863,15_10_23_18_06_2025,-1.33,-2.01,10.11,0.33,-0.40,-0.64
-10298,3.05,964,2.20,641,2.07,17892,15_10_23_18_06_2025,-1.15,-1.15,9.99,0.20,-0.17,-0.51
-10045,3.03,886,2.21,641,2.07,17914,15_10_23_18_06_2025,-0.58,-1.02,10.07,0.25,0.07,-0.22
-10072,3.04,933,2.20,642,2.07,17939,15_10_23_18_06_2025,-0.77,-1.88,10.02,-0.26,0.57,0.27
-10202,3.05,975,2.20,641,2.07,17965,15_10_23_18_06_2025,-0.93,-1.55,9.55,-0.42,0.52,0.43
-9998,3.03,831,2.21,641,2.07,17990,15_10_24_18_06_2025,-0.71,-1.43,9.36,-0.29,0.19,0.36
-10226,3.05,830,2.21,642,2.07,18017,15_10_24_18_06_2025,-1.38,-2.43,9.92,-0.12,-0.04,0.16
-10149,3.04,902,2.20,641,2.07,18043,15_10_24_18_06_2025,-1.02,-1.57,10.03,-0.02,-0.30,-0.10
-10172,3.04,1039,2.19,641,2.07,18065,15_10_24_18_06_2025,-1.13,-1.17,9.38,0.43,-0.56,-0.28
-9982,3.03,709,2.22,642,2.07,18093,15_10_24_18_06_2025,-1.52,-2.46,10.36,0.37,-0.33,-0.33
-10292,3.05,862,2.21,640,2.06,18115,15_10_24_18_06_2025,-2.01,-1.86,9.90,0.20,-0.39,-0.41
-10033,3.03,656,2.22,642,2.07,18140,15_10_24_18_06_2025,-0.26,0.31,8.52,0.00,0.06,-0.08
-10213,3.05,755,2.22,642,2.07,18168,15_10_24_18_06_2025,-0.67,-0.79,9.48,-0.08,0.18,0.21
-10219,3.05,861,2.21,642,2.07,18191,15_10_24_18_06_2025,-0.01,-1.02,10.07,-0.28,0.35,0.48
-9988,3.03,1013,2.20,642,2.07,18216,15_10_24_18_06_2025,-0.53,-1.86,10.19,-0.58,0.67,0.71
-10275,3.05,829,2.21,642,2.07,18241,15_10_24_18_06_2025,-0.47,-2.27,9.21,-0.88,1.05,0.98
-10282,3.05,788,2.21,641,2.07,18266,15_10_24_18_06_2025,-0.91,-2.99,10.05,-1.15,1.28,1.23
