-13563,3.30,0,2.27,635,2.05,1107,17_08_04_16_06_2025,6.71,-0.79,4.25,0.13,-1.07,0.67
-14107,3.34,-5080,2.66,635,2.05,1193,17_08_05_16_06_2025,7.77,-2.33,3.20,-0.90,-1.27,4.27
-14527,3.37,-5822,2.71,635,2.05,1217,17_08_05_16_06_2025,6.68,-2.04,2.90,-0.63,-0.91,4.09
-14859,3.40,-5612,2.70,634,2.05,1237,17_08_05_16_06_2025,7.42,-2.88,3.25,-0.09,-1.14,4.31
-14811,3.39,-5466,2.69,635,2.05,1257,17_08_05_16_06_2025,8.71,-4.73,2.82,0.45,-1.67,4.21
-14306,3.36,-4864,2.64,636,2.05,1277,17_08_05_16_06_2025,9.72,-6.30,2.82,0.85,-1.80,3.83
-14070,3.34,-5493,2.69,633,2.04,1300,17_08_05_16_06_2025,6.00,-5.82,3.51,1.60,-2.01,3.45
-14503,3.37,-6648,2.78,635,2.05,1320,17_08_05_16_06_2025,5.59,-6.83,2.97,2.17,-2.86,3.25
-14534,3.37,-7620,2.85,635,2.05,1340,17_08_05_16_06_2025,7.58,-6.04,3.83,2.69,-2.85,2.42
-16387,3.51,-8551,2.92,635,2.05,1361,17_08_05_16_06_2025,8.18,-8.22,1.65,2.98,-1.62,0.85
-19005,3.71,-9817,3.02,635,2.05,1381,17_08_05_16_06_2025,7.14,-7.11,1.69,2.29,-0.98,-0.67
-20012,3.79,-10226,3.05,635,2.05,1401,17_08_05_16_06_2025,10.11,-5.61,1.86,2.00,-0.82,-1.45
-20365,3.82,-8744,2.94,635,2.05,1424,17_08_05_16_06_2025,8.15,-9.65,2.66,1.87,-0.19,-2.10
-20452,3.82,-7681,2.85,635,2.05,1444,17_08_05_16_06_2025,12.49,-9.45,1.57,0.20,1.01,-2.73
-20599,3.83,-6667,2.78,635,2.05,1465,17_08_05_16_06_2025,8.77,-14.69,1.35,0.04,0.49,-2.95
-18716,3.69,-4565,2.62,635,2.05,1485,17_08_05_16_06_2025,10.30,-13.02,4.45,-0.09,0.12,-1.82
-13618,3.30,-1902,2.42,635,2.05,1505,17_08_05_16_06_2025,7.31,-11.09,4.74,0.22,0.71,-0.88
-12831,3.24,-2018,2.43,633,2.04,1528,17_08_05_16_06_2025,8.12,-7.20,1.84,-0.27,1.32,-1.11
-12778,3.24,-2949,2.50,635,2.05,1551,17_08_05_16_06_2025,5.66,-5.58,0.08,-0.46,0.89,-1.67
-12908,3.25,-3423,2.53,635,2.05,1572,17_08_05_16_06_2025,4.40,-5.24,1.84,-1.96,0.04,-1.97
-12452,3.22,-3565,2.54,635,2.05,1592,17_08_05_16_06_2025,4.89,-4.35,2.13,-1.66,0.07,-2.29
-12137,3.19,-2609,2.47,635,2.05,1612,17_08_05_16_06_2025,4.04,-10.68,3.47,-0.87,0.75,-1.53
-11737,3.16,-2223,2.44,635,2.05,1634,17_08_05_16_06_2025,4.92,-10.88,2.46,-1.17,1.14,1.62
-11817,3.17,-3050,2.50,634,2.05,1660,17_08_05_16_06_2025,4.74,-7.32,2.38,-1.70,1.14,3.60
-11873,3.17,-4084,2.58,636,2.05,1683,17_08_05_16_06_2025,4.71,-5.24,2.80,-2.33,0.73,4.27
-12069,3.19,-3893,2.57,634,2.05,1704,17_08_05_16_06_2025,4.70,-5.19,4.40,-2.47,0.62,4.34
-11891,3.17,-3893,2.57,635,2.05,1724,17_08_05_16_06_2025,4.93,-8.21,5.24,-2.18,1.07,4.54
-11678,3.16,-2843,2.49,635,2.05,1744,17_08_05_16_06_2025,4.73,-10.10,4.88,-1.81,1.80,4.16
-11597,3.15,-2501,2.46,635,2.05,1764,17_08_05_16_06_2025,3.61,-10.49,3.27,-1.63,2.33,3.59
-11226,3.12,-1758,2.41,635,2.05,1787,17_08_05_16_06_2025,2.82,-12.40,1.07,-1.97,1.37,3.01
-11013,3.11,-1321,2.37,635,2.05,1808,17_08_05_16_06_2025,1.85,-13.01,2.35,-2.25,1.34,2.61
-11156,3.12,-1240,2.37,635,2.05,1828,17_08_05_16_06_2025,0.76,-13.02,1.64,-2.71,1.53,2.24
-11665,3.16,-1179,2.36,635,2.05,1848,17_08_05_16_06_2025,0.04,-13.95,0.91,-3.01,1.87,2.01
-13627,3.31,-2546,2.47,635,2.05,1868,17_08_05_16_06_2025,1.20,-12.27,-1.06,-3.42,1.59,1.80
-18933,3.71,-5694,2.70,635,2.05,1891,17_08_05_16_06_2025,5.71,-13.44,-0.42,-3.83,0.34,1.57
-26003,4.24,-8658,2.93,635,2.05,1912,17_08_05_16_06_2025,13.85,-14.97,-1.62,-3.22,0.93,0.53
-27505,4.36,-9613,3.00,635,2.05,1932,17_08_05_16_06_2025,2.29,-6.37,6.02,-4.47,-4.62,0.29
-27502,4.36,-9266,2.97,635,2.05,1952,17_08_05_16_06_2025,4.47,-14.88,4.28,-5.07,-2.74,-1.51
-29533,4.51,-10748,3.09,635,2.05,1973,17_08_05_16_06_2025,8.98,-13.40,-3.75,-4.13,-0.58,-0.58
-30839,4.61,-12303,3.20,633,2.04,1993,17_08_05_16_06_2025,4.61,-10.09,-7.17,-3.63,-1.20,-0.19
-31908,4.69,-12067,3.19,635,2.05,2016,17_08_05_16_06_2025,1.57,-7.48,-0.92,-2.34,-2.25,1.57
-30948,4.62,-11404,3.14,636,2.05,2036,17_08_05_16_06_2025,4.27,-7.55,-4.55,-2.30,-1.34,1.05
-31227,4.64,-11863,3.17,633,2.04,2056,17_08_05_16_06_2025,-2.36,-8.23,-2.63,-2.09,-0.46,1.32
-30589,4.59,-12033,3.18,635,2.05,2076,17_08_05_16_06_2025,-6.31,-3.23,-5.04,-1.51,-0.12,0.57
-31688,4.67,-13527,3.30,635,2.05,2097,17_08_05_16_06_2025,8.07,-5.03,-3.30,-1.46,1.01,-1.80
-32255,4.72,-13682,3.31,635,2.05,2119,17_08_05_16_06_2025,-2.35,-8.58,-5.28,-0.56,0.39,0.28
-34877,4.91,-14300,3.36,634,2.05,2143,17_08_06_16_06_2025,-0.73,-5.34,-6.54,-0.67,1.66,0.29
-35729,4.98,-14665,3.38,635,2.05,2163,17_08_06_16_06_2025,-0.23,-7.48,-6.98,-0.99,0.90,-0.22
-35751,4.98,-15253,3.43,635,2.05,2183,17_08_06_16_06_2025,-0.17,-6.93,-6.39,-1.07,1.04,-0.61
-35933,4.99,-16063,3.49,635,2.05,2203,17_08_06_16_06_2025,-1.57,-8.91,-6.77,-0.98,0.54,-0.77
-37202,5.09,-16687,3.54,635,2.05,2223,17_08_06_16_06_2025,-0.99,-7.95,-6.75,-0.79,-0.06,0.54
-37951,5.15,-18311,3.66,635,2.05,2247,17_08_06_16_06_2025,-0.99,-7.00,-5.29,-0.64,-0.36,0.71
-38003,5.15,-18474,3.67,635,2.05,2268,17_08_06_16_06_2025,0.28,-6.06,-4.91,-0.24,0.23,1.02
-38595,5.20,-18955,3.71,635,2.05,2288,17_08_06_16_06_2025,1.23,-5.19,-6.09,-0.12,0.68,0.76
-40669,5.35,-20375,3.82,635,2.05,2308,17_08_06_16_06_2025,1.75,-6.22,-6.59,-0.03,0.38,0.16
-41822,5.44,-21495,3.90,634,2.05,2328,17_08_06_16_06_2025,1.09,-6.72,-6.45,0.16,0.26,0.40
-43460,5.57,-21839,3.93,635,2.05,2351,17_08_06_16_06_2025,1.69,-5.92,-8.69,0.15,0.68,0.12
-44505,5.64,-22168,3.95,636,2.05,2372,17_08_06_16_06_2025,1.47,-7.19,-8.76,-0.14,0.21,-0.30
-44862,5.67,-21991,3.94,634,2.05,2392,17_08_06_16_06_2025,1.00,-7.68,-8.86,-0.36,-0.22,-0.15
-44403,5.64,-22249,3.96,635,2.05,2412,17_08_06_16_06_2025,-0.69,-7.51,-6.94,-0.51,-0.74,-0.08
-44726,5.66,-22580,3.98,635,2.05,2432,17_08_06_16_06_2025,-0.75,-5.34,-6.19,-0.26,-0.35,0.63
-44697,5.66,-23370,4.04,636,2.05,2453,17_08_06_16_06_2025,0.13,-5.48,-6.31,0.03,0.11,0.59
-45296,5.70,-24505,4.13,635,2.05,2476,17_08_06_16_06_2025,0.98,-5.93,-7.85,0.20,0.34,0.53
-46222,5.77,-26088,4.25,635,2.05,2496,17_08_06_16_06_2025,1.75,-6.63,-7.73,0.18,-0.05,0.26
-47960,5.91,-27064,4.32,635,2.05,2516,17_08_06_16_06_2025,1.14,-6.20,-7.76,0.25,0.01,0.16
-48156,5.92,-27039,4.32,635,2.05,2536,17_08_06_16_06_2025,0.54,-6.46,-8.35,0.24,0.01,0.03
-47885,5.90,-26065,4.25,634,2.05,2557,17_08_06_16_06_2025,0.01,-7.04,-8.14,0.15,-0.26,0.02
-47881,5.90,-25914,4.24,634,2.05,2580,17_08_06_16_06_2025,-1.05,-7.34,-7.69,-0.10,-0.61,0.15
-47821,5.90,-26482,4.28,633,2.04,2603,17_08_06_16_06_2025,-1.94,-7.20,-6.35,-0.10,-0.42,0.29
-48221,5.93,-26875,4.31,635,2.05,2623,17_08_06_16_06_2025,-1.29,-7.06,-6.91,-0.05,0.36,0.57
-48736,5.96,-27837,4.38,635,2.05,2643,17_08_06_16_06_2025,-0.18,-7.15,-7.55,-0.17,0.54,0.55
-49198,6.00,-28441,4.43,635,2.05,2663,17_08_06_16_06_2025,-0.12,-6.91,-8.60,-0.44,0.50,0.44
-50533,6.10,-29608,4.52,635,2.05,2684,17_08_06_16_06_2025,0.03,-6.79,-7.99,-0.65,0.27,0.36
-51055,6.14,-29621,4.52,635,2.05,2707,17_08_06_16_06_2025,-0.23,-6.32,-7.41,-0.70,0.06,0.34
-51332,6.16,-28931,4.46,635,2.05,2727,17_08_06_16_06_2025,-0.40,-6.17,-7.06,-0.69,-0.08,0.33
-51343,6.16,-29036,4.47,635,2.05,2747,17_08_06_16_06_2025,-0.54,-6.28,-6.73,-0.67,-0.16,0.32
-51584,6.18,-29048,4.47,635,2.05,2767,17_08_06_16_06_2025,-1.07,-5.93,-6.41,-0.54,0.08,0.33
-52075,6.22,-29591,4.51,635,2.05,2788,17_08_06_16_06_2025,-0.80,-5.60,-7.15,-0.42,0.37,0.43
-52543,6.25,-30282,4.57,635,2.05,2811,17_08_06_16_06_2025,-0.47,-5.42,-7.39,-0.35,0.39,0.41
-53289,6.31,-31186,4.64,635,2.05,2832,17_08_06_16_06_2025,0.59,-5.39,-7.76,-0.24,0.41,0.36
-53953,6.36,-31630,4.67,633,2.04,2852,17_08_06_16_06_2025,0.77,-5.10,-7.74,-0.21,0.19,0.22
-54212,6.38,-31473,4.66,635,2.05,2873,17_08_06_16_06_2025,0.26,-5.03,-7.57,-0.20,0.07,0.09
-54329,6.39,-30997,4.62,635,2.05,2893,17_08_06_16_06_2025,-0.56,-5.34,-7.76,-0.17,-0.03,0.09
-54625,6.41,-31132,4.63,633,2.04,2913,17_08_06_16_06_2025,-0.83,-5.48,-7.14,-0.19,-0.01,0.08
-54817,6.43,-31383,4.65,635,2.05,2936,17_08_06_16_06_2025,-0.81,-5.71,-7.08,-0.01,0.20,0.23
-55158,6.45,-31592,4.67,635,2.05,2956,17_08_06_16_06_2025,0.17,-5.58,-8.09,0.13,0.33,0.32
-55253,6.46,-32339,4.72,635,2.05,2976,17_08_06_16_06_2025,0.84,-5.58,-8.61,-0.02,0.34,0.17
-55390,6.47,-32924,4.77,635,2.05,2996,17_08_06_16_06_2025,1.08,-5.52,-8.47,-0.11,0.28,0.03
-56272,6.54,-32991,4.77,635,2.05,3016,17_08_06_16_06_2025,0.71,-5.47,-8.82,-0.19,0.14,-0.08
-56522,6.55,-32447,4.73,634,2.05,3039,17_08_06_16_06_2025,-0.17,-5.56,-8.22,-0.20,-0.06,-0.07
-56305,6.54,-32567,4.74,635,2.05,3062,17_08_06_16_06_2025,-0.73,-6.94,-6.86,-0.14,-0.32,-0.38
-56375,6.54,-32734,4.75,635,2.05,3082,17_08_06_16_06_2025,-0.67,-5.05,-8.33,-0.15,0.18,0.19
-56458,6.55,-32908,4.77,635,2.05,3103,17_08_06_16_06_2025,-0.20,-5.61,-8.08,0.03,0.22,0.22
-56370,6.54,-33265,4.79,635,2.05,3123,17_08_06_16_06_2025,1.09,-5.77,-8.21,0.01,0.23,0.21
-56544,6.56,-33578,4.82,635,2.05,3143,17_08_07_16_06_2025,1.60,-5.64,-8.44,-0.06,0.21,0.06
-56838,6.58,-33708,4.83,634,2.05,3166,17_08_07_16_06_2025,0.00,-5.30,-8.43,-0.18,0.06,-0.11
-56746,6.57,-33663,4.82,635,2.05,3186,17_08_07_16_06_2025,-0.12,-5.20,-7.98,-0.17,-0.05,-0.07
-56769,6.57,-33500,4.81,635,2.05,3206,17_08_07_16_06_2025,-0.50,-5.28,-7.58,-0.08,-0.05,-0.05
-57164,6.60,-33874,4.84,633,2.04,3226,17_08_07_16_06_2025,-1.20,-5.32,-7.68,-0.05,0.01,-0.01
-57275,6.61,-34141,4.86,635,2.05,3247,17_08_07_16_06_2025,-0.93,-5.33,-7.59,-0.04,0.06,0.19
-57360,6.62,-34236,4.87,635,2.05,3270,17_08_07_16_06_2025,0.05,-5.49,-7.84,0.07,0.14,0.20
-57414,6.62,-34263,4.87,635,2.05,3293,17_08_07_16_06_2025,0.30,-5.41,-8.19,0.00,0.19,0.11
-57153,6.60,-34411,4.88,635,2.05,3313,17_08_07_16_06_2025,0.21,-5.15,-8.17,-0.06,0.14,0.04
-57493,6.63,-34494,4.89,635,2.05,3333,17_08_07_16_06_2025,0.05,-5.32,-8.10,-0.07,-0.03,0.01
-57630,6.64,-34735,4.90,635,2.05,3353,17_08_07_16_06_2025,-0.56,-5.41,-7.96,-0.04,-0.10,0.01
-57914,6.66,-34866,4.91,635,2.05,3374,17_08_07_16_06_2025,-0.85,-5.57,-8.02,-0.02,-0.03,0.14
-57981,6.67,-35429,4.96,635,2.05,3402,17_08_07_16_06_2025,-0.61,-5.72,-8.38,0.05,0.04,0.25
-57851,6.66,-35022,4.93,635,2.05,3422,17_08_07_16_06_2025,-0.21,-5.48,-8.47,0.03,0.07,0.24
-58081,6.67,-35148,4.94,635,2.05,3444,17_08_07_16_06_2025,-0.11,-5.33,-8.55,0.01,0.12,0.21
-57941,6.66,-35241,4.94,635,2.05,3464,17_08_07_16_06_2025,-0.12,-5.33,-8.57,-0.08,0.03,0.17
-58021,6.67,-35007,4.92,635,2.05,3484,17_08_07_16_06_2025,-0.27,-5.40,-8.29,-0.15,-0.11,0.12
-58687,6.72,-35141,4.93,634,2.05,3507,17_08_07_16_06_2025,-0.58,-5.41,-8.13,-0.18,-0.12,0.10
-58906,6.74,-35440,4.96,635,2.05,3530,17_08_07_16_06_2025,-1.07,-5.37,-8.12,-0.10,-0.04,0.25
-59023,6.74,-35771,4.98,635,2.05,3553,17_08_07_16_06_2025,-0.56,-5.25,-7.90,-0.07,0.04,0.31
-59182,6.76,-35994,5.00,635,2.05,3574,17_08_07_16_06_2025,-0.31,-5.16,-8.14,-0.05,0.16,0.29
-59192,6.76,-35906,4.99,636,2.05,3594,17_08_07_16_06_2025,-0.17,-5.21,-8.35,-0.05,0.15,0.28
-59110,6.75,-36178,5.01,635,2.05,3614,17_08_07_16_06_2025,-0.35,-5.10,-8.35,-0.12,0.10,0.25
-59411,6.77,-36068,5.01,635,2.05,3637,17_08_07_16_06_2025,-0.68,-5.28,-8.28,-0.14,0.03,0.27
-59908,6.81,-36076,5.01,634,2.05,3658,17_08_07_16_06_2025,-0.50,-5.27,-7.97,-0.13,0.00,0.30
-59908,6.81,-36272,5.02,635,2.05,3678,17_08_07_16_06_2025,-0.78,-5.29,-7.98,-0.08,0.07,0.30
-60121,6.83,-36191,5.01,635,2.05,3698,17_08_07_16_06_2025,-0.24,-5.18,-7.99,-0.04,0.09,0.36
-60055,6.82,-36097,5.01,635,2.05,3718,17_08_07_16_06_2025,-0.44,-4.79,-8.35,0.01,0.07,0.25
-60106,6.83,-35939,5.00,634,2.05,3739,17_08_07_16_06_2025,-0.45,-4.84,-8.17,0.03,0.15,0.23
-60230,6.84,-35754,4.98,635,2.05,3762,17_08_07_16_06_2025,-0.40,-5.04,-8.51,0.06,0.16,0.20
-60040,6.82,-35909,4.99,634,2.05,3782,17_08_07_16_06_2025,-0.30,-5.26,-8.54,0.05,0.07,0.21
-60498,6.86,-35895,4.99,635,2.05,3802,17_08_07_16_06_2025,-0.62,-5.50,-8.59,0.01,-0.02,0.23
-60654,6.87,-36193,5.01,635,2.05,3822,17_08_07_16_06_2025,-0.72,-5.48,-8.77,0.00,-0.06,0.27
-60526,6.86,-36076,5.01,635,2.05,3843,17_08_07_16_06_2025,-0.49,-5.42,-8.78,0.01,0.00,0.32
-60530,6.86,-36013,5.00,635,2.05,3865,17_08_07_16_06_2025,-0.58,-5.32,-9.05,-0.01,0.11,0.31
-60620,6.87,-35927,4.99,635,2.05,3888,17_08_07_16_06_2025,-0.52,-5.25,-8.96,-0.10,0.12,0.29
-60529,6.86,-35936,5.00,635,2.05,3909,17_08_07_16_06_2025,-0.32,-5.06,-8.81,-0.14,0.10,0.23
-60637,6.87,-36029,5.00,635,2.05,3929,17_08_07_16_06_2025,-0.60,-5.07,-8.56,-0.17,0.11,0.23
-60843,6.88,-35986,5.00,635,2.05,3949,17_08_07_16_06_2025,-0.68,-5.11,-8.52,-0.16,0.18,0.24
-61378,6.92,-35961,5.00,635,2.05,3969,17_08_07_16_06_2025,-0.85,-4.86,-8.22,-0.16,0.19,0.27
-61336,6.92,-36383,5.03,636,2.05,3992,17_08_07_16_06_2025,-0.82,-5.03,-8.41,-0.04,0.12,0.34
-61445,6.93,-36405,5.03,635,2.05,4012,17_08_07_16_06_2025,-0.84,-4.91,-8.51,-0.05,0.10,0.38
-61505,6.93,-36587,5.04,635,2.05,4032,17_08_07_16_06_2025,-0.89,-4.88,-8.37,-0.08,0.20,0.36
-61656,6.94,-36513,5.04,636,2.05,4054,17_08_07_16_06_2025,-0.68,-5.06,-8.54,-0.08,0.32,0.35
-62180,6.98,-36963,5.07,634,2.05,4074,17_08_07_16_06_2025,-1.01,-4.63,-8.62,-0.11,0.34,0.34
-62308,6.99,-37309,5.10,635,2.05,4097,17_08_07_16_06_2025,-1.06,-4.91,-8.28,-0.14,0.30,0.42
-62683,7.02,-37374,5.10,635,2.05,4117,17_08_07_16_06_2025,-0.28,-5.14,-8.68,-0.08,0.28,0.45
-63031,7.05,-37468,5.11,635,2.05,4137,17_08_08_16_06_2025,-0.28,-4.96,-8.68,-0.15,0.23,0.43
-63186,7.06,-37871,5.14,635,2.05,4158,17_08_08_16_06_2025,0.01,-4.76,-8.25,-0.17,0.24,0.43
-63592,7.09,-37808,5.14,634,2.05,4178,17_08_08_16_06_2025,0.31,-4.45,-8.18,-0.11,0.19,0.41
-63768,7.10,-38073,5.16,634,2.05,4198,17_08_08_16_06_2025,0.32,-4.51,-8.38,-0.06,0.12,0.32
-63794,7.11,-38298,5.17,635,2.05,4221,17_08_08_16_06_2025,0.05,-4.58,-8.44,-0.05,0.12,0.21
-63736,7.10,-38352,5.18,635,2.05,4241,17_08_08_16_06_2025,0.24,-4.54,-8.61,-0.09,0.16,0.17
-63694,7.10,-38154,5.16,635,2.05,4262,17_08_08_16_06_2025,0.15,-4.66,-8.42,-0.16,0.16,0.11
-63517,7.08,-38164,5.16,635,2.05,4282,17_08_08_16_06_2025,-0.82,-4.32,-8.09,-0.22,0.22,0.08
-63411,7.08,-38163,5.16,635,2.05,4302,17_08_08_16_06_2025,-0.61,-4.22,-8.05,-0.11,0.24,0.15
-62826,7.03,-38181,5.17,635,2.05,4325,17_08_08_16_06_2025,0.12,-4.24,-8.24,0.00,0.15,0.17
-62739,7.03,-37644,5.12,635,2.05,4348,17_08_08_16_06_2025,0.35,-5.50,-7.16,0.09,-0.02,-0.09
-62447,7.00,-37675,5.13,635,2.05,4368,17_08_08_16_06_2025,-0.66,-4.02,-8.10,0.19,0.14,0.01
-62092,6.98,-37424,5.11,635,2.05,4388,17_08_08_16_06_2025,-0.39,-4.46,-8.74,0.32,0.36,-0.03
-62267,6.99,-37550,5.12,632,2.04,4409,17_08_08_16_06_2025,0.17,-5.21,-9.48,0.30,0.52,-0.12
-62269,6.99,-37435,5.11,635,2.05,4429,17_08_08_16_06_2025,0.53,-5.92,-9.82,-0.03,0.21,-0.04
-62129,6.98,-37538,5.12,635,2.05,4452,17_08_08_16_06_2025,-0.22,-4.97,-8.31,-0.16,-0.10,-0.05
-61939,6.97,-37512,5.11,635,2.05,4472,17_08_08_16_06_2025,-1.21,-4.96,-8.23,-0.02,-0.02,0.08
-61592,6.94,-37582,5.12,635,2.05,4492,17_08_08_16_06_2025,-1.27,-5.19,-8.46,0.07,-0.02,0.16
-61892,6.96,-37739,5.13,634,2.05,4512,17_08_08_16_06_2025,-1.59,-5.47,-8.66,0.07,-0.06,0.23
-61893,6.96,-38168,5.16,635,2.05,4533,17_08_08_16_06_2025,-1.31,-5.60,-8.82,0.00,-0.06,0.34
-61893,6.96,-38109,5.16,635,2.05,4556,17_08_08_16_06_2025,-1.22,-5.45,-8.44,-0.13,0.11,0.38
-62414,7.00,-38396,5.18,635,2.05,4576,17_08_08_16_06_2025,-1.21,-5.23,-8.58,-0.12,0.30,0.41
-62686,7.02,-38534,5.19,635,2.05,4596,17_08_08_16_06_2025,-0.49,-5.26,-8.66,-0.14,0.34,0.44
-62735,7.03,-38226,5.17,633,2.04,4616,17_08_08_16_06_2025,-0.31,-4.77,-8.24,-0.17,0.31,0.42
-63186,7.06,-38343,5.18,634,2.05,4638,17_08_08_16_06_2025,-0.36,-4.77,-8.34,-0.08,0.27,0.41
-63703,7.10,-38494,5.19,632,2.04,4658,17_08_08_16_06_2025,-0.09,-4.85,-8.74,-0.02,0.14,0.43
-64187,7.14,-38389,5.18,634,2.05,4681,17_08_08_16_06_2025,-0.31,-4.63,-8.55,-0.09,0.15,0.36
-64454,7.16,-38505,5.19,635,2.05,4702,17_08_08_16_06_2025,-0.42,-4.53,-8.73,-0.13,0.18,0.38
-64530,7.16,-38512,5.19,635,2.05,4722,17_08_08_16_06_2025,0.07,-4.45,-8.69,-0.13,0.23,0.41
-64216,7.14,-38285,5.17,634,2.05,4742,17_08_08_16_06_2025,0.57,-4.00,-8.96,-0.13,0.29,0.41
-64070,7.13,-37731,5.13,635,2.05,4762,17_08_08_16_06_2025,0.76,-3.79,-9.10,-0.18,0.24,0.28
-63932,7.12,-37849,5.14,635,2.05,4785,17_08_08_16_06_2025,0.71,-3.62,-9.10,-0.17,0.21,0.27
-63941,7.12,-37703,5.13,634,2.05,4805,17_08_08_16_06_2025,0.86,-3.72,-9.17,-0.19,0.22,0.26
-63815,7.11,-37525,5.12,634,2.05,4825,17_08_08_16_06_2025,1.66,-3.41,-9.24,-0.13,0.22,0.29
-63547,7.09,-37320,5.10,635,2.05,4846,17_08_08_16_06_2025,2.00,-3.81,-9.66,-0.12,0.11,0.22
-63289,7.07,-37266,5.10,635,2.05,4866,17_08_08_16_06_2025,1.31,-4.06,-9.43,-0.16,-0.02,0.12
-63296,7.07,-37010,5.08,635,2.05,4886,17_08_08_16_06_2025,0.70,-4.11,-9.50,-0.20,-0.01,0.09
-63384,7.07,-36690,5.05,635,2.05,4909,17_08_08_16_06_2025,-0.01,-4.24,-9.34,-0.36,0.11,0.07
-63390,7.07,-36570,5.04,635,2.05,4932,17_08_08_16_06_2025,0.07,-4.24,-8.78,-0.41,0.15,0.05
-63005,7.05,-36476,5.04,635,2.05,4952,17_08_08_16_06_2025,-0.47,-4.15,-8.04,-0.30,0.06,-0.01
-63110,7.05,-36445,5.03,635,2.05,4972,17_08_08_16_06_2025,-0.97,-3.98,-7.96,-0.16,-0.02,0.07
-62951,7.04,-36379,5.03,634,2.05,4992,17_08_08_16_06_2025,-0.66,-3.98,-8.06,-0.05,-0.07,0.16
-63081,7.05,-36528,5.04,635,2.05,5015,17_08_08_16_06_2025,-0.13,-3.96,-7.99,0.07,-0.07,0.13
-63218,7.06,-36639,5.05,634,2.05,5035,17_08_08_16_06_2025,-0.77,-4.29,-7.95,0.06,0.02,0.11
-63276,7.07,-36806,5.06,634,2.05,5055,17_08_08_16_06_2025,-0.95,-4.02,-8.02,0.05,0.13,0.16
-63410,7.08,-36776,5.06,633,2.04,5076,17_08_08_16_06_2025,-0.30,-4.00,-8.07,0.05,0.19,0.20
-63618,7.09,-36825,5.06,635,2.05,5096,17_08_08_16_06_2025,0.04,-4.03,-8.39,0.07,0.14,0.15
-63474,7.08,-37051,5.08,635,2.05,5116,17_08_08_16_06_2025,-0.81,-3.95,-8.60,0.09,0.02,0.15
-63934,7.12,-37147,5.09,635,2.05,5139,17_08_09_16_06_2025,-0.16,-3.88,-8.82,0.13,0.02,0.24
-63640,7.09,-37098,5.08,635,2.05,5162,17_08_09_16_06_2025,0.32,-4.20,-9.33,0.20,0.05,0.22
-63503,7.08,-37173,5.09,635,2.05,5183,17_08_09_16_06_2025,0.29,-4.07,-9.71,0.12,0.05,0.19
-63786,7.11,-37159,5.09,634,2.05,5203,17_08_09_16_06_2025,0.47,-3.98,-9.66,0.00,0.08,0.13
-63627,7.09,-37042,5.08,634,2.05,5223,17_08_09_16_06_2025,0.53,-4.04,-9.78,-0.03,0.05,0.09
-63770,7.10,-37384,5.10,635,2.05,5247,17_08_09_16_06_2025,0.66,-3.95,-9.72,-0.05,0.01,0.06
-63767,7.10,-37241,5.09,635,2.05,5267,17_08_09_16_06_2025,0.54,-4.01,-9.44,-0.12,0.02,-0.01
-63899,7.11,-37547,5.12,635,2.05,5287,17_08_09_16_06_2025,0.37,-3.66,-9.45,-0.14,0.04,-0.05
-63867,7.11,-37631,5.12,635,2.05,5308,17_08_09_16_06_2025,0.84,-3.68,-9.25,-0.19,0.08,-0.07
-64075,7.13,-37678,5.13,635,2.05,5328,17_08_09_16_06_2025,1.03,-3.42,-8.89,-0.25,0.15,-0.15
-64079,7.13,-37968,5.15,635,2.05,5348,17_08_09_16_06_2025,1.65,-3.12,-8.86,-0.22,0.15,-0.19
-63891,7.11,-37911,5.14,635,2.05,5371,17_08_09_16_06_2025,2.44,-3.25,-8.98,-0.15,-0.09,-0.36
-63574,7.09,-37704,5.13,634,2.05,5391,17_08_09_16_06_2025,0.70,-2.86,-8.54,-0.21,-0.20,-0.47
-63045,7.05,-37300,5.10,635,2.05,5412,17_08_09_16_06_2025,1.05,-2.71,-8.77,-0.07,-0.20,-0.36
-62697,7.02,-36764,5.06,635,2.05,5432,17_08_09_16_06_2025,4.23,-2.68,-9.71,0.01,-0.35,-0.47
-62034,6.97,-36402,5.03,635,2.05,5452,17_08_09_16_06_2025,7.34,-3.34,-10.69,0.07,-0.48,-0.69
-61150,6.91,-35672,4.98,635,2.05,5475,17_08_09_16_06_2025,4.32,-3.96,-10.74,-0.14,-0.96,-1.28
-59739,6.80,-34832,4.91,635,2.05,5496,17_08_09_16_06_2025,-2.98,-2.36,-8.26,-0.58,-0.29,-1.25
-59147,6.75,-33650,4.82,634,2.05,5516,17_08_09_16_06_2025,0.85,-2.73,-9.68,-0.19,0.00,-0.79
-58247,6.69,-33457,4.81,634,2.05,5536,17_08_09_16_06_2025,5.60,-2.98,-10.75,-0.10,-0.22,-0.81
-57766,6.65,-32603,4.74,634,2.05,5556,17_08_09_16_06_2025,8.97,-4.55,-11.47,-0.06,-0.75,-1.24
-56270,6.54,-31926,4.69,635,2.05,5577,17_08_09_16_06_2025,0.92,-3.20,-8.35,-0.62,-1.11,-2.01
-54204,6.38,-30673,4.60,635,2.05,5600,17_08_09_16_06_2025,0.80,-2.97,-7.46,-0.38,-0.54,-1.70
-52129,6.22,-29776,4.53,633,2.04,5620,17_08_09_16_06_2025,4.81,-3.05,-8.75,0.09,-0.54,-1.33
-51642,6.18,-29645,4.52,635,2.05,5640,17_08_09_16_06_2025,4.26,-4.11,-9.50,0.37,-0.77,-1.98
-50801,6.12,-29716,4.52,635,2.05,5661,17_08_09_16_06_2025,-1.26,-3.86,-8.37,-0.12,-0.93,-2.56
-49063,5.99,-28666,4.44,635,2.05,5681,17_08_09_16_06_2025,-3.97,-4.27,-7.16,0.17,-0.55,-1.89
-47439,5.87,-27008,4.32,635,2.05,5704,17_08_09_16_06_2025,0.81,-5.04,-9.80,0.11,-0.17,-0.84
-44468,5.64,-26052,4.25,635,2.05,5727,17_08_09_16_06_2025,2.88,-6.62,-9.02,0.08,-0.42,-0.84
-43370,5.56,-24904,4.16,634,2.05,5747,17_08_09_16_06_2025,2.17,-5.62,-8.09,-0.32,-0.23,-1.42
-41761,5.44,-23749,4.07,634,2.05,5767,17_08_09_16_06_2025,0.07,-6.33,-6.40,-0.26,-0.22,-1.49
-36660,5.05,-20387,3.82,635,2.05,5787,17_08_09_16_06_2025,-1.17,-5.80,-7.24,0.24,-0.03,-0.96
-31888,4.69,-17103,3.57,634,2.05,5807,17_08_09_16_06_2025,-4.00,-5.13,-7.35,0.39,-0.17,-0.53
-25699,4.22,-12977,3.26,634,2.05,5830,17_08_09_16_06_2025,-6.99,-4.09,-7.45,0.26,0.09,-0.45
-21713,3.92,-7448,2.84,635,2.05,5852,17_08_09_16_06_2025,-10.23,-5.33,-7.24,0.60,0.92,0.01
-14921,3.40,-5467,2.69,635,2.05,5872,17_08_09_16_06_2025,-7.53,-5.99,-8.62,0.56,1.57,0.49
-11533,3.15,-2915,2.49,634,2.05,5892,17_08_09_16_06_2025,-3.44,-6.79,-8.49,0.47,1.36,0.63
-10885,3.10,-2376,2.45,635,2.05,5912,17_08_09_16_06_2025,1.32,-6.25,-8.13,0.02,1.45,0.01
-10075,3.04,-2208,2.44,635,2.05,5935,17_08_09_16_06_2025,2.77,-6.02,-7.48,-0.25,1.57,-0.35
-9181,2.97,-2236,2.44,634,2.05,5955,17_08_09_16_06_2025,4.37,-5.69,-7.06,-0.24,1.65,-0.33
-8962,2.95,-2065,2.43,635,2.05,5976,17_08_09_16_06_2025,5.94,-5.72,-7.69,0.08,0.98,-0.38
-8493,2.92,-1658,2.40,635,2.05,5996,17_08_09_16_06_2025,5.71,-5.03,-7.90,0.09,0.49,-0.58
-8282,2.90,-1807,2.41,635,2.05,6016,17_08_09_16_06_2025,5.43,-4.83,-7.97,0.01,0.25,-0.74
-8070,2.88,-1614,2.39,634,2.05,6036,17_08_09_16_06_2025,4.80,-4.67,-7.83,-0.09,-0.03,-0.87
-7914,2.87,-1477,2.38,635,2.05,6059,17_08_09_16_06_2025,4.13,-4.38,-8.09,0.07,-0.29,-0.86
-7919,2.87,-1507,2.39,635,2.05,6080,17_08_09_16_06_2025,3.50,-4.43,-8.59,0.18,-0.60,-0.80
-7677,2.85,-1037,2.35,635,2.05,6100,17_08_09_16_06_2025,2.64,-4.32,-9.26,0.17,-0.94,-0.67
-7722,2.86,-1295,2.37,635,2.05,6120,17_08_09_16_06_2025,1.75,-4.55,-9.60,0.08,-1.19,-0.53
-7706,2.86,-1102,2.36,635,2.05,6141,17_08_10_16_06_2025,0.78,-4.17,-9.66,-0.03,-1.32,-0.32
-7766,2.86,-1024,2.35,634,2.05,6161,17_08_10_16_06_2025,0.17,-4.01,-9.75,-0.03,-1.39,-0.42
-7716,2.86,-928,2.34,635,2.05,6184,17_08_10_16_06_2025,-1.26,-3.94,-9.92,-0.06,-1.37,-0.50
-7941,2.87,-1021,2.35,635,2.05,6204,17_08_10_16_06_2025,-2.04,-3.72,-10.08,-0.26,-1.25,-0.51
-7870,2.87,-1159,2.36,633,2.04,6224,17_08_10_16_06_2025,-2.87,-3.64,-10.28,-0.43,-1.21,-0.54
-7840,2.87,-1123,2.36,636,2.05,6245,17_08_10_16_06_2025,-3.54,-3.61,-9.52,-0.59,-1.10,-0.44
-7872,2.87,-1281,2.37,634,2.05,6265,17_08_10_16_06_2025,-3.91,-3.18,-9.09,-0.55,-0.97,-0.26
-8170,2.89,-1301,2.37,635,2.05,6288,17_08_10_16_06_2025,-4.82,-2.20,-9.37,-0.49,-0.95,-0.06
-8114,2.89,-1395,2.38,635,2.05,6311,17_08_10_16_06_2025,-5.40,-2.92,-8.76,-0.46,-1.04,0.33
-8344,2.90,-1454,2.38,634,2.05,6331,17_08_10_16_06_2025,-5.44,-2.39,-8.42,-0.50,-0.87,0.80
-8332,2.90,-1412,2.38,635,2.05,6352,17_08_10_16_06_2025,-5.27,-2.16,-8.26,-0.50,-0.80,0.97
-8322,2.90,-1261,2.37,635,2.05,6372,17_08_10_16_06_2025,-5.18,-2.05,-7.65,-0.40,-0.71,1.08
-8429,2.91,-1187,2.36,635,2.05,6392,17_08_10_16_06_2025,-5.16,-1.98,-7.47,-0.21,-0.55,1.16
-8415,2.91,-1079,2.35,633,2.04,6415,17_08_10_16_06_2025,-4.92,-2.41,-7.70,-0.05,-0.27,1.15
-8538,2.92,-1192,2.36,635,2.05,6436,17_08_10_16_06_2025,-5.05,-2.60,-7.79,-0.11,-0.04,1.21
-8598,2.92,-1439,2.38,635,2.05,6457,17_08_10_16_06_2025,-4.84,-2.76,-7.51,0.01,0.27,1.35
-8800,2.94,-1148,2.36,634,2.05,6477,17_08_10_16_06_2025,-4.69,-2.77,-7.72,0.16,0.43,1.48
-8979,2.95,-1162,2.36,634,2.05,6497,17_08_10_16_06_2025,-4.29,-2.89,-8.13,0.27,0.51,1.59
-9169,2.97,-1430,2.38,635,2.05,6520,17_08_10_16_06_2025,-3.45,-3.02,-8.64,0.04,0.62,1.48
-9441,2.99,-1662,2.40,635,2.05,6541,17_08_10_16_06_2025,-4.11,-4.59,-8.14,-0.24,0.79,1.38
-9901,3.02,-2213,2.44,634,2.05,6561,17_08_10_16_06_2025,-2.06,-4.55,-7.16,-0.42,1.22,1.62
-10527,3.07,-2412,2.46,634,2.05,6581,17_08_10_16_06_2025,-0.65,-4.28,-7.96,0.01,1.55,1.65
-12643,3.23,-4299,2.60,635,2.05,6601,17_08_10_16_06_2025,2.85,-4.81,-8.57,0.08,1.71,0.40
-17495,3.60,-7336,2.83,635,2.05,6622,17_08_10_16_06_2025,5.51,-5.97,-8.89,-0.42,1.87,-0.24
-21118,3.87,-11258,3.13,634,2.05,6645,17_08_10_16_06_2025,11.27,-6.48,-9.45,0.07,2.14,-0.26
-29723,4.52,-13327,3.28,635,2.05,6665,17_08_10_16_06_2025,13.31,-5.46,-13.41,0.64,3.24,-1.83
-37542,5.12,-17893,3.63,634,2.05,6685,17_08_10_16_06_2025,8.80,-5.80,-17.66,-0.70,3.57,-2.52
-39997,5.30,-20339,3.81,635,2.05,6705,17_08_10_16_06_2025,2.89,-3.66,-18.49,-2.80,-0.04,-1.74
-40964,5.38,-21184,3.88,635,2.05,6725,17_08_10_16_06_2025,-3.29,-0.37,-10.31,-3.01,-3.36,-0.67
-40684,5.35,-23685,4.07,635,2.05,6748,17_08_10_16_06_2025,-6.64,1.01,-3.00,-1.83,-2.15,0.59
-41574,5.42,-26519,4.28,635,2.05,6771,17_08_10_16_06_2025,-3.80,0.10,-2.60,-0.59,-1.51,1.02
-42657,5.50,-28043,4.40,635,2.05,6791,17_08_10_16_06_2025,-0.64,-1.90,-2.85,0.39,-1.36,1.67
-45793,5.74,-30059,4.55,635,2.05,6812,17_08_10_16_06_2025,1.79,-2.08,-7.08,1.63,0.68,1.59
-51145,6.15,-32728,4.75,635,2.05,6832,17_08_10_16_06_2025,3.06,-4.42,-11.53,1.26,2.22,0.95
-53496,6.33,-34984,4.92,634,2.05,6852,17_08_10_16_06_2025,3.91,-3.30,-14.97,0.51,2.69,0.56
-56233,6.53,-35338,4.95,634,2.05,6875,17_08_10_16_06_2025,2.72,-3.78,-14.59,-1.19,0.74,0.41
-55425,6.47,-34810,4.91,635,2.05,6895,17_08_10_16_06_2025,2.56,-0.80,-8.62,-1.32,-1.08,0.74
-54830,6.43,-34994,4.92,635,2.05,6915,17_08_10_16_06_2025,0.65,-0.53,-4.56,-0.87,-1.31,0.63
-53578,6.33,-35167,4.94,635,2.05,6936,17_08_10_16_06_2025,-0.22,-0.91,-4.02,0.07,-1.16,0.92
-53668,6.34,-35366,4.95,634,2.05,6956,17_08_10_16_06_2025,0.71,-2.06,-6.87,1.30,-0.76,1.35
-55600,6.48,-35395,4.95,635,2.05,6979,17_08_10_16_06_2025,2.56,-1.98,-10.80,1.36,0.01,1.39
-57508,6.63,-37109,5.08,634,2.05,7002,17_08_10_16_06_2025,4.28,-2.67,-14.71,0.35,0.99,0.90
-59790,6.80,-38486,5.19,635,2.05,7022,17_08_10_16_06_2025,3.57,-2.12,-13.59,-0.34,0.69,0.71
-58521,6.71,-37065,5.08,635,2.05,7044,17_08_10_16_06_2025,2.69,-0.88,-11.38,-0.75,0.15,0.73
-57407,6.62,-34687,4.90,635,2.05,7064,17_08_10_16_06_2025,0.90,-0.52,-6.78,-0.17,-0.16,0.54
-55317,6.46,-32240,4.72,635,2.05,7087,17_08_10_16_06_2025,-1.61,-2.20,-8.00,0.15,-0.16,0.84
-54912,6.43,-32819,4.76,635,2.05,7110,17_08_10_16_06_2025,2.84,-1.36,-11.61,0.66,1.30,1.91
-56599,6.56,-33636,4.82,635,2.05,7133,17_08_10_16_06_2025,6.75,-3.07,-11.85,-0.21,0.52,1.00
-57117,6.60,-32881,4.76,635,2.05,7154,17_08_11_16_06_2025,3.59,-1.98,-12.38,-0.45,1.06,0.64
-57267,6.61,-33359,4.80,634,2.05,7174,17_08_11_16_06_2025,2.46,-1.73,-10.19,-1.13,1.03,0.39
-56650,6.56,-31377,4.65,634,2.05,7194,17_08_11_16_06_2025,-0.46,-1.58,-6.68,-0.90,0.40,0.68
-55693,6.49,-29450,4.50,635,2.05,7217,17_08_11_16_06_2025,2.94,-0.67,-8.94,-0.12,0.84,1.27
-56226,6.53,-32677,4.75,635,2.05,7238,17_08_11_16_06_2025,5.14,-2.44,-9.44,-0.13,0.01,0.66
-56638,6.56,-31761,4.68,635,2.05,7258,17_08_11_16_06_2025,2.81,-0.64,-7.89,-0.02,-0.34,0.60
-57616,6.64,-30212,4.56,635,2.05,7278,17_08_11_16_06_2025,1.47,-0.43,-10.40,0.13,0.46,0.66
-57377,6.62,-29426,4.50,635,2.05,7298,17_08_11_16_06_2025,0.77,-3.65,-9.79,-0.33,0.18,0.21
-57576,6.63,-30670,4.60,635,2.05,7318,17_08_11_16_06_2025,3.02,2.02,-9.56,-0.01,0.40,1.03
-56736,6.57,-29695,4.52,635,2.05,7341,17_08_11_16_06_2025,2.86,-2.66,-8.40,0.03,-0.18,0.49
-57107,6.60,-29536,4.51,635,2.05,7362,17_08_11_16_06_2025,1.36,-0.93,-8.17,0.10,-0.16,0.64
-57576,6.63,-29928,4.54,635,2.05,7382,17_08_11_16_06_2025,2.47,-2.52,-7.97,0.24,-0.11,0.69
-58408,6.70,-29800,4.53,635,2.05,7402,17_08_11_16_06_2025,2.49,0.19,-9.55,0.35,0.12,0.80
-58467,6.70,-30177,4.56,635,2.05,7423,17_08_11_16_06_2025,2.12,-2.33,-8.16,0.22,-0.11,0.40
-58974,6.74,-30283,4.57,634,2.05,7443,17_08_11_16_06_2025,1.19,-0.92,-8.27,0.29,-0.02,0.60
-59653,6.79,-30457,4.58,635,2.05,7466,17_08_11_16_06_2025,1.88,-1.15,-8.98,0.40,0.31,0.73
-60600,6.86,-30939,4.62,634,2.05,7489,17_08_11_16_06_2025,2.34,-1.32,-9.56,0.44,0.52,0.78
-61073,6.90,-31537,4.66,635,2.05,7509,17_08_11_16_06_2025,2.50,-2.32,-9.04,0.25,0.48,0.64
-62018,6.97,-32050,4.70,635,2.05,7529,17_08_11_16_06_2025,3.26,-2.05,-9.60,0.28,0.61,0.66
-63059,7.05,-32549,4.74,635,2.05,7550,17_08_11_16_06_2025,3.63,-2.30,-9.92,0.21,0.42,0.46
-63724,7.10,-33043,4.78,635,2.05,7573,17_08_11_16_06_2025,2.43,-2.12,-9.29,0.12,0.10,0.26
-64052,7.13,-33104,4.78,635,2.05,7593,17_08_11_16_06_2025,2.44,-2.40,-9.27,0.16,-0.00,0.34
-64953,7.19,-33371,4.80,635,2.05,7613,17_08_11_16_06_2025,3.17,-2.30,-9.76,0.21,0.10,0.32
-65107,7.21,-33789,4.83,635,2.05,7633,17_08_11_16_06_2025,3.21,-2.38,-10.12,0.07,0.03,0.03
-65642,7.25,-33774,4.83,634,2.05,7654,17_08_11_16_06_2025,3.15,-2.37,-9.74,-0.03,-0.11,-0.18
-65579,7.24,-33652,4.82,634,2.05,7675,17_08_11_16_06_2025,3.21,-2.45,-9.77,-0.14,-0.14,-0.34
-64768,7.18,-33323,4.80,635,2.05,7697,17_08_11_16_06_2025,3.01,-2.22,-9.71,-0.22,-0.13,-0.51
-64036,7.12,-33092,4.78,634,2.05,7718,17_08_11_16_06_2025,2.33,-2.23,-9.75,-0.32,-0.14,-0.59
-63110,7.05,-32389,4.73,634,2.05,7738,17_08_11_16_06_2025,3.05,-2.11,-9.91,-0.34,-0.11,-0.70
-62407,7.00,-32492,4.73,635,2.05,7758,17_08_11_16_06_2025,2.64,-1.87,-9.77,-0.40,-0.05,-0.78
-62280,6.99,-32567,4.74,635,2.05,7778,17_08_11_16_06_2025,2.64,-1.80,-9.45,-0.39,-0.06,-0.82
-62228,6.99,-32433,4.73,635,2.05,7801,17_08_11_16_06_2025,1.94,-1.03,-8.65,-0.22,-0.04,-1.03
-61551,6.94,-32137,4.71,635,2.05,7824,17_08_11_16_06_2025,1.52,-1.34,-9.61,-0.10,-0.11,-0.77
-61586,6.94,-32302,4.72,634,2.05,7844,17_08_11_16_06_2025,2.99,-1.36,-9.24,0.00,-0.37,-0.66
-61568,6.94,-32223,4.71,635,2.05,7865,17_08_11_16_06_2025,2.57,-1.45,-9.37,-0.03,-0.48,-0.85
-61168,6.91,-32202,4.71,635,2.05,7885,17_08_11_16_06_2025,2.37,-1.11,-9.15,-0.08,-0.50,-0.91
-61091,6.90,-32179,4.71,635,2.05,7905,17_08_11_16_06_2025,2.50,-1.03,-9.38,-0.03,-0.45,-0.95
-60812,6.88,-31776,4.68,634,2.05,7928,17_08_11_16_06_2025,2.39,-2.78,-7.97,-0.04,-0.80,-1.47
-59558,6.78,-31525,4.66,636,2.05,7948,17_08_11_16_06_2025,1.27,-0.17,-10.30,0.04,-0.83,-0.92
-58869,6.73,-31486,4.66,635,2.05,7969,17_08_11_16_06_2025,3.07,-1.11,-9.99,-0.04,-1.05,-0.90
-58599,6.71,-31256,4.64,635,2.05,7989,17_08_11_16_06_2025,1.92,-1.89,-9.46,-0.13,-0.92,-0.98
-58287,6.69,-31117,4.63,635,2.05,8009,17_08_11_16_06_2025,1.10,-0.79,-9.74,-0.12,-0.78,-0.97
-58123,6.68,-30902,4.61,634,2.05,8032,17_08_11_16_06_2025,0.09,-1.86,-9.36,-0.13,-0.52,-0.82
-57905,6.66,-30991,4.62,635,2.05,8052,17_08_11_16_06_2025,0.79,-1.54,-9.46,-0.19,-0.17,-0.56
-57363,6.62,-31246,4.64,635,2.05,8073,17_08_11_16_06_2025,-0.14,-1.33,-9.56,-0.27,-0.08,-0.54
-57319,6.62,-31286,4.64,635,2.05,8093,17_08_11_16_06_2025,0.32,-1.24,-9.57,-0.24,-0.05,-0.32
-57294,6.61,-31402,4.65,635,2.05,8113,17_08_11_16_06_2025,1.12,-1.13,-9.71,-0.27,-0.01,-0.33
-57230,6.61,-31609,4.67,635,2.05,8133,17_08_11_16_06_2025,0.23,-0.96,-9.20,-0.34,0.01,-0.37
-57394,6.62,-31822,4.68,635,2.05,8156,17_08_12_16_06_2025,0.75,-0.84,-9.15,-0.21,-0.01,-0.27
-57109,6.60,-31986,4.70,635,2.05,8179,17_08_12_16_06_2025,0.03,-1.01,-9.00,-0.12,0.02,-0.23
-57082,6.60,-32067,4.70,635,2.05,8199,17_08_12_16_06_2025,0.63,-0.98,-9.27,-0.02,0.05,-0.16
-56448,6.55,-31891,4.69,635,2.05,8220,17_08_12_16_06_2025,1.53,-1.34,-10.21,-0.03,-0.05,-0.16
-56190,6.53,-32098,4.70,634,2.05,8240,17_08_12_16_06_2025,1.58,-0.92,-10.60,-0.23,-0.18,-0.22
-56190,6.53,-32392,4.73,636,2.05,8264,17_08_12_16_06_2025,0.51,-0.65,-9.58,-0.53,-0.02,-0.28
-56340,6.54,-32655,4.75,635,2.05,8285,17_08_12_16_06_2025,0.70,-0.58,-8.94,-0.43,0.05,-0.26
-56630,6.56,-32918,4.77,635,2.05,8305,17_08_12_16_06_2025,0.58,-0.35,-8.84,-0.22,-0.09,-0.22
-56682,6.57,-33273,4.79,634,2.05,8363,17_08_12_16_06_2025,0.39,-0.66,-9.63,0.16,-0.13,-0.03
-56517,6.55,-32925,4.77,634,2.05,8384,17_08_12_16_06_2025,-0.12,-0.65,-9.44,0.11,-0.06,0.06
-56334,6.54,-33296,4.80,635,2.05,8407,17_08_12_16_06_2025,0.62,-0.55,-9.25,0.10,0.03,0.13
-56345,6.54,-33451,4.81,634,2.05,8427,17_08_12_16_06_2025,0.69,-0.52,-9.00,0.07,0.07,0.14
-56305,6.54,-33382,4.80,632,2.04,8448,17_08_12_16_06_2025,0.92,-0.53,-8.76,0.10,0.06,0.15
-56080,6.52,-33292,4.79,635,2.05,8468,17_08_12_16_06_2025,0.74,-0.67,-8.91,0.17,0.05,0.17
-56069,6.52,-33548,4.81,634,2.05,8488,17_08_12_16_06_2025,0.92,-0.60,-9.25,0.19,0.06,0.15
-55939,6.51,-33413,4.80,635,2.05,8508,17_08_12_16_06_2025,0.47,-0.67,-9.05,0.13,0.15,0.14
-55782,6.50,-33383,4.80,635,2.05,8531,17_08_12_16_06_2025,0.30,-0.77,-9.18,0.18,0.19,0.21
-55586,6.48,-33337,4.80,635,2.05,8554,17_08_12_16_06_2025,0.27,-1.02,-9.07,0.16,0.17,0.30
-55695,6.49,-33049,4.78,635,2.05,8575,17_08_12_16_06_2025,0.60,-0.95,-8.93,0.18,0.17,0.30
-55775,6.50,-32870,4.76,635,2.05,8595,17_08_12_16_06_2025,1.72,-0.85,-9.10,0.35,0.20,0.45
-55523,6.48,-32582,4.74,634,2.05,8615,17_08_12_16_06_2025,1.80,-1.72,-9.54,0.33,0.10,0.28
-55278,6.46,-32255,4.72,634,2.05,8635,17_08_12_16_06_2025,0.50,-1.29,-9.23,0.27,0.08,0.25
-54971,6.44,-31590,4.67,635,2.05,8666,17_08_12_16_06_2025,0.68,-1.62,-9.43,0.42,0.08,0.35
-55357,6.47,-31535,4.66,635,2.05,8688,17_08_12_16_06_2025,1.11,-1.48,-10.19,0.36,0.07,0.33
-55422,6.47,-31252,4.64,634,2.05,8710,17_08_12_16_06_2025,1.47,-1.52,-10.24,0.28,0.07,0.31
-55379,6.47,-30954,4.62,635,2.05,8733,17_08_12_16_06_2025,1.92,-1.04,-10.31,0.17,0.16,0.27
-55110,6.45,-30454,4.58,635,2.05,8755,17_08_12_16_06_2025,2.57,-0.86,-10.49,0.12,0.18,0.20
-55445,6.47,-30453,4.58,635,2.05,8780,17_08_12_16_06_2025,3.63,-0.54,-10.37,0.08,0.02,0.05
-55081,6.45,-30333,4.57,635,2.05,8802,17_08_12_16_06_2025,2.94,-0.35,-10.06,0.08,-0.06,-0.09
-55194,6.45,-30384,4.57,635,2.05,8825,17_08_12_16_06_2025,4.13,0.28,-10.64,0.17,-0.10,-0.14
-55010,6.44,-30052,4.55,634,2.05,8847,17_08_12_16_06_2025,5.58,0.26,-11.19,0.17,-0.13,-0.35
-54541,6.40,-30086,4.55,635,2.05,8870,17_08_12_16_06_2025,8.23,2.41,-12.69,0.29,-0.42,-0.92
-53738,6.34,-29743,4.53,634,2.05,8892,17_08_12_16_06_2025,8.69,-0.39,-12.52,0.15,-0.48,-1.24
-53064,6.29,-30278,4.57,635,2.05,8917,17_08_12_16_06_2025,4.93,-0.40,-11.04,-0.24,-0.88,-1.65
-52718,6.27,-30994,4.62,634,2.05,8940,17_08_12_16_06_2025,3.86,-0.28,-10.68,-0.25,-0.71,-1.60
-52530,6.25,-31638,4.67,635,2.05,8962,17_08_12_16_06_2025,4.46,-0.47,-11.05,-0.06,-0.66,-1.65
-51781,6.20,-31654,4.67,635,2.05,8986,17_08_12_16_06_2025,-2.06,-2.29,-10.34,-0.90,-0.82,-1.86
-50484,6.10,-31212,4.64,635,2.05,9011,17_08_12_16_06_2025,-4.11,-0.40,-6.93,-1.25,-0.63,-1.19
-49485,6.02,-30380,4.57,635,2.05,9039,17_08_12_16_06_2025,1.57,-0.00,-7.95,0.08,-0.56,-0.63
-48229,5.93,-29738,4.53,634,2.05,9062,17_08_12_16_06_2025,1.85,-2.18,-9.40,0.32,-1.01,-1.05
-46588,5.80,-29037,4.47,635,2.05,9087,17_08_12_16_06_2025,0.68,-2.04,-8.54,-0.14,-0.70,-1.19
-45037,5.68,-28076,4.40,635,2.05,9112,17_08_12_16_06_2025,1.89,-1.93,-9.33,-0.03,-0.43,-1.11
-43375,5.56,-27921,4.39,634,2.05,9137,17_08_13_16_06_2025,3.56,-1.73,-9.78,0.10,-0.07,-1.01
-41963,5.45,-27454,4.35,635,2.05,9162,17_08_13_16_06_2025,3.83,-2.60,-10.06,-0.09,0.10,-1.32
-39968,5.30,-25003,4.17,635,2.05,9190,17_08_13_16_06_2025,1.53,-1.75,-8.90,-0.43,0.02,-1.45
-36324,5.02,-22801,4.00,635,2.05,9213,17_08_13_16_06_2025,1.64,-1.64,-8.38,0.26,0.27,-0.98
-32300,4.72,-19362,3.74,635,2.05,9238,17_08_13_16_06_2025,0.72,-1.94,-8.12,0.81,0.29,-0.60
-26193,4.26,-13999,3.33,635,2.05,9263,17_08_13_16_06_2025,-4.94,-1.56,-7.95,1.00,0.31,-0.17
-17353,3.59,-7445,2.84,634,2.05,9288,17_08_13_16_06_2025,-9.83,-1.66,-5.94,1.61,1.19,0.54
-7553,2.84,-2282,2.45,634,2.05,9316,17_08_13_16_06_2025,-1.79,-4.63,-5.77,2.07,2.55,0.96
-6868,2.79,-1234,2.37,635,2.05,9339,17_08_13_16_06_2025,2.07,-5.01,-7.98,1.81,3.09,0.11
-6508,2.77,-1654,2.40,635,2.05,9364,17_08_13_16_06_2025,4.65,-5.23,-7.73,0.94,3.36,-1.18
-5892,2.72,-1873,2.41,635,2.05,9389,17_08_13_16_06_2025,5.28,-5.98,-6.15,1.01,2.87,-0.56
-5388,2.68,-2021,2.43,635,2.05,9415,17_08_13_16_06_2025,4.28,-4.26,-7.02,1.70,1.21,-0.01
-5277,2.67,-2072,2.43,635,2.05,9440,17_08_13_16_06_2025,4.98,-4.91,-6.80,1.30,-0.27,0.46
-5459,2.69,-1796,2.41,634,2.05,9468,17_08_13_16_06_2025,4.77,-4.41,-5.81,1.12,-0.69,0.36
-5457,2.69,-1613,2.39,635,2.05,9490,17_08_13_16_06_2025,3.92,-4.66,-5.11,1.38,-0.60,0.28
-5866,2.72,-2523,2.46,635,2.05,9516,17_08_13_16_06_2025,3.46,-4.97,-5.86,1.92,-0.39,0.33
-6057,2.73,-2752,2.48,634,2.05,9541,17_08_13_16_06_2025,3.14,-5.92,-6.08,2.20,-0.45,0.51
-6337,2.75,-2764,2.48,635,2.05,9566,17_08_13_16_06_2025,1.37,-4.79,-6.45,2.59,-0.38,1.05
-6458,2.76,-3083,2.51,635,2.05,9591,17_08_13_16_06_2025,1.14,-6.88,-7.46,3.08,-0.69,0.91
-6497,2.76,-3222,2.52,635,2.05,9619,17_08_13_16_06_2025,0.69,-6.44,-7.86,2.69,-0.92,0.39
-6671,2.78,-3199,2.52,635,2.05,9642,17_08_13_16_06_2025,0.34,-7.28,-6.44,2.85,-0.61,0.26
-6616,2.77,-3204,2.52,635,2.05,9667,17_08_13_16_06_2025,-0.25,-7.52,-5.63,2.93,-0.70,-0.00
-6318,2.75,-2747,2.48,634,2.05,9693,17_08_13_16_06_2025,-0.74,-9.16,-3.59,3.43,-0.46,-0.13
-6248,2.75,-2371,2.45,633,2.04,9718,17_08_13_16_06_2025,0.52,-8.91,-5.36,3.89,0.07,-0.16
-6104,2.74,-2281,2.45,635,2.05,9746,17_08_13_16_06_2025,1.17,-9.56,-4.67,3.78,-0.07,-0.48
-6182,2.74,-2459,2.46,635,2.05,9769,17_08_13_16_06_2025,0.88,-10.47,-3.57,3.52,-0.28,-0.97
-5998,2.73,-2459,2.46,634,2.05,9794,17_08_13_16_06_2025,1.92,-10.22,-2.68,2.97,-0.33,-0.94
-6043,2.73,-2059,2.43,634,2.05,9819,17_08_13_16_06_2025,1.89,-10.58,-1.70,2.81,-0.33,-0.88
-5789,2.71,-2435,2.46,635,2.05,9844,17_08_13_16_06_2025,2.68,-10.62,-0.74,2.74,-0.14,-0.93
-5666,2.70,-2645,2.47,635,2.05,9869,17_08_13_16_06_2025,2.35,-11.49,0.28,2.57,-0.30,-1.07
-5295,2.67,-2819,2.49,635,2.05,9897,17_08_13_16_06_2025,3.43,-10.47,0.30,2.13,-0.15,-1.24
-5126,2.66,-2449,2.46,635,2.05,9919,17_08_13_16_06_2025,4.67,-10.04,0.55,2.01,-0.22,-1.57
-5057,2.66,-2304,2.45,634,2.05,9945,17_08_13_16_06_2025,4.43,-9.83,0.98,1.87,-0.43,-2.02
-4825,2.64,-2128,2.43,635,2.05,9970,17_08_13_16_06_2025,3.48,-9.67,2.27,2.09,-0.33,-2.00
-4414,2.61,-2063,2.43,635,2.05,9995,17_08_13_16_06_2025,4.46,-9.61,1.60,2.19,0.14,-2.00
-4323,2.60,-2105,2.43,634,2.05,10020,17_08_13_16_06_2025,4.35,-9.21,0.99,1.97,-0.00,-1.48
-4439,2.61,-2328,2.45,635,2.05,10044,17_08_13_16_06_2025,4.82,-9.28,1.29,1.69,-0.25,-1.19
-4411,2.61,-2733,2.48,634,2.05,10066,17_08_13_16_06_2025,5.36,-8.56,2.84,1.40,-0.24,-0.92
-4768,2.63,-2918,2.49,634,2.05,10091,17_08_13_16_06_2025,5.31,-7.97,2.91,1.37,0.07,-0.80
-4939,2.65,-991,2.35,633,2.04,10116,17_08_13_16_06_2025,5.32,-8.39,2.99,1.24,0.32,-0.58
-4182,2.59,-2290,2.45,635,2.05,10142,17_08_14_16_06_2025,6.84,-7.71,3.31,1.10,0.43,-0.12
-4518,2.62,-4288,2.60,635,2.05,10170,17_08_14_16_06_2025,5.72,-7.22,4.14,0.91,0.37,-0.10
-4412,2.61,-5347,2.68,635,2.05,10192,17_08_14_16_06_2025,5.97,-7.45,4.19,0.80,0.29,-0.07
-4412,2.61,-5416,2.68,635,2.05,10217,17_08_14_16_06_2025,6.31,-7.26,4.11,0.76,0.42,-0.04
-4473,2.61,-6173,2.74,635,2.05,10242,17_08_14_16_06_2025,5.75,-6.55,4.76,0.82,0.53,-0.12
-4469,2.61,-6165,2.74,633,2.04,10268,17_08_14_16_06_2025,5.93,-7.14,5.43,0.81,0.58,-0.19
-4447,2.61,-5987,2.73,635,2.05,10293,17_08_14_16_06_2025,5.43,-7.77,4.95,1.18,0.60,-0.01
-4260,2.60,-5926,2.72,634,2.05,10321,17_08_14_16_06_2025,5.74,-6.58,4.84,1.27,0.35,-0.09
-4371,2.60,-5040,2.65,634,2.05,10343,17_08_14_16_06_2025,5.75,-6.72,5.36,1.12,0.23,-0.16
-4547,2.62,-4495,2.61,635,2.05,10369,17_08_14_16_06_2025,5.99,-6.42,5.91,1.04,0.18,-0.26
-4389,2.61,-3842,2.56,634,2.05,10394,17_08_14_16_06_2025,6.42,-6.44,7.28,1.25,0.83,-0.51
-4532,2.62,-3692,2.55,635,2.05,10419,17_08_14_16_06_2025,6.08,-6.17,6.47,1.37,1.13,-0.47
-4587,2.62,-3116,2.51,634,2.05,10445,17_08_14_16_06_2025,6.10,-5.74,6.63,1.19,1.21,-0.32
-4677,2.63,-3130,2.51,635,2.05,10471,17_08_14_16_06_2025,5.57,-5.18,6.46,1.41,1.23,-0.32
-4720,2.63,-2801,2.48,635,2.05,10493,17_08_14_16_06_2025,4.98,-4.71,6.47,1.36,1.05,-0.37
-4543,2.62,-2777,2.48,634,2.05,10515,17_08_14_16_06_2025,4.73,-4.35,6.76,1.20,0.94,-0.42
-4422,2.61,-2984,2.50,634,2.05,10538,17_08_14_16_06_2025,4.85,-3.63,7.49,1.21,0.78,-0.52
-4527,2.62,-3188,2.51,635,2.05,10560,17_08_14_16_06_2025,4.27,-3.72,7.40,1.21,0.70,-0.58
-4535,2.62,-3282,2.52,634,2.05,10585,17_08_14_16_06_2025,4.55,-3.65,8.01,1.16,0.46,-0.55
-4597,2.62,-3219,2.52,634,2.05,10608,17_08_14_16_06_2025,4.86,-3.69,7.92,1.12,0.45,-0.53
-4457,2.61,-3043,2.50,634,2.05,10630,17_08_14_16_06_2025,4.13,-3.57,7.20,1.12,0.15,-0.27
-4624,2.62,-3028,2.50,635,2.05,10653,17_08_14_16_06_2025,4.98,-3.49,8.28,0.81,0.41,-0.20
-4581,2.62,-3037,2.50,635,2.05,10675,17_08_14_16_06_2025,4.60,-3.22,8.39,0.74,0.45,-0.14
-4642,2.62,-2761,2.48,635,2.05,10697,17_08_14_16_06_2025,4.78,-3.08,8.40,0.77,0.51,-0.21
-4501,2.61,-2539,2.47,634,2.05,10722,17_08_14_16_06_2025,4.59,-2.78,8.32,0.59,0.49,-0.18
-4428,2.61,-2225,2.44,635,2.05,10745,17_08_14_16_06_2025,4.36,-2.32,8.64,0.59,0.31,-0.18
-4420,2.61,-2591,2.47,634,2.05,10767,17_08_14_16_06_2025,4.07,-2.19,8.45,0.53,0.22,-0.20
-4568,2.62,-2675,2.48,635,2.05,10789,17_08_14_16_06_2025,3.95,-2.15,8.51,0.43,0.11,-0.17
-4763,2.63,-2438,2.46,635,2.05,10814,17_08_14_16_06_2025,4.02,-2.08,8.65,0.34,0.01,-0.13
-4728,2.63,-2649,2.47,634,2.05,10839,17_08_14_16_06_2025,4.20,-1.83,8.86,0.35,0.09,-0.13
-4736,2.63,-2246,2.44,635,2.05,10867,17_08_14_16_06_2025,4.32,-1.95,8.77,0.48,0.27,-0.31
-4881,2.64,-2164,2.44,635,2.05,10890,17_08_14_16_06_2025,3.97,-1.59,8.55,0.55,0.36,-0.47
-4693,2.63,-1866,2.41,635,2.05,10915,17_08_14_16_06_2025,3.85,-1.45,8.64,0.55,0.35,-0.52
-4851,2.64,-1915,2.42,634,2.05,10940,17_08_14_16_06_2025,3.82,-1.35,8.69,0.48,0.29,-0.47
-4594,2.62,-2383,2.45,635,2.05,10965,17_08_14_16_06_2025,3.96,-1.10,8.82,0.49,0.29,-0.44
-4655,2.63,-2627,2.47,634,2.05,10993,17_08_14_16_06_2025,4.10,-0.98,8.80,0.52,0.35,-0.54
-4715,2.63,-2315,2.45,635,2.05,11015,17_08_14_16_06_2025,4.00,-0.97,8.84,0.49,0.32,-0.57
-4866,2.64,-2172,2.44,635,2.05,11041,17_08_14_16_06_2025,4.05,-0.80,8.98,0.59,0.33,-0.60
-4848,2.64,-2345,2.45,635,2.05,11066,17_08_14_16_06_2025,3.95,-0.51,8.83,0.51,0.43,-0.62
-4759,2.63,-2432,2.46,635,2.05,11091,17_08_14_16_06_2025,3.54,-0.53,8.59,0.29,0.31,-0.55
-4642,2.62,-2312,2.45,634,2.05,11117,17_08_14_16_06_2025,3.59,-0.21,9.00,0.16,0.26,-0.48
-4690,2.63,-2272,2.44,634,2.05,11146,17_08_15_16_06_2025,3.64,-0.07,9.36,0.01,0.35,-0.44
-4725,2.63,-2013,2.43,634,2.05,11168,17_08_15_16_06_2025,3.52,-0.17,9.22,0.10,0.43,-0.48
-4701,2.63,-1970,2.42,635,2.05,11190,17_08_15_16_06_2025,3.59,-0.13,8.77,0.16,0.54,-0.48
-4619,2.62,-2134,2.43,635,2.05,11213,17_08_15_16_06_2025,3.51,-0.06,8.86,0.10,0.58,-0.47
-4437,2.61,-2092,2.43,634,2.05,11235,17_08_15_16_06_2025,3.27,0.24,9.09,0.11,0.61,-0.60
-4310,2.60,-882,2.34,635,2.05,11258,17_08_15_16_06_2025,2.92,0.27,9.11,0.07,0.65,-0.71
-4770,2.63,-1226,2.37,634,2.05,11283,17_08_15_16_06_2025,3.02,0.28,9.23,0.07,0.67,-0.76
-4637,2.62,-1117,2.36,634,2.05,11305,17_08_15_16_06_2025,2.71,0.50,9.33,-0.00,0.68,-0.78
-4628,2.62,-878,2.34,634,2.05,11327,17_08_15_16_06_2025,2.50,0.60,9.61,-0.01,0.63,-0.86
-4356,2.60,-871,2.34,635,2.05,11350,17_08_15_16_06_2025,2.22,0.45,9.58,-0.05,0.63,-0.83
-4232,2.59,-959,2.35,634,2.05,11372,17_08_15_16_06_2025,2.02,0.62,10.11,-0.06,0.48,-0.75
-4176,2.59,-940,2.34,635,2.05,11400,17_08_15_16_06_2025,1.83,0.78,10.19,0.03,0.48,-0.70
-4230,2.59,-1033,2.35,635,2.05,11422,17_08_15_16_06_2025,1.35,0.78,9.99,0.03,0.46,-0.60
-4334,2.60,-787,2.33,634,2.05,11448,17_08_15_16_06_2025,1.36,0.79,9.91,-0.12,0.36,-0.31
-4490,2.61,-821,2.33,635,2.05,11473,17_08_15_16_06_2025,1.43,0.86,9.98,-0.17,0.17,-0.09
-4659,2.63,-1033,2.35,635,2.05,11498,17_08_15_16_06_2025,1.53,0.81,10.08,-0.14,0.08,0.07
-4517,2.61,-866,2.34,635,2.05,11523,17_08_15_16_06_2025,1.56,0.75,10.09,-0.07,0.10,0.14
-4555,2.62,-645,2.32,635,2.05,11551,17_08_15_16_06_2025,1.64,0.72,9.84,-0.06,0.17,0.19
-4706,2.63,-472,2.31,635,2.05,11574,17_08_15_16_06_2025,1.61,0.68,9.78,-0.12,0.17,0.28
-4722,2.63,-327,2.30,635,2.05,11599,17_08_15_16_06_2025,1.67,0.58,9.72,-0.20,0.12,0.38
-4551,2.62,-298,2.30,634,2.05,11624,17_08_15_16_06_2025,1.85,0.56,9.89,-0.25,0.03,0.41
-4812,2.64,-309,2.30,635,2.05,11649,17_08_15_16_06_2025,1.96,0.44,10.09,-0.21,-0.05,0.36
-4742,2.63,-456,2.31,635,2.05,11675,17_08_15_16_06_2025,1.89,0.33,10.05,-0.02,0.05,0.24
-4764,2.63,-398,2.30,635,2.05,11703,17_08_15_16_06_2025,1.71,0.22,9.77,-0.00,0.08,0.22
-4895,2.64,-445,2.31,634,2.05,11725,17_08_15_16_06_2025,1.73,0.21,9.90,-0.07,-0.02,0.25
-5008,2.65,-470,2.31,635,2.05,11750,17_08_15_16_06_2025,1.78,0.17,10.04,-0.10,-0.07,0.23
-4950,2.65,-576,2.32,634,2.05,11775,17_08_15_16_06_2025,1.79,0.10,10.12,-0.05,-0.08,0.15
-4851,2.64,-543,2.31,634,2.05,11801,17_08_15_16_06_2025,1.68,-0.08,10.06,0.05,-0.09,0.11
-4902,2.64,-598,2.32,635,2.05,11827,17_08_15_16_06_2025,1.73,-0.17,10.01,0.15,-0.07,0.10
-5089,2.66,-563,2.32,634,2.05,11852,17_08_15_16_06_2025,1.75,-0.10,9.63,0.17,-0.12,0.04
-5244,2.67,-568,2.32,635,2.05,11875,17_08_15_16_06_2025,1.62,-0.20,9.59,0.09,-0.20,-0.00
-5152,2.66,-400,2.30,634,2.05,11897,17_08_15_16_06_2025,1.76,-0.23,9.58,-0.02,-0.24,-0.06
-5054,2.66,-542,2.31,634,2.05,11919,17_08_15_16_06_2025,1.53,-0.28,9.12,-0.11,-0.22,-0.27
-5010,2.65,-456,2.31,635,2.05,11941,17_08_15_16_06_2025,1.76,-0.83,8.99,-0.28,-0.25,-0.28
-5056,2.66,-852,2.34,634,2.05,11969,17_08_15_16_06_2025,1.48,-1.18,8.91,-1.01,-0.54,-0.31
-4949,2.65,-869,2.34,635,2.05,11992,17_08_15_16_06_2025,1.36,-1.75,8.84,-1.36,-0.76,-0.38
-5283,2.67,-708,2.33,635,2.05,12017,17_08_15_16_06_2025,2.58,-2.73,9.04,-1.96,-1.15,-0.40
-4758,2.63,-777,2.33,634,2.05,12042,17_08_15_16_06_2025,3.00,-3.91,9.81,-2.10,-1.41,-0.30
-5489,2.69,-653,2.32,635,2.05,12067,17_08_15_16_06_2025,2.99,-4.26,9.78,-1.96,-1.58,-0.15
-6286,2.75,-1273,2.37,634,2.05,12092,17_08_15_16_06_2025,4.00,-5.07,10.07,-1.83,-1.92,0.20
-6728,2.78,-2164,2.44,633,2.04,12120,17_08_15_16_06_2025,4.38,-5.34,8.93,-1.65,-1.77,0.31
-7451,2.84,-2262,2.44,635,2.05,12143,17_08_16_16_06_2025,4.20,-5.77,7.30,-2.05,-1.55,0.38
-7450,2.84,-1620,2.40,635,2.05,12168,17_08_16_16_06_2025,4.74,-6.30,6.44,-2.78,-1.58,0.66
-7339,2.83,-547,2.31,635,2.05,12193,17_08_16_16_06_2025,4.24,-6.19,5.82,-3.81,-1.73,0.85
-6639,2.78,-421,2.30,635,2.05,12218,17_08_16_16_06_2025,4.86,-7.59,5.13,-4.49,-2.37,1.10
-6694,2.78,-367,2.30,635,2.05,12244,17_08_16_16_06_2025,5.04,-8.00,4.97,-4.78,-2.55,1.27
-6717,2.78,-1085,2.35,635,2.05,12272,17_08_16_16_06_2025,5.00,-9.27,4.11,-4.94,-2.51,1.16
-6717,2.78,-1453,2.38,635,2.05,12294,17_08_16_16_06_2025,5.35,-9.19,4.34,-4.75,-2.61,1.61
-7850,2.87,-2626,2.47,635,2.05,12319,17_08_16_16_06_2025,5.09,-9.08,2.26,-4.63,-2.89,1.83
-8090,2.89,-3288,2.52,635,2.05,12345,17_08_16_16_06_2025,5.33,-9.87,1.03,-4.48,-3.21,1.85
-7803,2.86,-2705,2.48,635,2.05,12370,17_08_16_16_06_2025,4.61,-10.46,-0.50,-4.36,-2.94,1.92
-7450,2.84,-2537,2.46,634,2.05,12398,17_08_16_16_06_2025,4.37,-11.00,-1.07,-4.21,-2.73,1.93
-7767,2.86,-3403,2.53,635,2.05,12420,17_08_16_16_06_2025,4.25,-10.26,-2.60,-3.79,-2.50,1.88
-7752,2.86,-3956,2.57,635,2.05,12446,17_08_16_16_06_2025,3.32,-9.67,-4.25,-3.49,-2.49,1.62
-7736,2.86,-3610,2.55,635,2.05,12471,17_08_16_16_06_2025,2.38,-9.21,-4.97,-3.07,-2.97,1.41
-7485,2.84,-3593,2.54,635,2.05,12496,17_08_16_16_06_2025,0.49,-8.85,-6.11,-2.81,-3.04,1.20
-7727,2.86,-3732,2.56,634,2.05,12521,17_08_16_16_06_2025,-0.50,-9.73,-6.63,-2.78,-2.81,1.39
-8282,2.90,-4000,2.58,634,2.05,12550,17_08_16_16_06_2025,0.12,-8.65,-6.98,-2.80,-1.82,1.66
-8097,2.89,-4177,2.59,635,2.05,12573,17_08_16_16_06_2025,-0.34,-7.95,-7.01,-2.56,-1.56,1.24
-7832,2.87,-4063,2.58,635,2.05,12595,17_08_16_16_06_2025,-1.90,-7.28,-7.31,-2.11,-1.12,0.78
-8226,2.90,-4034,2.58,635,2.05,12618,17_08_16_16_06_2025,-2.59,-7.08,-7.73,-1.98,-0.77,0.84
-8767,2.94,-4575,2.62,635,2.05,12640,17_08_16_16_06_2025,-2.53,-6.54,-7.56,-1.98,-0.37,0.85
-10084,3.04,-5333,2.68,635,2.05,12665,17_08_16_16_06_2025,-2.21,-6.73,-6.75,-1.87,-0.14,0.86
-10224,3.05,-5842,2.72,635,2.05,12687,17_08_16_16_06_2025,-1.26,-6.35,-5.94,-1.39,0.35,0.88
-10925,3.10,-6337,2.75,634,2.05,12710,17_08_16_16_06_2025,-0.44,-6.26,-6.58,-0.99,0.61,0.96
-11469,3.14,-7182,2.82,634,2.05,12732,17_08_16_16_06_2025,0.80,-6.09,-8.45,-1.09,0.44,0.83
-12157,3.19,-8444,2.91,634,2.05,12755,17_08_16_16_06_2025,1.60,-5.82,-8.56,-1.31,0.13,0.61
-14318,3.36,-10647,3.08,635,2.05,12777,17_08_16_16_06_2025,3.06,-4.75,-8.03,-1.40,0.01,-0.12
-17850,3.62,-13514,3.30,635,2.05,12805,17_08_16_16_06_2025,5.58,-4.65,-8.41,-1.09,0.44,-1.07
-21611,3.91,-15949,3.48,634,2.05,12827,17_08_16_16_06_2025,3.94,-5.03,-9.28,-1.05,0.60,-2.09
-23353,4.04,-17481,3.60,635,2.05,12853,17_08_16_16_06_2025,-0.96,-3.85,-10.28,-1.81,1.24,-1.94
-25677,4.22,-19253,3.73,635,2.05,12878,17_08_16_16_06_2025,-4.66,-1.98,-8.24,-1.90,0.10,-0.81
-27714,4.37,-21613,3.91,635,2.05,12903,17_08_16_16_06_2025,-3.20,-1.93,-5.86,-1.03,-1.19,0.79
-31158,4.63,-25878,4.23,635,2.05,12931,17_08_16_16_06_2025,-0.78,-2.97,-3.70,-0.31,-2.49,1.31
-35001,4.92,-29861,4.53,634,2.05,12953,17_08_16_16_06_2025,-0.32,-1.34,-2.45,0.24,-2.20,1.24
-39606,5.27,-34443,4.88,634,2.05,12978,17_08_16_16_06_2025,-1.34,-1.95,-4.02,0.90,-0.05,0.52
-43247,5.55,-34443,4.88,635,2.05,13003,17_08_16_16_06_2025,-2.27,-2.61,-8.47,1.17,1.78,0.56
-46887,5.82,-40812,5.36,635,2.05,13029,17_08_16_16_06_2025,-1.57,-4.60,-11.82,0.72,1.74,0.31
-49732,6.04,-43355,5.56,634,2.05,13054,17_08_16_16_06_2025,-1.25,-5.46,-13.24,-0.28,0.72,0.33
-50336,6.09,-46128,5.77,635,2.05,13082,17_08_16_16_06_2025,-1.81,-3.24,-9.45,-1.06,-0.04,0.37
-51696,6.19,-49271,6.01,632,2.04,13104,17_08_16_16_06_2025,-3.26,-1.63,-5.39,-0.54,-0.43,1.15
-53701,6.34,-52463,6.25,634,2.05,13129,17_08_16_16_06_2025,-0.87,-1.50,-5.08,0.23,-0.65,1.41
-56114,6.52,-54429,6.40,634,2.05,13154,17_08_17_16_06_2025,0.66,-2.53,-7.65,1.25,-0.27,1.19
-58635,6.71,-56777,6.57,635,2.05,13179,17_08_17_16_06_2025,-0.12,-3.66,-11.38,1.03,0.37,0.67
-59504,6.78,-57816,6.65,634,2.05,13207,17_08_17_16_06_2025,0.29,-4.17,-14.12,0.16,0.76,0.52
-59630,6.79,-59522,6.78,635,2.05,13230,17_08_17_16_06_2025,-1.00,-3.09,-10.94,-0.62,0.20,0.45
-60080,6.82,-62524,7.01,635,2.05,13256,17_08_17_16_06_2025,-1.34,-3.51,-7.60,-0.50,-0.04,0.45
-60924,6.89,-65200,7.21,635,2.05,13281,17_08_17_16_06_2025,-0.39,-1.69,-8.46,0.13,0.01,0.79
-61767,6.95,-66586,7.32,635,2.05,13307,17_08_17_16_06_2025,0.13,-1.97,-10.85,0.59,0.13,0.68
-63179,7.06,-66510,7.31,634,2.05,13332,17_08_17_16_06_2025,0.73,-3.06,-13.59,0.06,0.31,0.56
-64747,7.18,-66339,7.30,634,2.05,13360,17_08_17_16_06_2025,0.26,-2.58,-12.09,-0.68,0.29,0.18
-64898,7.19,-66808,7.33,635,2.05,13382,17_08_17_16_06_2025,0.32,-1.45,-8.95,-0.96,0.12,0.11
-64395,7.15,-67292,7.37,634,2.05,13408,17_08_17_16_06_2025,-1.40,-2.06,-7.67,-0.39,-0.05,0.05
-64484,7.16,-66907,7.34,634,2.05,13433,17_08_17_16_06_2025,-2.99,-2.16,-8.71,-0.12,0.17,0.04
-65108,7.21,-65304,7.22,634,2.05,13458,17_08_17_16_06_2025,1.19,-1.98,-10.34,-0.22,0.29,0.41
-65436,7.23,-64656,7.17,634,2.05,13486,17_08_17_16_06_2025,-1.06,-0.80,-9.90,-0.45,0.44,-0.12
-65977,7.27,-64285,7.14,635,2.05,13509,17_08_17_16_06_2025,-0.92,-1.70,-9.27,-0.50,0.20,0.09
-65218,7.21,-63597,7.09,634,2.05,13534,17_08_17_16_06_2025,-1.43,-1.22,-7.77,-0.19,-0.07,0.21
-66336,7.30,-63483,7.08,634,2.05,13559,17_08_17_16_06_2025,-1.09,-0.74,-8.76,0.27,0.27,0.45
-66362,7.30,-63617,7.09,634,2.05,13584,17_08_17_16_06_2025,0.43,-1.47,-8.85,0.31,-0.37,0.29
-66825,7.34,-64209,7.14,635,2.05,13612,17_08_17_16_06_2025,-1.32,-2.07,-8.96,0.21,-0.24,0.13
-66656,7.32,-64019,7.12,634,2.05,13635,17_08_17_16_06_2025,-1.52,-1.91,-8.57,0.23,-0.11,0.24
-66947,7.34,-63656,7.10,634,2.05,13660,17_08_17_16_06_2025,-0.95,-1.90,-9.83,0.22,0.32,0.38
-67507,7.39,-63944,7.12,634,2.05,13685,17_08_17_16_06_2025,-0.74,-1.67,-9.38,-0.06,0.00,0.24
-67636,7.40,-64190,7.14,635,2.05,13710,17_08_17_16_06_2025,-1.04,-1.53,-8.74,0.06,0.16,0.23
-67564,7.39,-64307,7.14,635,2.05,13735,17_08_17_16_06_2025,-0.56,-1.85,-9.35,0.14,0.23,0.28
-67419,7.38,-64635,7.17,634,2.05,13763,17_08_17_16_06_2025,-0.25,-1.35,-9.30,0.01,0.18,0.18
-67849,7.41,-65050,7.20,634,2.05,13786,17_08_17_16_06_2025,-0.13,-1.53,-8.92,0.16,-0.05,0.07
-68287,7.45,-64886,7.19,635,2.05,13811,17_08_17_16_06_2025,-1.29,-1.86,-9.56,0.24,0.04,0.09
-67714,7.40,-64865,7.19,634,2.05,13836,17_08_17_16_06_2025,-0.15,-1.50,-10.15,0.20,0.07,0.13
-67822,7.41,-64906,7.19,635,2.05,13862,17_08_17_16_06_2025,0.15,-1.84,-9.99,0.12,-0.08,0.00
-67756,7.41,-64683,7.17,634,2.05,13890,17_08_17_16_06_2025,-0.05,-1.70,-10.12,0.13,-0.01,-0.07
-67803,7.41,-64102,7.13,635,2.05,13912,17_08_17_16_06_2025,0.07,-1.49,-10.09,0.02,-0.06,-0.13
-67467,7.38,-63694,7.10,635,2.05,13937,17_08_17_16_06_2025,-0.92,-1.23,-9.28,-0.07,-0.07,-0.22
-66803,7.33,-63131,7.06,635,2.05,13964,17_08_17_16_06_2025,0.32,-1.30,-9.57,0.14,-0.06,-0.14
-66515,7.31,-61934,6.96,634,2.05,13986,17_08_17_16_06_2025,1.97,-1.45,-9.92,0.21,-0.16,-0.17
-65637,7.25,-60668,6.87,635,2.05,14009,17_08_17_16_06_2025,3.15,-1.16,-10.59,0.18,-0.32,-0.54
-65531,7.24,-59453,6.78,635,2.05,14034,17_08_17_16_06_2025,3.48,-1.41,-10.75,0.07,-0.49,-0.81
-64705,7.17,-58287,6.69,635,2.05,14056,17_08_17_16_06_2025,-0.57,-1.86,-9.52,-0.44,-0.31,-1.30
-63214,7.06,-57141,6.60,635,2.05,14084,17_08_17_16_06_2025,-0.93,-1.01,-8.41,-0.28,0.04,-0.88
-62329,6.99,-55824,6.50,634,2.05,14106,17_08_17_16_06_2025,2.52,-1.31,-9.71,0.15,-0.15,-0.77
-62014,6.97,-55078,6.45,634,2.05,14128,17_08_17_16_06_2025,7.46,-2.34,-10.86,0.36,-0.46,-1.21
-61192,6.91,-53915,6.36,634,2.05,14153,17_08_18_16_06_2025,5.14,-3.43,-10.33,0.22,-0.93,-1.79
-57813,6.65,-51242,6.15,635,2.05,14176,17_08_18_16_06_2025,1.87,-2.46,-8.63,-0.59,-0.63,-2.05
-54832,6.43,-47593,5.88,634,2.05,14198,17_08_18_16_06_2025,2.97,-2.47,-8.60,-0.06,-0.30,-1.75
-53401,6.32,-44316,5.63,635,2.05,14220,17_08_18_16_06_2025,-0.21,-3.46,-8.25,0.37,-0.18,-1.86
-50151,6.07,-40683,5.35,635,2.05,14243,17_08_18_16_06_2025,-4.06,-3.02,-8.20,-0.26,-0.00,-2.04
-44350,5.63,-35490,4.96,635,2.05,14268,17_08_18_16_06_2025,-4.76,-2.58,-6.28,-0.05,0.04,-1.12
-39137,5.24,-28685,4.45,634,2.05,14296,17_08_18_16_06_2025,-7.37,-2.73,-5.48,0.95,-0.25,-0.22
-34219,4.87,-23867,4.08,635,2.05,14318,17_08_18_16_06_2025,-6.53,-4.04,-6.10,1.02,-0.03,-0.04
-27864,4.38,-19477,3.75,634,2.05,14343,17_08_18_16_06_2025,-7.68,-4.65,-5.97,0.83,-0.12,0.38
-23693,4.07,-16523,3.52,634,2.05,14369,17_08_18_16_06_2025,-5.34,-5.32,-5.86,1.05,-0.16,0.71
-20474,3.82,-14668,3.38,635,2.05,14394,17_08_18_16_06_2025,-1.86,-5.80,-7.16,1.21,0.11,0.65
-17242,3.58,-12587,3.23,634,2.05,14422,17_08_18_16_06_2025,1.51,-6.71,-7.37,1.07,0.76,0.23
-16142,3.50,-11708,3.16,634,2.05,14445,17_08_18_16_06_2025,2.84,-7.29,-8.07,1.27,1.52,-0.07
-13579,3.30,-7849,2.87,634,2.05,14470,17_08_18_16_06_2025,3.14,-7.28,-8.74,1.26,1.79,-0.39
-9337,2.98,-5278,2.67,635,2.05,14495,17_08_18_16_06_2025,2.82,-6.26,-7.41,1.31,2.34,-0.80
-7902,2.87,-3736,2.56,634,2.05,14520,17_08_18_16_06_2025,3.51,-5.92,-6.43,1.74,2.75,-0.96
-7280,2.82,-3330,2.53,634,2.05,14545,17_08_18_16_06_2025,3.93,-5.89,-7.03,2.28,2.35,-0.96
-7167,2.82,-2460,2.46,634,2.05,14574,17_08_18_16_06_2025,4.20,-6.72,-7.46,2.17,1.35,-1.16
-6562,2.77,-2197,2.44,634,2.05,14596,17_08_18_16_06_2025,3.77,-7.13,-6.55,2.15,0.76,-0.91
-6188,2.74,-1560,2.39,635,2.05,14621,17_08_18_16_06_2025,3.45,-7.08,-5.93,2.35,0.47,-0.38
-5951,2.72,-1331,2.37,635,2.05,14646,17_08_18_16_06_2025,2.92,-7.37,-5.27,2.97,0.37,-0.09
-6104,2.74,-899,2.34,635,2.05,14673,17_08_18_16_06_2025,3.76,-7.83,-7.06,2.75,0.20,-0.31
-5904,2.72,-721,2.33,634,2.05,14701,17_08_18_16_06_2025,2.09,-8.24,-4.92,2.31,0.09,-0.80
-5610,2.70,-278,2.29,635,2.05,14723,17_08_18_16_06_2025,1.30,-8.16,-3.55,2.70,0.59,-0.53
-5472,2.69,-94,2.28,635,2.05,14748,17_08_18_16_06_2025,-0.03,-9.24,-1.91,4.27,0.97,-0.10
-5327,2.68,25,2.27,634,2.05,14773,17_08_18_16_06_2025,1.72,-11.22,-2.13,5.25,1.34,0.33
-5622,2.70,16,2.27,635,2.05,14799,17_08_18_16_06_2025,2.61,-10.99,-3.94,4.97,0.64,-0.03
-5625,2.70,-88,2.28,634,2.05,14824,17_08_18_16_06_2025,2.00,-12.43,-2.17,4.60,0.29,0.10
-5267,2.67,-81,2.28,635,2.05,14852,17_08_18_16_06_2025,1.89,-10.91,0.44,4.50,0.62,0.12
-5338,2.68,246,2.25,635,2.05,14874,17_08_18_16_06_2025,1.80,-11.03,1.06,4.29,0.30,-0.07
-5384,2.68,168,2.26,634,2.05,14900,17_08_18_16_06_2025,3.29,-12.29,2.23,4.11,0.31,-0.11
-5714,2.71,-174,2.29,634,2.05,14925,17_08_18_16_06_2025,2.40,-11.10,3.87,3.70,0.32,-0.54
-6003,2.73,-499,2.31,634,2.05,14950,17_08_18_16_06_2025,2.08,-11.49,4.37,3.26,0.34,-0.90
-5644,2.70,-354,2.30,634,2.05,14975,17_08_18_16_06_2025,2.34,-10.09,6.11,3.08,0.43,-1.23
-5770,2.71,-354,2.30,634,2.05,15003,17_08_18_16_06_2025,3.80,-10.60,5.88,2.82,0.45,-1.36
-5893,2.72,-156,2.28,635,2.05,15026,17_08_18_16_06_2025,3.52,-9.82,6.24,2.37,0.05,-1.20
-6207,2.74,-1138,2.36,634,2.05,15051,17_08_18_16_06_2025,3.51,-9.06,6.31,2.09,0.19,-1.04
-6882,2.79,-1576,2.39,635,2.05,15076,17_08_18_16_06_2025,3.24,-8.41,5.82,1.67,0.31,-1.20
-7064,2.81,-1510,2.39,634,2.05,15101,17_08_18_16_06_2025,3.08,-6.71,6.53,1.38,0.19,-1.46
-7216,2.82,-1658,2.40,634,2.05,15129,17_08_18_16_06_2025,3.39,-6.94,6.98,0.98,0.17,-1.88
-7506,2.84,-1850,2.41,634,2.05,15151,17_08_19_16_06_2025,3.84,-6.85,7.07,0.80,0.62,-1.84
-7540,2.84,-1386,2.38,635,2.05,15176,17_08_19_16_06_2025,3.43,-6.63,6.99,0.85,0.82,-1.63
-7955,2.88,-1395,2.38,635,2.05,15202,17_08_19_16_06_2025,3.18,-5.35,6.54,0.60,0.78,-1.32
-7356,2.83,-1149,2.36,635,2.05,15227,17_08_19_16_06_2025,3.50,-4.61,6.89,0.23,0.58,-1.05
-7030,2.81,-1169,2.36,634,2.05,15252,17_08_19_16_06_2025,4.02,-4.23,7.25,0.00,0.51,-0.69
-6777,2.79,-1184,2.36,634,2.05,15277,17_08_19_16_06_2025,4.60,-3.96,7.55,-0.00,0.68,-0.58
-6894,2.80,-1126,2.36,634,2.05,15302,17_08_19_16_06_2025,4.21,-3.85,8.10,0.14,0.86,-0.62
-6446,2.76,-934,2.34,634,2.05,15327,17_08_19_16_06_2025,4.64,-4.24,8.27,0.15,1.13,-0.66
-6201,2.74,-694,2.33,634,2.05,15352,17_08_19_16_06_2025,4.87,-3.63,8.04,0.32,1.19,-0.72
-5776,2.71,-441,2.31,634,2.05,15377,17_08_19_16_06_2025,4.58,-3.48,8.26,0.45,1.23,-0.89
-5829,2.71,-679,2.32,634,2.05,15403,17_08_19_16_06_2025,4.31,-3.96,7.87,0.59,1.14,-1.02
-5892,2.72,-713,2.33,635,2.05,15431,17_08_19_16_06_2025,4.36,-3.52,7.75,0.50,0.84,-0.77
-5809,2.71,-650,2.32,634,2.05,15454,17_08_19_16_06_2025,4.92,-3.20,8.21,0.28,0.58,-0.81
-5696,2.70,-401,2.30,635,2.05,15479,17_08_19_16_06_2025,4.60,-3.39,8.70,0.49,0.57,-1.24
-5734,2.71,-381,2.30,634,2.05,15504,17_08_19_16_06_2025,3.83,-3.93,8.85,0.79,0.46,-1.40
-5760,2.71,-546,2.31,634,2.05,15529,17_08_19_16_06_2025,2.75,-3.51,8.95,1.03,0.21,-1.12
-5752,2.71,-631,2.32,634,2.05,15555,17_08_19_16_06_2025,3.62,-2.54,8.25,0.93,0.15,-0.80
-5752,2.71,-581,2.32,634,2.05,15582,17_08_19_16_06_2025,4.37,-1.96,8.42,0.57,-0.03,-0.82
-5715,2.71,-385,2.30,634,2.05,15605,17_08_19_16_06_2025,2.89,-2.47,8.29,0.58,-0.17,-0.58
-6049,2.73,-864,2.34,634,2.05,15630,17_08_19_16_06_2025,3.41,-1.67,8.19,0.55,-0.10,-0.47
-5899,2.72,-878,2.34,635,2.05,15655,17_08_19_16_06_2025,3.23,-1.44,8.38,0.23,-0.18,-0.28
-6097,2.73,-647,2.32,635,2.05,15680,17_08_19_16_06_2025,3.42,-1.57,8.23,-0.08,-0.35,-0.09
-6058,2.73,-516,2.31,635,2.05,15708,17_08_19_16_06_2025,3.89,-1.76,8.86,0.06,-0.23,-0.19
-5923,2.72,-593,2.32,634,2.05,15731,17_08_19_16_06_2025,3.74,-2.26,8.59,0.42,0.00,-0.18
-5964,2.72,-405,2.30,634,2.05,15756,17_08_19_16_06_2025,3.78,-1.78,8.30,0.89,0.22,0.01
-6040,2.73,-507,2.31,634,2.05,15781,17_08_19_16_06_2025,3.63,-1.03,8.85,0.83,0.05,-0.05
-6093,2.73,-648,2.32,634,2.05,15806,17_08_19_16_06_2025,4.00,-1.58,8.60,0.64,-0.36,-0.03
-6154,2.74,-498,2.31,635,2.05,15832,17_08_19_16_06_2025,3.93,-0.87,9.36,0.82,-0.36,0.06
-6141,2.74,-546,2.31,634,2.05,15859,17_08_19_16_06_2025,3.74,-1.18,9.08,1.10,-0.06,0.09
-6278,2.75,-519,2.31,634,2.05,15882,17_08_19_16_06_2025,4.63,-0.39,8.59,1.06,0.11,0.10
-6195,2.74,-484,2.31,634,2.05,15907,17_08_19_16_06_2025,4.83,-0.02,8.67,0.66,0.13,0.28
-6328,2.75,-762,2.33,633,2.04,15932,17_08_19_16_06_2025,4.61,0.43,9.53,0.41,0.11,0.29
-6221,2.74,-895,2.34,635,2.05,15957,17_08_19_16_06_2025,3.82,0.58,10.35,0.41,0.21,0.20
-6436,2.76,-1203,2.36,634,2.05,15983,17_08_19_16_06_2025,3.76,0.29,10.34,0.32,0.25,0.32
-6486,2.76,-1291,2.37,634,2.05,16011,17_08_19_16_06_2025,3.90,0.40,9.87,0.15,0.14,0.46
-6245,2.75,-1031,2.35,634,2.05,16033,17_08_19_16_06_2025,3.84,0.36,9.49,0.17,0.09,0.41
-6320,2.75,-953,2.34,635,2.05,16058,17_08_19_16_06_2025,3.57,0.55,9.00,0.27,0.09,0.32
-6515,2.77,-1040,2.35,635,2.05,16083,17_08_19_16_06_2025,3.41,0.51,9.10,0.25,0.02,0.32
-6417,2.76,-806,2.33,634,2.05,16109,17_08_19_16_06_2025,3.61,0.80,9.52,0.11,-0.03,0.38
-6657,2.78,-743,2.33,634,2.05,16135,17_08_19_16_06_2025,3.65,0.85,9.78,0.09,0.02,0.32
-6736,2.78,-694,2.33,634,2.05,16160,17_08_20_16_06_2025,3.54,0.85,9.66,0.12,-0.01,0.21
-6747,2.78,-658,2.32,635,2.05,16182,17_08_20_16_06_2025,3.23,1.01,9.72,0.16,-0.14,0.18
-6803,2.79,-766,2.33,634,2.05,16205,17_08_20_16_06_2025,3.53,0.82,9.25,0.28,-0.22,0.12
-6720,2.78,-619,2.32,635,2.05,16227,17_08_20_16_06_2025,3.49,0.76,9.09,0.29,-0.18,0.08
-6735,2.78,-798,2.33,634,2.05,16249,17_08_20_16_06_2025,3.69,0.89,8.95,0.30,-0.20,0.12
-6720,2.78,-791,2.33,634,2.05,16277,17_08_20_16_06_2025,3.89,1.10,8.99,0.34,-0.17,0.09
-6843,2.79,-1054,2.35,634,2.05,16299,17_08_20_16_06_2025,3.75,1.13,8.96,0.43,-0.22,0.03
