-11260,3.13,0,2.27,622,2.01,1110,08_58_38_23_06_2025,0.25,7.15,-6.17,0.12,-1.38,0.68
-11858,3.17,3645,2.00,622,2.01,1204,08_58_38_23_06_2025,1.60,8.41,-4.08,1.49,-1.11,0.46
-11445,3.14,3672,1.99,622,2.01,1230,08_58_38_23_06_2025,2.07,7.96,-7.16,2.93,-1.97,0.46
-11529,3.15,3692,1.99,621,2.00,1250,08_58_38_23_06_2025,1.99,7.77,-6.16,2.06,-2.42,0.18
-11772,3.16,3662,2.00,622,2.01,1271,08_58_38_23_06_2025,2.42,7.12,-7.85,0.25,-2.11,-0.34
-11620,3.15,3540,2.00,622,2.01,1291,08_58_38_23_06_2025,0.36,6.33,-5.80,-0.97,-1.47,-0.85
-11407,3.14,3573,2.00,621,2.00,1314,08_58_38_23_06_2025,-1.79,9.35,-6.20,-0.06,-0.76,-0.05
-11162,3.12,3451,2.01,621,2.00,1337,08_58_38_23_06_2025,-3.16,8.99,-5.56,0.52,-0.85,2.03
-11247,3.12,3040,2.04,621,2.00,1357,08_58_38_23_06_2025,-6.13,8.09,-7.08,0.70,0.04,2.58
-11586,3.15,2886,2.05,622,2.01,1377,08_58_38_23_06_2025,-4.98,9.53,-6.51,1.17,0.91,1.60
-13050,3.26,2159,2.11,621,2.00,1398,08_58_38_23_06_2025,-5.57,10.67,-6.91,1.64,1.56,1.38
-14906,3.40,963,2.20,622,2.01,1418,08_58_38_23_06_2025,-4.20,9.73,-6.96,1.61,1.83,1.01
-15938,3.48,-229,2.29,622,2.01,1441,08_58_38_23_06_2025,-2.12,9.01,-7.37,0.95,0.98,0.11
-19143,3.72,-2697,2.48,621,2.00,1461,08_58_38_23_06_2025,0.10,8.10,-7.48,0.57,0.45,-0.28
-25266,4.19,-4208,2.59,621,2.00,1482,08_58_38_23_06_2025,2.80,8.71,-8.89,0.34,0.34,-0.38
-28806,4.45,-6963,2.80,621,2.00,1502,08_58_38_23_06_2025,0.01,8.21,-8.65,0.82,0.70,0.06
-33705,4.83,-9275,2.98,622,2.01,1522,08_58_38_23_06_2025,0.65,8.58,-8.41,0.67,0.55,0.17
-35775,4.98,-11822,3.17,622,2.01,1542,08_58_38_23_06_2025,0.18,8.26,-8.82,0.73,0.53,0.13
-36473,5.04,-14677,3.38,622,2.01,1566,08_58_38_23_06_2025,-0.86,6.59,-5.82,0.66,0.49,-0.26
-38777,5.21,-16242,3.50,622,2.01,1586,08_58_38_23_06_2025,-0.52,5.49,-6.62,0.62,0.05,-0.06
-41210,5.39,-19006,3.71,621,2.00,1606,08_58_38_23_06_2025,-0.39,5.19,-6.50,0.41,0.21,-0.12
-42758,5.51,-21905,3.93,621,2.00,1626,08_58_38_23_06_2025,-1.86,5.17,-4.98,0.24,0.04,-0.28
-45118,5.69,-24592,4.14,621,2.00,1647,08_58_38_23_06_2025,-1.06,5.78,-4.92,0.00,0.56,-0.48
-48173,5.92,-27097,4.33,621,2.00,1670,08_58_38_23_06_2025,-1.16,6.00,-5.10,0.08,0.90,-0.19
-51896,6.20,-29485,4.51,621,2.00,1692,08_58_38_23_06_2025,-1.92,6.29,-5.41,0.08,1.13,0.01
-53449,6.32,-31040,4.62,621,2.00,1712,08_58_38_23_06_2025,-0.06,7.42,-5.90,0.11,1.08,-0.35
-55813,6.50,-34160,4.86,621,2.00,1732,08_58_38_23_06_2025,0.69,7.29,-6.48,0.26,1.01,-0.29
-58630,6.71,-36824,5.06,621,2.00,1753,08_58_38_23_06_2025,0.92,6.64,-6.59,0.27,0.79,-0.37
-59650,6.79,-39688,5.28,622,2.01,1776,08_58_38_23_06_2025,1.42,6.32,-6.92,0.06,0.39,-0.40
-61400,6.92,-42058,5.46,622,2.01,1799,08_58_38_23_06_2025,0.57,6.60,-6.91,0.13,0.07,-0.21
-63694,7.10,-42637,5.50,620,2.00,1819,08_58_38_23_06_2025,-0.14,6.36,-6.70,0.29,0.00,-0.06
-66588,7.32,-43915,5.60,621,2.00,1839,08_58_38_23_06_2025,-0.04,6.72,-6.90,0.25,0.24,-0.01
-68416,7.46,-44909,5.67,621,2.00,1860,08_58_38_23_06_2025,0.19,7.07,-7.22,0.39,0.47,0.14
-71350,7.68,-46195,5.77,622,2.01,1880,08_58_38_23_06_2025,0.73,6.47,-7.21,0.45,0.43,0.27
-72864,7.79,-46903,5.83,621,2.00,1900,08_58_39_23_06_2025,0.92,6.08,-7.77,0.31,0.22,0.17
-73672,7.85,-48618,5.96,621,2.00,1918,08_58_39_23_06_2025,1.49,6.00,-8.28,0.34,0.03,0.03
-75002,7.95,-50140,6.07,621,2.00,1942,08_58_39_23_06_2025,2.48,5.68,-7.97,0.42,-0.35,0.12
-76489,8.07,-51205,6.15,620,2.00,1962,08_58_39_23_06_2025,2.53,5.23,-6.61,0.53,-0.78,0.59
-77453,8.14,-51588,6.18,621,2.00,1982,08_58_39_23_06_2025,-1.44,5.30,-6.32,0.15,-0.51,0.61
-79281,8.28,-51653,6.19,621,2.00,2002,08_58_39_23_06_2025,0.21,6.19,-7.49,0.02,-0.16,0.33
-80936,8.40,-51816,6.20,621,2.00,2025,08_58_39_23_06_2025,0.59,5.91,-7.08,0.25,-0.31,0.42
-82106,8.49,-52119,6.22,621,2.00,2046,08_58_39_23_06_2025,-0.55,5.68,-6.80,0.19,0.03,0.12
-83088,8.57,-52813,6.27,621,2.00,2066,08_58_39_23_06_2025,1.10,5.67,-7.26,0.10,0.09,-0.15
-83564,8.60,-53366,6.32,620,2.00,2086,08_58_39_23_06_2025,1.27,5.16,-7.32,0.13,-0.12,-0.08
-83956,8.63,-53945,6.36,621,2.00,2106,08_58_39_23_06_2025,0.92,4.90,-6.95,0.08,-0.21,-0.02
-85269,8.73,-54441,6.40,621,2.00,2126,08_58_39_23_06_2025,0.13,5.53,-6.77,-0.06,-0.02,-0.04
-86347,8.81,-54856,6.43,621,2.00,2149,08_58_39_23_06_2025,0.27,5.89,-7.32,-0.03,0.22,-0.02
-87048,8.87,-54915,6.43,620,2.00,2169,08_58_39_23_06_2025,-0.47,6.05,-7.04,0.06,0.27,-0.08
-88130,8.95,-55052,6.44,621,2.00,2189,08_58_39_23_06_2025,0.64,5.80,-6.32,-0.04,0.30,-0.16
-89081,9.02,-55550,6.48,621,2.00,2210,08_58_39_23_06_2025,0.19,5.92,-6.62,-0.28,0.27,-0.16
-89277,9.04,-56178,6.53,621,2.00,2230,08_58_39_23_06_2025,0.46,6.51,-7.43,-0.40,0.29,-0.30
-89580,9.06,-56855,6.58,621,2.00,2253,08_58_39_23_06_2025,0.13,6.53,-7.00,-0.32,0.29,-0.38
-90237,9.11,-57213,6.61,621,2.00,2276,08_58_39_23_06_2025,0.24,6.39,-6.51,-0.27,0.42,-0.42
-91049,9.17,-57526,6.63,621,2.00,2296,08_58_39_23_06_2025,0.25,6.75,-6.92,-0.30,0.38,-0.35
-91315,9.19,-57855,6.66,621,2.00,2318,08_58_39_23_06_2025,-0.07,6.83,-7.16,-0.22,0.28,-0.43
-91878,9.23,-58064,6.67,621,2.00,2345,08_58_39_23_06_2025,0.46,7.07,-7.26,-0.11,0.51,-0.63
-91984,9.24,-58064,6.67,621,2.00,2365,08_58_39_23_06_2025,1.41,6.42,-7.31,0.00,0.45,-0.54
-91850,9.23,-58900,6.73,621,2.00,2388,08_58_39_23_06_2025,0.54,5.13,-7.11,0.00,0.61,-0.57
-91292,9.19,-60015,6.82,621,2.00,2411,08_58_39_23_06_2025,1.48,5.95,-8.53,-0.17,0.20,-0.49
-91662,9.22,-60238,6.84,621,2.00,2431,08_58_39_23_06_2025,0.77,5.64,-7.98,-0.02,0.28,-0.47
-91625,9.21,-60603,6.86,621,2.00,2452,08_58_39_23_06_2025,1.29,5.17,-8.17,0.07,0.48,-0.43
-91401,9.20,-61023,6.90,621,2.00,2472,08_58_39_23_06_2025,1.28,4.65,-7.75,0.01,0.30,-0.47
-91326,9.19,-61297,6.92,621,2.00,2495,08_58_39_23_06_2025,1.38,4.35,-8.04,-0.13,0.19,-0.47
-91384,9.20,-61355,6.92,621,2.00,2515,08_58_39_23_06_2025,1.45,4.42,-8.02,-0.07,0.21,-0.31
-91549,9.21,-61576,6.94,621,2.00,2536,08_58_39_23_06_2025,1.37,4.18,-7.82,0.09,0.29,-0.32
-91396,9.20,-61781,6.95,621,2.00,2556,08_58_39_23_06_2025,1.56,3.43,-7.16,0.08,0.33,-0.23
-91391,9.20,-61783,6.95,621,2.00,2576,08_58_39_23_06_2025,1.56,3.82,-7.30,-0.12,0.31,-0.18
-91271,9.19,-61744,6.95,621,2.00,2596,08_58_39_23_06_2025,1.59,4.94,-7.50,-0.20,0.23,-0.13
-91381,9.20,-61677,6.95,621,2.00,2620,08_58_39_23_06_2025,0.66,5.95,-7.22,-0.11,0.28,-0.03
-91405,9.20,-61606,6.94,620,2.00,2640,08_58_39_23_06_2025,-0.12,6.73,-7.13,-0.11,0.41,-0.07
-91533,9.21,-61987,6.97,621,2.00,2660,08_58_39_23_06_2025,-0.08,7.46,-7.19,-0.05,0.52,-0.23
-91740,9.22,-62034,6.97,621,2.00,2680,08_58_39_23_06_2025,0.36,7.55,-6.95,-0.08,0.50,-0.25
-91611,9.21,-62124,6.98,622,2.01,2701,08_58_39_23_06_2025,-0.35,8.05,-7.19,-0.19,0.43,-0.35
-91469,9.20,-62197,6.98,621,2.00,2721,08_58_39_23_06_2025,-0.20,8.14,-7.00,-0.25,0.42,-0.50
-91577,9.21,-62110,6.98,620,2.00,2744,08_58_39_23_06_2025,0.08,7.56,-7.51,-0.25,0.37,-0.56
-91500,9.20,-62447,7.00,621,2.00,2764,08_58_39_23_06_2025,-0.24,7.67,-7.61,-0.19,0.41,-0.66
-91510,9.21,-62853,7.03,621,2.00,2785,08_58_39_23_06_2025,0.70,7.67,-7.75,-0.04,0.44,-0.67
-91061,9.17,-63087,7.05,621,2.00,2805,08_58_39_23_06_2025,0.59,6.80,-7.67,0.12,0.45,-0.64
-91102,9.17,-63385,7.07,621,2.00,2825,08_58_39_23_06_2025,0.67,6.00,-6.87,0.00,0.44,-0.70
-90108,9.10,-63964,7.12,621,2.00,2854,08_58_39_23_06_2025,1.89,6.01,-7.58,-0.06,0.36,-0.62
-89908,9.08,-64178,7.13,621,2.00,2874,08_58_39_23_06_2025,1.71,5.50,-7.14,-0.03,0.25,-0.41
-89520,9.05,-64138,7.13,621,2.00,2894,08_58_40_23_06_2025,1.78,5.42,-7.45,-0.08,0.11,-0.20
-89214,9.03,-64540,7.16,622,2.01,2916,08_58_40_23_06_2025,1.04,5.57,-7.41,-0.18,0.04,-0.27
-89148,9.03,-64574,7.16,621,2.00,2936,08_58_40_23_06_2025,1.59,5.45,-7.30,-0.17,0.01,-0.24
-88834,9.00,-64453,7.16,621,2.00,2957,08_58_40_23_06_2025,2.37,5.50,-7.70,-0.22,-0.04,-0.11
-88216,8.96,-64261,7.14,621,2.00,2983,08_58_40_23_06_2025,1.04,5.76,-7.75,-0.14,-0.15,0.06
-87076,8.87,-63574,7.09,622,2.01,3006,08_58_40_23_06_2025,0.70,6.00,-7.52,-0.16,-0.12,-0.00
-85995,8.79,-63559,7.09,621,2.00,3026,08_58_40_23_06_2025,0.96,6.30,-7.98,-0.14,-0.08,-0.02
-85498,8.75,-63239,7.06,621,2.00,3046,08_58_40_23_06_2025,1.44,6.00,-8.10,0.03,-0.10,0.07
-84707,8.69,-62953,7.04,621,2.00,3066,08_58_40_23_06_2025,1.73,5.81,-7.66,0.02,-0.16,0.22
-83657,8.61,-62496,7.01,620,2.00,3089,08_58_40_23_06_2025,1.20,6.79,-8.58,-0.05,-0.34,0.24
-83426,8.59,-62659,7.02,620,2.00,3109,08_58_40_23_06_2025,1.13,7.38,-9.47,0.02,-0.40,0.13
-82844,8.55,-62518,7.01,621,2.00,3130,08_58_40_23_06_2025,1.50,7.40,-9.80,0.22,-0.38,0.06
-81674,8.46,-61612,6.94,622,2.01,3150,08_58_40_23_06_2025,3.01,6.74,-10.83,0.40,-0.49,0.12
-80999,8.41,-61166,6.91,621,2.00,3170,08_58_40_23_06_2025,3.85,5.93,-10.27,0.72,-0.83,0.43
-80012,8.33,-60686,6.87,621,2.00,3190,08_58_40_23_06_2025,3.80,5.86,-9.79,0.58,-1.08,0.59
-78561,8.22,-60166,6.83,621,2.00,3213,08_58_40_23_06_2025,4.42,6.58,-10.17,0.49,-1.26,0.54
-76302,8.05,-58788,6.73,621,2.00,3236,08_58_40_23_06_2025,5.68,7.08,-9.96,0.75,-1.42,0.72
-75399,7.98,-58575,6.71,621,2.00,3256,08_58_40_23_06_2025,3.94,6.43,-6.96,1.19,-1.60,0.96
-73861,7.87,-58031,6.67,621,2.00,3277,08_58_40_23_06_2025,3.00,6.61,-5.50,0.97,-1.48,0.88
-70963,7.65,-56055,6.52,621,2.00,3297,08_58_40_23_06_2025,3.53,8.01,-5.83,0.72,-1.62,0.57
-69214,7.52,-53302,6.31,621,2.00,3320,08_58_40_23_06_2025,0.75,7.80,-4.49,1.12,-2.05,0.79
-65564,7.24,-52448,6.25,621,2.00,3340,08_58_40_23_06_2025,-4.81,7.02,-2.96,1.21,-1.76,0.83
-61145,6.90,-49825,6.05,621,2.00,3360,08_58_40_23_06_2025,-4.84,7.62,-3.60,0.87,-1.02,0.04
-58890,6.73,-46670,5.81,621,2.00,3381,08_58_40_23_06_2025,-2.79,7.39,-5.86,0.93,-0.63,-0.15
-54011,6.36,-43691,5.58,621,2.00,3401,08_58_40_23_06_2025,-2.72,5.99,-6.27,1.15,-0.31,-0.04
-50751,6.12,-43259,5.55,621,2.00,3421,08_58_40_23_06_2025,-4.25,4.67,-6.30,1.13,-0.37,0.06
-49504,6.02,-41930,5.45,621,2.00,3444,08_58_40_23_06_2025,-1.93,4.79,-8.63,0.95,-0.46,-0.38
-45627,5.73,-37582,5.12,621,2.00,3465,08_58_40_23_06_2025,0.34,4.77,-9.95,1.03,-0.33,-0.12
-41298,5.40,-32579,4.74,620,2.00,3485,08_58_40_23_06_2025,0.53,4.35,-9.90,1.22,-0.34,0.18
-39608,5.27,-28782,4.45,621,2.00,3505,08_58_40_23_06_2025,-0.69,4.10,-10.05,1.06,-0.50,0.17
-35756,4.98,-26573,4.29,621,2.00,3526,08_58_40_23_06_2025,-1.54,3.83,-9.97,0.90,-0.86,-0.09
-29198,4.48,-20236,3.81,622,2.01,3547,08_58_40_23_06_2025,-3.54,3.79,-9.11,0.77,-1.02,-0.24
-21738,3.92,-12493,3.22,621,2.00,3570,08_58_40_23_06_2025,-6.39,3.70,-7.57,0.83,-1.00,-0.44
-17929,3.63,-3857,2.56,620,2.00,3590,08_58_40_23_06_2025,-6.35,3.02,-6.68,0.84,-0.78,-0.44
-13347,3.28,575,2.23,622,2.01,3610,08_58_40_23_06_2025,-5.94,3.04,-6.85,0.88,-0.35,-0.32
-12143,3.19,1519,2.16,621,2.00,3630,08_58_40_23_06_2025,-4.19,2.43,-7.87,0.92,-0.02,-0.29
-11874,3.17,1592,2.15,621,2.00,3651,08_58_40_23_06_2025,-2.49,2.20,-8.32,0.76,0.00,-0.41
-11462,3.14,2319,2.10,621,2.00,3674,08_58_40_23_06_2025,-1.34,2.48,-8.85,0.72,-0.16,-0.38
-11474,3.14,2319,2.10,621,2.00,3694,08_58_40_23_06_2025,-0.36,2.48,-9.22,0.80,-0.17,-0.16
-11591,3.15,1920,2.13,621,2.00,3714,08_58_40_23_06_2025,-0.14,2.12,-9.03,0.83,-0.27,0.09
-11880,3.17,1657,2.15,621,2.00,3734,08_58_40_23_06_2025,-0.34,1.65,-8.63,0.73,-0.44,0.14
-11256,3.13,2062,2.12,622,2.01,3754,08_58_40_23_06_2025,-1.17,1.90,-8.82,0.67,-0.60,0.16
-10730,3.09,3139,2.03,622,2.01,3775,08_58_40_23_06_2025,-1.36,1.77,-8.52,0.75,-0.60,0.28
-10577,3.07,3373,2.02,621,2.00,3798,08_58_40_23_06_2025,-1.73,1.41,-8.32,0.88,-0.48,0.62
-10648,3.08,3361,2.02,622,2.01,3821,08_58_40_23_06_2025,-2.52,1.33,-8.26,0.83,-0.50,0.74
-10781,3.09,3495,2.01,621,2.00,3841,08_58_40_23_06_2025,-2.84,1.27,-8.16,0.68,-0.70,0.65
-10863,3.10,3615,2.00,621,2.00,3861,08_58_40_23_06_2025,-3.01,1.89,-8.68,0.69,-0.83,0.64
-10350,3.06,3903,1.98,621,2.00,3881,08_58_40_23_06_2025,-2.86,2.36,-8.59,0.92,-0.75,0.96
-10373,3.06,3818,1.98,621,2.00,3901,08_58_41_23_06_2025,-3.53,2.36,-8.52,1.16,-0.65,1.34
-10788,3.09,3839,1.98,621,2.00,3924,08_58_41_23_06_2025,-4.30,2.51,-8.19,1.53,-0.67,1.56
-10854,3.10,3825,1.98,621,2.00,3944,08_58_41_23_06_2025,-4.86,2.42,-7.83,1.71,-0.71,1.51
-11096,3.11,3331,2.02,622,2.01,3964,08_58_41_23_06_2025,-5.65,2.27,-7.68,1.75,-0.80,1.32
-11189,3.12,2850,2.06,621,2.00,3985,08_58_41_23_06_2025,-5.96,1.82,-7.42,1.73,-0.85,0.90
-11381,3.13,2745,2.06,621,2.00,4005,08_58_41_23_06_2025,-6.09,1.08,-6.86,1.53,-0.81,0.61
-11406,3.14,2816,2.06,621,2.00,4028,08_58_41_23_06_2025,-6.10,0.93,-7.07,1.17,-0.72,0.45
-11505,3.14,2811,2.06,621,2.00,4051,08_58_41_23_06_2025,-5.57,0.88,-7.79,1.08,-0.67,0.45
-11351,3.13,2964,2.05,621,2.00,4071,08_58_41_23_06_2025,-5.92,0.65,-7.52,1.19,-0.69,0.59
-11407,3.14,2941,2.05,621,2.00,4091,08_58_41_23_06_2025,-6.19,0.15,-7.17,0.98,-0.58,0.64
-11328,3.13,2958,2.05,621,2.00,4111,08_58_41_23_06_2025,-6.33,-0.14,-7.03,0.74,-0.45,0.46
-11205,3.12,3001,2.05,622,2.01,4132,08_58_41_23_06_2025,-6.17,0.18,-7.17,0.32,-0.36,0.39
-11139,3.12,3050,2.04,621,2.00,4155,08_58_41_23_06_2025,-6.13,0.38,-7.34,0.17,-0.46,0.38
-11219,3.12,3067,2.04,621,2.00,4176,08_58_41_23_06_2025,-6.13,0.52,-7.78,0.16,-0.54,0.42
-11304,3.13,3220,2.03,622,2.01,4196,08_58_41_23_06_2025,-6.38,0.35,-7.73,0.16,-0.45,0.37
-11259,3.13,3228,2.03,621,2.00,4216,08_58_41_23_06_2025,-6.23,0.38,-7.77,0.04,-0.32,0.27
-11048,3.11,3180,2.03,621,2.00,4236,08_58_41_23_06_2025,-5.97,0.55,-7.86,-0.07,-0.23,0.26
-11089,3.11,3211,2.03,621,2.00,4256,08_58_41_23_06_2025,-5.98,0.82,-7.96,-0.13,-0.14,0.34
-11211,3.12,3211,2.03,621,2.00,4279,08_58_41_23_06_2025,-6.55,1.28,-8.04,-0.12,-0.09,0.27
-11221,3.12,3285,2.02,621,2.00,4300,08_58_41_23_06_2025,-6.84,1.39,-7.86,-0.09,-0.01,0.02
-11438,3.14,3350,2.02,622,2.01,4320,08_58_41_23_06_2025,-6.38,1.22,-7.37,-0.14,0.02,-0.24
-11331,3.13,3126,2.04,621,2.00,4340,08_58_41_23_06_2025,-6.31,1.01,-7.32,-0.15,0.01,-0.30
-10935,3.10,3389,2.02,621,2.00,4360,08_58_41_23_06_2025,-6.39,0.77,-7.13,-0.15,0.02,-0.36
-11199,3.12,3345,2.02,621,2.00,4383,08_58_41_23_06_2025,-6.72,0.20,-6.48,-0.18,0.09,-0.57
-11211,3.12,3175,2.03,621,2.00,4403,08_58_41_23_06_2025,-6.71,-0.11,-6.08,-0.43,0.20,-0.74
-11429,3.14,3087,2.04,621,2.00,4423,08_58_41_23_06_2025,-6.49,-0.20,-5.96,-0.66,0.22,-0.78
-11428,3.14,3004,2.05,621,2.00,4444,08_58_41_23_06_2025,-6.73,-0.26,-6.11,-0.84,0.18,-0.72
-11709,3.16,2942,2.05,620,2.00,4464,08_58_41_23_06_2025,-7.17,-0.36,-6.18,-0.96,0.17,-0.70
-11611,3.15,2867,2.06,621,2.00,4484,08_58_41_23_06_2025,-7.83,-0.41,-5.90,-1.16,0.22,-0.83
-11695,3.16,2846,2.06,621,2.00,4507,08_58_41_23_06_2025,-8.18,-0.38,-5.54,-1.46,0.28,-0.89
-11729,3.16,3002,2.05,621,2.00,4533,08_58_41_23_06_2025,-7.96,0.32,-6.28,-1.85,0.54,-0.92
-11775,3.16,2854,2.06,621,2.00,4556,08_58_41_23_06_2025,-6.91,1.25,-7.37,-1.92,0.86,-0.73
-11856,3.17,2805,2.06,622,2.01,4576,08_58_41_23_06_2025,-6.34,1.61,-7.48,-1.98,1.00,-0.45
-11978,3.18,2807,2.06,621,2.00,4596,08_58_41_23_06_2025,-6.49,2.33,-7.79,-2.17,1.01,-0.28
-11889,3.17,2723,2.07,621,2.00,4619,08_58_41_23_06_2025,-6.38,3.48,-7.91,-2.41,0.84,-0.55
-11998,3.18,2876,2.05,622,2.01,4640,08_58_41_23_06_2025,-6.05,3.76,-7.65,-2.62,0.55,-0.80
-11938,3.18,2930,2.05,621,2.00,4660,08_58_41_23_06_2025,-6.15,4.27,-7.50,-2.81,0.13,-1.02
-12037,3.18,2133,2.11,620,2.00,4680,08_58_41_23_06_2025,-6.26,5.04,-7.67,-2.73,0.08,-1.17
-12498,3.22,1350,2.17,622,2.01,4700,08_58_41_23_06_2025,-4.37,6.11,-8.76,-2.33,0.92,-0.71
-13592,3.30,909,2.20,622,2.01,4720,08_58_41_23_06_2025,-2.24,5.72,-8.57,-1.56,2.33,-0.22
-15538,3.45,-1841,2.41,622,2.01,4745,08_58_41_23_06_2025,-1.43,4.04,-7.53,-1.56,1.97,0.02
-17008,3.56,-5379,2.68,621,2.00,4765,08_58_41_23_06_2025,-1.58,4.00,-8.00,-2.08,1.06,-0.56
-20931,3.86,-10470,3.07,622,2.01,4785,08_58_41_23_06_2025,0.07,6.41,-11.56,-1.83,1.60,-0.43
-28737,4.45,-16967,3.56,621,2.00,4805,08_58_41_23_06_2025,2.34,7.20,-13.53,-0.71,2.53,0.49
-32404,4.73,-20558,3.83,621,2.00,4826,08_58_41_23_06_2025,0.78,6.65,-13.25,0.05,2.42,0.92
-38988,5.23,-25918,4.24,622,2.01,4846,08_58_41_23_06_2025,-1.47,4.69,-10.02,0.35,0.74,0.20
-42736,5.51,-26630,4.29,621,2.00,4869,08_58_41_23_06_2025,-3.97,3.84,-8.10,-0.16,0.29,-0.70
-43914,5.60,-29954,4.54,621,2.00,4889,08_58_41_23_06_2025,-3.65,3.44,-6.95,-0.57,-0.00,-1.30
-46870,5.82,-34523,4.89,621,2.00,4909,08_58_42_23_06_2025,-3.10,2.98,-5.21,-0.70,0.09,-1.00
-49998,6.06,-36640,5.05,621,2.00,4929,08_58_42_23_06_2025,-2.16,2.02,-4.41,-0.63,0.92,-0.77
-51386,6.17,-41140,5.39,621,2.00,4949,08_58_42_23_06_2025,-1.32,3.32,-5.66,-0.79,1.35,-0.63
-53550,6.33,-44514,5.64,621,2.00,4972,08_58_42_23_06_2025,-0.11,4.72,-7.34,-0.40,2.01,0.28
-57391,6.62,-46269,5.78,621,2.00,4995,08_58_42_23_06_2025,0.55,5.92,-8.52,-0.14,2.00,0.37
-62669,7.02,-47072,5.84,621,2.00,5016,08_58_42_23_06_2025,1.40,7.57,-10.64,0.05,1.68,0.29
-65415,7.23,-46712,5.81,621,2.00,5036,08_58_42_23_06_2025,0.16,5.68,-8.62,0.36,0.78,0.15
-70356,7.60,-48356,5.94,622,2.01,5056,08_58_42_23_06_2025,-0.22,4.14,-6.74,-0.48,-0.69,-0.56
-71709,7.71,-50429,6.09,622,2.01,5076,08_58_42_23_06_2025,-1.17,3.02,-5.64,-1.31,-1.28,-1.02
-73569,7.85,-52399,6.24,621,2.00,5099,08_58_42_23_06_2025,-0.83,5.64,-7.04,-1.65,-0.57,-0.88
-75729,8.01,-53635,6.34,621,2.00,5119,08_58_42_23_06_2025,0.40,7.78,-8.52,-0.86,0.86,0.42
-78250,8.20,-54237,6.38,621,2.00,5139,08_58_42_23_06_2025,0.40,8.27,-8.73,-0.21,1.18,0.83
-79777,8.32,-54823,6.43,622,2.01,5159,08_58_42_23_06_2025,1.66,8.24,-9.75,0.08,0.62,0.78
-82992,8.56,-54040,6.37,621,2.00,5180,08_58_42_23_06_2025,0.67,6.87,-8.95,0.27,-0.19,0.56
-85429,8.74,-54404,6.39,621,2.00,5203,08_58_42_23_06_2025,0.20,5.97,-7.19,-0.09,-1.22,0.10
-85579,8.76,-56494,6.55,621,2.00,5226,08_58_42_23_06_2025,-1.63,4.94,-5.37,-0.35,-1.37,-0.03
-84535,8.68,-57422,6.62,622,2.01,5246,08_58_42_23_06_2025,-1.09,6.33,-6.66,-0.64,-0.27,0.09
-83613,8.61,-57709,6.64,621,2.00,5266,08_58_42_23_06_2025,-1.99,6.80,-6.70,-0.31,0.49,0.22
-83444,8.59,-58108,6.67,621,2.00,5287,08_58_42_23_06_2025,-0.19,7.78,-8.03,-0.05,1.13,0.10
-83919,8.63,-58776,6.73,621,2.00,5307,08_58_42_23_06_2025,1.24,6.14,-7.37,0.07,0.30,0.04
-84245,8.65,-58741,6.72,621,2.00,5331,08_58_42_23_06_2025,-0.45,5.77,-6.89,-0.01,-0.03,-0.05
-85489,8.75,-59115,6.75,621,2.00,5351,08_58_42_23_06_2025,-1.35,5.75,-6.14,0.06,-0.32,-0.08
-85572,8.76,-59006,6.74,621,2.00,5371,08_58_42_23_06_2025,-0.65,5.29,-6.50,0.18,1.41,-0.42
-83248,8.58,-60219,6.83,621,2.00,5392,08_58_42_23_06_2025,0.95,5.11,-7.10,0.36,0.61,-0.34
-84076,8.64,-60764,6.88,621,2.00,5412,08_58_42_23_06_2025,0.17,5.07,-7.21,0.05,0.17,-0.56
-85068,8.72,-60668,6.87,622,2.01,5435,08_58_42_23_06_2025,-0.28,5.49,-7.51,0.19,0.73,-0.16
-85350,8.74,-61352,6.92,621,2.00,5455,08_58_42_23_06_2025,-0.32,5.15,-6.19,0.10,0.39,-0.44
-86074,8.79,-61476,6.93,621,2.00,5475,08_58_42_23_06_2025,-0.12,4.95,-6.50,-0.18,0.18,-0.63
-86495,8.83,-61981,6.97,621,2.00,5495,08_58_42_23_06_2025,0.01,4.70,-6.48,-0.13,0.41,-0.39
-86727,8.84,-62604,7.02,622,2.01,5516,08_58_42_23_06_2025,-0.46,4.04,-5.17,-0.17,0.46,-0.31
-86818,8.85,-62901,7.04,621,2.00,5536,08_58_42_23_06_2025,0.39,4.80,-6.10,-0.75,0.37,-0.59
-86274,8.81,-63293,7.07,621,2.00,5559,08_58_42_23_06_2025,0.38,5.48,-6.88,-0.68,0.47,-0.46
-86590,8.83,-63845,7.11,622,2.01,5579,08_58_42_23_06_2025,-1.42,5.86,-6.25,-0.45,0.43,-0.38
-86517,8.83,-64507,7.16,621,2.00,5599,08_58_42_23_06_2025,-0.86,6.81,-6.46,-0.30,0.62,-0.47
-86388,8.82,-64719,7.18,621,2.00,5620,08_58_42_23_06_2025,-0.97,6.83,-7.11,-0.18,0.81,-0.46
-86440,8.82,-65080,7.20,622,2.01,5640,08_58_42_23_06_2025,-0.49,6.59,-7.19,-0.07,0.85,-0.49
-86775,8.85,-65305,7.22,621,2.00,5663,08_58_42_23_06_2025,-0.40,6.98,-8.13,0.01,0.93,-0.37
-86570,8.83,-65247,7.22,621,2.00,5683,08_58_42_23_06_2025,-0.85,6.86,-7.99,-0.05,0.86,-0.51
-86439,8.82,-65788,7.26,621,2.00,5703,08_58_42_23_06_2025,-0.63,7.29,-8.68,-0.29,0.83,-0.74
-86553,8.83,-65739,7.25,621,2.00,5724,08_58_42_23_06_2025,0.11,7.72,-9.74,-0.21,0.81,-0.80
-86730,8.84,-65875,7.26,621,2.00,5744,08_58_42_23_06_2025,0.32,7.38,-9.95,0.11,0.75,-0.75
-86707,8.84,-66136,7.28,622,2.01,5764,08_58_42_23_06_2025,-0.36,6.98,-9.65,0.12,0.70,-0.86
-86550,8.83,-66383,7.30,622,2.01,5787,08_58_42_23_06_2025,0.11,6.77,-9.51,0.11,0.70,-1.02
-86670,8.84,-66494,7.31,622,2.01,5810,08_58_42_23_06_2025,-0.05,6.71,-8.90,0.20,0.60,-1.07
-86670,8.84,-66704,7.33,621,2.00,5830,08_58_42_23_06_2025,-0.53,6.02,-8.58,0.29,0.65,-1.16
-86856,8.85,-66794,7.33,621,2.00,5850,08_58_42_23_06_2025,-0.16,5.23,-8.18,0.24,0.84,-1.26
-86976,8.86,-66867,7.34,621,2.00,5870,08_58_42_23_06_2025,1.63,5.73,-8.87,0.03,0.58,-1.14
-87345,8.89,-66646,7.32,621,2.00,5890,08_58_42_23_06_2025,1.73,5.71,-8.71,0.10,0.33,-0.86
-87448,8.90,-67036,7.35,621,2.00,5913,08_58_43_23_06_2025,1.78,4.79,-8.08,0.31,0.18,-0.39
-87393,8.89,-67015,7.35,621,2.00,5935,08_58_43_23_06_2025,0.61,4.21,-6.99,0.10,0.00,0.24
-87083,8.87,-67527,7.39,620,2.00,5955,08_58_43_23_06_2025,0.08,5.28,-7.39,-0.22,-0.06,0.12
-87062,8.87,-67405,7.38,621,2.00,5975,08_58_43_23_06_2025,-0.78,5.28,-7.49,-0.15,0.01,0.04
-86964,8.86,-67726,7.40,621,2.00,5995,08_58_43_23_06_2025,0.05,5.35,-7.42,-0.06,0.15,-0.03
-86940,8.86,-67767,7.41,621,2.00,6018,08_58_43_23_06_2025,0.40,5.59,-7.80,0.01,0.13,0.04
-86741,8.84,-67868,7.41,621,2.00,6038,08_58_43_23_06_2025,-0.18,5.22,-7.35,0.03,0.09,-0.00
-86823,8.85,-67778,7.41,621,2.00,6058,08_58_43_23_06_2025,-0.03,5.36,-7.43,-0.05,0.07,-0.04
-86450,8.82,-67603,7.39,621,2.00,6078,08_58_43_23_06_2025,-0.49,5.76,-7.64,-0.03,0.06,-0.06
-86395,8.82,-67667,7.40,621,2.00,6099,08_58_43_23_06_2025,-0.43,5.56,-7.52,-0.01,0.10,-0.18
-85982,8.79,-67967,7.42,620,2.00,6119,08_58_43_23_06_2025,-0.28,5.32,-7.43,0.02,0.16,-0.18
-85603,8.76,-67973,7.42,622,2.01,6142,08_58_43_23_06_2025,0.12,5.85,-8.00,-0.01,0.10,-0.14
-85244,8.73,-68193,7.44,621,2.00,6165,08_58_43_23_06_2025,0.18,5.71,-8.20,0.08,0.11,-0.12
-85238,8.73,-68389,7.45,621,2.00,6185,08_58_43_23_06_2025,-0.09,5.57,-7.84,0.11,0.09,-0.11
-85150,8.72,-68449,7.46,621,2.00,6205,08_58_43_23_06_2025,-0.48,5.68,-7.71,0.09,0.12,-0.16
-84945,8.71,-68548,7.47,621,2.00,6226,08_58_43_23_06_2025,0.33,6.03,-8.36,-0.03,0.12,-0.17
-84673,8.69,-68566,7.47,621,2.00,6249,08_58_43_23_06_2025,0.14,6.18,-8.79,0.05,0.08,-0.14
-84879,8.70,-68378,7.45,621,2.00,6269,08_58_43_23_06_2025,-0.55,5.41,-7.29,0.19,0.08,-0.11
-84794,8.70,-68566,7.47,622,2.01,6289,08_58_43_23_06_2025,-0.41,5.29,-7.27,0.04,0.11,-0.16
-84549,8.68,-68520,7.46,621,2.00,6309,08_58_43_23_06_2025,-0.17,5.76,-7.98,-0.11,0.07,-0.22
-84620,8.68,-68419,7.46,621,2.00,6330,08_58_43_23_06_2025,-0.30,6.13,-8.18,-0.05,0.07,-0.24
-84313,8.66,-68486,7.46,622,2.01,6350,08_58_43_23_06_2025,-0.44,5.76,-7.25,0.10,0.10,-0.19
-84421,8.67,-68514,7.46,621,2.00,6373,08_58_43_23_06_2025,-0.54,5.61,-7.18,0.00,0.16,-0.23
-84492,8.67,-68477,7.46,621,2.00,6393,08_58_43_23_06_2025,-0.84,5.92,-7.65,-0.12,0.13,-0.33
-84328,8.66,-68754,7.48,622,2.01,6413,08_58_43_23_06_2025,-0.24,5.84,-7.82,-0.05,0.16,-0.41
-84469,8.67,-68313,7.45,621,2.00,6433,08_58_43_23_06_2025,-0.07,5.08,-7.82,0.01,0.22,-0.32
-84362,8.66,-68575,7.47,621,2.00,6454,08_58_43_23_06_2025,0.32,5.61,-8.15,-0.03,0.18,-0.31
-84281,8.66,-68821,7.49,621,2.00,6477,08_58_43_23_06_2025,-0.38,5.88,-8.03,-0.03,0.13,-0.31
-84306,8.66,-68920,7.49,621,2.00,6500,08_58_43_23_06_2025,-0.72,5.55,-7.91,0.09,0.15,-0.29
-84494,8.67,-68676,7.48,621,2.00,6520,08_58_43_23_06_2025,0.04,5.45,-7.73,0.06,0.17,-0.32
-84485,8.67,-68927,7.49,621,2.00,6541,08_58_43_23_06_2025,0.29,5.69,-8.22,-0.05,0.09,-0.15
-84652,8.69,-69210,7.52,621,2.00,6562,08_58_43_23_06_2025,0.25,5.72,-8.11,0.08,0.04,-0.02
-84807,8.70,-69323,7.52,621,2.00,6585,08_58_43_23_06_2025,0.03,5.34,-8.19,0.16,0.02,0.05
-84886,8.70,-69401,7.53,621,2.00,6608,08_58_43_23_06_2025,-0.14,5.38,-7.79,0.22,-0.06,0.16
-85119,8.72,-69594,7.55,621,2.00,6631,08_58_43_23_06_2025,-0.44,5.55,-7.66,0.14,-0.00,0.15
-85048,8.72,-69478,7.54,621,2.00,6651,08_58_43_23_06_2025,-0.77,5.53,-7.94,0.22,0.14,0.10
-85162,8.72,-69712,7.55,621,2.00,6671,08_58_43_23_06_2025,0.25,5.27,-7.34,0.21,0.17,0.03
-84925,8.71,-69585,7.54,621,2.00,6692,08_58_43_23_06_2025,0.14,5.18,-7.26,0.05,0.08,0.06
-84372,8.66,-69529,7.54,621,2.00,6712,08_58_43_23_06_2025,-0.42,5.14,-7.01,-0.09,0.02,-0.03
-84258,8.66,-69715,7.55,621,2.00,6735,08_58_43_23_06_2025,-1.19,5.12,-7.47,-0.15,0.10,-0.13
-84325,8.66,-69857,7.56,621,2.00,6755,08_58_43_23_06_2025,-0.09,5.42,-7.94,-0.09,0.29,-0.18
-84390,8.67,-70099,7.58,621,2.00,6775,08_58_43_23_06_2025,0.63,5.80,-8.66,-0.05,0.25,-0.19
-84458,8.67,-70348,7.60,621,2.00,6795,08_58_43_23_06_2025,0.11,5.66,-8.47,-0.02,0.02,-0.16
-84547,8.68,-70371,7.60,621,2.00,6815,08_58_43_23_06_2025,-0.87,5.65,-8.24,-0.02,0.01,-0.22
-84344,8.66,-70308,7.60,621,2.00,6838,08_58_43_23_06_2025,-0.76,5.58,-7.91,-0.02,0.10,-0.32
-84454,8.67,-70415,7.61,621,2.00,6861,08_58_43_23_06_2025,-0.37,6.10,-8.83,-0.06,0.12,-0.57
-84472,8.67,-70533,7.62,621,2.00,6881,08_58_43_23_06_2025,-0.06,5.89,-9.06,0.18,0.06,-0.68
-84483,8.67,-70477,7.61,620,2.00,6901,08_58_44_23_06_2025,-0.13,5.19,-8.96,0.36,0.05,-0.69
-84361,8.66,-70916,7.65,622,2.01,6921,08_58_44_23_06_2025,1.07,4.14,-8.39,0.37,0.06,-0.58
-84099,8.64,-70916,7.65,621,2.00,6941,08_58_44_23_06_2025,0.89,4.06,-8.51,0.16,0.03,-0.39
-83663,8.61,-70884,7.64,621,2.00,6964,08_58_44_23_06_2025,0.59,4.59,-8.72,0.11,-0.11,-0.32
-82789,8.54,-70941,7.65,621,2.00,6985,08_58_44_23_06_2025,0.38,4.73,-8.67,0.20,-0.20,-0.10
-81981,8.48,-71246,7.67,621,2.00,7005,08_58_44_23_06_2025,0.80,4.42,-8.70,0.34,-0.17,0.48
-81742,8.47,-71165,7.66,621,2.00,7025,08_58_44_23_06_2025,-0.14,4.66,-8.71,0.34,-0.22,0.64
-80715,8.39,-70883,7.64,621,2.00,7045,08_58_44_23_06_2025,-0.13,5.01,-8.44,0.21,-0.29,0.48
-79924,8.33,-70568,7.62,622,2.01,7068,08_58_44_23_06_2025,0.05,4.80,-8.15,0.22,-0.29,0.61
-79101,8.27,-70373,7.60,621,2.00,7091,08_58_44_23_06_2025,-0.63,4.89,-7.72,0.19,-0.24,0.73
-78851,8.25,-70264,7.60,621,2.00,7112,08_58_44_23_06_2025,-0.75,5.48,-7.97,0.08,-0.18,0.55
-78429,8.21,-69499,7.54,621,2.00,7132,08_58_44_23_06_2025,-0.53,5.62,-8.33,0.07,-0.15,0.38
-77946,8.18,-69217,7.52,621,2.00,7153,08_58_44_23_06_2025,0.05,5.72,-8.48,0.17,-0.15,0.45
-77687,8.16,-68840,7.49,621,2.00,7177,08_58_44_23_06_2025,-0.47,5.96,-8.58,0.25,-0.23,0.50
-77363,8.13,-68580,7.47,621,2.00,7200,08_58_44_23_06_2025,-0.51,5.71,-8.66,0.27,-0.30,0.43
-76839,8.09,-68454,7.46,621,2.00,7220,08_58_44_23_06_2025,-0.22,5.47,-8.51,0.31,-0.32,0.44
-76291,8.05,-68116,7.43,622,2.01,7240,08_58_44_23_06_2025,-1.17,5.08,-7.72,0.28,-0.35,0.54
-76115,8.04,-68015,7.43,621,2.00,7260,08_58_44_23_06_2025,-0.76,5.33,-8.06,0.19,-0.28,0.40
-75616,8.00,-67616,7.40,620,2.00,7280,08_58_44_23_06_2025,-0.65,5.06,-8.27,0.20,-0.29,0.35
-75180,7.97,-67658,7.40,620,2.00,7303,08_58_44_23_06_2025,-0.08,4.91,-8.64,0.24,-0.25,0.38
-74482,7.92,-67592,7.39,621,2.00,7327,08_58_44_23_06_2025,-0.84,4.96,-8.82,0.34,-0.32,0.34
-74351,7.91,-67347,7.37,621,2.00,7347,08_58_44_23_06_2025,-0.46,4.89,-8.59,0.38,-0.27,0.20
-73981,7.88,-67376,7.38,621,2.00,7367,08_58_44_23_06_2025,-0.78,4.38,-7.87,0.40,-0.22,0.19
-73675,7.85,-67253,7.37,621,2.00,7387,08_58_44_23_06_2025,-0.39,4.37,-8.05,0.32,-0.18,0.16
-73205,7.82,-66741,7.33,621,2.00,7407,08_58_44_23_06_2025,-0.35,4.25,-8.19,0.27,-0.21,0.16
-73086,7.81,-66628,7.32,621,2.00,7430,08_58_44_23_06_2025,0.26,4.00,-9.17,0.18,-0.21,0.18
-72427,7.76,-66525,7.31,621,2.00,7451,08_58_44_23_06_2025,0.70,4.00,-9.88,0.29,-0.22,0.26
-72092,7.73,-65854,7.26,622,2.01,7471,08_58_44_23_06_2025,0.67,3.76,-9.89,0.43,-0.27,0.34
-71408,7.68,-65464,7.23,621,2.00,7491,08_58_44_23_06_2025,0.66,3.46,-9.67,0.48,-0.31,0.37
-70805,7.64,-65092,7.20,621,2.00,7511,08_58_44_23_06_2025,-0.43,2.51,-8.62,0.49,-0.31,0.49
-70651,7.63,-65007,7.20,621,2.00,7532,08_58_44_23_06_2025,0.02,2.46,-9.03,0.33,-0.32,0.44
-69916,7.57,-64214,7.14,622,2.01,7555,08_58_44_23_06_2025,0.99,2.50,-9.76,0.35,-0.30,0.46
-69683,7.55,-63459,7.08,621,2.00,7575,08_58_44_23_06_2025,1.30,1.74,-8.15,0.47,-0.31,0.73
-69299,7.52,-62942,7.04,621,2.00,7595,08_58_44_23_06_2025,0.54,2.35,-7.98,0.12,-0.37,0.75
-69492,7.54,-62098,6.98,621,2.00,7615,08_58_44_23_06_2025,0.59,3.36,-8.35,-0.09,-0.39,0.68
-69664,7.55,-61625,6.94,621,2.00,7636,08_58_44_23_06_2025,0.59,3.94,-9.19,-0.12,-0.30,0.64
-69582,7.54,-60258,6.84,621,2.00,7659,08_58_44_23_06_2025,0.95,3.14,-8.66,0.38,-0.11,0.86
-68818,7.49,-59624,6.79,621,2.00,7682,08_58_44_23_06_2025,1.05,3.93,-9.26,0.18,-0.18,0.90
-68065,7.43,-58874,6.73,622,2.01,7702,08_58_44_23_06_2025,1.13,6.41,-11.00,-0.10,-0.57,0.65
-66344,7.30,-57724,6.65,621,2.00,7722,08_58_44_23_06_2025,1.40,7.14,-11.67,0.27,-0.69,0.68
-65474,7.23,-56746,6.57,621,2.00,7743,08_58_44_23_06_2025,0.79,6.83,-10.93,0.83,-0.61,0.87
-63490,7.08,-55480,6.48,622,2.01,7767,08_58_44_23_06_2025,0.19,5.98,-9.57,0.96,-0.60,0.88
-61146,6.91,-54046,6.37,621,2.00,7795,08_58_44_23_06_2025,0.24,6.42,-10.25,0.63,-0.91,0.70
-59152,6.75,-53246,6.31,621,2.00,7816,08_58_44_23_06_2025,-0.23,5.89,-9.45,0.85,-1.10,0.72
-56912,6.58,-53246,6.31,621,2.00,7836,08_58_44_23_06_2025,-1.43,4.77,-7.89,0.90,-1.07,0.78
-55862,6.50,-50676,6.11,621,2.00,7856,08_58_44_23_06_2025,-0.42,5.12,-8.65,0.58,-0.92,0.63
-53876,6.35,-48220,5.93,621,2.00,7876,08_58_44_23_06_2025,0.35,5.60,-9.29,0.54,-1.08,0.58
-50221,6.08,-45908,5.75,621,2.00,7899,08_58_45_23_06_2025,-0.56,4.26,-8.58,0.68,-1.49,0.53
-47549,5.87,-43716,5.58,622,2.01,7920,08_58_45_23_06_2025,-2.33,3.20,-6.81,0.37,-1.75,0.20
-46129,5.77,-42253,5.47,621,2.00,7940,08_58_45_23_06_2025,-1.95,3.03,-7.07,-0.05,-1.76,-0.02
-42429,5.49,-39253,5.25,621,2.00,7960,08_58_45_23_06_2025,-1.24,3.39,-8.19,-0.44,-1.57,-0.26
-39241,5.25,-35266,4.94,622,2.01,7981,08_58_45_23_06_2025,-1.93,3.44,-8.82,-0.27,-1.70,-0.20
-37526,5.12,-30764,4.60,622,2.01,8001,08_58_45_23_06_2025,-4.62,2.67,-6.73,0.39,-1.44,0.09
-33254,4.79,-25835,4.23,621,2.00,8024,08_58_45_23_06_2025,-5.52,2.82,-5.81,0.25,-1.39,-0.11
-29018,4.47,-23208,4.03,621,2.00,8045,08_58_45_23_06_2025,-5.56,3.42,-6.55,0.13,-1.15,-0.47
-26726,4.30,-17692,3.61,621,2.00,8065,08_58_45_23_06_2025,-4.60,2.84,-6.82,0.33,-0.83,-0.80
-21994,3.94,-11681,3.16,621,2.00,8086,08_58_45_23_06_2025,-3.99,2.25,-6.97,0.47,-0.68,-0.80
-17890,3.63,-6586,2.77,621,2.00,8106,08_58_45_23_06_2025,-4.09,2.05,-6.95,0.45,-0.55,-0.67
-14763,3.39,-2858,2.49,622,2.01,8129,08_58_45_23_06_2025,-3.53,3.15,-7.39,0.56,-0.22,-0.51
-13816,3.32,-1576,2.39,621,2.00,8149,08_58_45_23_06_2025,-2.65,3.04,-7.56,0.76,-0.09,-0.33
-12539,3.22,111,2.26,621,2.00,8169,08_58_45_23_06_2025,-1.63,2.53,-7.61,0.85,-0.12,-0.11
-12009,3.18,1084,2.19,621,2.00,8190,08_58_45_23_06_2025,-1.77,2.22,-8.09,0.81,-0.18,0.11
-11412,3.14,1831,2.13,621,2.00,8210,08_58_45_23_06_2025,-1.83,2.63,-8.76,0.81,-0.47,0.38
-11112,3.11,1945,2.13,621,2.00,8230,08_58_45_23_06_2025,-1.91,2.46,-8.23,0.97,-0.70,0.54
-10669,3.08,2204,2.11,621,2.00,8253,08_58_45_23_06_2025,-2.65,1.96,-7.89,1.04,-0.85,0.74
-10563,3.07,2514,2.08,621,2.00,8273,08_58_45_23_06_2025,-3.23,1.68,-7.13,1.15,-0.84,1.00
-10376,3.06,2383,2.09,622,2.01,8294,08_58_45_23_06_2025,-5.06,1.73,-7.27,1.07,-0.75,1.06
-10353,3.06,2155,2.11,621,2.00,8314,08_58_45_23_06_2025,-5.45,1.28,-7.14,1.03,-0.53,0.72
-10398,3.06,2028,2.12,622,2.01,8334,08_58_45_23_06_2025,-4.38,1.34,-6.82,0.91,-0.49,0.60
-10516,3.07,2436,2.09,621,2.00,8356,08_58_45_23_06_2025,-5.16,1.36,-7.38,0.54,-0.69,0.93
-10193,3.04,2499,2.08,621,2.00,8379,08_58_45_23_06_2025,-6.35,1.94,-7.63,0.49,-0.93,0.96
-10335,3.06,2365,2.09,620,2.00,8399,08_58_45_23_06_2025,-6.75,1.94,-7.44,0.52,-0.88,0.44
-10127,3.04,2606,2.08,621,2.00,8420,08_58_45_23_06_2025,-6.06,1.75,-7.47,0.52,-0.62,0.42
-10179,3.04,2547,2.08,621,2.00,8440,08_58_45_23_06_2025,-6.43,1.74,-7.48,0.49,-0.53,0.66
-10264,3.05,2348,2.09,621,2.00,8460,08_58_45_23_06_2025,-6.78,1.74,-7.39,0.61,-0.57,0.78
-10371,3.06,2629,2.07,621,2.00,8483,08_58_45_23_06_2025,-7.38,2.37,-7.74,0.87,-0.54,0.67
-10319,3.05,2353,2.09,621,2.00,8503,08_58_45_23_06_2025,-7.36,1.69,-7.29,1.08,-0.34,0.38
-10335,3.06,2259,2.10,621,2.00,8524,08_58_45_23_06_2025,-6.99,0.84,-6.26,0.90,-0.31,0.31
-10480,3.07,2324,2.10,621,2.00,8544,08_58_45_23_06_2025,-7.12,0.86,-6.55,0.52,-0.41,0.37
-10478,3.07,2416,2.09,620,2.00,8564,08_58_45_23_06_2025,-6.77,1.15,-7.12,0.35,-0.46,0.48
-10527,3.07,2215,2.10,621,2.00,8584,08_58_45_23_06_2025,-6.91,1.23,-7.18,0.43,-0.35,0.51
-10848,3.09,1889,2.13,621,2.00,8607,08_58_45_23_06_2025,-7.06,1.39,-7.42,0.52,-0.29,0.55
-10676,3.08,1942,2.13,621,2.00,8627,08_58_45_23_06_2025,-7.21,1.42,-6.76,0.64,-0.33,0.63
-10736,3.09,2029,2.12,621,2.00,8648,08_58_45_23_06_2025,-7.45,1.46,-6.63,0.55,-0.33,0.68
-10718,3.08,1869,2.13,621,2.00,8668,08_58_45_23_06_2025,-7.76,1.50,-6.69,0.45,-0.23,0.61
-11001,3.11,1753,2.14,621,2.00,8688,08_58_45_23_06_2025,-7.55,1.53,-7.00,0.41,-0.13,0.50
-11217,3.12,1792,2.14,621,2.00,8708,08_58_45_23_06_2025,-7.31,1.37,-6.99,0.35,-0.05,0.31
-10845,3.09,1654,2.15,621,2.00,8739,08_58_45_23_06_2025,-6.71,1.20,-6.94,0.39,-0.16,0.39
-11124,3.12,1503,2.16,622,2.01,8761,08_58_45_23_06_2025,-6.75,1.16,-6.92,0.42,-0.23,0.55
-11045,3.11,1547,2.16,621,2.00,8786,08_58_45_23_06_2025,-7.65,1.30,-6.95,0.49,-0.21,0.56
-11155,3.12,1569,2.15,621,2.00,8811,08_58_45_23_06_2025,-7.35,1.03,-6.54,0.38,-0.07,0.24
-11070,3.11,1281,2.18,621,2.00,8836,08_58_45_23_06_2025,-6.91,0.82,-6.38,0.14,-0.07,0.20
-11176,3.12,1263,2.18,621,2.00,8864,08_58_45_23_06_2025,-6.96,0.97,-6.72,0.05,-0.12,0.34
-11005,3.11,1208,2.18,621,2.00,8887,08_58_45_23_06_2025,-7.39,1.06,-6.61,0.10,-0.13,0.32
-10952,3.10,1510,2.16,621,2.00,8912,08_58_46_23_06_2025,-7.76,0.67,-6.03,0.11,-0.11,0.13
-11068,3.11,1210,2.18,621,2.00,8937,08_58_46_23_06_2025,-7.87,0.37,-5.24,-0.18,-0.14,-0.03
-11193,3.12,1350,2.17,622,2.01,8962,08_58_46_23_06_2025,-8.30,0.59,-5.41,-0.47,-0.12,-0.08
-11296,3.13,1285,2.18,621,2.00,8989,08_58_46_23_06_2025,-9.04,0.98,-5.12,-0.59,-0.11,-0.16
-11347,3.13,1004,2.20,621,2.00,9017,08_58_46_23_06_2025,-10.34,0.40,-3.10,-0.96,-0.28,-0.30
-11503,3.14,1086,2.19,621,2.00,9039,08_58_46_23_06_2025,-10.50,0.66,-2.82,-1.43,-0.33,-0.41
-11638,3.15,738,2.22,620,2.00,9064,08_58_46_23_06_2025,-11.02,1.69,-2.56,-1.85,-0.55,-0.52
-11890,3.17,88,2.27,620,2.00,9090,08_58_46_23_06_2025,-10.66,2.50,-3.14,-1.92,-0.08,-0.73
-12157,3.19,122,2.26,621,2.00,9115,08_58_46_23_06_2025,-9.63,2.99,-3.53,-1.89,0.45,-0.61
-12220,3.20,-187,2.29,620,2.00,9140,08_58_46_23_06_2025,-8.98,3.57,-3.84,-1.98,1.03,-0.19
-12340,3.21,-210,2.29,621,2.00,9168,08_58_46_23_06_2025,-8.56,4.57,-4.61,-2.15,1.31,-0.31
-12436,3.21,-318,2.30,621,2.00,9191,08_58_46_23_06_2025,-6.59,5.71,-6.16,-2.35,1.57,-0.56
-12744,3.24,-448,2.31,621,2.00,9216,08_58_46_23_06_2025,-5.34,5.62,-6.23,-2.34,1.66,-0.36
-12550,3.22,-471,2.31,621,2.00,9241,08_58_46_23_06_2025,-5.67,5.23,-5.56,-2.51,1.49,-0.40
-13173,3.27,-1183,2.36,621,2.00,9267,08_58_46_23_06_2025,-4.50,6.92,-6.40,-2.62,1.48,-0.93
-13814,3.32,-2056,2.43,622,2.01,9295,08_58_46_23_06_2025,-2.19,7.10,-7.62,-2.03,2.31,-0.69
-15390,3.44,-3543,2.54,621,2.00,9317,08_58_46_23_06_2025,-1.38,5.79,-7.15,-1.60,2.41,-0.11
-17720,3.62,-5465,2.69,621,2.00,9342,08_58_46_23_06_2025,1.08,6.74,-10.21,-1.48,2.83,0.19
-22790,4.00,-9540,3.00,621,2.00,9368,08_58_46_23_06_2025,2.95,8.00,-12.82,-0.48,3.99,1.19
-31177,4.63,-19446,3.75,622,2.01,9393,08_58_46_23_06_2025,4.24,7.96,-12.70,0.61,3.46,1.87
-37904,5.14,-23402,4.05,622,2.01,9418,08_58_46_23_06_2025,1.34,6.86,-11.32,1.11,0.71,1.10
-39881,5.29,-24530,4.13,622,2.01,9446,08_58_46_23_06_2025,-5.63,4.62,-7.06,0.80,0.77,0.09
-38818,5.21,-28332,4.42,621,2.00,9469,08_58_46_23_06_2025,-5.52,3.51,-4.62,0.48,0.82,-0.53
-40006,5.30,-32844,4.76,621,2.00,9494,08_58_46_23_06_2025,-3.71,2.86,-3.88,-0.32,0.37,-1.34
-41537,5.42,-37130,5.09,621,2.00,9519,08_58_46_23_06_2025,-2.31,1.83,-4.04,-1.17,0.03,-1.98
-43032,5.53,-42835,5.52,621,2.00,9545,08_58_46_23_06_2025,-0.35,4.50,-6.80,-1.02,1.41,-0.93
-46402,5.79,-44957,5.68,621,2.00,9573,08_58_46_23_06_2025,-0.70,6.31,-8.03,-0.47,2.05,0.39
-51342,6.16,-46290,5.78,622,2.01,9595,08_58_46_23_06_2025,0.45,8.91,-10.02,-0.16,1.85,0.55
-56646,6.56,-47546,5.87,621,2.00,9621,08_58_46_23_06_2025,-1.48,8.22,-10.18,-0.05,0.22,-0.10
-61045,6.90,-49184,6.00,621,2.00,9646,08_58_46_23_06_2025,-2.49,6.45,-7.92,-0.37,-0.79,-0.93
-63245,7.06,-50711,6.11,621,2.00,9671,08_58_46_23_06_2025,-2.36,5.15,-6.26,-0.70,-0.25,-1.01
-64854,7.19,-55255,6.46,622,2.01,9698,08_58_46_23_06_2025,-1.28,5.77,-7.19,-0.79,0.52,-0.65
-65909,7.27,-57366,6.62,621,2.00,9723,08_58_46_23_06_2025,0.90,7.14,-9.40,-0.26,1.23,0.05
-68447,7.46,-57780,6.65,621,2.00,9745,08_58_46_23_06_2025,0.70,7.67,-10.41,0.18,1.32,0.07
-72356,7.75,-57821,6.65,621,2.00,9768,08_58_46_23_06_2025,1.80,6.84,-9.06,0.43,0.62,0.01
-75993,8.03,-58107,6.67,621,2.00,9790,08_58_46_23_06_2025,0.96,6.42,-8.79,0.43,-0.74,0.08
-77206,8.12,-60567,6.86,621,2.00,9812,08_58_46_23_06_2025,-2.44,4.50,-5.83,0.25,-1.14,-0.09
-76532,8.07,-61518,6.93,621,2.00,9835,08_58_46_23_06_2025,-3.96,7.06,-9.98,-0.75,0.87,-0.87
-76943,8.10,-64683,7.17,621,2.00,9860,08_58_46_23_06_2025,2.77,5.19,-7.02,0.32,0.47,-0.01
-76183,8.04,-63448,7.08,621,2.00,9882,08_58_46_23_06_2025,0.03,6.86,-9.94,0.01,-0.00,-0.11
-78496,8.22,-64116,7.13,621,2.00,9904,08_58_47_23_06_2025,1.15,5.47,-6.44,1.02,0.12,0.62
-78550,8.22,-64024,7.12,621,2.00,9927,08_58_47_23_06_2025,-5.34,3.68,-6.39,-0.04,-0.52,-0.12
-79573,8.30,-65868,7.26,622,2.01,9949,08_58_47_23_06_2025,2.02,5.78,-8.00,-0.04,0.36,-0.48
-77478,8.14,-67431,7.38,622,2.01,9974,08_58_47_23_06_2025,-1.07,4.67,-6.78,0.35,-0.02,0.33
-79291,8.28,-67618,7.40,621,2.00,9997,08_58_47_23_06_2025,-0.02,5.28,-8.35,-0.02,0.23,-0.11
-79185,8.27,-67413,7.38,621,2.00,10019,08_58_47_23_06_2025,-0.37,4.20,-7.01,0.29,0.47,-0.01
-78989,8.26,-67809,7.41,621,2.00,10041,08_58_47_23_06_2025,0.14,4.08,-7.50,-0.11,0.15,-0.45
-79303,8.28,-68113,7.43,622,2.01,10064,08_58_47_23_06_2025,-0.35,4.10,-7.40,-0.08,0.33,-0.42
-79802,8.32,-68271,7.44,621,2.00,10086,08_58_47_23_06_2025,-1.16,3.38,-6.46,-0.08,0.52,-0.74
-79376,8.29,-68642,7.47,621,2.00,10111,08_58_47_23_06_2025,0.56,3.66,-6.87,-0.27,0.64,-0.87
-79404,8.29,-69201,7.52,621,2.00,10134,08_58_47_23_06_2025,0.28,3.90,-7.45,-0.22,0.57,-0.64
-79519,8.30,-69306,7.52,621,2.00,10156,08_58_47_23_06_2025,0.02,4.20,-7.99,-0.19,0.52,-0.57
-79633,8.31,-69668,7.55,621,2.00,10179,08_58_47_23_06_2025,0.05,4.91,-8.46,-0.03,0.69,-0.69
-79701,8.31,-69570,7.54,621,2.00,10201,08_58_47_23_06_2025,0.17,4.36,-8.58,0.05,0.64,-0.59
-80073,8.34,-69875,7.57,621,2.00,10226,08_58_47_23_06_2025,0.08,4.71,-8.84,-0.01,0.60,-0.58
-80006,8.33,-69956,7.57,621,2.00,10249,08_58_47_23_06_2025,-0.02,5.20,-8.98,0.01,0.53,-0.68
-79724,8.31,-70168,7.59,621,2.00,10271,08_58_47_23_06_2025,-0.17,4.78,-8.67,0.01,0.44,-0.67
-79694,8.31,-70160,7.59,622,2.01,10293,08_58_47_23_06_2025,-0.20,5.33,-8.67,-0.01,0.49,-0.58
-79718,8.31,-70576,7.62,621,2.00,10316,08_58_47_23_06_2025,0.41,5.54,-8.65,-0.01,0.43,-0.45
-79378,8.29,-70838,7.64,621,2.00,10338,08_58_47_23_06_2025,-0.50,5.02,-7.88,-0.07,0.23,-0.33
-79055,8.26,-70607,7.62,621,2.00,10365,08_58_47_23_06_2025,-0.20,5.51,-8.14,-0.35,0.10,-0.22
-78548,8.22,-70944,7.65,620,2.00,10393,08_58_47_23_06_2025,-0.37,5.64,-8.10,-0.35,-0.01,-0.09
-78012,8.18,-70883,7.64,620,2.00,10415,08_58_47_23_06_2025,-1.12,5.41,-8.05,-0.45,-0.04,-0.07
-77631,8.15,-71122,7.66,621,2.00,10443,08_58_47_23_06_2025,-0.19,5.64,-8.15,-0.48,-0.01,-0.12
-77399,8.14,-71208,7.67,621,2.00,10466,08_58_47_23_06_2025,-0.60,5.69,-8.35,-0.38,0.00,-0.03
-77429,8.14,-71350,7.68,621,2.00,10494,08_58_47_23_06_2025,-0.20,5.35,-7.75,-0.20,0.22,-0.27
-77492,8.14,-71844,7.72,621,2.00,10516,08_58_47_23_06_2025,-0.10,5.22,-7.88,-0.24,0.20,-0.25
-77722,8.16,-71957,7.72,621,2.00,10542,08_58_47_23_06_2025,0.40,4.91,-8.12,-0.13,0.23,-0.19
-77675,8.16,-72452,7.76,621,2.00,10567,08_58_47_23_06_2025,0.06,4.69,-7.68,-0.26,0.21,-0.21
-77702,8.16,-72728,7.78,621,2.00,10592,08_58_47_23_06_2025,0.01,5.33,-7.93,-0.41,0.12,-0.27
-77890,8.17,-72812,7.79,622,2.01,10617,08_58_47_23_06_2025,0.00,5.84,-7.83,-0.40,-0.01,-0.18
-77727,8.16,-72808,7.79,621,2.00,10646,08_58_47_23_06_2025,-0.91,6.16,-7.59,-0.31,0.05,-0.13
-78011,8.18,-72847,7.79,621,2.00,10668,08_58_47_23_06_2025,-1.01,6.21,-7.53,-0.30,0.19,-0.28
-77957,8.18,-72871,7.79,622,2.01,10693,08_58_47_23_06_2025,-0.41,6.20,-7.90,-0.24,0.21,-0.23
-77883,8.17,-73229,7.82,621,2.00,10719,08_58_47_23_06_2025,-0.24,6.31,-8.15,-0.18,0.17,-0.16
-78112,8.19,-73177,7.82,621,2.00,10744,08_58_47_23_06_2025,-0.90,6.19,-7.92,-0.19,0.14,-0.22
-78183,8.20,-73484,7.84,621,2.00,10772,08_58_47_23_06_2025,-0.41,6.16,-8.11,-0.16,0.20,-0.35
-77960,8.18,-73466,7.84,621,2.00,10794,08_58_47_23_06_2025,-0.16,6.01,-7.89,-0.07,0.18,-0.20
-77911,8.18,-73338,7.83,621,2.00,10819,08_58_47_23_06_2025,-0.10,5.99,-7.83,-0.07,0.13,-0.16
-78013,8.18,-73522,7.84,621,2.00,10844,08_58_47_23_06_2025,-0.60,6.09,-7.58,-0.11,0.08,-0.21
-77863,8.17,-73507,7.84,621,2.00,10870,08_58_47_23_06_2025,-0.24,5.58,-7.67,-0.07,0.14,-0.24
-77890,8.17,-73762,7.86,621,2.00,10898,08_58_48_23_06_2025,0.17,5.80,-7.86,-0.12,0.07,-0.16
-77846,8.17,-73522,7.84,622,2.01,10920,08_58_48_23_06_2025,-0.05,5.36,-7.44,-0.02,0.00,-0.05
-77689,8.16,-73400,7.83,621,2.00,10945,08_58_48_23_06_2025,-0.38,4.80,-7.01,-0.03,0.03,-0.04
-77447,8.14,-73687,7.86,621,2.00,10970,08_58_48_23_06_2025,0.17,5.63,-7.29,-0.30,0.03,-0.10
-77327,8.13,-73802,7.86,620,2.00,10995,08_58_48_23_06_2025,-0.24,6.24,-7.84,-0.22,-0.10,-0.03
-76919,8.10,-73568,7.85,621,2.00,11020,08_58_48_23_06_2025,-0.48,5.75,-7.49,-0.10,-0.02,0.01
-76232,8.05,-73372,7.83,622,2.01,11048,08_58_48_23_06_2025,-0.23,5.87,-7.53,-0.15,-0.03,0.02
-75718,8.01,-73142,7.81,621,2.00,11071,08_58_48_23_06_2025,-0.22,5.92,-7.49,-0.16,-0.04,0.05
-75205,7.97,-72998,7.80,621,2.00,11097,08_58_48_23_06_2025,-0.72,6.22,-7.70,-0.10,-0.05,0.10
-75164,7.97,-73105,7.81,621,2.00,11120,08_58_48_23_06_2025,-0.51,6.68,-7.63,-0.07,0.00,0.07
-75033,7.96,-72784,7.79,621,2.00,11142,08_58_48_23_06_2025,-0.61,6.73,-7.52,-0.05,0.00,0.07
-75083,7.96,-72682,7.78,621,2.00,11167,08_58_48_23_06_2025,-0.67,6.72,-7.49,-0.03,-0.03,0.08
-74713,7.93,-72523,7.77,621,2.00,11190,08_58_48_23_06_2025,-1.07,6.97,-7.47,-0.04,-0.02,0.06
-74891,7.95,-72335,7.75,621,2.00,11212,08_58_48_23_06_2025,-0.92,6.96,-7.57,-0.02,-0.03,0.01
-74606,7.92,-72396,7.76,621,2.00,11234,08_58_48_23_06_2025,-0.77,6.97,-7.69,-0.01,-0.07,-0.00
-74711,7.93,-72174,7.74,621,2.00,11257,08_58_48_23_06_2025,-0.64,6.80,-7.30,0.04,-0.08,-0.01
-74687,7.93,-72209,7.74,620,2.00,11279,08_58_48_23_06_2025,-0.97,6.69,-7.11,0.04,-0.07,-0.03
-74598,7.92,-71969,7.72,622,2.01,11304,08_58_48_23_06_2025,-0.72,6.48,-6.95,0.02,-0.06,-0.03
-74799,7.94,-72139,7.74,621,2.00,11327,08_58_48_23_06_2025,-0.73,6.46,-6.96,-0.02,-0.06,-0.06
-74786,7.94,-72095,7.73,621,2.00,11349,08_58_48_23_06_2025,-0.43,6.29,-7.17,-0.02,-0.09,-0.01
-75034,7.96,-72123,7.74,621,2.00,11371,08_58_48_23_06_2025,-0.53,6.41,-7.19,-0.04,-0.14,0.04
-74901,7.95,-72006,7.73,621,2.00,11394,08_58_48_23_06_2025,-1.06,6.33,-6.87,-0.01,-0.17,0.02
-75159,7.97,-71959,7.72,622,2.01,11419,08_58_48_23_06_2025,-0.68,6.33,-6.78,-0.08,-0.08,-0.00
-75108,7.96,-72225,7.74,621,2.00,11441,08_58_48_23_06_2025,-0.57,6.54,-7.25,-0.09,-0.10,0.01
-75154,7.97,-72211,7.74,621,2.00,11463,08_58_48_23_06_2025,-0.59,6.53,-7.33,-0.04,-0.11,0.02
-75054,7.96,-72113,7.74,621,2.00,11486,08_58_48_23_06_2025,-0.83,6.38,-7.34,0.02,-0.11,0.02
-75026,7.96,-72289,7.75,621,2.00,11508,08_58_48_23_06_2025,-0.73,6.15,-6.98,0.01,-0.10,-0.02
-75156,7.97,-72108,7.74,622,2.01,11530,08_58_48_23_06_2025,-0.53,6.02,-6.89,-0.05,-0.10,0.01
-74927,7.95,-72178,7.74,621,2.00,11556,08_58_48_23_06_2025,-0.66,6.08,-7.19,-0.02,-0.07,0.04
-74932,7.95,-71931,7.72,621,2.00,11578,08_58_48_23_06_2025,-0.60,5.95,-7.14,0.01,-0.04,0.01
-74686,7.93,-71849,7.72,622,2.01,11600,08_58_48_23_06_2025,-0.17,5.95,-7.40,0.02,-0.04,0.03
-74577,7.92,-71484,7.69,621,2.00,11623,08_58_48_23_06_2025,-0.21,6.03,-7.48,0.05,-0.06,0.09
-74284,7.90,-71007,7.65,621,2.00,11645,08_58_48_23_06_2025,-0.11,6.09,-7.71,0.03,-0.12,0.11
-73794,7.86,-70480,7.61,620,2.00,11673,08_58_48_23_06_2025,-0.33,6.16,-7.95,0.15,-0.21,0.15
-73377,7.83,-70160,7.59,621,2.00,11696,08_58_48_23_06_2025,-0.94,5.75,-6.75,0.20,-0.19,0.16
-72916,7.80,-70045,7.58,622,2.01,11721,08_58_48_23_06_2025,-0.51,5.86,-6.85,-0.00,-0.16,0.14
-72691,7.78,-69239,7.52,621,2.00,11748,08_58_48_23_06_2025,-0.24,6.16,-7.62,-0.02,-0.20,0.20
-72188,7.74,-68435,7.46,621,2.00,11770,08_58_48_23_06_2025,-0.10,6.20,-7.98,0.01,-0.20,0.27
-71922,7.72,-68532,7.46,621,2.00,11793,08_58_48_23_06_2025,-0.04,6.10,-8.37,0.08,-0.34,0.35
-71666,7.70,-68389,7.45,621,2.00,11818,08_58_48_23_06_2025,-0.79,5.14,-7.68,0.20,-0.52,0.48
-71281,7.67,-67865,7.41,622,2.01,11840,08_58_48_23_06_2025,-1.04,4.98,-6.80,0.08,-0.49,0.45
-70976,7.65,-67882,7.42,621,2.00,11862,08_58_48_23_06_2025,-0.45,5.79,-7.52,-0.21,-0.43,0.35
-70902,7.64,-68000,7.42,621,2.00,11885,08_58_48_23_06_2025,0.44,5.76,-8.05,-0.24,-0.45,0.29
-70526,7.62,-67262,7.37,621,2.00,11907,08_58_49_23_06_2025,0.90,5.52,-8.41,-0.01,-0.42,0.43
-70062,7.58,-66868,7.34,621,2.00,11932,08_58_49_23_06_2025,0.50,5.85,-7.99,0.09,-0.46,0.59
-69968,7.57,-66252,7.29,621,2.00,11954,08_58_49_23_06_2025,-0.17,6.38,-7.74,0.15,-0.54,0.59
-69287,7.52,-65692,7.25,621,2.00,11977,08_58_49_23_06_2025,-0.45,6.52,-7.60,0.21,-0.50,0.59
-68475,7.46,-64888,7.19,621,2.00,11999,08_58_49_23_06_2025,-0.59,7.02,-7.61,0.22,-0.47,0.56
-68105,7.43,-64369,7.15,621,2.00,12021,08_58_49_23_06_2025,-0.48,7.33,-7.76,0.29,-0.48,0.55
-67260,7.37,-63655,7.10,621,2.00,12044,08_58_49_23_06_2025,-0.88,7.54,-7.35,0.37,-0.51,0.57
-66423,7.30,-63212,7.06,621,2.00,12069,08_58_49_23_06_2025,-1.24,7.92,-7.67,0.37,-0.47,0.53
-65639,7.25,-62675,7.02,621,2.00,12091,08_58_49_23_06_2025,-0.95,8.16,-7.91,0.58,-0.38,0.46
-64512,7.16,-61764,6.95,621,2.00,12114,08_58_49_23_06_2025,-0.88,8.11,-8.32,0.68,-0.35,0.47
-63301,7.07,-60796,6.88,621,2.00,12136,08_58_49_23_06_2025,0.20,8.42,-9.11,0.85,-0.31,0.55
-61956,6.97,-60476,6.85,621,2.00,12158,08_58_49_23_06_2025,0.37,7.80,-9.52,0.84,-0.17,0.78
-60606,6.86,-59562,6.78,621,2.00,12184,08_58_49_23_06_2025,0.55,7.44,-10.25,1.22,-0.18,0.93
-59893,6.81,-58223,6.68,621,2.00,12206,08_58_49_23_06_2025,1.06,7.32,-9.89,1.33,-0.45,0.89
-58736,6.72,-57675,6.64,620,2.00,12228,08_58_49_23_06_2025,0.60,7.14,-9.97,1.25,-1.04,0.65
-57475,6.63,-57295,6.61,621,2.00,12251,08_58_49_23_06_2025,0.62,6.67,-9.82,1.31,-1.21,0.51
-56106,6.52,-56749,6.57,621,2.00,12273,08_58_49_23_06_2025,0.92,5.39,-8.64,1.45,-1.40,0.56
-55554,6.48,-55403,6.47,621,2.00,12296,08_58_49_23_06_2025,-0.27,4.13,-6.77,1.44,-1.53,0.67
-54211,6.38,-52918,6.28,620,2.00,12321,08_58_49_23_06_2025,-1.49,3.78,-5.70,0.81,-1.37,0.56
-53185,6.30,-51389,6.17,620,2.00,12343,08_58_49_23_06_2025,-0.94,4.90,-6.75,0.36,-1.43,0.21
-52293,6.23,-50935,6.13,621,2.00,12366,08_58_49_23_06_2025,-1.10,5.17,-7.34,0.53,-1.37,0.21
-50045,6.06,-49676,6.04,621,2.00,12388,08_58_49_23_06_2025,-2.13,4.56,-6.94,0.84,-1.30,0.33
-48248,5.93,-47844,5.90,621,2.00,12412,08_58_49_23_06_2025,-1.31,4.50,-7.27,1.05,-0.93,0.27
-46509,5.80,-43845,5.59,621,2.00,12438,08_58_49_23_06_2025,0.15,4.34,-7.99,1.13,-0.90,0.20
-44010,5.61,-40409,5.33,621,2.00,12460,08_58_49_23_06_2025,0.69,3.90,-8.57,1.13,-0.99,0.19
-41414,5.41,-36818,5.06,621,2.00,12483,08_58_49_23_06_2025,0.50,3.73,-8.57,1.04,-1.24,0.22
-37915,5.15,-34842,4.91,621,2.00,12505,08_58_49_23_06_2025,-0.06,3.86,-8.66,1.03,-1.39,0.18
-35680,4.98,-29735,4.53,621,2.00,12527,08_58_49_23_06_2025,-2.35,2.62,-7.33,0.96,-1.64,0.03
-29854,4.53,-23416,4.05,621,2.00,12550,08_58_49_23_06_2025,-4.28,2.13,-5.64,0.70,-1.93,-0.37
-22940,4.01,-15284,3.43,621,2.00,12575,08_58_49_23_06_2025,-6.16,2.37,-4.68,0.42,-1.87,-0.95
-16342,3.51,-6601,2.77,621,2.00,12598,08_58_49_23_06_2025,-7.79,1.83,-4.31,0.37,-1.76,-1.12
-12428,3.21,-855,2.34,621,2.00,12620,08_58_49_23_06_2025,-7.27,1.22,-4.60,0.45,-1.18,-1.27
-11304,3.13,1181,2.18,621,2.00,12642,08_58_49_23_06_2025,-5.16,0.75,-5.19,0.31,-0.78,-1.03
-10574,3.07,1981,2.12,620,2.00,12665,08_58_49_23_06_2025,-4.11,1.63,-6.33,0.30,-0.62,-0.77
-10030,3.03,2492,2.08,621,2.00,12690,08_58_49_23_06_2025,-3.59,2.30,-7.45,0.60,-0.32,-0.11
-9963,3.03,2661,2.07,621,2.00,12712,08_58_49_23_06_2025,-3.31,2.08,-7.50,0.79,-0.24,0.05
-10038,3.03,2674,2.07,620,2.00,12735,08_58_49_23_06_2025,-2.83,1.71,-6.89,0.93,-0.20,-0.02
-10275,3.05,1985,2.12,621,2.00,12757,08_58_49_23_06_2025,-2.52,1.63,-6.74,0.82,-0.26,0.05
-10758,3.09,1607,2.15,621,2.00,12780,08_58_49_23_06_2025,-2.91,1.59,-6.72,0.79,-0.39,0.29
-10317,3.05,1593,2.15,621,2.00,12802,08_58_49_23_06_2025,-3.08,1.68,-6.80,0.87,-0.27,0.53
-9921,3.02,2060,2.12,621,2.00,12827,08_58_49_23_06_2025,-3.59,1.08,-6.53,1.14,0.24,0.91
-9949,3.03,2387,2.09,621,2.00,12852,08_58_49_23_06_2025,-3.78,-0.05,-6.21,1.05,0.68,1.29
-9813,3.02,2387,2.09,621,2.00,12877,08_58_49_23_06_2025,-3.03,0.27,-6.72,0.87,0.80,1.40
-9824,3.02,2180,2.11,622,2.01,12903,08_58_50_23_06_2025,-2.86,0.38,-6.44,0.96,0.89,1.73
-9875,3.02,2287,2.10,621,2.00,12928,08_58_50_23_06_2025,-3.58,-0.37,-6.61,0.77,1.25,2.15
-9760,3.01,2227,2.10,621,2.00,12953,08_58_50_23_06_2025,-2.87,-0.42,-7.14,0.63,1.78,2.16
-9784,3.01,2459,2.09,621,2.00,12981,08_58_50_23_06_2025,-1.98,0.32,-7.59,0.64,2.41,2.45
-9897,3.02,2282,2.10,621,2.00,13003,08_58_50_23_06_2025,-1.88,0.32,-8.70,0.56,2.77,2.91
-9974,3.03,2451,2.09,622,2.01,13028,08_58_50_23_06_2025,-1.77,2.18,-10.15,0.99,2.76,3.36
-10176,3.04,2460,2.09,621,2.00,13053,08_58_50_23_06_2025,0.35,3.63,-11.41,1.54,3.05,3.95
-10249,3.05,1636,2.15,620,2.00,13079,08_58_50_23_06_2025,-0.17,4.51,-10.92,1.17,3.67,4.09
-10072,3.04,1339,2.17,621,2.00,13108,08_58_50_23_06_2025,1.62,4.20,-12.28,0.84,3.88,3.09
-10188,3.04,1010,2.20,621,2.00,13131,08_58_50_23_06_2025,3.45,3.64,-12.72,0.64,3.44,2.61
-10216,3.05,498,2.23,621,2.00,13153,08_58_50_23_06_2025,3.84,2.95,-12.11,0.37,2.27,2.35
-9919,3.02,695,2.22,620,2.00,13176,08_58_50_23_06_2025,3.82,2.93,-11.89,-0.04,1.54,2.33
-9952,3.03,718,2.22,621,2.00,13198,08_58_50_23_06_2025,3.63,3.61,-12.23,-0.56,0.45,2.28
-9805,3.02,637,2.22,621,2.00,13221,08_58_50_23_06_2025,3.35,3.99,-12.02,-0.57,0.15,2.12
-9939,3.03,380,2.24,621,2.00,13246,08_58_50_23_06_2025,3.36,3.38,-11.26,-0.67,0.06,2.00
-9595,3.00,306,2.25,621,2.00,13274,08_58_50_23_06_2025,1.82,3.74,-11.05,-0.93,-0.14,2.02
-9551,3.00,225,2.26,621,2.00,13299,08_58_50_23_06_2025,0.52,3.56,-10.55,-0.61,-0.34,1.92
-9551,3.00,184,2.26,621,2.00,13324,08_58_50_23_06_2025,0.01,2.19,-9.59,-0.51,-0.12,1.40
-9720,3.01,107,2.26,620,2.00,13350,08_58_50_23_06_2025,0.47,1.79,-9.73,-0.61,0.16,0.88
-9210,2.97,284,2.25,621,2.00,13375,08_58_50_23_06_2025,0.84,1.69,-9.85,-0.61,0.17,0.69
-8957,2.95,691,2.22,621,2.00,13403,08_58_50_23_06_2025,1.32,1.55,-9.81,-0.64,0.14,0.47
-8999,2.95,300,2.25,621,2.00,13425,08_58_50_23_06_2025,1.15,1.30,-9.86,-0.68,0.12,0.09
-8863,2.94,365,2.25,621,2.00,13451,08_58_50_23_06_2025,2.63,0.74,-10.59,-0.82,0.26,-0.23
-8995,2.95,-1,2.27,621,2.00,13476,08_58_50_23_06_2025,4.19,1.35,-10.32,-0.74,0.05,-0.16
-9049,2.96,126,2.26,621,2.00,13501,08_58_50_23_06_2025,4.05,1.34,-10.44,-0.64,-0.66,0.13
-8936,2.95,70,2.27,621,2.00,13527,08_58_50_23_06_2025,2.91,1.50,-10.25,-0.38,-0.73,0.31
-9256,2.97,-542,2.31,621,2.00,13555,08_58_50_23_06_2025,2.96,1.36,-9.22,-0.30,-0.70,0.22
-9315,2.98,-765,2.33,621,2.00,13578,08_58_50_23_06_2025,2.15,1.42,-9.52,-0.50,-0.61,0.42
-9615,3.00,-1192,2.36,622,2.01,13603,08_58_50_23_06_2025,0.18,2.29,-9.20,-0.32,-0.09,0.83
-9924,3.02,-1629,2.40,620,2.00,13628,08_58_50_23_06_2025,-0.41,1.62,-9.01,-0.34,0.05,1.22
-10483,3.07,-1720,2.40,621,2.00,13653,08_58_50_23_06_2025,-1.82,1.61,-8.70,-0.75,-0.29,1.12
-10761,3.09,-2231,2.44,621,2.00,13681,08_58_50_23_06_2025,-2.26,2.50,-9.10,-0.80,-0.40,0.66
-10852,3.09,-1750,2.41,621,2.00,13704,08_58_50_23_06_2025,-1.23,0.77,-7.96,-0.72,-0.76,-0.29
-10833,3.09,-1794,2.41,620,2.00,13729,08_58_50_23_06_2025,0.51,0.18,-8.15,-1.39,-0.99,-0.86
-11141,3.12,-1761,2.41,621,2.00,13754,08_58_50_23_06_2025,3.46,3.06,-9.30,-2.29,-1.47,-1.39
-11082,3.11,-1584,2.39,621,2.00,13780,08_58_50_23_06_2025,3.55,5.25,-10.51,-2.06,-1.72,-1.40
-11152,3.12,-1417,2.38,621,2.00,13805,08_58_50_23_06_2025,3.52,6.17,-10.33,-0.77,-1.16,-0.93
-11232,3.12,-1331,2.37,621,2.00,13835,08_58_50_23_06_2025,4.24,2.36,-9.73,0.23,-0.04,0.29
-11258,3.13,-1262,2.37,621,2.00,13861,08_58_50_23_06_2025,0.04,3.39,-9.90,0.37,0.12,1.30
-11157,3.12,-1176,2.36,621,2.00,13886,08_58_50_23_06_2025,-0.97,4.17,-9.93,0.42,-0.15,1.07
-11027,3.11,-1000,2.35,621,2.00,13911,08_58_51_23_06_2025,-1.21,4.12,-9.03,0.43,-0.45,0.71
-10510,3.07,-1103,2.36,622,2.01,13936,08_58_51_23_06_2025,-1.60,4.29,-8.85,0.33,-0.49,0.61
-10374,3.06,-942,2.34,621,2.00,13965,08_58_51_23_06_2025,-1.66,4.57,-8.83,0.19,-0.36,0.45
-10509,3.07,-1065,2.35,621,2.00,13987,08_58_51_23_06_2025,-1.54,4.24,-8.73,0.05,-0.19,0.34
-10669,3.08,-1212,2.36,621,2.00,14012,08_58_51_23_06_2025,-1.21,4.76,-8.99,0.01,-0.02,0.18
-10411,3.06,-1344,2.37,621,2.00,14037,08_58_51_23_06_2025,-0.69,4.49,-9.26,0.02,0.03,0.09
-10523,3.07,-1500,2.39,621,2.00,14062,08_58_51_23_06_2025,0.34,4.14,-9.65,-0.05,-0.00,-0.22
-10477,3.07,-1795,2.41,621,2.00,14087,08_58_51_23_06_2025,0.70,3.91,-9.94,-0.07,-0.22,-0.26
-10765,3.09,-1834,2.41,621,2.00,14115,08_58_51_23_06_2025,0.57,3.96,-9.77,0.09,-0.39,-0.13
-10736,3.09,-1536,2.39,621,2.00,14138,08_58_51_23_06_2025,0.36,3.70,-8.79,0.13,-0.45,-0.16
-10969,3.10,-1414,2.38,621,2.00,14163,08_58_51_23_06_2025,0.22,3.50,-8.40,-0.13,-0.50,-0.24
-11145,3.12,-1247,2.37,621,2.00,14188,08_58_51_23_06_2025,0.02,3.33,-8.30,-0.46,-0.44,-0.41
-11080,3.11,-963,2.35,621,2.00,14213,08_58_51_23_06_2025,-0.00,2.97,-8.37,-0.46,-0.39,-0.51
-10994,3.11,-218,2.29,621,2.00,14241,08_58_51_23_06_2025,0.06,3.36,-8.60,-0.60,-0.39,-0.55
-11136,3.12,-210,2.29,621,2.00,14263,08_58_51_23_06_2025,0.10,3.60,-8.72,-0.57,-0.37,-0.45
-11436,3.14,-70,2.28,621,2.00,14289,08_58_51_23_06_2025,-0.32,3.97,-8.90,-0.47,-0.39,-0.35
-11465,3.14,174,2.26,621,2.00,14314,08_58_51_23_06_2025,-0.38,4.19,-9.00,-0.37,-0.43,-0.39
-11756,3.16,588,2.23,621,2.00,14339,08_58_51_23_06_2025,-0.62,4.20,-8.88,-0.30,-0.42,-0.35
-11693,3.16,611,2.23,621,2.00,14365,08_58_51_23_06_2025,-0.89,4.29,-8.81,-0.24,-0.35,-0.28
-11932,3.18,159,2.26,621,2.00,14393,08_58_51_23_06_2025,-1.03,4.23,-8.64,-0.13,-0.20,-0.27
-12051,3.19,99,2.27,621,2.00,14415,08_58_51_23_06_2025,-0.92,4.33,-8.68,-0.12,-0.13,-0.27
-12131,3.19,49,2.27,621,2.00,14440,08_58_51_23_06_2025,-0.95,4.03,-8.65,-0.13,-0.22,-0.30
-12392,3.21,-63,2.28,621,2.00,14466,08_58_51_23_06_2025,-1.12,3.57,-8.16,-0.13,-0.33,-0.28
-12299,3.20,-296,2.30,621,2.00,14491,08_58_51_23_06_2025,-1.54,3.49,-7.50,-0.21,-0.37,-0.26
-12055,3.19,-90,2.28,621,2.00,14519,08_58_51_23_06_2025,-2.18,4.38,-7.43,-0.54,-0.30,-0.51
-12055,3.19,-13,2.27,621,2.00,14543,08_58_51_23_06_2025,-1.82,4.51,-7.96,-0.44,-0.25,-0.42
-12232,3.20,-277,2.29,621,2.00,14565,08_58_51_23_06_2025,-1.89,4.25,-8.13,-0.11,-0.06,-0.16
-12293,3.20,-294,2.30,621,2.00,14588,08_58_51_23_06_2025,-1.87,4.27,-8.05,-0.13,-0.03,-0.15
-12342,3.21,-459,2.31,621,2.00,14610,08_58_51_23_06_2025,-1.67,4.26,-8.42,-0.28,-0.12,-0.21
-12325,3.21,-511,2.31,621,2.00,14633,08_58_51_23_06_2025,-1.74,4.31,-8.47,-0.35,-0.21,-0.23
-12284,3.20,-1006,2.35,621,2.00,14658,08_58_51_23_06_2025,-1.95,4.47,-8.42,-0.32,-0.36,-0.22
-12485,3.22,-962,2.35,622,2.01,14680,08_58_51_23_06_2025,-2.34,4.43,-8.13,-0.22,-0.37,-0.19
-12634,3.23,-1186,2.36,622,2.01,14702,08_58_51_23_06_2025,-2.64,4.42,-7.64,-0.13,-0.22,-0.09
-12189,3.20,-1010,2.35,620,2.00,14725,08_58_51_23_06_2025,-2.66,4.49,-7.93,-0.13,-0.11,-0.02
-12261,3.20,-968,2.35,621,2.00,14747,08_58_51_23_06_2025,-2.61,4.73,-8.36,-0.05,-0.03,0.05
-12514,3.22,-929,2.34,622,2.01,14770,08_58_51_23_06_2025,-2.33,4.68,-8.44,-0.04,-0.03,0.06
-12309,3.21,-1393,2.38,621,2.00,14790,08_58_51_23_06_2025,-2.61,5.06,-8.73,-0.02,-0.07,0.08
-12399,3.21,-1511,2.39,621,2.00,14812,08_58_51_23_06_2025,-2.46,5.17,-8.71,-0.01,-0.10,0.00
-12633,3.23,-1467,2.38,621,2.00,14835,08_58_51_23_06_2025,-2.21,4.94,-8.64,-0.02,-0.15,-0.02
