-10207,3.05,0,2.27,626,2.02,1113,08_29_43_24_06_2025,-7.85,3.92,4.26,0.12,-1.38,0.73
-10442,3.06,1526,2.16,626,2.02,1209,08_29_43_24_06_2025,-7.87,4.01,4.15,-0.07,-0.02,0.01
-10326,3.06,1552,2.16,626,2.02,1229,08_29_43_24_06_2025,-7.88,4.03,4.15,-0.05,-0.01,0.01
-10284,3.05,1510,2.16,626,2.02,1249,08_29_43_24_06_2025,-7.88,4.06,4.14,-0.04,-0.01,0.01
-10376,3.06,1729,2.14,626,2.02,1269,08_29_43_24_06_2025,-7.87,4.06,4.14,-0.01,-0.00,0.00
-10310,3.05,1782,2.14,626,2.02,1289,08_29_43_24_06_2025,-7.88,4.06,4.14,0.02,-0.00,-0.01
-10154,3.04,1782,2.14,626,2.02,1311,08_29_43_24_06_2025,-7.88,4.05,4.13,0.05,0.00,-0.01
-9709,3.01,2037,2.12,626,2.02,1332,08_29_43_24_06_2025,-7.94,3.87,4.05,0.07,0.00,-0.03
-9144,2.97,2141,2.11,626,2.02,1352,08_29_43_24_06_2025,-7.95,4.10,4.07,0.13,0.04,-0.07
-9310,2.98,2032,2.12,626,2.02,1372,08_29_43_24_06_2025,-7.71,3.91,4.53,0.23,-0.06,-0.09
-9428,2.99,2523,2.08,626,2.02,1395,08_29_43_24_06_2025,-7.83,3.67,4.18,0.06,0.09,-0.02
-9507,2.99,2818,2.06,625,2.02,1415,08_29_43_24_06_2025,-7.88,3.80,4.10,-0.18,0.12,0.05
-9113,2.96,3123,2.04,625,2.02,1438,08_29_43_24_06_2025,-7.97,3.91,4.01,-0.21,0.00,0.06
-9229,2.97,2853,2.06,626,2.02,1458,08_29_43_24_06_2025,-7.95,3.95,4.25,0.08,-0.01,-0.06
-9469,2.99,2771,2.06,626,2.02,1479,08_29_43_24_06_2025,-7.74,4.06,4.78,0.06,0.05,0.04
-9329,2.98,2555,2.08,626,2.02,1499,08_29_43_24_06_2025,-7.64,4.30,4.80,-0.28,0.21,0.20
-9653,3.00,2567,2.08,626,2.02,1519,08_29_43_24_06_2025,-7.54,4.68,4.93,-0.80,0.42,0.44
-9737,3.01,2138,2.11,626,2.02,1539,08_29_43_24_06_2025,-7.51,5.54,4.68,-1.31,0.54,0.78
-9709,3.01,1785,2.14,626,2.02,1562,08_29_43_24_06_2025,-7.20,5.91,4.48,-1.75,0.56,1.21
-9644,3.00,1144,2.19,626,2.02,1585,08_29_43_24_06_2025,-6.76,5.95,4.39,-2.47,0.12,1.48
-9625,3.00,1358,2.17,626,2.02,1605,08_29_43_24_06_2025,-6.52,5.82,5.10,-3.05,-0.30,1.73
-9896,3.02,1439,2.16,626,2.02,1626,08_29_43_24_06_2025,-6.43,5.63,6.25,-3.62,-0.73,2.06
-10155,3.04,1671,2.15,625,2.02,1647,08_29_43_24_06_2025,-6.31,5.38,7.62,-3.92,-0.94,2.27
-9848,3.02,1526,2.16,625,2.02,1671,08_29_43_24_06_2025,-7.53,4.15,7.83,-3.65,-1.16,2.10
-9875,3.02,1204,2.18,626,2.02,1694,08_29_43_24_06_2025,-6.99,3.91,9.91,-2.16,-0.45,1.28
-9962,3.03,421,2.24,626,2.02,1717,08_29_43_24_06_2025,-7.78,3.46,7.17,-1.90,1.76,1.75
-10348,3.06,435,2.24,626,2.02,1737,08_29_43_24_06_2025,-7.78,3.69,5.52,-2.96,1.69,1.65
-10755,3.09,-46,2.28,626,2.02,1757,08_29_43_24_06_2025,-6.77,3.61,3.07,-3.21,0.78,0.94
-10844,3.09,-478,2.31,626,2.02,1777,08_29_43_24_06_2025,-8.17,3.68,2.12,-1.89,0.13,0.91
-11494,3.14,-259,2.29,625,2.02,1800,08_29_43_24_06_2025,-7.91,3.82,2.09,0.34,0.36,0.39
-11824,3.17,-166,2.29,626,2.02,1820,08_29_43_24_06_2025,-7.79,2.18,2.92,1.11,-0.09,-0.28
-12288,3.20,165,2.26,626,2.02,1841,08_29_43_24_06_2025,-7.62,0.89,3.37,0.99,-0.07,-0.78
-12737,3.24,68,2.27,626,2.02,1861,08_29_43_24_06_2025,-7.29,-0.18,4.55,0.98,-0.21,-1.03
-12669,3.23,-185,2.29,626,2.02,1881,08_29_43_24_06_2025,-7.53,-1.05,5.43,0.67,-0.30,-0.79
-12511,3.22,-469,2.31,626,2.02,1901,08_29_43_24_06_2025,-6.34,-0.69,6.58,-0.02,-0.35,-0.28
-12433,3.21,-282,2.29,626,2.02,1924,08_29_43_24_06_2025,-2.56,0.43,9.95,-1.24,-1.33,-0.13
-12476,3.22,-728,2.33,626,2.02,1944,08_29_43_24_06_2025,-4.12,1.80,15.47,-4.23,-2.12,1.43
-12848,3.25,-1488,2.39,626,2.02,1965,08_29_43_24_06_2025,-3.69,2.47,15.30,-7.43,-1.58,2.54
-13425,3.29,-1625,2.40,626,2.02,1985,08_29_43_24_06_2025,-3.65,3.05,12.69,-8.34,-0.05,2.66
-13281,3.28,-1649,2.40,625,2.02,2005,08_29_43_24_06_2025,-4.33,3.41,12.53,-6.29,0.89,2.00
-13078,3.26,-1803,2.41,626,2.02,2026,08_29_43_24_06_2025,-5.10,3.10,11.06,-3.74,1.09,0.91
-13628,3.31,-2121,2.43,626,2.02,2048,08_29_43_24_06_2025,-5.78,1.44,9.07,-1.57,0.27,-0.55
-13653,3.31,-1468,2.38,626,2.02,2071,08_29_44_24_06_2025,-6.13,0.39,8.01,-1.08,-0.19,-0.72
-13393,3.29,-776,2.33,626,2.02,2091,08_29_44_24_06_2025,-6.38,0.66,8.12,-1.03,0.00,-0.24
-13092,3.26,-761,2.33,625,2.02,2112,08_29_44_24_06_2025,-6.94,0.69,6.51,-0.39,0.27,-0.39
-11985,3.18,-1496,2.39,626,2.02,2132,08_29_44_24_06_2025,-5.81,0.23,4.93,-0.01,0.08,-0.55
-11253,3.13,-1163,2.36,626,2.02,2155,08_29_44_24_06_2025,-7.35,-0.61,4.28,0.05,-0.38,-0.45
-10888,3.10,-613,2.32,625,2.02,2175,08_29_44_24_06_2025,-6.03,-0.64,3.85,1.17,-1.10,-0.18
-10346,3.06,-113,2.28,626,2.02,2195,08_29_44_24_06_2025,-6.18,0.31,5.62,2.23,-1.32,-0.14
-10302,3.05,106,2.26,625,2.02,2215,08_29_44_24_06_2025,-5.95,0.99,7.34,2.79,-1.19,-0.27
-10410,3.06,569,2.23,625,2.02,2235,08_29_44_24_06_2025,-5.88,0.81,8.75,2.92,-0.83,-0.35
-10876,3.10,870,2.21,625,2.02,2256,08_29_44_24_06_2025,-5.40,0.10,9.19,2.71,-0.24,-0.10
-10876,3.10,690,2.22,625,2.02,2279,08_29_44_24_06_2025,-5.19,-0.03,8.84,2.40,-0.08,0.03
-11484,3.14,-462,2.31,625,2.02,2300,08_29_44_24_06_2025,-5.01,-0.14,8.71,2.11,-0.05,0.02
-11876,3.17,-1113,2.36,626,2.02,2320,08_29_44_24_06_2025,-4.81,-0.33,9.40,1.59,-0.28,0.05
-13279,3.28,-2400,2.45,626,2.02,2340,08_29_44_24_06_2025,-4.72,-0.20,9.94,0.88,-0.49,0.23
-13940,3.33,-2769,2.48,626,2.02,2360,08_29_44_24_06_2025,-4.75,0.20,10.28,-0.06,-0.52,0.42
-14616,3.38,-2235,2.44,626,2.02,2381,08_29_44_24_06_2025,-4.71,0.87,10.25,-0.83,-0.44,0.54
-14406,3.36,-1536,2.39,625,2.02,2404,08_29_44_24_06_2025,-4.68,1.02,9.42,-1.08,-0.43,0.44
-13915,3.33,-1947,2.42,625,2.02,2424,08_29_44_24_06_2025,-4.50,0.95,9.04,-0.97,-0.63,0.40
-13278,3.28,-1738,2.40,625,2.02,2444,08_29_44_24_06_2025,-4.65,1.22,8.89,-0.73,-0.77,0.35
-12814,3.24,-1652,2.40,626,2.02,2464,08_29_44_24_06_2025,-4.80,1.37,8.62,-0.21,-0.61,0.19
-12396,3.21,-1075,2.35,626,2.02,2485,08_29_44_24_06_2025,-4.71,1.19,8.08,0.15,-0.48,0.06
-11787,3.17,-368,2.30,625,2.02,2508,08_29_44_24_06_2025,-4.37,1.01,7.32,0.41,-0.52,-0.02
-12331,3.21,105,2.26,626,2.02,2531,08_29_44_24_06_2025,-4.27,0.76,7.47,0.68,-0.72,-0.00
-12922,3.25,-218,2.29,626,2.02,2551,08_29_44_24_06_2025,-4.31,0.95,8.32,0.88,-0.76,0.00
-12980,3.26,749,2.22,626,2.02,2571,08_29_44_24_06_2025,-4.29,0.88,8.56,0.93,-0.66,-0.02
-12562,3.22,575,2.23,625,2.02,2591,08_29_44_24_06_2025,-4.15,0.45,7.67,0.65,-0.39,-0.01
-12451,3.22,611,2.23,626,2.02,2612,08_29_44_24_06_2025,-4.13,0.19,6.81,0.33,-0.33,-0.03
-12181,3.20,235,2.25,626,2.02,2634,08_29_44_24_06_2025,-4.23,0.18,6.35,0.17,-0.28,-0.07
-11994,3.18,-119,2.28,626,2.02,2655,08_29_44_24_06_2025,-4.28,0.35,6.22,0.07,-0.09,-0.18
-12005,3.18,-246,2.29,625,2.02,2675,08_29_44_24_06_2025,-4.27,0.32,6.45,-0.25,0.03,-0.24
-11858,3.17,-713,2.33,626,2.02,2695,08_29_44_24_06_2025,-4.21,0.33,6.95,-0.46,0.14,-0.28
-11891,3.17,-833,2.34,626,2.02,2715,08_29_44_24_06_2025,-4.13,0.49,7.78,-0.58,0.23,-0.31
-12341,3.21,-1576,2.39,626,2.02,2735,08_29_44_24_06_2025,-4.11,0.60,9.11,-0.58,0.32,-0.39
-11354,3.13,-1526,2.39,625,2.02,2758,08_29_44_24_06_2025,-3.95,0.59,9.19,-0.57,0.42,-0.46
-11514,3.14,-1965,2.42,626,2.02,2779,08_29_44_24_06_2025,-4.07,0.64,9.15,-0.71,0.39,-0.42
-12072,3.19,-2005,2.42,626,2.02,2799,08_29_44_24_06_2025,-4.11,0.80,9.07,-0.89,0.36,-0.36
-11363,3.13,-757,2.33,626,2.02,2819,08_29_44_24_06_2025,-4.29,0.83,8.77,-1.09,0.29,-0.29
-10871,3.10,-353,2.30,625,2.02,2840,08_29_44_24_06_2025,-4.39,0.74,8.75,-1.03,0.33,-0.31
-11110,3.11,-263,2.29,626,2.02,2863,08_29_44_24_06_2025,-4.31,0.73,9.06,-0.58,0.47,-0.29
-10511,3.07,-76,2.28,626,2.02,2884,08_29_44_24_06_2025,-4.31,0.90,9.29,-0.26,0.49,-0.27
-10318,3.05,-6,2.27,625,2.02,2904,08_29_44_24_06_2025,-4.35,0.92,9.43,-0.02,0.50,-0.34
-12051,3.19,181,2.26,625,2.02,2924,08_29_44_24_06_2025,-4.41,0.69,9.64,0.25,0.57,-0.42
-12012,3.18,-78,2.28,626,2.02,2944,08_29_44_24_06_2025,-4.49,0.52,9.34,0.44,0.63,-0.41
-11509,3.14,463,2.24,626,2.02,2965,08_29_44_24_06_2025,-4.76,0.52,8.63,0.45,0.61,-0.32
-11254,3.13,695,2.22,626,2.02,2987,08_29_44_24_06_2025,-4.90,0.52,8.05,0.32,0.52,-0.27
-11175,3.12,-728,2.33,625,2.02,3008,08_29_44_24_06_2025,-5.04,0.67,8.06,0.34,0.45,-0.24
-10927,3.10,-368,2.30,625,2.02,3028,08_29_44_24_06_2025,-5.01,0.82,8.27,0.65,0.44,-0.22
-11531,3.15,-1544,2.39,625,2.02,3048,08_29_44_24_06_2025,-4.66,0.87,8.21,0.65,0.29,-0.19
-11015,3.11,-118,2.28,626,2.02,3068,08_29_45_24_06_2025,-5.42,0.74,8.29,0.51,0.10,-0.16
-10853,3.09,-174,2.29,626,2.02,3088,08_29_45_24_06_2025,-5.35,0.78,7.93,0.55,0.16,-0.18
-10484,3.07,539,2.23,626,2.02,3111,08_29_45_24_06_2025,-5.32,0.95,8.66,0.85,0.22,-0.14
-11085,3.11,343,2.25,625,2.02,3134,08_29_45_24_06_2025,-5.42,0.81,8.37,0.69,0.27,-0.14
-11131,3.12,655,2.22,626,2.02,3154,08_29_45_24_06_2025,-5.70,0.76,8.08,0.57,0.31,-0.10
-10961,3.10,706,2.22,626,2.02,3174,08_29_45_24_06_2025,-5.29,0.82,7.97,0.57,0.28,-0.09
-10820,3.09,606,2.23,626,2.02,3194,08_29_45_24_06_2025,-5.58,0.71,8.66,0.59,0.32,-0.15
-11137,3.12,458,2.24,625,2.02,3214,08_29_45_24_06_2025,-5.43,0.44,8.40,0.25,0.32,-0.07
-11229,3.12,-18,2.27,626,2.02,3237,08_29_45_24_06_2025,-5.76,0.23,9.82,-0.21,0.38,0.02
-11137,3.12,700,2.22,626,2.02,3258,08_29_45_24_06_2025,-4.98,0.06,9.08,-0.79,0.47,0.14
-11485,3.14,922,2.20,626,2.02,3283,08_29_45_24_06_2025,-5.15,0.63,9.49,-0.40,0.45,0.10
-11698,3.16,1286,2.18,626,2.02,3303,08_29_45_24_06_2025,-5.34,1.01,9.16,0.20,0.64,-0.18
-11725,3.16,837,2.21,625,2.02,3324,08_29_45_24_06_2025,-4.97,0.85,9.08,0.50,0.62,-0.50
-11960,3.18,1015,2.20,626,2.02,3344,08_29_45_24_06_2025,-4.59,-0.14,9.39,0.30,-0.06,-0.45
-11809,3.17,966,2.20,625,2.02,3367,08_29_45_24_06_2025,-5.31,0.36,9.76,-0.34,-0.07,-0.06
-11973,3.18,935,2.20,626,2.02,3387,08_29_45_24_06_2025,-5.45,0.95,10.36,-0.68,0.34,0.12
-11721,3.16,696,2.22,626,2.02,3408,08_29_45_24_06_2025,-5.08,1.30,7.75,-1.26,0.47,0.20
-12068,3.19,606,2.23,625,2.02,3428,08_29_45_24_06_2025,-5.86,0.83,8.67,-0.89,0.08,0.09
-11905,3.17,682,2.22,626,2.02,3449,08_29_45_24_06_2025,-5.85,1.16,7.87,-0.75,-0.15,0.23
-11832,3.17,662,2.22,626,2.02,3472,08_29_45_24_06_2025,-6.23,1.35,6.90,-0.45,0.07,0.17
-11575,3.15,871,2.21,626,2.02,3493,08_29_45_24_06_2025,-6.33,1.37,6.58,-0.13,-0.04,0.06
-11703,3.16,688,2.22,626,2.02,3513,08_29_45_24_06_2025,-6.25,1.19,6.75,0.35,-0.19,-0.06
-11645,3.15,880,2.21,626,2.02,3533,08_29_45_24_06_2025,-6.23,1.17,7.17,0.75,-0.26,-0.14
-11830,3.17,764,2.21,626,2.02,3553,08_29_45_24_06_2025,-6.11,1.15,7.72,1.21,-0.12,-0.24
-11636,3.15,636,2.22,626,2.02,3574,08_29_45_24_06_2025,-5.93,0.89,7.84,1.31,-0.01,-0.33
-11569,3.15,727,2.22,626,2.02,3596,08_29_45_24_06_2025,-5.83,0.60,8.09,1.31,0.00,-0.32
-11437,3.14,715,2.22,625,2.02,3617,08_29_45_24_06_2025,-5.70,0.42,8.39,1.07,-0.04,-0.17
-11680,3.16,790,2.21,626,2.02,3637,08_29_45_24_06_2025,-5.66,0.43,8.49,0.67,-0.03,-0.02
-11495,3.14,730,2.22,625,2.02,3657,08_29_45_24_06_2025,-5.67,0.46,8.47,0.22,0.00,0.11
-11620,3.15,907,2.20,626,2.02,3677,08_29_45_24_06_2025,-5.75,0.53,8.31,-0.13,0.05,0.22
-11592,3.15,871,2.21,626,2.02,3697,08_29_45_24_06_2025,-5.94,0.69,7.90,-0.43,0.13,0.32
-11786,3.17,912,2.20,625,2.02,3720,08_29_45_24_06_2025,-6.05,0.80,7.59,-0.52,0.18,0.32
-11818,3.17,1092,2.19,625,2.02,3743,08_29_45_24_06_2025,-6.16,0.83,7.22,-0.49,0.16,0.26
-11613,3.15,795,2.21,625,2.02,3764,08_29_45_24_06_2025,-6.17,0.81,7.14,-0.37,0.09,0.18
-11504,3.14,882,2.21,626,2.02,3784,08_29_45_24_06_2025,-6.15,0.80,7.22,-0.22,0.00,0.11
-11686,3.16,658,2.22,625,2.02,3804,08_29_45_24_06_2025,-6.08,0.79,7.43,-0.09,-0.06,0.04
-11631,3.15,803,2.21,626,2.02,3824,08_29_45_24_06_2025,-5.94,0.75,7.84,0.03,-0.11,-0.05
-11844,3.17,779,2.21,626,2.02,3847,08_29_45_24_06_2025,-5.85,0.72,8.09,0.06,-0.11,-0.08
-11745,3.16,607,2.23,626,2.02,3867,08_29_45_24_06_2025,-5.77,0.71,8.29,0.06,-0.09,-0.09
-11757,3.16,709,2.22,625,2.02,3888,08_29_45_24_06_2025,-5.70,0.73,8.40,0.02,-0.05,-0.10
-11714,3.16,1060,2.19,626,2.02,3908,08_29_45_24_06_2025,-5.71,0.74,8.33,-0.04,-0.04,-0.10
-11568,3.15,1629,2.15,625,2.02,3928,08_29_45_24_06_2025,-5.78,0.78,8.17,-0.05,-0.03,-0.11
-11821,3.17,1545,2.16,626,2.02,3951,08_29_45_24_06_2025,-5.90,0.84,7.87,-0.04,-0.02,-0.12
-11917,3.18,1520,2.16,626,2.02,3974,08_29_45_24_06_2025,-5.97,0.96,7.77,0.00,0.01,-0.12
-11951,3.18,1553,2.16,625,2.02,3994,08_29_45_24_06_2025,-5.97,1.03,7.68,0.05,-0.02,-0.16
-11799,3.17,881,2.21,626,2.02,4014,08_29_45_24_06_2025,-6.02,1.06,7.59,0.17,-0.00,-0.20
-11634,3.15,1363,2.17,626,2.02,4034,08_29_45_24_06_2025,-6.06,1.02,7.42,0.30,0.04,-0.22
-11802,3.17,1221,2.18,625,2.02,4055,08_29_46_24_06_2025,-5.96,0.98,7.53,0.22,0.02,-0.18
-11928,3.18,419,2.24,626,2.02,4078,08_29_46_24_06_2025,-5.86,1.15,7.85,0.15,-0.05,-0.10
-11979,3.18,120,2.26,625,2.02,4098,08_29_46_24_06_2025,-5.89,1.07,7.92,0.12,-0.07,-0.10
-12085,3.19,-111,2.28,626,2.02,4118,08_29_46_24_06_2025,-5.93,1.03,7.84,0.11,0.01,-0.05
-12151,3.19,361,2.25,626,2.02,4138,08_29_46_24_06_2025,-5.96,1.00,7.60,-0.02,-0.02,0.03
-12006,3.18,664,2.22,625,2.02,4158,08_29_46_24_06_2025,-6.11,1.03,7.32,-0.24,-0.07,0.13
-11689,3.16,886,2.21,625,2.02,4178,08_29_46_24_06_2025,-5.91,0.95,7.72,-0.47,-0.09,0.23
-11712,3.16,860,2.21,625,2.02,4201,08_29_46_24_06_2025,-5.73,1.03,8.18,-0.43,-0.10,0.25
-11689,3.16,415,2.24,626,2.02,4224,08_29_46_24_06_2025,-5.85,1.00,8.02,-0.21,0.06,0.15
-11610,3.15,141,2.26,626,2.02,4245,08_29_46_24_06_2025,-5.87,0.90,8.09,-0.04,0.23,0.09
-11802,3.17,67,2.27,626,2.02,4265,08_29_46_24_06_2025,-5.91,0.76,8.07,0.01,0.30,0.06
-11760,3.16,-172,2.29,626,2.02,4285,08_29_46_24_06_2025,-5.93,0.65,7.56,0.07,0.27,0.03
-12240,3.20,-277,2.29,626,2.02,4305,08_29_46_24_06_2025,-5.88,0.70,7.71,0.06,0.02,0.10
-12258,3.20,-107,2.28,626,2.02,4328,08_29_46_24_06_2025,-5.77,0.86,7.90,-0.10,-0.25,0.14
-12477,3.22,142,2.26,625,2.02,4348,08_29_46_24_06_2025,-5.58,1.00,8.47,-0.12,-0.38,0.18
-12607,3.23,109,2.26,625,2.02,4368,08_29_46_24_06_2025,-5.47,1.16,8.93,-0.08,-0.31,0.16
-12415,3.21,328,2.25,625,2.02,4389,08_29_46_24_06_2025,-5.71,1.14,8.51,0.07,-0.15,0.10
-12395,3.21,725,2.22,625,2.02,4409,08_29_46_24_06_2025,-5.94,0.99,7.88,0.22,0.05,0.03
-12195,3.20,1057,2.19,625,2.02,4432,08_29_46_24_06_2025,-6.06,0.80,7.35,0.30,0.21,-0.04
-12246,3.20,1259,2.18,625,2.02,4452,08_29_46_24_06_2025,-6.11,0.70,7.22,0.42,0.17,-0.09
-11992,3.18,1106,2.19,625,2.02,4472,08_29_46_24_06_2025,-6.01,0.70,7.32,0.56,0.07,-0.17
-11962,3.18,830,2.21,626,2.02,4492,08_29_46_24_06_2025,-6.00,0.65,7.44,0.76,-0.05,-0.27
-11697,3.16,1495,2.16,626,2.02,4513,08_29_46_24_06_2025,-6.15,0.48,7.17,0.80,-0.15,-0.30
-11840,3.17,2017,2.12,625,2.02,4533,08_29_46_24_06_2025,-6.10,0.50,7.47,0.38,-0.19,-0.17
-11570,3.15,2369,2.09,625,2.02,4556,08_29_46_24_06_2025,-5.98,0.63,7.74,-0.08,-0.09,-0.03
-11306,3.13,2408,2.09,625,2.02,4579,08_29_46_24_06_2025,-5.82,0.82,8.01,-0.60,0.11,0.11
-11265,3.13,2171,2.11,626,2.02,4599,08_29_46_24_06_2025,-5.92,0.84,8.05,-0.71,0.21,0.10
-11289,3.13,1825,2.13,626,2.02,4619,08_29_46_24_06_2025,-5.89,0.66,7.85,-0.73,0.27,0.10
-11343,3.13,1766,2.14,625,2.02,4639,08_29_46_24_06_2025,-5.93,0.50,7.60,-0.89,0.20,0.16
-11228,3.12,1636,2.15,626,2.02,4661,08_29_46_24_06_2025,-6.07,0.39,7.55,-1.32,0.08,0.30
-10793,3.09,1502,2.16,625,2.02,4687,08_29_46_24_06_2025,-6.00,0.45,7.64,-1.59,0.00,0.42
-10804,3.09,1387,2.17,626,2.02,4710,08_29_46_24_06_2025,-6.00,0.49,7.87,-1.61,-0.02,0.44
-10469,3.07,1286,2.18,626,2.02,4730,08_29_46_24_06_2025,-6.00,0.50,7.92,-1.55,0.05,0.45
-10393,3.06,1305,2.17,625,2.02,4750,08_29_46_24_06_2025,-5.95,0.48,7.90,-1.32,0.16,0.43
-10460,3.07,1253,2.18,625,2.02,4770,08_29_46_24_06_2025,-5.91,0.42,8.04,-1.11,0.18,0.38
-10852,3.09,1564,2.15,625,2.02,4790,08_29_46_24_06_2025,-5.88,0.41,8.09,-0.83,0.19,0.30
-10742,3.09,2001,2.12,625,2.02,4813,08_29_46_24_06_2025,-5.93,0.41,7.85,-0.21,0.14,0.15
-11181,3.12,2337,2.10,626,2.02,4834,08_29_46_24_06_2025,-5.94,0.39,7.99,0.13,0.07,0.06
-11253,3.13,2387,2.09,626,2.02,4854,08_29_46_24_06_2025,-6.00,0.47,8.07,0.40,0.09,-0.02
-11445,3.14,2390,2.09,626,2.02,4874,08_29_46_24_06_2025,-5.98,0.45,7.93,0.71,0.11,-0.10
-11383,3.14,2230,2.10,625,2.02,4894,08_29_46_24_06_2025,-6.00,0.39,7.98,1.10,0.02,-0.21
-11198,3.12,2490,2.08,625,2.02,4917,08_29_46_24_06_2025,-6.05,0.29,7.87,1.26,-0.08,-0.27
-11138,3.12,2674,2.07,625,2.02,4940,08_29_46_24_06_2025,-6.07,0.25,7.90,1.42,-0.18,-0.26
-11300,3.13,2404,2.09,626,2.02,4960,08_29_46_24_06_2025,-5.99,0.34,8.17,1.34,-0.21,-0.27
-11532,3.15,2756,2.06,625,2.02,4980,08_29_46_24_06_2025,-5.79,0.51,8.33,1.40,-0.18,-0.30
-11442,3.14,2618,2.07,625,2.02,5000,08_29_46_24_06_2025,-5.75,0.59,8.41,1.56,-0.27,-0.37
-11189,3.12,2533,2.08,625,2.02,5020,08_29_46_24_06_2025,-5.95,0.55,8.05,1.63,-0.28,-0.43
-11079,3.11,2149,2.11,625,2.02,5043,08_29_46_24_06_2025,-6.01,0.54,7.80,1.61,-0.02,-0.42
-10938,3.10,2194,2.11,625,2.02,5064,08_29_47_24_06_2025,-5.95,0.57,7.84,1.34,0.01,-0.36
-10784,3.09,2175,2.11,625,2.02,5084,08_29_47_24_06_2025,-5.99,0.66,7.69,0.96,-0.04,-0.31
-11001,3.11,2136,2.11,626,2.02,5104,08_29_47_24_06_2025,-6.05,0.78,7.69,0.64,-0.06,-0.28
-11052,3.11,2284,2.10,626,2.02,5124,08_29_47_24_06_2025,-6.11,0.88,7.66,0.58,0.02,-0.27
-11179,3.12,2276,2.10,626,2.02,5144,08_29_47_24_06_2025,-6.10,1.00,7.50,0.43,0.08,-0.24
-11220,3.12,2172,2.11,625,2.02,5167,08_29_47_24_06_2025,-6.10,1.13,7.35,0.04,0.01,-0.15
-11118,3.12,2239,2.10,626,2.02,5190,08_29_47_24_06_2025,-6.14,1.19,7.37,-0.24,-0.07,-0.08
-10853,3.09,2083,2.11,625,2.02,5210,08_29_47_24_06_2025,-6.20,1.23,7.37,-0.45,-0.05,-0.01
-10776,3.09,2222,2.10,625,2.02,5230,08_29_47_24_06_2025,-6.13,1.22,7.39,-0.78,0.01,0.11
-10625,3.08,2086,2.11,625,2.02,5250,08_29_47_24_06_2025,-6.15,1.27,7.37,-1.01,-0.02,0.19
-10624,3.08,1921,2.13,625,2.02,5272,08_29_47_24_06_2025,-6.11,1.37,7.40,-1.06,-0.03,0.23
-10692,3.08,1825,2.13,625,2.02,5297,08_29_47_24_06_2025,-6.00,1.49,7.65,-0.87,-0.09,0.18
-10665,3.08,1955,2.12,625,2.02,5321,08_29_47_24_06_2025,-5.89,1.57,7.86,-0.44,-0.11,0.06
-10799,3.09,2054,2.12,625,2.02,5341,08_29_47_24_06_2025,-5.81,1.58,8.07,-0.17,-0.11,-0.01
-10749,3.09,1953,2.12,626,2.02,5361,08_29_47_24_06_2025,-5.75,1.54,8.21,0.00,-0.09,-0.05
-10832,3.09,1843,2.13,625,2.02,5381,08_29_47_24_06_2025,-5.74,1.52,8.27,0.14,-0.00,-0.07
-10960,3.10,2001,2.12,626,2.02,5404,08_29_47_24_06_2025,-5.71,1.41,8.33,0.17,0.12,-0.05
-10803,3.09,1933,2.13,625,2.02,5424,08_29_47_24_06_2025,-5.81,1.39,8.13,0.14,0.15,-0.00
-10761,3.09,2136,2.11,625,2.02,5444,08_29_47_24_06_2025,-5.93,1.39,7.82,0.20,0.16,0.03
-10971,3.10,1748,2.14,626,2.02,5465,08_29_47_24_06_2025,-5.99,1.35,7.54,0.26,0.11,0.03
-10875,3.10,1664,2.15,625,2.02,5485,08_29_47_24_06_2025,-6.08,1.33,7.53,0.35,-0.04,0.02
-10805,3.09,1582,2.15,625,2.02,5505,08_29_47_24_06_2025,-6.13,1.27,7.23,0.48,-0.11,-0.01
-10614,3.08,1877,2.13,625,2.02,5528,08_29_47_24_06_2025,-6.17,1.26,7.34,0.59,-0.16,-0.02
-10657,3.08,1967,2.12,626,2.02,5551,08_29_47_24_06_2025,-6.14,1.23,7.59,0.57,-0.12,-0.05
-10782,3.09,2007,2.12,626,2.02,5571,08_29_47_24_06_2025,-6.02,1.14,7.64,0.54,0.01,-0.06
-10810,3.09,1786,2.14,625,2.02,5591,08_29_47_24_06_2025,-5.99,1.06,7.82,0.46,0.07,-0.06
-10585,3.07,1786,2.14,625,2.02,5611,08_29_47_24_06_2025,-5.94,0.92,7.87,0.32,0.10,-0.04
-10483,3.07,1753,2.14,626,2.02,5632,08_29_47_24_06_2025,-5.92,0.84,7.84,0.14,0.09,0.01
-10912,3.10,1427,2.16,626,2.02,5654,08_29_47_24_06_2025,-5.94,0.83,7.77,-0.12,0.02,0.07
-10811,3.09,1413,2.17,626,2.02,5675,08_29_47_24_06_2025,-5.95,1.03,7.69,-0.41,-0.05,0.16
-10707,3.08,1387,2.17,626,2.02,5695,08_29_47_24_06_2025,-5.90,1.20,7.94,-0.54,-0.07,0.18
-10813,3.09,1244,2.18,625,2.02,5715,08_29_47_24_06_2025,-5.89,1.30,8.00,-0.56,-0.05,0.16
-10746,3.09,1223,2.18,625,2.02,5735,08_29_47_24_06_2025,-5.90,1.38,7.92,-0.47,-0.00,0.11
-10848,3.09,1316,2.17,625,2.02,5758,08_29_47_24_06_2025,-5.95,1.35,7.70,-0.31,-0.03,0.03
-10770,3.09,1250,2.18,626,2.02,5781,08_29_47_24_06_2025,-5.94,1.35,7.73,-0.22,-0.05,-0.01
-10736,3.09,1393,2.17,626,2.02,5801,08_29_47_24_06_2025,-5.92,1.40,7.77,-0.05,-0.05,-0.06
-10630,3.08,1076,2.19,625,2.02,5821,08_29_47_24_06_2025,-5.91,1.42,7.77,0.07,-0.07,-0.12
-10498,3.07,1344,2.17,625,2.02,5842,08_29_47_24_06_2025,-5.90,1.43,7.84,0.22,-0.07,-0.16
-10693,3.08,1279,2.18,626,2.02,5863,08_29_47_24_06_2025,-5.89,1.44,7.90,0.32,-0.03,-0.19
-10765,3.09,1472,2.16,625,2.02,5886,08_29_47_24_06_2025,-5.89,1.39,7.78,0.36,-0.02,-0.21
-10761,3.09,1792,2.14,626,2.02,5906,08_29_47_24_06_2025,-5.89,1.34,7.76,0.36,-0.06,-0.19
-10580,3.07,1523,2.16,625,2.02,5926,08_29_47_24_06_2025,-5.90,1.36,7.73,0.32,-0.10,-0.15
-10659,3.08,1630,2.15,626,2.02,5946,08_29_47_24_06_2025,-5.93,1.41,7.73,0.16,-0.10,-0.07
-10635,3.08,1713,2.14,625,2.02,5966,08_29_47_24_06_2025,-5.92,1.45,7.71,0.06,-0.09,-0.02
-10698,3.08,1726,2.14,626,2.02,5986,08_29_47_24_06_2025,-5.96,1.50,7.64,0.03,-0.05,0.00
-10824,3.09,1618,2.15,625,2.02,6009,08_29_47_24_06_2025,-5.98,1.53,7.52,0.04,-0.01,0.01
-10864,3.10,1654,2.15,626,2.02,6029,08_29_47_24_06_2025,-5.96,1.52,7.62,0.06,0.01,0.01
-10778,3.09,1582,2.15,625,2.02,6049,08_29_47_24_06_2025,-5.94,1.47,7.62,0.08,0.03,0.01
-11102,3.11,1330,2.17,625,2.02,6069,08_29_48_24_06_2025,-5.91,1.44,7.64,0.10,0.02,0.02
-10874,3.10,1532,2.16,625,2.02,6089,08_29_48_24_06_2025,-5.86,1.43,7.78,0.07,-0.03,0.04
-10473,3.07,1275,2.18,625,2.02,6109,08_29_48_24_06_2025,-5.82,1.41,7.89,-0.05,-0.02,0.09
-10623,3.08,1406,2.17,626,2.02,6132,08_29_48_24_06_2025,-5.79,1.42,7.85,-0.13,-0.03,0.13
-10596,3.08,1286,2.18,626,2.02,6155,08_29_48_24_06_2025,-5.79,1.48,7.93,-0.19,-0.04,0.16
-10660,3.08,1347,2.17,625,2.02,6175,08_29_48_24_06_2025,-5.83,1.51,7.89,-0.16,-0.03,0.14
-10567,3.07,1255,2.18,626,2.02,6196,08_29_48_24_06_2025,-5.85,1.50,7.76,-0.10,-0.01,0.12
-10626,3.08,1063,2.19,625,2.02,6216,08_29_48_24_06_2025,-5.90,1.50,7.65,0.02,-0.01,0.07
-10555,3.07,1005,2.20,625,2.02,6239,08_29_48_24_06_2025,-5.90,1.49,7.65,0.24,0.00,-0.02
-10560,3.07,878,2.21,626,2.02,6259,08_29_48_24_06_2025,-5.87,1.45,7.76,0.37,0.02,-0.09
-10751,3.09,744,2.22,626,2.02,6279,08_29_48_24_06_2025,-5.88,1.38,7.83,0.45,0.05,-0.14
-10760,3.09,644,2.22,625,2.02,6299,08_29_48_24_06_2025,-5.82,1.21,7.74,0.51,0.04,-0.17
-10943,3.10,630,2.22,625,2.02,6319,08_29_48_24_06_2025,-5.79,1.19,7.81,0.37,-0.12,-0.14
-10865,3.10,520,2.23,625,2.02,6340,08_29_48_24_06_2025,-5.78,1.27,7.99,0.20,-0.13,-0.08
-10688,3.08,565,2.23,626,2.02,6363,08_29_48_24_06_2025,-5.79,1.40,7.99,0.00,-0.08,-0.02
-10724,3.09,277,2.25,626,2.02,6386,08_29_48_24_06_2025,-5.76,1.41,7.92,-0.20,-0.01,0.01
-10675,3.08,85,2.27,625,2.02,6406,08_29_48_24_06_2025,-5.80,1.45,7.90,-0.28,-0.01,0.03
-10658,3.08,-100,2.28,625,2.02,6426,08_29_48_24_06_2025,-5.89,1.47,7.60,-0.31,-0.02,0.04
-10511,3.07,-120,2.28,625,2.02,6446,08_29_48_24_06_2025,-5.91,1.53,7.52,-0.31,-0.08,0.05
-10671,3.08,558,2.23,625,2.02,6467,08_29_48_24_06_2025,-5.93,1.67,7.52,-0.27,-0.10,0.04
-10709,3.08,670,2.22,625,2.02,6490,08_29_48_24_06_2025,-5.81,1.83,7.62,-0.05,-0.07,-0.03
-10880,3.10,151,2.26,625,2.02,6510,08_29_48_24_06_2025,-5.90,1.90,8.00,0.12,0.01,-0.10
-10922,3.10,-104,2.28,626,2.02,6530,08_29_48_24_06_2025,-5.77,1.80,7.76,0.31,0.08,-0.17
-10957,3.10,-213,2.29,625,2.02,6551,08_29_48_24_06_2025,-5.70,1.62,7.72,0.44,-0.02,-0.19
-10942,3.10,-158,2.28,626,2.02,6571,08_29_48_24_06_2025,-5.80,1.55,7.76,0.37,-0.06,-0.13
-11082,3.11,-295,2.30,625,2.02,6591,08_29_48_24_06_2025,-5.75,1.62,7.84,0.06,-0.00,0.00
-11084,3.11,5,2.27,625,2.02,6614,08_29_48_24_06_2025,-5.73,1.60,7.79,-0.08,-0.03,0.04
-10900,3.10,-119,2.28,626,2.02,6634,08_29_48_24_06_2025,-5.92,1.62,7.30,-0.04,-0.03,0.05
-10482,3.07,48,2.27,625,2.02,6654,08_29_48_24_06_2025,-6.11,1.63,7.32,0.17,0.03,0.02
-10554,3.07,747,2.22,626,2.02,6674,08_29_48_24_06_2025,-6.18,1.70,7.24,0.10,0.12,-0.01
-10829,3.09,1039,2.19,625,2.02,6695,08_29_48_24_06_2025,-6.08,1.60,6.98,0.23,0.23,-0.09
-10921,3.10,878,2.21,626,2.02,6718,08_29_48_24_06_2025,-6.08,1.55,7.18,0.48,0.23,-0.15
-11276,3.13,1295,2.17,625,2.02,6741,08_29_48_24_06_2025,-6.12,1.47,7.36,0.52,0.19,-0.22
-11266,3.13,1149,2.19,625,2.02,6761,08_29_48_24_06_2025,-6.14,1.31,7.39,0.42,0.19,-0.17
-11192,3.12,883,2.21,626,2.02,6781,08_29_48_24_06_2025,-6.01,1.27,7.63,-0.03,0.19,-0.04
-11654,3.16,855,2.21,626,2.02,6801,08_29_48_24_06_2025,-5.83,1.26,7.99,-0.35,0.11,0.05
-11640,3.15,682,2.22,625,2.02,6821,08_29_48_24_06_2025,-5.69,1.30,8.18,-0.54,0.05,0.15
-11561,3.15,886,2.21,626,2.02,6844,08_29_48_24_06_2025,-5.80,1.30,8.13,-0.86,-0.01,0.27
-11679,3.16,937,2.20,625,2.02,6864,08_29_48_24_06_2025,-5.77,1.42,8.30,-1.11,-0.01,0.37
-11632,3.15,956,2.20,626,2.02,6884,08_29_48_24_06_2025,-5.71,1.51,8.24,-1.17,0.00,0.37
-11684,3.16,986,2.20,626,2.02,6904,08_29_48_24_06_2025,-5.76,1.57,8.30,-1.02,0.01,0.34
-11551,3.15,790,2.21,626,2.02,6924,08_29_48_24_06_2025,-5.79,1.70,8.19,-0.77,0.05,0.25
-11635,3.15,842,2.21,625,2.02,6944,08_29_48_24_06_2025,-5.90,1.66,7.98,-0.28,0.10,0.05
-11583,3.15,970,2.20,626,2.02,6967,08_29_48_24_06_2025,-5.96,1.59,7.80,-0.01,0.10,-0.04
-11417,3.14,976,2.20,627,2.02,6991,08_29_48_24_06_2025,-5.98,1.56,7.62,0.39,0.05,-0.17
-11737,3.16,807,2.21,626,2.02,7011,08_29_48_24_06_2025,-5.97,1.53,7.69,0.61,-0.02,-0.22
-11614,3.15,909,2.20,625,2.02,7031,08_29_48_24_06_2025,-5.93,1.52,7.72,0.72,-0.08,-0.25
-11339,3.13,822,2.21,626,2.02,7051,08_29_49_24_06_2025,-5.97,1.47,7.74,0.81,-0.11,-0.27
-10968,3.10,1065,2.19,625,2.02,7072,08_29_49_24_06_2025,-5.95,1.37,7.69,0.75,-0.05,-0.24
-10984,3.10,915,2.20,625,2.02,7095,08_29_49_24_06_2025,-6.08,1.27,7.48,0.68,-0.03,-0.21
-11142,3.12,1381,2.17,625,2.02,7115,08_29_49_24_06_2025,-6.29,1.20,7.24,0.51,-0.06,-0.14
-11455,3.14,1461,2.16,624,2.01,7135,08_29_49_24_06_2025,-6.20,1.22,7.64,0.27,-0.05,-0.08
-11415,3.14,1491,2.16,625,2.02,7155,08_29_49_24_06_2025,-6.00,1.36,7.53,0.24,-0.05,-0.08
-11509,3.14,1429,2.16,625,2.02,7176,08_29_49_24_06_2025,-6.14,1.33,7.60,0.26,0.00,-0.10
-11551,3.15,1213,2.18,626,2.02,7199,08_29_49_24_06_2025,-6.17,1.26,7.54,0.07,0.13,-0.08
-11640,3.15,1251,2.18,626,2.02,7219,08_29_49_24_06_2025,-6.13,1.23,7.34,-0.16,0.16,0.01
-11845,3.17,1253,2.18,626,2.02,7239,08_29_49_24_06_2025,-6.14,1.27,7.31,-0.41,0.10,0.10
-11704,3.16,1263,2.18,626,2.02,7259,08_29_49_24_06_2025,-6.08,1.38,7.43,-0.61,-0.01,0.17
-11734,3.16,1123,2.19,626,2.02,7279,08_29_49_24_06_2025,-5.95,1.55,7.81,-0.68,-0.08,0.24
-11498,3.14,769,2.21,625,2.02,7300,08_29_49_24_06_2025,-6.01,1.62,7.85,-0.74,-0.06,0.26
-11300,3.13,935,2.20,625,2.02,7322,08_29_49_24_06_2025,-6.12,1.65,7.62,-0.71,0.01,0.25
-11457,3.14,1062,2.19,626,2.02,7346,08_29_49_24_06_2025,-6.14,1.59,7.59,-0.55,0.08,0.21
-11434,3.14,1111,2.19,626,2.02,7366,08_29_49_24_06_2025,-5.96,1.59,7.67,-0.38,0.06,0.16
-11444,3.14,1461,2.16,626,2.02,7386,08_29_49_24_06_2025,-6.03,1.59,7.66,-0.13,-0.03,0.07
-11773,3.16,1466,2.16,626,2.02,7406,08_29_49_24_06_2025,-6.03,1.59,7.78,0.38,-0.03,-0.08
-11705,3.16,2087,2.11,625,2.02,7426,08_29_49_24_06_2025,-5.93,1.57,7.75,0.57,0.04,-0.19
-11891,3.17,2292,2.10,625,2.02,7449,08_29_49_24_06_2025,-5.96,1.48,8.06,0.71,0.08,-0.24
-11797,3.17,2212,2.11,626,2.02,7469,08_29_49_24_06_2025,-6.02,1.33,7.78,0.76,0.14,-0.27
-11796,3.17,2092,2.11,626,2.02,7490,08_29_49_24_06_2025,-5.98,1.22,7.82,0.68,0.10,-0.22
-11990,3.18,1956,2.12,626,2.02,7510,08_29_49_24_06_2025,-6.02,1.15,7.69,0.43,0.03,-0.13
-11818,3.17,2090,2.11,626,2.02,7530,08_29_49_24_06_2025,-6.03,1.13,7.53,0.16,-0.05,-0.02
-11781,3.17,2113,2.11,625,2.02,7550,08_29_49_24_06_2025,-6.16,1.28,7.32,-0.11,-0.09,0.09
-11587,3.15,2502,2.08,626,2.02,7573,08_29_49_24_06_2025,-6.19,1.38,7.55,-0.30,-0.13,0.13
-11563,3.15,2523,2.08,625,2.02,7593,08_29_49_24_06_2025,-6.11,1.43,7.57,-0.27,-0.08,0.11
-11621,3.15,1920,2.13,626,2.02,7613,08_29_49_24_06_2025,-6.25,1.54,7.48,-0.16,-0.01,0.05
-11712,3.16,1877,2.13,625,2.02,7634,08_29_49_24_06_2025,-6.10,1.40,7.36,0.04,0.09,-0.06
-11858,3.17,1253,2.18,625,2.02,7654,08_29_49_24_06_2025,-6.14,1.32,7.46,0.02,0.04,-0.08
-11837,3.17,710,2.22,625,2.02,7678,08_29_49_24_06_2025,-6.24,1.40,7.49,0.08,-0.01,-0.05
-11810,3.17,1021,2.20,624,2.01,7701,08_29_49_24_06_2025,-6.10,1.25,7.57,-0.12,-0.02,-0.03
-11872,3.17,1379,2.17,625,2.02,7721,08_29_49_24_06_2025,-5.89,1.26,7.75,-0.34,-0.06,0.07
-12191,3.20,1042,2.19,626,2.02,7741,08_29_49_24_06_2025,-5.79,1.67,7.99,-0.31,-0.05,0.13
-12215,3.20,988,2.20,625,2.02,7761,08_29_49_24_06_2025,-5.94,1.67,7.97,-0.29,-0.01,0.06
-12008,3.18,1648,2.15,626,2.02,7782,08_29_49_24_06_2025,-6.11,1.58,7.80,-0.18,0.04,0.02
-11680,3.16,1243,2.18,626,2.02,7804,08_29_49_24_06_2025,-6.34,1.53,7.33,-0.03,0.08,0.03
-11763,3.16,679,2.22,625,2.02,7824,08_29_49_24_06_2025,-6.06,1.60,7.33,-0.02,0.02,-0.01
-11520,3.15,442,2.24,625,2.02,7845,08_29_49_24_06_2025,-6.05,1.64,7.73,0.20,-0.05,-0.07
-11652,3.16,171,2.26,625,2.02,7865,08_29_49_24_06_2025,-6.11,1.44,7.61,0.43,-0.06,-0.14
-11644,3.15,346,2.25,625,2.02,7885,08_29_49_24_06_2025,-6.32,1.39,7.48,0.38,-0.01,-0.10
-11429,3.14,65,2.27,626,2.02,7905,08_29_49_24_06_2025,-6.13,1.30,7.59,0.12,-0.04,-0.02
-11483,3.14,254,2.25,626,2.02,7928,08_29_49_24_06_2025,-6.13,1.38,7.84,-0.04,-0.10,0.04
-11636,3.15,428,2.24,625,2.02,7951,08_29_49_24_06_2025,-6.08,1.47,7.93,0.14,-0.10,0.01
-11702,3.16,438,2.24,626,2.02,7971,08_29_49_24_06_2025,-6.02,1.37,7.73,0.13,-0.03,-0.01
-11729,3.16,574,2.23,625,2.02,7991,08_29_49_24_06_2025,-6.10,1.40,7.69,-0.08,0.08,0.04
-11574,3.15,698,2.22,625,2.02,8011,08_29_49_24_06_2025,-6.14,1.41,7.38,-0.14,0.13,0.07
-11484,3.14,859,2.21,625,2.02,8031,08_29_49_24_06_2025,-6.12,1.39,7.39,-0.09,0.07,0.01
-11637,3.15,1192,2.18,625,2.02,8054,08_29_50_24_06_2025,-6.10,1.36,7.60,0.05,0.02,0.00
-11510,3.14,1104,2.19,626,2.02,8074,08_29_50_24_06_2025,-6.12,1.39,7.53,0.01,0.01,0.01
-11700,3.16,1207,2.18,625,2.02,8094,08_29_50_24_06_2025,-6.14,1.45,7.37,-0.05,-0.02,0.02
-11771,3.16,1274,2.18,625,2.02,8114,08_29_50_24_06_2025,-6.10,1.37,7.52,0.01,-0.08,-0.01
-11667,3.16,1193,2.18,626,2.02,8134,08_29_50_24_06_2025,-6.06,1.43,7.75,-0.01,-0.05,0.03
-11752,3.16,1048,2.19,626,2.02,8157,08_29_50_24_06_2025,-6.06,1.48,7.71,-0.12,0.03,0.05
-11545,3.15,1249,2.18,625,2.02,8181,08_29_50_24_06_2025,-6.03,1.40,7.62,-0.12,0.03,0.03
-11530,3.15,956,2.20,625,2.02,8206,08_29_50_24_06_2025,-6.04,1.39,7.70,0.04,-0.05,-0.01
-11703,3.16,1118,2.19,625,2.02,8226,08_29_50_24_06_2025,-6.06,1.40,7.75,0.02,-0.06,-0.01
-11554,3.15,1117,2.19,626,2.02,8246,08_29_50_24_06_2025,-6.08,1.42,7.67,-0.03,-0.03,-0.01
-11445,3.14,1036,2.19,625,2.02,8267,08_29_50_24_06_2025,-6.05,1.44,7.62,0.03,-0.01,-0.04
-11569,3.15,1052,2.19,626,2.02,8291,08_29_50_24_06_2025,-6.05,1.47,7.70,0.12,-0.02,-0.06
-11522,3.15,1099,2.19,625,2.02,8311,08_29_50_24_06_2025,-6.08,1.48,7.71,0.11,0.03,-0.06
-11615,3.15,1055,2.19,625,2.02,8331,08_29_50_24_06_2025,-6.12,1.42,7.46,0.06,0.07,-0.05
-11653,3.16,1052,2.19,626,2.02,8351,08_29_50_24_06_2025,-6.12,1.40,7.40,0.04,0.00,-0.04
-11475,3.14,1183,2.18,626,2.02,8372,08_29_50_24_06_2025,-6.13,1.41,7.49,0.03,-0.05,-0.01
-11607,3.15,1145,2.19,626,2.02,8392,08_29_50_24_06_2025,-6.13,1.45,7.57,-0.02,-0.06,0.01
-11815,3.17,957,2.20,625,2.02,8415,08_29_50_24_06_2025,-6.12,1.48,7.50,-0.06,-0.02,0.01
-11578,3.15,866,2.21,626,2.02,8435,08_29_50_24_06_2025,-6.11,1.46,7.48,-0.01,-0.03,0.01
-11554,3.15,1048,2.19,626,2.02,8455,08_29_50_24_06_2025,-6.11,1.47,7.56,0.03,-0.03,-0.00
-11639,3.15,1129,2.19,625,2.02,8476,08_29_50_24_06_2025,-6.07,1.45,7.68,0.01,0.01,-0.01
-11574,3.15,1016,2.20,626,2.02,8496,08_29_50_24_06_2025,-6.06,1.41,7.68,-0.00,0.03,-0.01
-11529,3.15,1170,2.18,626,2.02,8519,08_29_50_24_06_2025,-6.04,1.39,7.67,0.00,0.01,0.01
-11564,3.15,1077,2.19,625,2.02,8539,08_29_50_24_06_2025,-6.05,1.40,7.70,-0.03,0.00,0.03
-11401,3.14,1108,2.19,626,2.02,8559,08_29_50_24_06_2025,-6.07,1.44,7.67,-0.12,0.02,0.05
-11706,3.16,1143,2.19,625,2.02,8579,08_29_50_24_06_2025,-6.08,1.48,7.57,-0.13,0.02,0.06
-11646,3.15,923,2.20,626,2.02,8599,08_29_50_24_06_2025,-6.10,1.51,7.53,-0.09,0.00,0.05
-11675,3.16,906,2.20,625,2.02,8619,08_29_50_24_06_2025,-6.12,1.52,7.55,-0.03,-0.00,0.03
-11634,3.15,932,2.20,625,2.02,8642,08_29_50_24_06_2025,-6.12,1.49,7.54,0.05,0.01,0.00
-11717,3.16,901,2.20,626,2.02,8665,08_29_50_24_06_2025,-6.11,1.43,7.53,0.10,0.00,-0.02
-11759,3.16,1076,2.19,625,2.02,8685,08_29_50_24_06_2025,-6.09,1.41,7.59,0.15,-0.03,-0.03
-11516,3.15,994,2.20,626,2.02,8706,08_29_50_24_06_2025,-6.05,1.39,7.68,0.14,-0.03,-0.04
-11217,3.12,842,2.21,626,2.02,8726,08_29_50_24_06_2025,-6.05,1.37,7.73,0.11,-0.02,-0.03
-11491,3.14,970,2.20,625,2.02,8746,08_29_50_24_06_2025,-6.03,1.34,7.70,0.08,-0.01,-0.02
-11759,3.16,989,2.20,626,2.02,8769,08_29_50_24_06_2025,-6.06,1.35,7.67,0.02,-0.00,-0.01
-11530,3.15,1098,2.19,625,2.02,8789,08_29_50_24_06_2025,-6.07,1.36,7.66,-0.03,0.00,0.00
-11600,3.15,1209,2.18,625,2.02,8809,08_29_50_24_06_2025,-6.10,1.38,7.62,-0.07,0.01,0.01
-11626,3.15,1168,2.18,626,2.02,8829,08_29_50_24_06_2025,-6.12,1.42,7.52,-0.08,0.01,0.01
-11791,3.17,1018,2.20,625,2.02,8849,08_29_50_24_06_2025,-6.14,1.44,7.49,-0.06,-0.00,0.00
-11777,3.16,1041,2.19,625,2.02,8881,08_29_50_24_06_2025,-6.13,1.46,7.50,-0.03,-0.01,-0.01
-11621,3.15,1080,2.19,625,2.02,9055,08_29_51_24_06_2025,-6.08,1.49,7.62,0.01,0.00,-0.01
-11670,3.16,1079,2.19,626,2.02,9078,08_29_51_24_06_2025,-6.10,1.48,7.58,0.06,0.02,-0.02
-11523,3.15,1067,2.19,626,2.02,9100,08_29_51_24_06_2025,-6.10,1.46,7.55,0.07,0.02,-0.02
-11704,3.16,1095,2.19,625,2.02,9122,08_29_51_24_06_2025,-6.10,1.45,7.54,0.07,0.01,-0.01
-11493,3.14,1014,2.20,625,2.02,9147,08_29_51_24_06_2025,-6.10,1.43,7.55,0.06,-0.01,-0.00
-11552,3.15,968,2.20,626,2.02,9175,08_29_51_24_06_2025,-6.10,1.42,7.56,0.03,-0.02,0.01
-11462,3.14,828,2.21,625,2.02,9197,08_29_51_24_06_2025,-6.10,1.41,7.59,0.01,-0.02,0.02
-11739,3.16,941,2.20,626,2.02,9222,08_29_51_24_06_2025,-6.09,1.40,7.62,-0.01,-0.01,0.02
-11642,3.15,973,2.20,626,2.02,9247,08_29_51_24_06_2025,-6.08,1.39,7.63,-0.02,0.00,0.02
-11585,3.15,853,2.21,625,2.02,9273,08_29_51_24_06_2025,-6.07,1.40,7.64,-0.02,0.01,0.01
-11635,3.15,1092,2.19,625,2.02,9298,08_29_51_24_06_2025,-6.07,1.39,7.63,-0.02,0.00,0.01
-11609,3.15,902,2.20,626,2.02,9326,08_29_51_24_06_2025,-6.07,1.41,7.63,-0.03,0.00,0.01
-11550,3.15,861,2.21,625,2.02,9348,08_29_51_24_06_2025,-6.07,1.42,7.61,-0.04,0.00,0.01
-11703,3.16,821,2.21,626,2.02,9373,08_29_51_24_06_2025,-6.09,1.44,7.59,-0.03,0.00,0.00
-11494,3.14,1062,2.19,625,2.02,9398,08_29_51_24_06_2025,-6.09,1.44,7.57,-0.02,-0.00,0.00
-11346,3.13,955,2.20,626,2.02,9423,08_29_51_24_06_2025,-6.10,1.45,7.56,0.01,-0.01,-0.01
-11602,3.15,1021,2.20,626,2.02,9449,08_29_51_24_06_2025,-6.09,1.44,7.58,0.04,-0.02,-0.03
-11647,3.16,1381,2.17,625,2.02,9476,08_29_51_24_06_2025,-6.07,1.44,7.62,0.06,-0.02,-0.03
-11493,3.14,1121,2.19,625,2.02,9499,08_29_51_24_06_2025,-6.07,1.42,7.64,0.06,-0.02,-0.03
-11624,3.15,1012,2.20,625,2.02,9524,08_29_51_24_06_2025,-6.07,1.41,7.63,0.05,-0.00,-0.03
-11534,3.15,1120,2.19,626,2.02,9549,08_29_51_24_06_2025,-6.07,1.41,7.63,0.01,0.00,-0.01
-11843,3.17,928,2.20,625,2.02,9574,08_29_51_24_06_2025,-6.09,1.43,7.59,-0.02,0.00,0.00
-11643,3.15,912,2.20,625,2.02,9599,08_29_51_24_06_2025,-6.11,1.45,7.55,-0.04,0.00,0.01
-11628,3.15,1078,2.19,626,2.02,9627,08_29_51_24_06_2025,-6.11,1.46,7.54,-0.04,-0.00,0.02
-11648,3.16,980,2.20,626,2.02,9649,08_29_51_24_06_2025,-6.11,1.48,7.54,-0.03,-0.00,0.01
-11733,3.16,1028,2.19,626,2.02,9675,08_29_51_24_06_2025,-6.09,1.47,7.56,-0.00,-0.00,0.01
-11397,3.14,1046,2.19,626,2.02,9700,08_29_51_24_06_2025,-6.09,1.45,7.60,0.01,-0.00,0.01
-11642,3.15,1055,2.19,625,2.02,9725,08_29_51_24_06_2025,-6.06,1.45,7.63,0.02,-0.01,0.01
-11619,3.15,977,2.20,625,2.02,9752,08_29_51_24_06_2025,-6.06,1.42,7.65,0.01,-0.00,0.01
-11635,3.15,989,2.20,626,2.02,9777,08_29_51_24_06_2025,-6.06,1.41,7.66,0.00,0.00,0.01
-11623,3.15,861,2.21,626,2.02,9799,08_29_51_24_06_2025,-6.06,1.42,7.64,0.00,0.01,0.01
-11486,3.14,960,2.20,625,2.02,9821,08_29_51_24_06_2025,-6.08,1.42,7.61,0.00,0.01,0.01
-11480,3.14,1046,2.19,626,2.02,9843,08_29_51_24_06_2025,-6.09,1.43,7.59,0.02,0.00,0.00
-11527,3.15,1118,2.19,625,2.02,9866,08_29_51_24_06_2025,-6.10,1.43,7.57,0.03,0.00,-0.01
-11548,3.15,860,2.21,625,2.02,9893,08_29_51_24_06_2025,-6.55,5.57,6.60,3.85,0.03,-0.33
-11546,3.15,960,2.20,625,2.02,9916,08_29_51_24_06_2025,-5.51,3.92,7.58,3.20,-0.25,-0.71
-11586,3.15,1183,2.18,625,2.02,9941,08_29_51_24_06_2025,-5.52,4.86,9.18,2.70,-0.42,-0.43
-11535,3.15,1009,2.20,625,2.02,9966,08_29_51_24_06_2025,-7.51,2.75,6.01,2.46,-0.07,-0.10
-11812,3.17,1220,2.18,625,2.02,9991,08_29_51_24_06_2025,-6.11,5.10,8.61,3.83,-0.02,-0.11
-11543,3.15,1186,2.18,626,2.02,10017,08_29_51_24_06_2025,-5.45,7.09,7.05,4.46,0.33,-0.33
-11805,3.17,973,2.20,625,2.02,10045,08_29_51_24_06_2025,-5.94,5.34,6.55,4.84,0.18,-0.83
-11477,3.14,1445,2.16,626,2.02,10067,08_29_52_24_06_2025,-6.07,3.91,6.94,4.42,-0.06,-0.93
-11569,3.15,1383,2.17,625,2.02,10092,08_29_52_24_06_2025,-6.20,2.64,6.69,3.34,0.04,-0.73
-11754,3.16,1422,2.16,625,2.02,10117,08_29_52_24_06_2025,-6.37,3.58,4.99,2.06,0.13,-0.48
-11754,3.16,1126,2.19,625,2.02,10142,08_29_52_24_06_2025,-6.63,4.40,4.20,1.85,0.08,-0.37
-11613,3.15,1336,2.17,626,2.02,10167,08_29_52_24_06_2025,-6.70,4.77,3.77,1.40,0.07,-0.28
-11501,3.14,1343,2.17,625,2.02,10195,08_29_52_24_06_2025,-6.63,5.17,3.74,0.55,-0.03,-0.12
-11279,3.13,1139,2.19,625,2.02,10217,08_29_52_24_06_2025,-6.68,6.01,3.45,0.05,0.06,0.06
-11454,3.14,1171,2.18,626,2.02,10243,08_29_52_24_06_2025,-6.61,5.74,3.85,0.03,0.13,0.16
-11358,3.13,1309,2.17,626,2.02,10268,08_29_52_24_06_2025,-6.51,5.91,3.42,-0.18,0.07,0.39
-11313,3.13,1100,2.19,625,2.02,10293,08_29_52_24_06_2025,-6.36,6.27,3.87,-0.19,0.01,0.20
-11356,3.13,1418,2.17,626,2.02,10321,08_29_52_24_06_2025,-6.49,5.99,3.93,-0.07,0.13,-0.17
-11262,3.13,1452,2.16,625,2.02,10343,08_29_52_24_06_2025,-6.45,6.37,4.06,-0.36,0.07,-0.46
-11146,3.12,1475,2.16,625,2.02,10368,08_29_52_24_06_2025,-6.63,5.85,4.10,-0.02,0.11,-0.57
-11232,3.12,1491,2.16,625,2.02,10393,08_29_52_24_06_2025,-6.71,5.36,3.01,-0.59,0.10,-0.42
-11258,3.13,1288,2.18,626,2.02,10419,08_29_52_24_06_2025,-6.51,5.99,3.12,-0.70,-0.14,-0.30
-11269,3.13,1327,2.17,625,2.02,10444,08_29_52_24_06_2025,-7.09,5.96,4.32,-0.98,-0.31,-0.37
-11364,3.13,1195,2.18,625,2.02,10473,08_29_52_24_06_2025,-6.40,6.87,3.91,-0.32,-0.32,-0.67
-11423,3.14,1271,2.18,626,2.02,10495,08_29_52_24_06_2025,-8.72,4.47,5.23,-0.13,-0.41,-0.77
-11253,3.13,1135,2.19,625,2.02,10518,08_29_52_24_06_2025,-6.72,4.49,4.30,-0.66,-0.08,-0.67
-11309,3.13,1241,2.18,625,2.02,10540,08_29_52_24_06_2025,-7.88,4.43,5.02,-0.68,-0.16,-0.65
-11197,3.12,1422,2.16,626,2.02,10563,08_29_52_24_06_2025,-7.32,4.09,4.22,-0.82,-0.05,-0.17
-11307,3.13,1134,2.19,626,2.02,10585,08_29_52_24_06_2025,-7.33,4.98,4.44,-0.89,-0.14,0.11
-11210,3.12,1014,2.20,625,2.02,10610,08_29_52_24_06_2025,-7.41,4.77,4.43,-1.25,-0.14,0.38
-11383,3.14,1054,2.19,625,2.02,10632,08_29_52_24_06_2025,-7.03,5.39,6.26,-1.55,-0.05,0.58
-11254,3.13,1212,2.18,625,2.02,10655,08_29_52_24_06_2025,-6.99,3.16,4.40,-0.34,0.24,0.49
-11042,3.11,1249,2.18,626,2.02,10677,08_29_52_24_06_2025,-7.15,3.12,4.20,-0.42,0.11,0.91
-11127,3.12,1371,2.17,625,2.02,10699,08_29_52_24_06_2025,-7.32,2.06,4.67,-0.53,-0.26,1.58
-11204,3.12,1570,2.15,625,2.02,10724,08_29_52_24_06_2025,-7.28,5.09,5.29,-0.93,-0.52,1.90
-11045,3.11,1523,2.16,625,2.02,10747,08_29_52_24_06_2025,-6.72,4.94,4.62,-1.77,-0.51,1.39
-10991,3.11,1502,2.16,625,2.02,10769,08_29_52_24_06_2025,-6.31,4.19,4.67,-2.74,-0.55,0.62
-11071,3.11,1427,2.16,625,2.02,10791,08_29_52_24_06_2025,-6.77,2.94,5.56,-3.14,-0.40,0.27
-11050,3.11,1547,2.16,626,2.02,10814,08_29_52_24_06_2025,-6.41,2.82,6.96,-3.61,-0.24,0.30
-11160,3.12,1417,2.17,625,2.02,10839,08_29_52_24_06_2025,-6.42,2.64,7.40,-3.10,0.39,0.25
-11394,3.14,856,2.21,626,2.02,10867,08_29_52_24_06_2025,-5.84,2.86,8.00,-2.90,0.48,0.42
-11470,3.14,469,2.24,625,2.02,10889,08_29_52_24_06_2025,-5.40,3.21,8.60,-3.38,0.06,0.34
-11714,3.16,218,2.26,625,2.02,10915,08_29_52_24_06_2025,-5.14,3.31,9.85,-3.42,-0.08,0.42
-11999,3.18,218,2.26,625,2.02,10940,08_29_52_24_06_2025,-5.05,3.33,10.03,-3.29,0.06,0.50
-12101,3.19,320,2.25,625,2.02,10965,08_29_52_24_06_2025,-4.96,3.24,9.79,-2.86,0.21,0.53
-12153,3.19,552,2.23,626,2.02,10990,08_29_52_24_06_2025,-5.21,3.15,9.03,-2.23,0.05,0.42
-12114,3.19,952,2.20,625,2.02,11018,08_29_52_24_06_2025,-5.63,3.08,8.14,-1.18,-0.06,0.11
-11932,3.18,968,2.20,626,2.02,11041,08_29_52_24_06_2025,-5.97,3.06,7.58,-0.29,-0.02,-0.27
-11742,3.16,1047,2.19,626,2.02,11066,08_29_53_24_06_2025,-6.09,2.99,7.29,1.18,0.09,-0.54
-11901,3.17,1133,2.19,625,2.02,11091,08_29_53_24_06_2025,-6.19,2.80,7.00,2.52,0.08,-0.90
-11737,3.16,971,2.20,626,2.02,11116,08_29_53_24_06_2025,-6.16,2.59,7.00,3.48,-0.05,-1.07
-11978,3.18,1289,2.18,625,2.02,11145,08_29_53_24_06_2025,-6.06,2.34,6.98,3.79,-0.27,-0.98
-11992,3.18,1420,2.17,626,2.02,11167,08_29_53_24_06_2025,-6.35,2.07,6.84,3.58,-0.26,-0.82
-12088,3.19,1679,2.15,625,2.02,11193,08_29_53_24_06_2025,-6.28,1.93,7.06,2.56,-0.18,-0.44
-12010,3.18,1386,2.17,625,2.02,11218,08_29_53_24_06_2025,-6.23,1.81,7.16,1.09,-0.02,-0.01
-11934,3.18,1556,2.15,625,2.02,11243,08_29_53_24_06_2025,-6.19,1.77,7.39,-0.11,0.27,0.35
-11449,3.14,1537,2.16,625,2.02,11268,08_29_53_24_06_2025,-6.15,1.88,7.18,-0.90,0.45,0.65
-11777,3.16,1374,2.17,625,2.02,11296,08_29_53_24_06_2025,-6.20,2.07,6.98,-1.39,0.44,0.77
-11805,3.17,1253,2.18,625,2.02,11318,08_29_53_24_06_2025,-6.20,2.15,6.89,-1.55,0.36,0.79
-11894,3.17,1314,2.17,626,2.02,11343,08_29_53_24_06_2025,-6.17,2.34,7.05,-1.51,0.24,0.71
-11844,3.17,1194,2.18,625,2.02,11368,08_29_53_24_06_2025,-6.02,2.43,7.49,-1.19,0.17,0.55
-11852,3.17,1018,2.20,625,2.02,11394,08_29_53_24_06_2025,-5.90,2.44,7.74,-1.02,0.15,0.45
-11989,3.18,1016,2.20,625,2.02,11419,08_29_53_24_06_2025,-5.80,2.42,7.99,-0.80,0.09,0.32
-12134,3.19,1109,2.19,625,2.02,11446,08_29_53_24_06_2025,-5.77,2.40,8.05,-0.48,-0.02,0.18
-11925,3.18,1072,2.19,625,2.02,11469,08_29_53_24_06_2025,-5.76,2.33,8.02,-0.12,-0.09,-0.02
-11916,3.18,880,2.21,625,2.02,11494,08_29_53_24_06_2025,-5.76,2.26,8.04,0.17,-0.14,-0.23
-11753,3.16,869,2.21,625,2.02,11519,08_29_53_24_06_2025,-5.82,2.25,8.00,0.58,-0.18,-0.37
-11883,3.17,779,2.21,625,2.02,11544,08_29_53_24_06_2025,-5.91,2.20,7.87,0.94,-0.13,-0.55
-11876,3.17,977,2.20,625,2.02,11573,08_29_53_24_06_2025,-5.99,2.21,7.58,1.05,-0.10,-0.63
-11802,3.17,765,2.21,625,2.02,11595,08_29_53_24_06_2025,-6.07,2.18,7.24,1.01,-0.16,-0.62
-11870,3.17,1047,2.19,626,2.02,11620,08_29_53_24_06_2025,-6.44,2.24,7.08,0.92,-0.14,-0.60
-11946,3.18,1134,2.19,626,2.02,11645,08_29_53_24_06_2025,-6.29,2.11,6.76,0.56,-0.10,-0.45
-11853,3.17,1155,2.19,625,2.02,11671,08_29_53_24_06_2025,-6.35,2.15,6.58,-0.16,-0.17,-0.18
-11961,3.18,1104,2.19,626,2.02,11696,08_29_53_24_06_2025,-6.33,2.34,6.79,-0.79,-0.14,0.08
-11871,3.17,955,2.20,625,2.02,11724,08_29_53_24_06_2025,-6.26,2.59,6.94,-1.16,-0.13,0.25
-11875,3.17,1058,2.19,625,2.02,11746,08_29_53_24_06_2025,-6.21,2.74,7.02,-1.19,-0.08,0.30
-11893,3.17,1034,2.19,625,2.02,11772,08_29_53_24_06_2025,-6.09,2.87,7.20,-1.02,-0.01,0.30
-11790,3.17,1032,2.19,625,2.02,11797,08_29_53_24_06_2025,-5.95,2.94,7.51,-0.73,0.02,0.26
-11886,3.17,1081,2.19,625,2.02,11822,08_29_53_24_06_2025,-5.90,2.92,7.69,-0.37,0.10,0.20
-12004,3.18,936,2.20,625,2.02,11847,08_29_53_24_06_2025,-5.88,2.90,7.64,-0.15,0.15,0.18
-11902,3.17,1065,2.19,626,2.02,11876,08_29_53_24_06_2025,-5.95,2.79,7.54,0.30,0.16,0.11
-12012,3.18,840,2.21,625,2.02,11899,08_29_53_24_06_2025,-5.99,2.75,7.50,0.48,0.13,0.08
-12055,3.19,1201,2.18,625,2.02,11921,08_29_53_24_06_2025,-6.10,2.61,7.37,0.71,0.08,0.04
-12045,3.19,888,2.21,625,2.02,11943,08_29_53_24_06_2025,-6.12,2.47,7.27,0.83,0.06,0.00
-11935,3.18,939,2.20,626,2.02,11966,08_29_53_24_06_2025,-6.13,2.28,7.27,0.91,0.03,-0.03
-11949,3.18,873,2.21,625,2.02,11991,08_29_53_24_06_2025,-6.13,2.17,7.35,0.95,0.01,-0.06
-12036,3.18,1057,2.19,626,2.02,12013,08_29_53_24_06_2025,-6.05,2.01,7.49,0.86,0.02,-0.08
-11766,3.16,1244,2.18,625,2.02,12038,08_29_53_24_06_2025,-6.05,1.89,7.51,0.70,0.03,-0.04
-11952,3.18,1047,2.19,625,2.02,12063,08_29_54_24_06_2025,-6.03,1.84,7.49,0.34,0.04,0.00
-11956,3.18,1035,2.19,625,2.02,12088,08_29_54_24_06_2025,-6.05,1.85,7.47,-0.09,0.03,0.08
-11930,3.18,996,2.20,626,2.02,12114,08_29_54_24_06_2025,-6.09,1.97,7.37,-0.41,0.05,0.12
-12004,3.18,759,2.22,626,2.02,12142,08_29_54_24_06_2025,-6.16,2.11,7.22,-0.59,0.03,0.11
-11725,3.16,705,2.22,626,2.02,12164,08_29_54_24_06_2025,-6.14,2.19,7.13,-0.63,-0.00,0.09
-11667,3.16,835,2.21,626,2.02,12189,08_29_54_24_06_2025,-6.13,2.33,7.25,-0.64,-0.06,0.03
-11892,3.17,1061,2.19,625,2.02,12214,08_29_54_24_06_2025,-6.08,2.48,7.38,-0.49,-0.08,-0.03
-11924,3.18,1504,2.16,625,2.02,12240,08_29_54_24_06_2025,-6.02,2.49,7.57,-0.44,-0.10,-0.11
-11703,3.16,1397,2.17,625,2.02,12265,08_29_54_24_06_2025,-5.97,2.57,7.65,-0.37,-0.11,-0.11
-11746,3.16,1428,2.16,625,2.02,12293,08_29_54_24_06_2025,-6.03,2.59,7.49,-0.21,-0.08,-0.13
-11267,3.13,1466,2.16,625,2.02,12315,08_29_54_24_06_2025,-6.26,2.57,7.13,-0.14,-0.09,-0.14
-11377,3.13,1183,2.18,625,2.02,12340,08_29_54_24_06_2025,-6.36,2.41,6.95,-0.01,-0.01,-0.17
-11284,3.13,727,2.22,625,2.02,12365,08_29_54_24_06_2025,-6.23,2.73,7.20,0.18,0.15,-0.25
-11419,3.14,243,2.25,626,2.02,12390,08_29_54_24_06_2025,-6.29,2.41,7.14,0.41,0.21,-0.36
-11114,3.11,-187,2.29,625,2.02,12418,08_29_54_24_06_2025,-6.12,2.19,7.27,0.40,0.06,-0.22
-11200,3.12,-535,2.31,625,2.02,12441,08_29_54_24_06_2025,-6.03,2.29,7.24,-0.02,-0.16,0.02
-11422,3.14,-494,2.31,625,2.02,12466,08_29_54_24_06_2025,-5.97,2.52,7.67,-0.44,-0.19,0.22
-11581,3.15,-880,2.34,626,2.02,12491,08_29_54_24_06_2025,-6.03,2.64,7.68,-0.45,-0.13,0.27
-11798,3.17,-991,2.35,625,2.02,12516,08_29_54_24_06_2025,-6.01,2.75,7.56,-0.34,0.10,0.28
-11546,3.15,-1502,2.39,624,2.01,12541,08_29_54_24_06_2025,-6.01,2.71,7.59,-0.21,0.18,0.20
-11505,3.14,-1685,2.40,625,2.02,12569,08_29_54_24_06_2025,-6.12,2.50,7.27,0.18,0.16,0.11
-11494,3.14,-1624,2.40,626,2.02,12592,08_29_54_24_06_2025,-6.12,2.42,7.31,0.42,0.07,0.05
-11443,3.14,-1503,2.39,625,2.02,12615,08_29_54_24_06_2025,-6.16,2.33,7.40,0.49,0.07,0.00
-11521,3.15,-1717,2.40,625,2.02,12637,08_29_54_24_06_2025,-6.11,2.18,7.32,0.57,0.11,-0.03
-11521,3.15,-2223,2.44,625,2.02,12659,08_29_54_24_06_2025,-6.03,2.13,7.47,0.56,0.05,-0.01
-11500,3.14,-2325,2.45,625,2.02,12682,08_29_54_24_06_2025,-5.97,2.13,7.60,0.43,-0.01,0.05
-11489,3.14,-2406,2.45,625,2.02,12710,08_29_54_24_06_2025,-5.86,2.18,8.02,0.13,-0.17,0.11
-11485,3.14,-2707,2.48,625,2.02,12732,08_29_54_24_06_2025,-5.72,2.20,8.05,0.01,-0.20,0.15
-11677,3.16,-2927,2.49,626,2.02,12757,08_29_54_24_06_2025,-5.67,2.23,8.28,-0.33,-0.27,0.25
-11395,3.14,-3213,2.52,625,2.02,12783,08_29_54_24_06_2025,-5.71,2.41,8.19,-0.56,-0.12,0.32
-11062,3.11,-3565,2.54,625,2.02,12808,08_29_54_24_06_2025,-5.65,2.56,8.15,-0.64,-0.03,0.28
-10913,3.10,-2974,2.50,625,2.02,12836,08_29_54_24_06_2025,-6.00,2.35,7.36,-0.49,-0.07,0.13
-10753,3.09,-2954,2.50,626,2.02,12858,08_29_54_24_06_2025,-6.06,2.32,7.00,-0.15,-0.18,0.07
-10793,3.09,-2846,2.49,626,2.02,12883,08_29_54_24_06_2025,-6.19,2.34,6.83,0.09,-0.37,-0.06
-10722,3.09,-2932,2.49,625,2.02,12909,08_29_54_24_06_2025,-6.19,2.44,6.78,0.36,-0.34,-0.18
-10453,3.06,-2871,2.49,624,2.01,12934,08_29_54_24_06_2025,-6.20,2.54,6.84,0.70,-0.23,-0.28
-10497,3.07,-2759,2.48,625,2.02,12959,08_29_54_24_06_2025,-6.20,2.51,6.84,1.00,0.01,-0.46
-10614,3.08,-2755,2.48,626,2.02,12987,08_29_54_24_06_2025,-6.06,2.24,6.89,1.07,0.13,-0.53
-10490,3.07,-2727,2.48,625,2.02,13009,08_29_54_24_06_2025,-6.22,1.90,6.47,0.75,0.04,-0.42
-10573,3.07,-2939,2.50,625,2.02,13035,08_29_54_24_06_2025,-6.13,1.91,6.56,0.41,-0.05,-0.25
-10464,3.07,-2779,2.48,625,2.02,13060,08_29_55_24_06_2025,-6.10,2.17,7.14,-0.43,-0.10,0.03
-10664,3.08,-2652,2.47,626,2.02,13085,08_29_55_24_06_2025,-5.92,2.40,7.26,-0.99,0.09,0.18
-10869,3.10,-2562,2.47,625,2.02,13113,08_29_55_24_06_2025,-5.86,2.55,7.64,-1.20,0.24,0.27
-10942,3.10,-2823,2.49,626,2.02,13135,08_29_55_24_06_2025,-5.82,2.50,7.48,-1.30,0.17,0.34
-11078,3.11,-3481,2.54,626,2.02,13161,08_29_55_24_06_2025,-5.82,2.40,7.53,-1.36,0.05,0.38
-11018,3.11,-4175,2.59,625,2.02,13186,08_29_55_24_06_2025,-5.74,2.36,7.84,-1.39,-0.08,0.46
-10994,3.11,-4082,2.58,625,2.02,13211,08_29_55_24_06_2025,-5.68,2.39,8.09,-1.09,-0.14,0.41
-11167,3.12,-3994,2.58,625,2.02,13236,08_29_55_24_06_2025,-5.70,2.40,8.20,-0.61,0.07,0.28
-11087,3.11,-3863,2.57,625,2.02,13264,08_29_55_24_06_2025,-5.76,2.29,8.00,-0.17,0.34,0.10
-11260,3.13,-3647,2.55,625,2.02,13288,08_29_55_24_06_2025,-5.81,2.12,7.88,0.09,0.39,-0.02
-11231,3.12,-3553,2.54,625,2.02,13310,08_29_55_24_06_2025,-5.89,1.81,7.65,0.49,0.28,-0.16
-11200,3.12,-4275,2.60,625,2.02,13333,08_29_55_24_06_2025,-5.90,1.65,7.52,0.70,0.12,-0.18
-11187,3.12,-4596,2.62,625,2.02,13355,08_29_55_24_06_2025,-5.87,1.66,7.69,0.68,-0.16,-0.12
-11277,3.13,-4785,2.64,625,2.02,13377,08_29_55_24_06_2025,-5.85,1.72,7.90,0.51,-0.24,-0.08
-11226,3.12,-5367,2.68,625,2.02,13402,08_29_55_24_06_2025,-5.88,1.77,7.97,0.29,-0.14,-0.03
-11233,3.12,-5384,2.68,625,2.02,13425,08_29_55_24_06_2025,-5.93,1.77,7.72,0.22,-0.02,-0.02
-11224,3.12,-6036,2.73,625,2.02,13447,08_29_55_24_06_2025,-6.01,1.64,7.55,0.05,0.08,-0.02
-11126,3.12,-6594,2.77,625,2.02,13472,08_29_55_24_06_2025,-6.05,1.64,7.43,-0.01,0.11,-0.01
-10888,3.10,-6573,2.77,626,2.02,13497,08_29_55_24_06_2025,-6.07,1.61,7.31,0.01,0.05,-0.04
-11183,3.12,-6541,2.77,626,2.02,13525,08_29_55_24_06_2025,-6.11,1.67,7.31,0.02,-0.06,-0.05
-11241,3.12,-6469,2.76,625,2.02,13547,08_29_55_24_06_2025,-6.08,1.73,7.51,-0.11,-0.03,-0.03
-11051,3.11,-6346,2.75,625,2.02,13572,08_29_55_24_06_2025,-6.09,1.83,7.42,-0.28,0.08,-0.01
-11260,3.13,-6573,2.77,624,2.01,13597,08_29_55_24_06_2025,-6.11,1.82,7.34,-0.32,0.10,0.01
-11229,3.12,-6506,2.77,625,2.02,13623,08_29_55_24_06_2025,-6.14,1.87,7.26,-0.35,0.07,0.04
-11114,3.11,-6287,2.75,625,2.02,13648,08_29_55_24_06_2025,-6.09,1.93,7.42,-0.32,0.01,0.03
-11051,3.11,-6420,2.76,625,2.02,13675,08_29_55_24_06_2025,-6.00,1.92,7.62,-0.20,-0.02,-0.01
-11197,3.12,-6099,2.73,625,2.02,13698,08_29_55_24_06_2025,-5.93,1.89,7.84,-0.02,0.00,-0.06
-11282,3.13,-6208,2.74,625,2.02,13723,08_29_55_24_06_2025,-5.88,1.83,7.86,0.01,0.01,-0.07
-11179,3.12,-6208,2.74,625,2.02,13748,08_29_55_24_06_2025,-5.85,1.79,8.04,-0.04,0.03,-0.03
-11189,3.12,-6155,2.74,625,2.02,13773,08_29_55_24_06_2025,-5.89,1.74,7.83,-0.11,0.01,0.02
-11095,3.11,-6197,2.74,625,2.02,13801,08_29_55_24_06_2025,-5.93,1.85,7.85,-0.14,-0.01,0.07
-11009,3.11,-6002,2.73,625,2.02,13823,08_29_55_24_06_2025,-5.97,1.89,7.69,-0.12,0.02,0.06
-11002,3.11,-6065,2.73,625,2.02,13849,08_29_55_24_06_2025,-6.07,1.98,7.50,0.01,0.06,0.03
-11196,3.12,-6237,2.75,625,2.02,13874,08_29_55_24_06_2025,-6.11,1.95,7.41,0.28,0.02,-0.05
-11130,3.12,-6748,2.78,625,2.02,13899,08_29_55_24_06_2025,-6.02,1.97,7.61,0.49,0.01,-0.11
-11002,3.11,-7116,2.81,625,2.02,13924,08_29_55_24_06_2025,-6.06,1.74,7.44,0.48,-0.03,-0.12
-11138,3.12,-6878,2.79,625,2.02,13952,08_29_55_24_06_2025,-6.08,1.65,7.37,0.32,-0.08,-0.00
-10925,3.10,-6707,2.78,626,2.02,13975,08_29_55_24_06_2025,-5.91,1.70,7.84,0.12,-0.13,0.05
-10945,3.10,-7637,2.85,625,2.02,14001,08_29_55_24_06_2025,-5.85,1.82,7.98,-0.04,-0.12,0.10
-10733,3.09,-7780,2.86,625,2.02,14023,08_29_55_24_06_2025,-5.88,1.83,7.87,0.05,-0.11,0.09
-10826,3.09,-7058,2.81,625,2.02,14051,08_29_56_24_06_2025,-5.92,1.80,7.59,-0.09,0.02,0.06
-10530,3.07,-6493,2.76,625,2.02,14073,08_29_56_24_06_2025,-6.06,1.72,7.47,-0.12,-0.03,0.07
-10732,3.09,-5171,2.66,625,2.02,14099,08_29_56_24_06_2025,-6.16,1.86,7.45,-0.02,-0.01,0.06
-10738,3.09,-4739,2.63,625,2.02,14121,08_29_56_24_06_2025,-6.10,1.91,7.29,0.07,-0.01,-0.00
-10696,3.08,-4668,2.63,625,2.02,14143,08_29_56_24_06_2025,-6.18,1.88,7.23,0.18,0.10,-0.10
-10581,3.07,-4398,2.61,624,2.01,14166,08_29_56_24_06_2025,-6.12,1.79,7.23,0.31,0.10,-0.18
-10435,3.06,-4502,2.61,625,2.02,14188,08_29_56_24_06_2025,-6.26,1.60,6.94,0.40,0.05,-0.19
-10489,3.07,-4595,2.62,624,2.01,14213,08_29_56_24_06_2025,-6.11,1.60,7.11,0.28,-0.04,-0.15
-10734,3.09,-4846,2.64,625,2.02,14236,08_29_56_24_06_2025,-6.03,1.69,7.51,-0.07,-0.09,-0.05
-10777,3.09,-4900,2.64,625,2.02,14258,08_29_56_24_06_2025,-6.00,1.79,7.74,-0.24,-0.06,0.01
-10754,3.09,-4865,2.64,625,2.02,14280,08_29_56_24_06_2025,-5.98,1.81,7.68,-0.35,-0.02,0.04
-10754,3.09,-4579,2.62,625,2.02,14303,08_29_56_24_06_2025,-5.94,1.85,7.67,-0.44,0.01,0.08
-10854,3.10,-4701,2.63,625,2.02,14325,08_29_56_24_06_2025,-5.90,1.91,7.70,-0.50,-0.04,0.09
-10835,3.09,-4386,2.61,626,2.02,14350,08_29_56_24_06_2025,-5.90,2.05,7.84,-0.41,-0.05,0.05
-11005,3.11,-4237,2.59,625,2.02,14372,08_29_56_24_06_2025,-5.91,2.08,7.78,-0.13,-0.02,-0.00
-10867,3.10,-3865,2.57,625,2.02,14395,08_29_56_24_06_2025,-6.03,2.06,7.44,-0.01,0.04,-0.04
-10852,3.09,-3442,2.53,625,2.02,14417,08_29_56_24_06_2025,-6.17,2.07,7.20,0.10,0.13,-0.08
-10812,3.09,-2991,2.50,625,2.02,14439,08_29_56_24_06_2025,-6.33,2.03,6.99,0.23,0.17,-0.12
-10964,3.10,-2524,2.46,625,2.02,14464,08_29_56_24_06_2025,-6.41,2.00,6.76,0.53,0.16,-0.21
-10928,3.10,-1962,2.42,626,2.02,14487,08_29_56_24_06_2025,-6.45,2.00,6.68,0.84,0.19,-0.31
-10711,3.08,-2204,2.44,625,2.02,14509,08_29_56_24_06_2025,-6.64,1.84,6.57,0.96,0.20,-0.38
-10615,3.08,-968,2.35,625,2.02,14534,08_29_56_24_06_2025,-6.92,1.66,6.41,1.03,0.32,-0.46
-10590,3.08,-829,2.34,625,2.02,14559,08_29_56_24_06_2025,-6.63,1.62,6.86,0.87,0.29,-0.41
-10701,3.08,-768,2.33,626,2.02,14584,08_29_56_24_06_2025,-6.44,1.51,6.85,0.62,0.24,-0.37
-10858,3.10,-850,2.34,625,2.02,14612,08_29_56_24_06_2025,-6.28,1.40,7.82,0.23,0.15,-0.30
-10872,3.10,-803,2.33,626,2.02,14635,08_29_56_24_06_2025,-6.07,1.33,8.12,-0.44,0.07,0.00
-10773,3.09,-1097,2.36,625,2.02,14660,08_29_56_24_06_2025,-5.85,1.55,8.41,-1.27,-0.02,0.33
-10705,3.08,-1040,2.35,625,2.02,14686,08_29_56_24_06_2025,-5.73,1.93,8.75,-1.72,-0.02,0.54
-10627,3.08,-1162,2.36,626,2.02,14711,08_29_56_24_06_2025,-5.69,2.17,8.68,-1.72,0.01,0.58
-10486,3.07,-1162,2.36,625,2.02,14736,08_29_56_24_06_2025,-5.92,2.50,8.15,-1.37,0.09,0.49
-10861,3.10,-1806,2.41,625,2.02,14764,08_29_56_24_06_2025,-5.94,2.69,7.91,-0.74,0.09,0.25
-10580,3.07,-2145,2.44,625,2.02,14786,08_29_56_24_06_2025,-6.01,2.80,7.96,0.07,0.04,-0.07
-10459,3.07,-2802,2.48,625,2.02,14811,08_29_56_24_06_2025,-5.91,2.83,8.16,0.75,0.00,-0.28
-10753,3.09,-2818,2.49,625,2.02,14837,08_29_56_24_06_2025,-5.94,2.55,8.09,1.46,-0.23,-0.47
-10668,3.08,-2843,2.49,625,2.02,14862,08_29_56_24_06_2025,-6.26,2.25,7.27,1.74,-0.52,-0.45
-10595,3.08,-2031,2.43,625,2.02,14890,08_29_56_24_06_2025,-6.43,2.19,7.11,1.71,-0.61,-0.34
-10540,3.07,-1794,2.41,625,2.02,14912,08_29_56_24_06_2025,-6.61,2.12,7.04,1.59,-0.35,-0.38
-10435,3.06,-1491,2.39,625,2.02,14937,08_29_56_24_06_2025,-6.67,1.92,6.88,1.65,-0.04,-0.44
-10272,3.05,-1172,2.36,625,2.02,14963,08_29_56_24_06_2025,-6.80,1.61,6.33,1.64,0.26,-0.43
-10014,3.03,-1079,2.35,626,2.02,14988,08_29_56_24_06_2025,-6.74,1.41,5.94,1.31,0.27,-0.36
-9857,3.02,-791,2.33,625,2.02,15013,08_29_56_24_06_2025,-6.67,1.33,6.30,0.63,0.10,-0.21
-9841,3.02,-589,2.32,625,2.02,15041,08_29_56_24_06_2025,-6.68,1.35,6.45,-0.24,-0.03,0.09
-9836,3.02,-432,2.31,625,2.02,15063,08_29_57_24_06_2025,-6.64,1.54,6.64,-0.93,-0.01,0.32
-9567,3.00,-516,2.31,625,2.02,15089,08_29_57_24_06_2025,-6.41,1.93,6.91,-1.76,-0.02,0.54
-9925,3.02,-826,2.34,625,2.02,15114,08_29_57_24_06_2025,-6.43,2.23,7.11,-2.16,0.02,0.69
-10199,3.05,-1125,2.36,626,2.02,15139,08_29_57_24_06_2025,-6.36,2.56,7.29,-1.99,0.12,0.67
-10040,3.03,-586,2.32,625,2.02,15164,08_29_57_24_06_2025,-6.33,2.60,6.85,-1.71,0.16,0.53
-10121,3.04,-829,2.34,625,2.02,15192,08_29_57_24_06_2025,-5.94,2.81,7.79,-1.01,0.11,0.27
-10346,3.06,-1357,2.38,625,2.02,15215,08_29_57_24_06_2025,-5.89,2.73,8.40,-0.14,0.15,-0.11
-10640,3.08,-1362,2.38,625,2.02,15240,08_29_57_24_06_2025,-5.82,2.42,7.83,0.62,0.14,-0.25
-10856,3.10,-1352,2.38,625,2.02,15265,08_29_57_24_06_2025,-5.82,2.45,8.01,0.60,-0.14,-0.28
-10112,3.04,-1115,2.36,625,2.02,15290,08_29_57_24_06_2025,-6.00,2.28,8.21,0.65,-0.21,-0.26
-9603,3.00,-894,2.34,625,2.02,15318,08_29_57_24_06_2025,-6.09,2.19,7.95,0.56,-0.02,-0.18
-9775,3.01,-1187,2.36,625,2.02,15341,08_29_57_24_06_2025,-6.36,2.16,7.31,0.38,0.14,-0.12
-9877,3.02,-906,2.34,625,2.02,15366,08_29_57_24_06_2025,-6.43,2.00,6.59,0.49,0.16,-0.17
-9635,3.00,-929,2.34,625,2.02,15391,08_29_57_24_06_2025,-6.62,1.90,6.54,0.60,-0.06,-0.19
-9950,3.03,-766,2.33,625,2.02,15417,08_29_57_24_06_2025,-6.63,1.83,6.58,0.69,-0.23,-0.17
-9770,3.01,-866,2.34,625,2.02,15440,08_29_57_24_06_2025,-6.53,1.84,6.89,0.36,-0.16,-0.11
-9770,3.01,-1012,2.35,626,2.02,15465,08_29_57_24_06_2025,-6.50,1.84,6.99,0.11,-0.03,-0.06
-10102,3.04,-1004,2.35,625,2.02,15487,08_29_57_24_06_2025,-6.42,1.82,6.99,-0.21,0.10,0.07
-9937,3.03,-945,2.34,625,2.02,15510,08_29_57_24_06_2025,-6.34,1.89,7.10,-0.50,0.07,0.16
-9762,3.01,-1144,2.36,625,2.02,15532,08_29_57_24_06_2025,-6.25,2.04,7.33,-0.73,-0.01,0.25
-9765,3.01,-980,2.35,625,2.02,15557,08_29_57_24_06_2025,-6.21,2.20,7.43,-0.75,-0.07,0.28
-10022,3.03,-920,2.34,626,2.02,15582,08_29_57_24_06_2025,-6.22,2.30,7.43,-0.67,-0.06,0.26
-9720,3.01,-652,2.32,626,2.02,15610,08_29_57_24_06_2025,-6.19,2.40,7.47,-0.49,0.07,0.14
-9653,3.00,-763,2.33,625,2.02,15633,08_29_57_24_06_2025,-6.20,2.39,7.43,-0.22,0.11,0.07
-9690,3.01,-1141,2.36,625,2.02,15658,08_29_57_24_06_2025,-6.22,2.30,7.34,0.10,0.09,-0.04
-9811,3.02,-667,2.32,625,2.02,15683,08_29_57_24_06_2025,-6.25,2.21,7.26,0.29,0.01,-0.11
-9789,3.01,-803,2.33,625,2.02,15708,08_29_57_24_06_2025,-6.28,2.16,7.25,0.50,-0.09,-0.15
-9999,3.03,-763,2.33,626,2.02,15736,08_29_57_24_06_2025,-6.31,2.07,7.26,0.56,-0.09,-0.17
-9653,3.00,-930,2.34,624,2.01,15758,08_29_57_24_06_2025,-6.34,1.99,7.26,0.50,-0.03,-0.16
-9948,3.03,-859,2.34,625,2.02,15783,08_29_57_24_06_2025,-6.28,1.89,7.30,0.37,0.01,-0.13
-9889,3.02,-653,2.32,625,2.02,15808,08_29_57_24_06_2025,-6.29,1.84,7.28,0.22,0.00,-0.08
-9834,3.02,-769,2.33,626,2.02,15833,08_29_57_24_06_2025,-6.32,1.81,7.19,-0.04,-0.03,0.02
-9802,3.02,-1017,2.35,625,2.02,15859,08_29_57_24_06_2025,-6.36,1.91,7.15,-0.30,-0.06,0.11
-9792,3.01,-981,2.35,626,2.02,15886,08_29_57_24_06_2025,-6.39,2.05,7.09,-0.39,0.02,0.13
-9770,3.01,-826,2.34,625,2.02,15909,08_29_57_24_06_2025,-6.39,2.11,7.09,-0.39,0.06,0.11
-9789,3.01,-778,2.33,625,2.02,15934,08_29_57_24_06_2025,-6.35,2.13,7.10,-0.30,0.08,0.06
-9655,3.00,-729,2.33,625,2.02,15959,08_29_57_24_06_2025,-6.27,2.13,7.21,-0.22,0.01,0.05
-9986,3.03,-753,2.33,625,2.02,15984,08_29_57_24_06_2025,-6.22,2.17,7.39,-0.18,-0.07,0.05
-9979,3.03,-860,2.34,626,2.02,16010,08_29_57_24_06_2025,-6.20,2.22,7.46,-0.12,-0.07,0.05
-9677,3.01,-680,2.32,625,2.02,16038,08_29_57_24_06_2025,-6.23,2.24,7.42,0.01,-0.02,-0.00
-9688,3.01,-772,2.33,625,2.02,16060,08_29_58_24_06_2025,-6.24,2.24,7.38,0.15,0.01,-0.05
-9673,3.01,-794,2.33,625,2.02,16085,08_29_58_24_06_2025,-6.26,2.16,7.32,0.34,0.02,-0.12
-9656,3.00,-620,2.32,626,2.02,16110,08_29_58_24_06_2025,-6.28,2.03,7.28,0.38,0.00,-0.14
-9842,3.02,-694,2.33,625,2.02,16137,08_29_58_24_06_2025,-6.32,1.95,7.24,0.29,-0.01,-0.09
-9673,3.01,-809,2.33,625,2.02,16165,08_29_58_24_06_2025,-6.38,1.93,7.15,0.10,0.00,-0.01
-9922,3.02,-802,2.33,625,2.02,16187,08_29_58_24_06_2025,-6.39,1.95,7.07,-0.02,0.01,0.02
-10407,3.06,-802,2.33,621,2.00,16212,08_29_58_24_06_2025,-6.39,1.98,7.09,-0.10,-0.00,0.05
-10865,3.10,-935,2.34,625,2.02,16237,08_29_58_24_06_2025,-6.38,2.00,7.12,-0.13,-0.00,0.06
-10577,3.07,-789,2.33,625,2.02,16262,08_29_58_24_06_2025,-6.39,2.01,7.11,-0.17,-0.01,0.06
-10607,3.08,-838,2.34,625,2.02,16287,08_29_58_24_06_2025,-6.39,2.14,7.05,-0.05,0.02,0.03
-10516,3.07,-1066,2.35,625,2.02,16315,08_29_58_24_06_2025,-6.33,2.26,7.22,0.08,0.04,-0.05
-10273,3.05,-930,2.34,625,2.02,16338,08_29_58_24_06_2025,-6.24,2.24,7.31,0.30,0.08,-0.14
-10368,3.06,-1000,2.35,625,2.02,16363,08_29_58_24_06_2025,-6.18,2.01,7.43,0.29,-0.04,-0.15
-10273,3.05,-960,2.35,625,2.02,16388,08_29_58_24_06_2025,-6.17,1.95,7.57,0.15,-0.08,-0.06
-9966,3.03,-892,2.34,625,2.02,16413,08_29_58_24_06_2025,-6.19,1.97,7.57,-0.19,-0.07,0.07
-10046,3.03,-723,2.33,625,2.02,16439,08_29_58_24_06_2025,-6.27,2.18,7.49,-0.35,0.04,0.13
-10040,3.03,-950,2.34,625,2.02,16467,08_29_58_24_06_2025,-6.39,2.23,7.06,-0.22,0.13,0.06
-10181,3.04,-911,2.34,625,2.02,16489,08_29_58_24_06_2025,-6.45,2.21,6.83,-0.03,0.07,-0.02
-10194,3.05,-941,2.34,626,2.02,16514,08_29_58_24_06_2025,-6.42,2.18,6.94,0.26,-0.05,-0.10
-10162,3.04,-900,2.34,626,2.02,16539,08_29_58_24_06_2025,-6.33,2.10,7.26,0.24,-0.08,-0.10
-10093,3.04,-806,2.33,625,2.02,16565,08_29_58_24_06_2025,-6.30,2.04,7.31,0.05,-0.01,-0.03
-10228,3.05,-1075,2.35,625,2.02,16593,08_29_58_24_06_2025,-6.31,2.07,7.24,-0.10,-0.00,0.04
-10148,3.04,-1082,2.35,625,2.02,16615,08_29_58_24_06_2025,-6.28,2.13,7.25,-0.09,-0.04,0.04
-9947,3.03,-848,2.34,625,2.02,16640,08_29_58_24_06_2025,-6.36,2.12,7.04,-0.03,-0.03,0.00
-10092,3.04,-533,2.31,625,2.02,16665,08_29_58_24_06_2025,-6.44,2.02,7.05,0.11,0.00,-0.03
-10390,3.06,-514,2.31,625,2.02,16690,08_29_58_24_06_2025,-6.37,2.12,7.22,0.08,0.13,-0.07
-10345,3.06,-888,2.34,626,2.02,16716,08_29_58_24_06_2025,-6.37,2.02,7.23,0.09,0.15,-0.08
-10492,3.07,-1050,2.35,625,2.02,16743,08_29_58_24_06_2025,-6.31,1.95,7.17,-0.00,0.10,0.05
-10614,3.08,-1602,2.39,625,2.02,16766,08_29_58_24_06_2025,-6.30,2.03,7.27,-0.27,-0.06,0.09
-10538,3.07,-1453,2.38,625,2.02,16791,08_29_58_24_06_2025,-6.37,2.11,7.27,-0.31,-0.13,0.14
-10297,3.05,-1242,2.37,625,2.02,16816,08_29_58_24_06_2025,-6.51,2.09,6.85,-0.26,-0.13,0.13
-9922,3.02,-1334,2.37,625,2.02,16842,08_29_58_24_06_2025,-6.48,2.18,6.96,-0.14,-0.01,0.05
-9791,3.01,-1694,2.40,625,2.02,16867,08_29_58_24_06_2025,-6.45,2.16,7.32,0.13,0.20,-0.11
-9910,3.02,-1874,2.41,626,2.02,16895,08_29_58_24_06_2025,-6.51,1.81,6.96,0.32,0.32,-0.21
-9928,3.02,-2308,2.45,625,2.02,16918,08_29_58_24_06_2025,-6.46,1.64,7.09,0.09,0.12,-0.08
-9733,3.01,-2245,2.44,625,2.02,16943,08_29_58_24_06_2025,-6.38,1.77,7.32,-0.14,0.04,0.01
-9955,3.03,-2245,2.44,625,2.02,16968,08_29_58_24_06_2025,-6.25,1.81,7.52,-0.37,-0.05,0.11
-10034,3.03,-1712,2.40,625,2.02,16993,08_29_58_24_06_2025,-6.32,1.86,7.41,-0.52,-0.10,0.18
-9966,3.03,-1671,2.40,625,2.02,17021,08_29_58_24_06_2025,-6.34,1.99,7.24,-0.59,-0.05,0.23
-9861,3.02,-1405,2.38,625,2.02,17043,08_29_58_24_06_2025,-6.31,2.08,7.52,-0.62,-0.04,0.17
-10067,3.04,-1344,2.37,625,2.02,17068,08_29_59_24_06_2025,-6.36,2.06,7.42,-0.36,0.07,0.10
-9995,3.03,-1670,2.40,625,2.02,17093,08_29_59_24_06_2025,-6.39,1.96,7.48,-0.08,0.17,0.00
-10148,3.04,-1717,2.40,625,2.02,17118,08_29_59_24_06_2025,-6.43,1.84,7.17,0.09,0.13,-0.08
-10320,3.05,-1821,2.41,625,2.02,17144,08_29_59_24_06_2025,-6.42,1.82,7.11,0.17,0.02,-0.05
-10320,3.05,-2162,2.44,624,2.01,17171,08_29_59_24_06_2025,-6.46,1.96,7.14,0.22,-0.10,-0.03
-10138,3.04,-2013,2.43,625,2.02,17194,08_29_59_24_06_2025,-6.56,2.01,7.06,0.23,-0.08,-0.04
-10267,3.05,-1778,2.41,625,2.02,17219,08_29_59_24_06_2025,-6.52,2.01,7.11,0.30,-0.06,-0.06
-10252,3.05,-2046,2.43,625,2.02,17244,08_29_59_24_06_2025,-6.36,1.98,7.51,0.43,-0.05,-0.12
-10144,3.04,-2291,2.45,625,2.02,17269,08_29_59_24_06_2025,-6.22,1.78,7.65,0.45,-0.07,-0.14
-10219,3.05,-2617,2.47,624,2.01,17295,08_29_59_24_06_2025,-6.14,1.66,7.71,0.32,-0.10,-0.06
-10047,3.03,-2172,2.44,625,2.02,17323,08_29_59_24_06_2025,-6.18,1.67,7.74,-0.06,-0.14,0.09
-10206,3.05,-1493,2.39,625,2.02,17345,08_29_59_24_06_2025,-6.29,1.84,7.58,-0.34,-0.06,0.21
-9987,3.03,-1147,2.36,625,2.02,17370,08_29_59_24_06_2025,-6.41,2.03,7.27,-0.39,0.04,0.19
-10007,3.03,-777,2.33,625,2.02,17395,08_29_59_24_06_2025,-6.49,2.06,7.00,-0.28,0.08,0.15
-10073,3.04,-1349,2.37,625,2.02,17421,08_29_59_24_06_2025,-6.50,2.09,6.73,-0.01,0.05,0.05
-9976,3.03,-2090,2.43,625,2.02,17449,08_29_59_24_06_2025,-6.50,2.05,6.82,0.22,-0.08,-0.05
-9865,3.02,-2217,2.44,625,2.02,17471,08_29_59_24_06_2025,-6.36,1.94,7.17,0.36,-0.18,-0.08
-9965,3.03,-1548,2.39,625,2.02,17496,08_29_59_24_06_2025,-6.27,1.85,7.39,0.30,-0.19,-0.05
-10079,3.04,-1139,2.36,625,2.02,17521,08_29_59_24_06_2025,-6.25,1.81,7.53,0.10,-0.15,0.02
-9875,3.02,-1313,2.37,625,2.02,17547,08_29_59_24_06_2025,-6.18,1.81,7.65,-0.15,-0.12,0.09
-10016,3.03,-1012,2.35,625,2.02,17573,08_29_59_24_06_2025,-6.16,1.86,7.41,-0.18,-0.06,0.11
-10113,3.04,-1062,2.35,625,2.02,17601,08_29_59_24_06_2025,-6.22,1.95,7.37,-0.19,-0.06,0.07
-10353,3.06,-2360,2.45,625,2.02,17623,08_29_59_24_06_2025,-6.32,1.97,7.28,-0.09,-0.03,0.01
-10193,3.04,-2169,2.44,625,2.02,17648,08_29_59_24_06_2025,-6.41,1.90,6.93,0.06,-0.01,-0.03
-10183,3.04,-1354,2.38,625,2.02,17673,08_29_59_24_06_2025,-6.45,1.94,6.70,0.11,-0.03,-0.04
-10361,3.06,-96,2.28,625,2.02,17699,08_29_59_24_06_2025,-6.16,2.07,7.07,0.13,-0.09,-0.08
-10317,3.05,1185,2.18,626,2.02,17727,08_29_59_24_06_2025,-6.31,1.80,6.93,0.25,0.12,-0.15
-10451,3.06,1240,2.18,625,2.02,17749,08_29_59_24_06_2025,-6.49,1.65,6.95,0.12,0.11,-0.10
-10648,3.08,1421,2.17,625,2.02,17774,08_29_59_24_06_2025,-6.45,1.61,7.10,-0.17,-0.04,0.03
-10622,3.08,1062,2.19,625,2.02,17799,08_29_59_24_06_2025,-6.33,1.71,7.47,-0.46,0.01,0.12
-11068,3.11,410,2.24,625,2.02,17825,08_29_59_24_06_2025,-6.23,1.79,7.57,-0.51,0.09,0.13
-11001,3.11,362,2.25,625,2.02,17850,08_29_59_24_06_2025,-6.21,1.78,7.52,-0.51,0.08,0.13
-10530,3.07,656,2.22,625,2.02,17878,08_29_59_24_06_2025,-6.29,1.75,7.04,-0.45,0.05,0.11
-10568,3.07,53,2.27,625,2.02,17900,08_29_59_24_06_2025,-6.26,1.90,7.42,-0.38,-0.02,0.12
-10466,3.07,-1284,2.37,625,2.02,17925,08_29_59_24_06_2025,-6.04,2.23,7.70,-0.13,-0.05,0.08
-10607,3.08,-2443,2.46,625,2.02,17950,08_29_59_24_06_2025,-5.88,2.40,7.86,0.17,-0.03,-0.04
-10436,3.06,-4256,2.60,625,2.02,17975,08_29_59_24_06_2025,-6.14,2.50,8.00,0.40,0.16,-0.11
-10308,3.05,-5957,2.72,625,2.02,18000,08_29_59_24_06_2025,-6.14,2.31,7.69,0.59,0.18,-0.17
-10167,3.04,-7192,2.82,625,2.02,18036,08_29_59_24_06_2025,-6.23,2.20,7.25,0.83,-0.27,-0.12
-10683,3.08,-7451,2.84,625,2.02,18061,08_30_00_24_06_2025,-5.90,2.18,8.31,0.87,-0.34,-0.21
-10683,3.08,-7332,2.83,625,2.02,18086,08_30_00_24_06_2025,-6.23,1.68,7.67,0.92,-0.15,-0.29
-10135,3.04,-6755,2.78,626,2.02,18112,08_30_00_24_06_2025,-6.23,1.52,7.36,0.81,-0.06,-0.12
-10044,3.03,-6197,2.74,626,2.02,18137,08_30_00_24_06_2025,-6.15,1.75,7.35,0.17,-0.09,-0.08
-10042,3.03,-5359,2.68,626,2.02,18165,08_30_00_24_06_2025,-6.24,1.71,7.46,0.22,0.02,-0.11
-9530,2.99,-4476,2.61,625,2.02,18187,08_30_00_24_06_2025,-6.46,1.60,6.68,-0.04,-0.00,0.08
-9245,2.97,-2588,2.47,625,2.02,18212,08_30_00_24_06_2025,-6.60,1.91,6.16,-0.52,-0.06,0.16
-9526,2.99,-1572,2.39,624,2.01,18237,08_30_00_24_06_2025,-6.61,1.99,6.64,-0.59,-0.06,0.04
-9145,2.97,-1150,2.36,625,2.02,18263,08_30_00_24_06_2025,-6.69,1.97,6.60,-0.09,0.04,-0.10
-9469,2.99,-872,2.34,625,2.02,18289,08_30_00_24_06_2025,-6.56,1.69,6.47,-0.05,0.12,-0.12
-9522,2.99,-779,2.33,625,2.02,18317,08_30_00_24_06_2025,-6.37,1.82,7.13,-0.56,-0.02,-0.00
-9347,2.98,-1369,2.38,625,2.02,18339,08_30_00_24_06_2025,-6.06,1.93,7.89,-0.57,0.00,0.04
-9338,2.98,-2459,2.46,625,2.02,18364,08_30_00_24_06_2025,-5.83,1.93,8.15,-0.58,0.02,0.07
-9232,2.97,-1695,2.40,625,2.02,18390,08_30_00_24_06_2025,-5.85,1.85,7.93,-0.84,-0.08,0.18
-9333,2.98,-1609,2.39,625,2.02,18415,08_30_00_24_06_2025,-5.99,1.93,7.82,-0.99,-0.06,0.27
-9521,2.99,-2573,2.47,624,2.01,18440,08_30_00_24_06_2025,-5.87,2.24,7.97,-0.72,-0.04,0.22
-9609,3.00,-4155,2.59,626,2.02,18468,08_30_00_24_06_2025,-5.73,2.48,8.61,-0.19,-0.05,0.08
-9381,2.98,-4155,2.59,625,2.02,18490,08_30_00_24_06_2025,-5.78,2.46,8.33,0.17,0.07,-0.06
-9187,2.97,-7115,2.81,625,2.02,18515,08_30_00_24_06_2025,-5.92,2.10,7.85,0.43,0.17,-0.17
-9050,2.96,-8009,2.88,625,2.02,18541,08_30_00_24_06_2025,-5.94,2.01,7.54,0.54,-0.12,-0.09
-9246,2.97,-6958,2.80,625,2.02,18566,08_30_00_24_06_2025,-6.60,2.09,6.82,0.66,-0.41,-0.01
-9069,2.96,-5249,2.67,625,2.02,18594,08_30_00_24_06_2025,-6.13,2.27,7.57,0.94,-0.47,-0.02
-9134,2.96,-4488,2.61,625,2.02,18616,08_30_00_24_06_2025,-6.06,2.09,7.95,0.76,-0.28,-0.13
-9221,2.97,-4605,2.62,626,2.02,18641,08_30_00_24_06_2025,-6.38,2.06,7.06,1.06,0.29,-0.26
-8972,2.95,-3148,2.51,626,2.02,18667,08_30_00_24_06_2025,-6.30,1.67,6.19,1.61,0.46,-0.47
-9348,2.98,-1593,2.39,625,2.02,18692,08_30_00_24_06_2025,-6.75,1.25,6.03,1.51,0.19,-0.53
-9348,2.98,-1146,2.36,625,2.02,18717,08_30_00_24_06_2025,-6.65,1.22,6.25,1.13,-0.01,-0.31
-9637,3.00,-818,2.33,625,2.02,18745,08_30_00_24_06_2025,-6.52,1.39,6.97,0.29,-0.04,-0.06
-9557,3.00,-1646,2.40,625,2.02,18767,08_30_00_24_06_2025,-6.32,1.55,7.43,-0.79,0.19,0.16
-9565,3.00,-2196,2.44,624,2.01,18793,08_30_00_24_06_2025,-6.13,1.48,7.45,-1.39,0.28,0.43
-9340,2.98,-2689,2.48,625,2.02,18818,08_30_00_24_06_2025,-5.93,1.53,7.77,-2.10,0.07,0.62
-9557,3.00,-2709,2.48,625,2.02,18843,08_30_00_24_06_2025,-5.81,1.78,8.17,-2.32,-0.24,0.70
-9667,3.01,-2283,2.45,625,2.02,18868,08_30_00_24_06_2025,-5.83,1.94,8.32,-1.99,-0.19,0.61
-9597,3.00,-2378,2.45,625,2.02,18896,08_30_00_24_06_2025,-5.90,1.99,8.23,-1.63,-0.00,0.44
-9449,2.99,-2481,2.46,625,2.02,18919,08_30_00_24_06_2025,-5.88,2.00,8.13,-1.32,0.13,0.33
-9163,2.97,-3100,2.51,625,2.02,18944,08_30_00_24_06_2025,-5.89,1.95,8.06,-0.82,0.24,0.12
-9342,2.98,-2934,2.49,624,2.01,18969,08_30_00_24_06_2025,-5.97,1.74,7.90,-0.28,0.22,-0.12
-9421,2.99,-2036,2.43,625,2.02,18995,08_30_00_24_06_2025,-6.12,1.64,7.43,0.38,0.03,-0.27
-9684,3.01,-1280,2.37,625,2.02,19023,08_30_00_24_06_2025,-6.19,1.66,7.33,0.89,-0.22,-0.30
-9746,3.01,-1353,2.38,625,2.02,19045,08_30_00_24_06_2025,-6.15,1.76,7.46,1.04,-0.30,-0.34
-9908,3.02,-1061,2.35,626,2.02,19071,08_30_01_24_06_2025,-6.09,1.84,7.82,1.22,-0.17,-0.42
-9825,3.02,-403,2.30,625,2.02,19096,08_30_01_24_06_2025,-6.31,1.53,7.47,1.34,0.03,-0.49
-10016,3.03,148,2.26,625,2.02,19121,08_30_01_24_06_2025,-6.47,1.23,6.85,1.26,0.10,-0.41
-9981,3.03,205,2.26,625,2.02,19146,08_30_01_24_06_2025,-6.47,1.30,6.81,1.10,0.10,-0.31
-10034,3.03,198,2.26,625,2.02,19174,08_30_01_24_06_2025,-6.36,1.45,6.78,0.82,0.05,-0.24
-9940,3.03,-287,2.29,625,2.02,19196,08_30_01_24_06_2025,-6.62,1.40,6.98,0.69,0.16,-0.23
-9928,3.02,-455,2.31,626,2.02,19221,08_30_01_24_06_2025,-6.56,1.10,7.07,0.12,0.14,-0.10
-9926,3.02,-82,2.28,625,2.02,19246,08_30_01_24_06_2025,-6.49,0.91,6.91,-0.75,0.01,0.25
-10095,3.04,92,2.27,625,2.02,19271,08_30_01_24_06_2025,-6.33,1.16,7.35,-1.26,-0.05,0.46
-10213,3.05,-344,2.30,625,2.02,19296,08_30_01_24_06_2025,-6.34,1.51,7.61,-1.58,0.11,0.58
-10218,3.05,-283,2.29,625,2.02,19324,08_30_01_24_06_2025,-6.31,1.64,7.66,-1.55,0.37,0.53
-10303,3.05,-531,2.31,625,2.02,19347,08_30_01_24_06_2025,-6.36,1.50,7.48,-1.37,0.40,0.42
-10295,3.05,-959,2.35,625,2.02,19372,08_30_01_24_06_2025,-6.41,1.40,7.43,-1.22,0.38,0.37
-10295,3.05,-899,2.34,626,2.02,19397,08_30_01_24_06_2025,-6.52,1.22,7.24,-0.96,0.29,0.29
-10141,3.04,-385,2.30,625,2.02,19422,08_30_01_24_06_2025,-6.45,1.15,7.21,-0.73,0.12,0.26
-10335,3.06,-697,2.33,625,2.02,19450,08_30_01_24_06_2025,-6.12,1.42,7.87,-0.45,-0.07,0.21
-10399,3.06,-1051,2.35,625,2.02,19472,08_30_01_24_06_2025,-5.86,1.56,8.74,-0.16,-0.08,0.00
-10316,3.05,-1042,2.35,625,2.02,19498,08_30_01_24_06_2025,-5.94,1.37,8.65,0.32,0.04,-0.15
-10235,3.05,-1346,2.37,625,2.02,19523,08_30_01_24_06_2025,-5.97,1.11,8.11,0.55,-0.00,-0.16
-10055,3.03,-1563,2.39,625,2.02,19548,08_30_01_24_06_2025,-5.78,1.21,8.61,0.39,-0.17,-0.07
-9787,3.01,-2109,2.43,625,2.02,19573,08_30_01_24_06_2025,-5.78,1.39,8.55,0.50,-0.38,-0.10
-9710,3.01,-1999,2.42,625,2.02,19601,08_30_01_24_06_2025,-5.90,1.44,8.47,0.84,-0.52,-0.18
-9306,2.98,-1966,2.42,625,2.02,19624,08_30_01_24_06_2025,-6.05,1.47,8.25,0.88,-0.50,-0.16
-9117,2.96,-1632,2.40,625,2.02,19649,08_30_01_24_06_2025,-6.34,1.59,7.57,0.81,-0.28,-0.15
-8874,2.94,-1630,2.40,625,2.02,19674,08_30_01_24_06_2025,-6.54,1.67,7.10,0.98,-0.07,-0.23
-8858,2.94,-1630,2.40,625,2.02,19699,08_30_01_24_06_2025,-6.75,1.70,6.53,1.29,0.07,-0.37
-8706,2.93,-2003,2.42,625,2.02,19725,08_30_01_24_06_2025,-6.81,1.66,6.22,1.74,0.07,-0.46
-8633,2.93,-2120,2.43,625,2.02,19753,08_30_01_24_06_2025,-7.08,1.39,5.92,1.84,-0.03,-0.56
-8981,2.95,-1971,2.42,625,2.02,19776,08_30_01_24_06_2025,-6.79,1.13,5.56,1.62,0.01,-0.53
-8750,2.94,-1821,2.41,625,2.02,19801,08_30_01_24_06_2025,-6.66,1.06,6.21,0.99,-0.18,-0.30
-8878,2.95,-1711,2.40,625,2.02,19826,08_30_01_24_06_2025,-6.58,1.11,6.84,0.34,-0.23,0.00
-9091,2.96,-1752,2.41,625,2.02,19851,08_30_01_24_06_2025,-6.33,1.24,7.17,-0.79,-0.20,0.21
-8845,2.94,-1900,2.42,625,2.02,19879,08_30_01_24_06_2025,-6.00,1.59,7.87,-1.60,-0.12,0.45
-8859,2.94,-2146,2.44,625,2.02,19902,08_30_01_24_06_2025,-5.84,1.99,8.32,-1.81,0.04,0.56
-8948,2.95,-1906,2.42,625,2.02,20048,08_30_01_24_06_2025,-6.04,2.25,7.60,-0.11,-0.16,0.10
-8457,2.91,-867,2.34,624,2.01,20192,08_30_02_24_06_2025,-6.20,1.43,7.28,1.04,-0.49,-0.11
-8800,2.94,-937,2.34,625,2.02,20218,08_30_02_24_06_2025,-5.90,2.03,7.98,0.44,-0.44,0.05
-8739,2.93,-1350,2.38,625,2.02,20243,08_30_02_24_06_2025,-5.65,2.32,8.26,0.40,-0.13,-0.02
-8417,2.91,-1513,2.39,624,2.01,20271,08_30_02_24_06_2025,-6.14,1.72,7.27,0.26,0.54,-0.13
-8727,2.93,-1276,2.37,625,2.02,20293,08_30_02_24_06_2025,-6.00,1.35,6.58,-0.32,0.31,0.10
-9077,2.96,-1187,2.36,625,2.02,20319,08_30_02_24_06_2025,-6.25,1.62,6.25,-1.21,-0.11,0.42
-9132,2.96,-1324,2.37,625,2.02,20344,08_30_02_24_06_2025,-6.19,2.14,6.92,-1.00,-0.19,0.36
-8743,2.94,-2622,2.47,625,2.02,20369,08_30_02_24_06_2025,-6.04,2.30,7.51,-0.68,-0.19,0.28
-8714,2.93,-3387,2.53,625,2.02,20394,08_30_02_24_06_2025,-5.86,2.57,7.88,-0.31,-0.02,0.07
-8457,2.91,-4061,2.58,625,2.02,20422,08_30_02_24_06_2025,-5.73,1.94,8.09,-0.20,0.23,-0.11
-8467,2.91,-4542,2.62,624,2.01,20445,08_30_02_24_06_2025,-5.68,1.34,7.49,-0.73,-0.04,0.13
-8595,2.92,-4470,2.61,625,2.02,20470,08_30_02_24_06_2025,-5.66,1.60,8.09,-1.06,-0.37,0.46
-8560,2.92,-4075,2.58,625,2.02,20495,08_30_02_24_06_2025,-5.60,1.94,8.52,-1.25,-0.54,0.48
-8730,2.93,-3760,2.56,625,2.02,20520,08_30_02_24_06_2025,-5.72,2.21,8.37,-0.83,-0.17,0.28
-8634,2.93,-3647,2.55,626,2.02,20548,08_30_02_24_06_2025,-5.92,2.01,7.88,-0.18,0.24,-0.01
-8882,2.95,-3161,2.51,625,2.02,20570,08_30_02_24_06_2025,-6.16,1.64,6.83,0.28,0.42,-0.26
-9008,2.96,-2135,2.43,626,2.02,20595,08_30_02_24_06_2025,-6.09,1.39,6.69,0.49,0.29,-0.32
-8959,2.95,-1979,2.42,625,2.02,20620,08_30_02_24_06_2025,-6.18,1.18,6.76,0.58,0.07,-0.25
-9297,2.98,-2941,2.50,625,2.02,20645,08_30_02_24_06_2025,-6.20,1.41,7.20,0.54,-0.02,-0.16
-9066,2.96,-3944,2.57,625,2.02,20670,08_30_02_24_06_2025,-5.87,1.69,8.00,0.37,0.05,-0.12
-8922,2.95,-5335,2.68,625,2.02,20698,08_30_02_24_06_2025,-5.51,1.47,8.36,0.05,0.04,-0.07
-8529,2.92,-6190,2.74,626,2.02,20721,08_30_02_24_06_2025,-5.38,1.15,8.82,-0.41,-0.12,0.10
-8193,2.89,-5952,2.72,625,2.02,20746,08_30_02_24_06_2025,-5.27,0.87,9.18,-1.35,-0.41,0.48
-8393,2.91,-4798,2.64,625,2.02,20771,08_30_02_24_06_2025,-5.39,0.97,8.78,-2.26,-0.47,0.82
-8908,2.95,-3837,2.56,625,2.02,20796,08_30_02_24_06_2025,-5.65,1.35,8.32,-2.40,-0.39,0.79
-9004,2.95,-3132,2.51,625,2.02,20824,08_30_02_24_06_2025,-6.03,1.48,7.37,-1.35,-0.04,0.51
-9408,2.99,-2227,2.44,625,2.02,20847,08_30_02_24_06_2025,-6.17,1.49,7.04,-0.61,0.20,0.26
-9775,3.01,-2147,2.44,625,2.02,20872,08_30_02_24_06_2025,-6.28,1.41,6.93,0.31,0.61,-0.12
-9564,3.00,-1961,2.42,625,2.02,20897,08_30_02_24_06_2025,-6.39,1.33,6.36,1.18,0.66,-0.44
-9872,3.02,-2246,2.44,625,2.02,20924,08_30_02_24_06_2025,-6.34,1.27,6.54,2.00,0.34,-0.64
-10026,3.03,-1911,2.42,625,2.02,20946,08_30_02_24_06_2025,-6.28,1.48,6.41,2.60,0.18,-0.72
-10070,3.04,-1896,2.42,625,2.02,20971,08_30_02_24_06_2025,-6.11,1.80,7.10,2.98,-0.19,-0.74
-10009,3.03,-1799,2.41,625,2.02,20994,08_30_02_24_06_2025,-6.15,2.00,7.58,2.68,-0.40,-0.69
-10154,3.04,-1434,2.38,625,2.02,21016,08_30_02_24_06_2025,-5.94,1.95,8.34,1.93,-0.45,-0.57
-10364,3.06,-1568,2.39,625,2.02,21039,08_30_02_24_06_2025,-5.98,1.73,8.69,1.36,-0.19,-0.54
-10286,3.05,-1517,2.39,625,2.02,21061,08_30_03_24_06_2025,-5.72,1.57,8.64,0.75,0.36,-0.38
-10470,3.07,-1348,2.37,626,2.02,21083,08_30_03_24_06_2025,-5.55,1.42,8.34,0.40,0.52,-0.34
-10368,3.06,-665,2.32,625,2.02,21108,08_30_03_24_06_2025,-6.01,1.08,7.19,0.06,0.54,-0.30
-10486,3.07,-827,2.34,625,2.02,21131,08_30_03_24_06_2025,-6.30,1.09,7.09,-0.24,0.33,-0.15
-10271,3.05,-859,2.34,625,2.02,21153,08_30_03_24_06_2025,-6.07,1.51,7.26,-0.74,-0.04,0.01
-10333,3.06,-1005,2.35,625,2.02,21175,08_30_03_24_06_2025,-6.49,1.80,7.69,-0.97,-0.02,0.06
-10176,3.04,-729,2.33,625,2.02,21198,08_30_03_24_06_2025,-6.16,2.01,7.98,-1.35,0.25,0.22
-10375,3.06,-819,2.33,625,2.02,21223,08_30_03_24_06_2025,-6.16,1.95,7.60,-2.02,0.20,0.45
-10416,3.06,-546,2.31,625,2.02,21245,08_30_03_24_06_2025,-6.24,2.13,7.41,-2.22,0.15,0.64
-10142,3.04,160,2.26,624,2.01,21267,08_30_03_24_06_2025,-6.22,2.50,7.47,-2.07,0.00,0.66
-10342,3.06,9,2.27,625,2.02,21290,08_30_03_24_06_2025,-6.18,2.57,7.54,-1.31,-0.13,0.42
-10257,3.05,-9,2.27,625,2.02,21312,08_30_03_24_06_2025,-6.35,2.60,7.62,-0.58,-0.03,0.16
-10213,3.05,-159,2.28,625,2.02,21334,08_30_03_24_06_2025,-6.34,2.36,7.42,0.60,0.22,-0.26
-10240,3.05,465,2.24,626,2.02,21359,08_30_03_24_06_2025,-6.37,1.98,7.27,1.27,0.23,-0.52
-10203,3.05,645,2.22,625,2.02,21382,08_30_03_24_06_2025,-6.48,1.76,7.13,1.56,0.18,-0.60
-10183,3.04,676,2.22,625,2.02,21404,08_30_03_24_06_2025,-6.63,1.53,7.08,1.71,0.15,-0.58
-10025,3.03,1006,2.20,626,2.02,21426,08_30_03_24_06_2025,-6.61,1.46,6.96,1.55,0.16,-0.54
-10503,3.07,401,2.24,626,2.02,21452,08_30_03_24_06_2025,-6.45,1.28,7.37,1.13,0.22,-0.41
-10381,3.06,417,2.24,625,2.02,21477,08_30_03_24_06_2025,-6.60,1.17,7.01,0.54,0.31,-0.18
-10313,3.05,808,2.21,625,2.02,21505,08_30_03_24_06_2025,-6.81,1.13,6.62,0.02,0.24,-0.00
-10094,3.04,847,2.21,624,2.01,21527,08_30_03_24_06_2025,-6.47,1.15,7.33,-0.22,0.03,0.15
-10241,3.05,819,2.21,625,2.02,21552,08_30_03_24_06_2025,-6.40,1.40,7.18,-0.81,0.03,0.31
-10391,3.06,755,2.22,625,2.02,21578,08_30_03_24_06_2025,-6.24,1.50,7.84,-1.06,0.06,0.44
-10421,3.06,475,2.24,625,2.02,21603,08_30_03_24_06_2025,-6.39,1.69,7.63,-1.26,0.05,0.54
-10276,3.05,695,2.22,625,2.02,21629,08_30_03_24_06_2025,-6.43,1.84,7.51,-1.30,0.11,0.57
-10452,3.06,940,2.20,626,2.02,21657,08_30_03_24_06_2025,-6.40,2.04,7.51,-1.10,0.09,0.44
-10525,3.07,592,2.23,626,2.02,21679,08_30_03_24_06_2025,-6.49,2.07,7.35,-0.40,0.10,0.19
-10499,3.07,645,2.22,625,2.02,21704,08_30_03_24_06_2025,-6.59,1.94,7.12,0.25,0.08,-0.10
-10195,3.05,922,2.20,625,2.02,21729,08_30_03_24_06_2025,-6.67,1.81,7.03,0.60,0.02,-0.23
-10466,3.07,630,2.22,625,2.02,21754,08_30_03_24_06_2025,-6.65,1.69,7.14,1.00,-0.06,-0.37
-10526,3.07,889,2.21,625,2.02,21782,08_30_03_24_06_2025,-6.71,1.50,7.10,1.10,-0.08,-0.42
-10435,3.06,551,2.23,625,2.02,21805,08_30_03_24_06_2025,-6.74,1.34,7.01,0.95,-0.09,-0.37
-10382,3.06,725,2.22,625,2.02,21830,08_30_03_24_06_2025,-6.72,1.25,7.01,0.79,-0.10,-0.28
-10530,3.07,488,2.24,625,2.02,21855,08_30_03_24_06_2025,-6.73,1.21,6.98,0.46,-0.09,-0.21
-10351,3.06,926,2.20,625,2.02,21880,08_30_03_24_06_2025,-6.76,1.21,6.92,0.10,-0.05,-0.09
-10405,3.06,548,2.23,625,2.02,21905,08_30_03_24_06_2025,-6.78,1.28,6.87,-0.23,-0.02,0.02
-10492,3.07,667,2.22,625,2.02,21933,08_30_03_24_06_2025,-6.79,1.42,6.86,-0.48,0.02,0.10
-10279,3.05,865,2.21,626,2.02,21956,08_30_03_24_06_2025,-6.78,1.53,6.87,-0.58,0.04,0.13
-10396,3.06,706,2.22,625,2.02,21981,08_30_03_24_06_2025,-6.75,1.64,6.88,-0.68,0.04,0.18
-10416,3.06,520,2.23,625,2.02,22006,08_30_03_24_06_2025,-6.69,1.77,6.99,-0.71,0.01,0.20
-10305,3.05,668,2.22,625,2.02,22031,08_30_03_24_06_2025,-6.62,1.87,7.12,-0.59,-0.02,0.18
-10379,3.06,651,2.22,626,2.02,22057,08_30_04_24_06_2025,-6.72,1.94,7.10,-0.35,-0.03,0.11
-9843,3.02,285,2.25,625,2.02,22085,08_30_04_24_06_2025,-6.58,1.81,7.25,-0.08,-0.00,0.01
-10419,3.06,-111,2.28,625,2.02,22107,08_30_04_24_06_2025,-6.35,1.69,7.59,-0.03,-0.00,-0.03
-10494,3.07,132,2.26,625,2.02,22132,08_30_04_24_06_2025,-6.36,1.33,7.37,-0.00,0.11,-0.01
-10506,3.07,469,2.24,625,2.02,22157,08_30_04_24_06_2025,-6.70,1.49,6.73,0.18,0.13,0.06
-10582,3.07,1060,2.19,625,2.02,22182,08_30_04_24_06_2025,-6.81,1.70,7.11,0.10,-0.07,0.04
-10590,3.08,858,2.21,625,2.02,22210,08_30_04_24_06_2025,-6.95,1.87,7.04,0.48,-0.01,-0.10
-10166,3.04,793,2.21,625,2.02,22233,08_30_04_24_06_2025,-6.63,1.64,6.56,0.74,-0.06,-0.23
-10475,3.07,981,2.20,625,2.02,22258,08_30_04_24_06_2025,-6.65,1.46,6.92,0.74,-0.05,-0.20
-10399,3.06,888,2.21,625,2.02,22283,08_30_04_24_06_2025,-6.55,1.27,7.35,0.52,0.02,-0.05
-10626,3.08,840,2.21,625,2.02,22309,08_30_04_24_06_2025,-6.63,1.30,7.36,-0.03,0.03,0.06
-10228,3.05,883,2.21,625,2.02,22335,08_30_04_24_06_2025,-6.70,1.28,7.12,-0.16,0.03,0.16
-10379,3.06,764,2.21,625,2.02,22363,08_30_04_24_06_2025,-6.76,1.46,6.93,-0.32,0.00,0.18
-10216,3.05,780,2.21,625,2.02,22385,08_30_04_24_06_2025,-6.78,1.56,6.94,-0.21,0.02,0.11
-10290,3.05,756,2.22,625,2.02,22410,08_30_04_24_06_2025,-6.76,1.58,6.95,-0.07,0.05,0.01
-10311,3.05,979,2.20,625,2.02,22435,08_30_04_24_06_2025,-6.78,1.52,6.86,-0.04,0.07,0.00
-10263,3.05,629,2.23,625,2.02,22460,08_30_04_24_06_2025,-6.70,1.50,7.01,-0.12,0.01,0.01
-10310,3.05,676,2.22,624,2.01,22486,08_30_04_24_06_2025,-6.65,1.52,7.17,-0.11,-0.05,0.02
-10272,3.05,960,2.20,625,2.02,22514,08_30_04_24_06_2025,-6.63,1.58,7.13,-0.12,-0.06,0.01
-10383,3.06,778,2.21,624,2.01,22536,08_30_04_24_06_2025,-6.67,1.58,7.08,-0.08,-0.06,-0.01
-10531,3.07,914,2.20,625,2.02,22561,08_30_04_24_06_2025,-6.64,1.66,7.13,0.05,-0.05,-0.06
-10459,3.07,797,2.21,625,2.02,22587,08_30_04_24_06_2025,-6.65,1.63,7.17,0.13,0.01,-0.12
-10338,3.06,723,2.22,625,2.02,22612,08_30_04_24_06_2025,-6.67,1.55,7.08,0.12,0.02,-0.11
-10257,3.05,802,2.21,625,2.02,22637,08_30_04_24_06_2025,-6.70,1.52,7.03,0.05,-0.02,-0.07
-10351,3.06,819,2.21,625,2.02,22665,08_30_04_24_06_2025,-6.73,1.57,6.99,-0.05,-0.02,-0.02
-10465,3.07,600,2.23,626,2.02,22687,08_30_04_24_06_2025,-6.76,1.62,6.85,-0.07,-0.01,-0.01
-10516,3.07,792,2.21,625,2.02,22712,08_30_04_24_06_2025,-6.78,1.59,6.80,-0.07,-0.01,0.01
-10390,3.06,557,2.23,626,2.02,22737,08_30_04_24_06_2025,-6.74,1.65,6.95,-0.04,-0.03,0.01
-10690,3.08,825,2.21,625,2.02,22762,08_30_04_24_06_2025,-6.69,1.65,7.00,-0.01,-0.01,0.01
-10271,3.05,800,2.21,625,2.02,22790,08_30_04_24_06_2025,-6.67,1.60,7.05,-0.05,-0.01,0.03
-10578,3.07,611,2.23,625,2.02,22813,08_30_04_24_06_2025,-6.63,1.61,7.14,-0.08,-0.00,0.06
-10516,3.07,589,2.23,625,2.02,22838,08_30_04_24_06_2025,-6.64,1.65,7.18,-0.07,0.02,0.06
-10386,3.06,892,2.21,625,2.02,22863,08_30_04_24_06_2025,-6.68,1.65,7.05,-0.04,0.03,0.06
-10440,3.06,869,2.21,625,2.02,22888,08_30_04_24_06_2025,-6.70,1.71,6.99,0.05,0.02,0.03
-10341,3.06,763,2.21,625,2.02,22913,08_30_04_24_06_2025,-5.97,4.64,8.73,1.86,-0.51,0.04
-10484,3.07,880,2.21,625,2.02,22941,08_30_04_24_06_2025,-4.80,1.71,9.79,0.73,-0.90,-0.19
-10465,3.07,939,2.20,625,2.02,22963,08_30_04_24_06_2025,-5.96,1.01,7.91,-0.10,-1.41,0.18
-10051,3.03,894,2.20,625,2.02,22988,08_30_04_24_06_2025,-7.95,2.59,3.88,-0.46,-1.64,0.28
-10064,3.04,1079,2.19,625,2.02,23014,08_30_04_24_06_2025,-5.20,1.77,8.60,0.79,-1.94,0.28
-10071,3.04,985,2.20,625,2.02,23040,08_30_04_24_06_2025,-4.17,4.20,10.99,0.90,-2.57,0.86
-10345,3.06,1026,2.19,625,2.02,23065,08_30_05_24_06_2025,-3.82,3.87,9.82,1.42,-2.06,0.51
-9967,3.03,1016,2.20,625,2.02,23093,08_30_05_24_06_2025,-4.70,3.04,8.82,1.31,-1.97,0.13
-10127,3.04,1068,2.19,625,2.02,23116,08_30_05_24_06_2025,-4.80,2.41,8.77,1.22,-1.89,-0.04
-10261,3.05,1017,2.20,624,2.01,23141,08_30_05_24_06_2025,-3.85,2.59,8.19,0.87,-1.57,0.06
-9969,3.03,1155,2.19,625,2.02,23166,08_30_05_24_06_2025,-2.98,3.73,9.15,0.77,-1.46,0.09
-10026,3.03,1145,2.19,624,2.01,23191,08_30_05_24_06_2025,-2.37,3.76,8.66,0.70,-1.35,-0.12
-10108,3.04,1010,2.20,625,2.02,23219,08_30_05_24_06_2025,-2.52,3.31,8.75,0.63,-1.37,-0.35
-10115,3.04,1229,2.18,625,2.02,23241,08_30_05_24_06_2025,-2.25,3.20,8.37,0.48,-1.36,-0.39
-10220,3.05,1154,2.19,625,2.02,23267,08_30_05_24_06_2025,-1.05,3.39,9.31,0.50,-1.42,-0.18
-10146,3.04,1219,2.18,625,2.02,23292,08_30_05_24_06_2025,-2.59,3.59,10.30,0.71,-1.13,-0.21
-10271,3.05,1102,2.19,625,2.02,23317,08_30_05_24_06_2025,-4.35,3.86,7.99,0.84,-0.74,-0.48
-10202,3.05,1088,2.19,625,2.02,23342,08_30_05_24_06_2025,-4.50,3.36,7.36,0.75,-0.55,-0.28
-10248,3.05,1128,2.19,625,2.02,23370,08_30_05_24_06_2025,-2.07,4.10,8.43,0.60,-0.49,-0.08
-10221,3.05,1288,2.18,624,2.01,23392,08_30_05_24_06_2025,-0.70,5.13,9.41,0.62,-0.33,0.32
-10367,3.06,1258,2.18,625,2.02,23418,08_30_05_24_06_2025,-0.93,4.71,8.76,0.65,-0.49,0.20
-10292,3.05,1299,2.17,625,2.02,23443,08_30_05_24_06_2025,-1.13,4.14,7.66,0.47,-0.55,0.24
-10120,3.04,1306,2.17,624,2.01,23468,08_30_05_24_06_2025,-1.25,4.55,7.89,0.43,-0.59,0.21
-10259,3.05,1212,2.18,624,2.01,23493,08_30_05_24_06_2025,-1.06,5.25,8.78,0.57,-0.37,0.15
-10367,3.06,1065,2.19,625,2.02,23521,08_30_05_24_06_2025,-0.74,5.50,7.88,0.55,-0.20,0.10
-10472,3.07,1482,2.16,625,2.02,23543,08_30_05_24_06_2025,0.41,4.95,7.77,0.43,-0.23,-0.16
-10386,3.06,1171,2.18,625,2.02,23569,08_30_05_24_06_2025,0.88,4.33,7.02,0.09,-0.26,-0.10
-10330,3.06,1235,2.18,625,2.02,23594,08_30_05_24_06_2025,0.73,5.06,7.49,-0.07,-0.38,-0.21
-10365,3.06,1188,2.18,625,2.02,23619,08_30_05_24_06_2025,0.49,5.74,7.68,-0.07,-0.30,-0.44
-10246,3.05,1189,2.18,625,2.02,23647,08_30_05_24_06_2025,0.32,5.61,7.60,-0.11,-0.14,-0.58
-10207,3.05,1219,2.18,625,2.02,23670,08_30_05_24_06_2025,-0.04,5.22,7.92,-0.14,-0.07,-0.63
-10369,3.06,1153,2.19,625,2.02,23695,08_30_05_24_06_2025,-0.89,5.40,8.77,-0.03,0.07,-0.72
-10355,3.06,1163,2.18,625,2.02,23720,08_30_05_24_06_2025,-1.17,5.72,8.77,0.05,0.03,-0.66
-10387,3.06,1035,2.19,625,2.02,23745,08_30_05_24_06_2025,-1.71,5.06,8.89,0.06,-0.06,-0.56
-10587,3.07,990,2.20,625,2.02,23771,08_30_05_24_06_2025,-1.45,5.48,9.26,-0.02,0.14,-0.45
-10183,3.04,907,2.20,625,2.02,23799,08_30_05_24_06_2025,-1.11,5.62,8.73,0.05,0.07,-0.31
-10227,3.05,962,2.20,625,2.02,23821,08_30_05_24_06_2025,-0.72,5.95,8.57,0.12,0.03,-0.25
-10306,3.05,842,2.21,625,2.02,23847,08_30_05_24_06_2025,-1.34,5.15,8.05,0.16,-0.19,-0.18
-10180,3.04,1106,2.19,625,2.02,23872,08_30_05_24_06_2025,-1.46,4.73,7.83,0.15,-0.15,-0.12
-10313,3.05,1261,2.18,625,2.02,23897,08_30_05_24_06_2025,-1.28,4.64,7.91,0.17,-0.17,-0.05
-10453,3.06,1186,2.18,625,2.02,23922,08_30_05_24_06_2025,-1.40,4.80,8.03,0.13,-0.06,-0.07
-10179,3.04,1319,2.17,625,2.02,23950,08_30_05_24_06_2025,-1.06,4.58,7.76,0.15,0.00,-0.06
-10381,3.06,1272,2.18,625,2.02,23972,08_30_05_24_06_2025,-1.21,4.32,7.63,0.16,-0.05,0.00
-10243,3.05,1000,2.20,625,2.02,23997,08_30_05_24_06_2025,-1.08,4.51,7.80,0.10,-0.03,0.02
-10255,3.05,1110,2.19,625,2.02,24022,08_30_05_24_06_2025,-1.12,4.74,7.69,0.04,0.05,0.05
