raw1,force1,raw2,force2,vbat_raw,vbat_v,millis,time,accel_x,accel_y,accel_z,gyro_x,gyro_y,gyro_z,mag_x,mag_y,mag_z
-12622,3.23,-5404,2.68,655,3,3193,06_46_01_04_09_2025,-1.86,8.68,-3.64,0.01,-0.01,-0.00,-130.78,-7.13,-7.94
-12766,3.24,-5311,2.68,655,3,3472,06_46_01_04_09_2025,-1.86,8.71,-3.65,0.01,-0.01,-0.00,-131.54,-7.92,-8.55
-12581,3.23,-5189,2.67,656,3,3548,06_46_02_04_09_2025,-1.84,8.69,-3.66,0.01,-0.01,-0.00,-130.87,-7.83,-8.64
-12613,3.23,-5222,2.67,656,3,3585,06_46_02_04_09_2025,-1.86,8.70,-3.64,0.01,-0.01,-0.00,-130.72,-8.08,-7.88
-12564,3.22,-5128,2.66,655,3,3624,06_46_02_04_09_2025,-1.86,8.71,-3.64,0.01,-0.01,-0.01,-130.50,-7.94,-8.18
-12651,3.23,-5173,2.66,656,3,3661,06_46_02_04_09_2025,-1.85,8.70,-3.64,0.00,-0.01,-0.00,-130.77,-8.16,-7.91
-12579,3.23,-5194,2.67,656,3,3698,06_46_02_04_09_2025,-1.85,8.69,-3.64,0.01,-0.01,-0.00,-131.16,-8.13,-8.11
-12681,3.23,-5197,2.67,656,3,3734,06_46_02_04_09_2025,-1.86,8.69,-3.62,0.00,-0.00,-0.00,-130.91,-7.98,-8.24
-12613,3.23,-5343,2.68,656,3,3770,06_46_02_04_09_2025,-1.84,8.70,-3.65,0.01,-0.01,-0.00,-130.72,-7.80,-8.39
-12629,3.23,-5001,2.65,656,3,3818,06_46_02_04_09_2025,-1.87,8.70,-3.64,0.00,-0.01,-0.01,-130.59,-7.85,-8.56
-12609,3.23,-5039,2.65,655,3,3856,06_46_02_04_09_2025,-1.86,8.72,-3.63,0.01,-0.01,-0.00,-130.72,-8.27,-7.23
-12535,3.22,-5126,2.66,656,3,3894,06_46_02_04_09_2025,-1.84,8.68,-3.64,0.00,-0.01,-0.01,-130.47,-8.11,-8.51
-12676,3.23,-5044,2.65,655,3,3933,06_46_02_04_09_2025,-1.85,8.69,-3.65,0.01,-0.01,-0.00,-131.16,-7.80,-7.75
-12574,3.23,-5061,2.66,656,3,3971,06_46_02_04_09_2025,-1.87,8.71,-3.62,0.01,-0.00,-0.00,-130.82,-7.82,-8.37
-12590,3.23,-5098,2.66,656,3,4012,06_46_02_04_09_2025,-1.86,8.71,-3.64,0.01,-0.01,-0.00,-131.29,-7.51,-8.36
-12582,3.23,-5226,2.67,656,3,4051,06_46_02_04_09_2025,-1.85,8.70,-3.63,0.00,-0.01,-0.00,-131.45,-7.83,-7.60
-12584,3.23,-5308,2.67,656,3,4089,06_46_02_04_09_2025,-1.85,8.69,-3.63,0.01,-0.01,-0.00,-131.00,-7.61,-7.61
-12535,3.22,-5204,2.67,655,3,4128,06_46_02_04_09_2025,-1.84,8.69,-3.63,0.01,-0.01,-0.00,-130.69,-7.98,-7.86
-12403,3.21,-5167,2.66,655,3,4176,06_46_02_04_09_2025,-1.86,8.70,-3.64,0.01,-0.01,-0.01,-130.46,-7.98,-8.07
-12563,3.22,-5276,2.67,656,3,4215,06_46_02_04_09_2025,-1.87,8.70,-3.63,0.01,-0.01,-0.00,-130.62,-7.79,-7.41
-12654,3.23,-5178,2.66,655,3,4252,06_46_02_04_09_2025,-1.86,8.69,-3.63,0.00,-0.01,-0.01,-131.01,-7.89,-7.60
-12533,3.22,-5111,2.66,655,3,4291,06_46_02_04_09_2025,-1.85,8.69,-3.62,0.00,-0.01,-0.00,-130.99,-8.11,-8.05
-12609,3.23,-4833,2.64,656,3,4330,06_46_02_04_09_2025,-1.85,8.69,-3.63,0.00,-0.01,-0.00,-130.61,-7.73,-8.14
-12589,3.23,-5076,2.66,656,3,4371,06_46_02_04_09_2025,-1.85,8.70,-3.62,0.01,-0.01,-0.00,-130.75,-8.21,-7.95
-12578,3.23,-5178,2.66,656,3,4410,06_46_02_04_09_2025,-1.85,8.70,-3.64,0.01,-0.01,-0.00,-130.96,-7.98,-8.08
-12663,3.23,-5084,2.66,656,3,4448,06_46_02_04_09_2025,-1.86,8.70,-3.62,0.00,-0.01,-0.00,-130.75,-7.99,-7.59
-12512,3.22,-5075,2.66,656,3,4487,06_46_02_04_09_2025,-1.85,8.70,-3.65,0.01,-0.01,-0.00,-130.40,-8.05,-7.67
-12742,3.24,-5238,2.67,655,3,4525,06_46_02_04_09_2025,-2.00,8.91,-3.75,0.01,-0.00,0.01,-130.99,-7.79,-7.95
-12548,3.22,-5108,2.66,656,3,4577,06_46_03_04_09_2025,-2.01,8.80,-3.45,-0.02,-0.01,-0.02,-130.74,-7.76,-8.24
-12518,3.22,-5165,2.66,655,3,4615,06_46_03_04_09_2025,-1.90,8.80,-3.57,0.01,-0.01,-0.00,-130.55,-8.21,-7.67
-12605,3.23,-4993,2.65,655,3,4653,06_46_03_04_09_2025,-1.80,8.64,-3.73,-0.01,-0.01,-0.01,-130.88,-8.32,-8.35
-12541,3.22,-5133,2.66,655,3,4692,06_46_03_04_09_2025,-1.93,8.74,-3.62,0.01,-0.00,0.00,-130.17,-8.24,-7.10
-12636,3.23,-5208,2.67,655,3,4733,06_46_03_04_09_2025,-1.82,8.73,-3.65,0.03,-0.00,0.01,-130.50,-7.97,-7.80
-12444,3.22,-5090,2.66,656,3,4772,06_46_03_04_09_2025,-1.91,8.76,-3.63,-0.02,-0.01,-0.02,-130.46,-7.99,-7.82
-12655,3.23,-5090,2.66,657,3,4810,06_46_03_04_09_2025,-1.84,8.65,-3.61,0.00,-0.01,-0.01,-130.96,-7.66,-7.86
-12638,3.23,-4936,2.65,655,3,4848,06_46_03_04_09_2025,-1.79,8.67,-3.65,0.02,-0.00,0.00,-130.52,-7.63,-7.79
-12647,3.23,-5040,2.65,656,3,4888,06_46_03_04_09_2025,-1.84,8.69,-3.63,0.00,-0.01,-0.00,-130.47,-7.50,-8.01
-12508,3.22,-4860,2.64,656,3,4937,06_46_03_04_09_2025,-1.89,8.67,-3.63,0.01,-0.00,-0.00,-130.80,-7.80,-7.48
-12503,3.22,-4979,2.65,656,3,4975,06_46_03_04_09_2025,-1.86,8.71,-3.63,0.01,-0.00,-0.00,-130.88,-7.42,-7.26
-12646,3.23,-4933,2.65,655,3,5014,06_46_03_04_09_2025,-1.83,8.71,-3.63,0.00,-0.01,-0.01,-130.72,-7.78,-7.40
-12554,3.22,-4969,2.65,656,3,5052,06_46_03_04_09_2025,-1.88,8.69,-3.61,0.00,-0.01,-0.01,-131.10,-7.45,-7.61
-12571,3.23,-5004,2.65,656,3,5091,06_46_03_04_09_2025,-1.83,8.68,-3.64,0.01,-0.00,-0.00,-131.12,-7.80,-7.89
-12635,3.23,-5061,2.66,656,3,5133,06_46_03_04_09_2025,-1.85,8.68,-3.64,0.00,-0.01,-0.01,-130.81,-7.53,-8.87
-12547,3.22,-5133,2.66,655,3,5171,06_46_03_04_09_2025,-1.89,8.70,-3.62,0.01,-0.01,-0.00,-130.87,-7.29,-7.72
-12597,3.23,-4924,2.65,655,3,5209,06_46_03_04_09_2025,-1.87,8.68,-3.62,0.01,-0.01,-0.00,-130.85,-7.23,-7.75
-12627,3.23,-5085,2.66,655,3,5248,06_46_03_04_09_2025,-1.82,8.71,-3.63,0.01,-0.01,-0.01,-130.80,-7.63,-8.13
-12547,3.22,-5022,2.65,656,3,5297,06_46_03_04_09_2025,-1.87,8.71,-3.64,0.01,-0.00,-0.00,-130.97,-7.53,-8.05
-12585,3.23,-4875,2.64,655,3,5335,06_46_03_04_09_2025,-1.84,8.69,-3.62,0.01,-0.01,-0.01,-130.59,-7.50,-8.39
-12690,3.23,-5048,2.66,655,3,5374,06_46_03_04_09_2025,-1.86,8.68,-3.64,0.01,-0.01,-0.01,-131.28,-7.97,-8.30
-12680,3.23,-5048,2.66,655,3,5412,06_46_03_04_09_2025,-1.88,8.71,-3.62,0.01,-0.00,-0.00,-130.62,-7.59,-7.89
-12544,3.22,-5315,2.68,656,3,5451,06_46_03_04_09_2025,-1.83,8.69,-3.63,0.00,-0.01,-0.01,-130.50,-7.73,-8.39
-12632,3.23,-4905,2.64,655,3,5493,06_46_03_04_09_2025,-1.87,8.68,-3.63,-0.00,-0.01,-0.01,-131.20,-7.78,-8.17
-12675,3.23,-4990,2.65,656,3,5531,06_46_04_04_09_2025,-1.87,8.70,-3.62,0.01,-0.01,0.00,-130.31,-7.60,-7.76
-12458,3.22,-5147,2.66,655,3,5571,06_46_04_04_09_2025,-1.83,8.70,-3.64,0.00,-0.01,-0.01,-130.33,-7.19,-8.52
-12578,3.23,-4989,2.65,656,3,5610,06_46_04_04_09_2025,-1.86,8.70,-3.63,0.00,-0.01,-0.01,-130.72,-7.23,-7.99
-12546,3.22,-5117,2.66,655,3,5648,06_46_04_04_09_2025,-1.87,8.68,-3.63,0.01,-0.00,-0.00,-130.55,-7.86,-7.88
-12415,3.21,-5061,2.66,656,3,5698,06_46_04_04_09_2025,-1.82,8.70,-3.64,0.01,-0.01,-0.00,-130.62,-7.75,-8.01
-12479,3.22,-5090,2.66,655,3,5737,06_46_04_04_09_2025,-1.87,8.70,-3.61,0.00,-0.01,-0.01,-130.81,-7.31,-8.55
-12479,3.22,-4948,2.65,656,3,5775,06_46_04_04_09_2025,-1.85,8.70,-3.62,0.01,-0.01,-0.00,-130.61,-7.70,-7.82
-12529,3.22,-4971,2.65,656,3,5813,06_46_04_04_09_2025,-1.83,8.71,-3.65,0.00,-0.01,-0.01,-131.03,-7.16,-7.80
-12701,3.23,-5063,2.66,656,3,5852,06_46_04_04_09_2025,-1.85,8.70,-3.62,0.01,-0.01,-0.00,-130.96,-7.47,-8.27
-12635,3.23,-5098,2.66,655,3,5893,06_46_04_04_09_2025,-1.85,8.69,-3.63,0.01,-0.01,-0.00,-130.59,-7.32,-7.29
-12404,3.21,-4935,2.65,656,3,5931,06_46_04_04_09_2025,-1.85,8.69,-3.64,0.00,-0.01,-0.01,-130.43,-7.56,-7.86
-12548,3.22,-4947,2.65,655,3,5970,06_46_04_04_09_2025,-1.87,8.70,-3.62,0.01,-0.01,-0.00,-130.63,-7.59,-8.33
-12651,3.23,-4939,2.65,655,3,6008,06_46_04_04_09_2025,-1.84,8.70,-3.63,0.01,-0.01,-0.01,-130.42,-7.70,-7.86
-12474,3.22,-4958,2.65,656,3,6058,06_46_04_04_09_2025,-1.86,8.70,-3.63,0.01,-0.01,-0.00,-130.65,-8.05,-7.98
-12370,3.21,-4880,2.64,655,3,6097,06_46_04_04_09_2025,-1.86,8.71,-3.62,0.00,-0.01,-0.01,-130.80,-7.75,-8.32
-12498,3.22,-5249,2.67,655,3,6135,06_46_04_04_09_2025,-1.84,8.70,-3.63,0.01,-0.01,-0.00,-130.21,-7.57,-7.97
-12481,3.22,-5036,2.65,655,3,6173,06_46_04_04_09_2025,-1.85,8.70,-3.63,0.01,-0.01,-0.00,-130.42,-7.60,-8.42
-12665,3.23,-4903,2.64,655,3,6212,06_46_04_04_09_2025,-1.85,8.70,-3.62,0.01,-0.01,-0.00,-130.47,-7.82,-8.20
-12391,3.21,-5080,2.66,656,3,6253,06_46_04_04_09_2025,-1.85,8.70,-3.63,0.00,-0.01,-0.00,-130.78,-7.61,-8.42
-12576,3.23,-4936,2.65,655,3,6291,06_46_04_04_09_2025,-1.84,8.70,-3.64,0.01,-0.01,-0.00,-130.71,-7.92,-8.33
-12445,3.22,-5095,2.66,655,3,6330,06_46_04_04_09_2025,-1.86,8.71,-3.63,0.01,-0.01,-0.00,-130.53,-7.83,-7.94
-12338,3.21,-4903,2.64,655,3,6368,06_46_04_04_09_2025,-1.85,8.70,-3.64,0.01,-0.01,-0.00,-130.24,-8.21,-8.23
-12524,3.22,-4958,2.65,655,3,6406,06_46_04_04_09_2025,-1.84,8.70,-3.63,0.00,-0.01,-0.00,-130.42,-7.85,-8.29
-12511,3.22,-4834,2.64,655,3,6456,06_46_04_04_09_2025,-1.86,8.70,-3.63,0.01,-0.01,-0.00,-130.25,-8.01,-8.01
-12477,3.22,-5067,2.66,656,3,6494,06_46_04_04_09_2025,-1.86,8.70,-3.63,0.01,-0.01,-0.00,-130.42,-8.01,-7.32
-12443,3.22,-4966,2.65,655,3,6532,06_46_05_04_09_2025,-1.86,8.70,-3.62,0.01,-0.01,-0.00,-130.49,-7.48,-8.16
-12361,3.21,-4888,2.64,655,3,6571,06_46_05_04_09_2025,-1.86,8.70,-3.63,0.01,-0.01,-0.00,-130.30,-7.57,-8.18
-12482,3.22,-5053,2.66,655,3,6614,06_46_05_04_09_2025,-1.85,8.70,-3.63,0.01,-0.01,-0.00,-130.50,-7.47,-8.61
-12744,3.24,-4909,2.64,655,3,6653,06_46_05_04_09_2025,-1.86,8.70,-3.63,0.01,-0.01,-0.00,-130.87,-7.61,-8.11
-12503,3.22,-4877,2.64,655,3,6692,06_46_05_04_09_2025,-1.85,8.70,-3.63,0.00,-0.01,-0.00,-130.20,-7.72,-8.05
-12543,3.22,-4995,2.65,656,3,6730,06_46_05_04_09_2025,-1.85,8.70,-3.63,0.01,-0.01,-0.00,-130.30,-7.91,-7.73
-12392,3.21,-4953,2.65,656,3,6768,06_46_05_04_09_2025,-1.85,8.70,-3.62,0.01,-0.00,-0.00,-130.24,-7.88,-8.04
-12524,3.22,-5053,2.66,656,3,6817,06_46_05_04_09_2025,-1.86,8.70,-3.64,0.01,-0.01,-0.00,-130.58,-7.75,-7.76
-12344,3.21,-5094,2.66,655,3,6855,06_46_05_04_09_2025,-1.85,8.69,-3.63,0.01,-0.01,-0.00,-130.68,-8.10,-7.91
-12418,3.21,-5039,2.65,655,3,6893,06_46_05_04_09_2025,-1.86,8.70,-3.63,0.01,-0.01,-0.00,-130.40,-8.02,-8.02
-12580,3.23,-4866,2.64,656,3,6932,06_46_05_04_09_2025,-1.86,8.69,-3.62,0.01,-0.01,-0.00,-130.94,-7.98,-7.86
-12509,3.22,-5053,2.66,656,3,6970,06_46_05_04_09_2025,-1.85,8.70,-3.63,0.01,-0.01,-0.00,-130.90,-7.72,-7.42
-12601,3.23,-5110,2.66,656,3,7011,06_46_05_04_09_2025,-1.86,8.70,-3.63,0.01,-0.01,-0.00,-130.84,-7.69,-7.16
-12704,3.24,-4899,2.64,655,3,7050,06_46_05_04_09_2025,-1.85,8.70,-3.63,0.01,-0.00,-0.00,-130.69,-7.80,-7.80
-12546,3.22,-4940,2.65,655,3,7088,06_46_05_04_09_2025,-1.86,8.70,-3.64,0.01,-0.01,-0.00,-130.50,-8.20,-8.14
-12620,3.23,-4828,2.64,655,3,7127,06_46_05_04_09_2025,-1.87,8.71,-3.62,0.01,-0.01,-0.00,-130.58,-8.10,-8.10
-12526,3.22,-4918,2.65,655,3,7176,06_46_05_04_09_2025,-1.86,8.70,-3.62,0.01,-0.01,-0.00,-130.55,-8.13,-8.24
-12543,3.22,-5082,2.66,655,3,7214,06_46_05_04_09_2025,-1.86,8.70,-3.63,0.00,-0.01,-0.01,-130.50,-7.50,-7.92
-12565,3.22,-4946,2.65,655,3,7252,06_46_05_04_09_2025,-1.86,8.69,-3.63,0.01,-0.01,-0.00,-130.11,-7.78,-8.14
-12359,3.21,-4958,2.65,656,3,7291,06_46_05_04_09_2025,-1.85,8.71,-3.62,0.00,-0.01,-0.00,-130.31,-7.80,-7.53
-12652,3.23,-5051,2.66,655,3,7329,06_46_05_04_09_2025,-1.85,8.70,-3.63,0.01,-0.01,-0.01,-130.36,-7.59,-7.76
-12407,3.21,-4859,2.64,655,3,7371,06_46_05_04_09_2025,-1.85,8.70,-3.63,0.01,-0.01,-0.01,-130.52,-7.53,-7.97
-12584,3.23,-5020,2.65,655,3,7410,06_46_05_04_09_2025,-1.85,8.69,-3.63,0.01,-0.01,-0.00,-130.81,-7.69,-7.51
-12494,3.22,-4965,2.65,656,3,7449,06_46_05_04_09_2025,-1.85,8.70,-3.62,0.00,-0.01,-0.00,-130.14,-7.28,-8.01
-12522,3.22,-5004,2.65,655,3,7487,06_46_05_04_09_2025,-1.85,8.70,-3.62,0.01,-0.01,-0.00,-130.33,-7.63,-7.91
-12658,3.23,-4979,2.65,656,3,7525,06_46_05_04_09_2025,-1.86,8.70,-3.63,0.00,-0.01,-0.00,-130.44,-8.07,-7.37
-12352,3.21,-4915,2.65,655,3,7574,06_46_06_04_09_2025,-1.84,8.70,-3.63,0.01,-0.01,-0.01,-130.52,-7.80,-8.30
-12375,3.21,-4915,2.65,655,3,7614,06_46_06_04_09_2025,-1.86,8.70,-3.63,0.00,-0.01,-0.00,-130.72,-7.60,-7.51
-12595,3.23,-4956,2.65,655,3,7653,06_46_06_04_09_2025,-1.85,8.70,-3.64,0.00,-0.01,-0.01,-131.16,-8.26,-8.07
-12618,3.23,-4859,2.64,656,3,7691,06_46_06_04_09_2025,-1.85,8.70,-3.63,0.01,-0.00,-0.00,-131.18,-8.01,-7.99
-12695,3.23,-4880,2.64,655,3,7733,06_46_06_04_09_2025,-1.85,8.70,-3.62,0.00,-0.01,-0.00,-130.87,-7.91,-8.46
-12479,3.22,-4874,2.64,655,3,7772,06_46_06_04_09_2025,-1.85,8.70,-3.63,0.01,-0.01,-0.00,-130.72,-7.60,-7.94
-12593,3.23,-4841,2.64,656,3,7811,06_46_06_04_09_2025,-1.85,8.70,-3.62,0.00,-0.00,-0.00,-130.62,-7.97,-8.02
-12590,3.23,-4942,2.65,655,3,7849,06_46_06_04_09_2025,-1.85,8.71,-3.63,0.01,-0.01,-0.00,-130.37,-7.91,-7.83
-12486,3.22,-4905,2.64,655,3,7888,06_46_06_04_09_2025,-1.86,8.70,-3.62,0.00,-0.01,-0.00,-130.62,-8.11,-7.13
-12576,3.23,-4982,2.65,656,3,7937,06_46_06_04_09_2025,-1.84,8.71,-3.63,0.01,-0.01,-0.00,-130.77,-7.98,-7.61
-12629,3.23,-4914,2.64,656,3,7975,06_46_06_04_09_2025,-1.86,8.70,-3.63,0.00,-0.01,-0.00,-131.00,-7.61,-6.69
-12533,3.22,-4949,2.65,655,3,8014,06_46_06_04_09_2025,-1.84,8.68,-3.63,0.01,-0.01,-0.00,-130.72,-8.13,-7.32
-12409,3.21,-4875,2.64,655,3,8052,06_46_06_04_09_2025,-1.87,8.70,-3.63,0.01,-0.01,-0.00,-130.72,-7.88,-7.95
-12518,3.22,-4945,2.65,655,3,8091,06_46_06_04_09_2025,-1.87,8.69,-3.61,0.01,-0.01,-0.00,-130.15,-8.17,-8.35
-12571,3.23,-4886,2.64,655,3,8133,06_46_06_04_09_2025,-1.85,8.70,-3.63,0.00,-0.01,-0.01,-130.52,-8.23,-8.16
-12413,3.21,-4810,2.64,655,3,8171,06_46_06_04_09_2025,-1.85,8.69,-3.60,0.01,-0.01,-0.00,-130.52,-8.27,-8.39
-12547,3.22,-4929,2.65,655,3,8210,06_46_06_04_09_2025,-1.84,8.70,-3.64,0.01,-0.01,-0.00,-130.85,-7.75,-8.39
-12546,3.22,-4822,2.64,656,3,8248,06_46_06_04_09_2025,-1.85,8.70,-3.62,0.00,-0.01,-0.00,-130.53,-7.76,-8.35
-12466,3.22,-4875,2.64,655,3,8287,06_46_06_04_09_2025,-1.87,8.70,-3.63,0.00,-0.01,-0.01,-130.37,-8.13,-7.70
-12567,3.22,-4982,2.65,656,3,8336,06_46_06_04_09_2025,-1.85,8.70,-3.62,0.01,-0.01,-0.00,-130.53,-8.08,-7.59
-12552,3.22,-4665,2.63,655,3,8375,06_46_06_04_09_2025,-1.84,8.70,-3.64,0.01,-0.01,-0.01,-130.56,-8.24,-7.98
-12580,3.23,-4950,2.65,655,3,8413,06_46_06_04_09_2025,-1.87,8.69,-3.62,0.01,-0.01,-0.01,-130.52,-7.83,-8.27
-12717,3.24,-4848,2.64,655,3,8451,06_46_06_04_09_2025,-1.86,8.70,-3.63,0.01,-0.01,-0.00,-130.24,-7.91,-7.31
-12383,3.21,-5135,2.66,655,3,8494,06_46_06_04_09_2025,-1.84,8.71,-3.63,0.00,-0.01,-0.00,-130.30,-7.76,-7.48
-12512,3.22,-4695,2.63,655,3,8532,06_46_07_04_09_2025,-1.84,8.68,-3.65,0.01,-0.00,0.00,-130.37,-8.27,-7.80
-12421,3.21,-4932,2.65,656,3,8569,06_46_07_04_09_2025,-1.88,8.80,-3.61,0.02,-0.01,0.01,-130.42,-8.14,-7.38
-12473,3.22,-4776,2.63,655,3,8608,06_46_07_04_09_2025,-1.91,8.78,-3.58,-0.00,-0.01,-0.01,-130.43,-7.95,-7.61
-12566,3.22,-4869,2.64,656,3,8647,06_46_07_04_09_2025,-1.90,8.69,-3.60,-0.00,-0.01,-0.01,-130.25,-7.78,-7.99
-12449,3.22,-4860,2.64,656,3,8697,06_46_07_04_09_2025,-1.75,8.71,-3.62,0.02,-0.01,0.00,-130.46,-8.17,-8.18
-12470,3.22,-4859,2.64,655,3,8736,06_46_07_04_09_2025,-1.90,8.77,-3.58,0.02,-0.00,0.00,-130.63,-8.36,-7.98
-12607,3.23,-4923,2.65,656,3,8774,06_46_07_04_09_2025,-1.94,8.85,-3.58,0.00,-0.01,-0.00,-130.17,-7.82,-8.18
-12600,3.23,-4950,2.65,656,3,8812,06_46_07_04_09_2025,-1.87,8.74,-3.63,0.01,-0.01,-0.00,-130.85,-8.04,-8.14
-12551,3.22,-4821,2.64,655,3,8851,06_46_07_04_09_2025,-1.81,8.67,-3.65,0.01,-0.01,-0.00,-130.61,-7.92,-8.08
-12486,3.22,-4857,2.64,656,3,8892,06_46_07_04_09_2025,-1.85,8.67,-3.63,0.01,-0.01,-0.00,-130.72,-7.85,-7.72
-12509,3.22,-4867,2.64,655,3,8931,06_46_07_04_09_2025,-1.88,8.74,-3.61,0.01,-0.01,-0.00,-130.84,-7.89,-7.51
-12510,3.22,-4821,2.64,656,3,8970,06_46_07_04_09_2025,-1.85,8.71,-3.63,0.00,-0.01,-0.01,-130.68,-7.80,-7.41
-12387,3.21,-4771,2.63,655,3,9007,06_46_07_04_09_2025,-1.86,8.72,-3.63,0.00,-0.01,-0.01,-130.91,-8.40,-8.27
-12421,3.21,-4995,2.65,656,3,9057,06_46_07_04_09_2025,-1.82,8.67,-3.65,0.00,-0.01,-0.01,-130.96,-8.43,-8.32
-12657,3.23,-4894,2.64,656,3,9096,06_46_07_04_09_2025,-1.85,8.70,-3.64,0.01,-0.01,-0.00,-130.78,-7.79,-8.52
-12574,3.23,-4846,2.64,655,3,9134,06_46_07_04_09_2025,-1.86,8.69,-3.63,0.01,-0.01,-0.00,-130.81,-7.66,-8.48
-12569,3.22,-4931,2.65,655,3,9173,06_46_07_04_09_2025,-1.86,8.70,-3.62,0.01,-0.00,-0.01,-130.43,-8.27,-8.20
-12456,3.22,-4695,2.63,655,3,9212,06_46_07_04_09_2025,-1.90,8.78,-3.68,0.01,-0.00,0.00,-130.44,-8.13,-7.83
-12481,3.22,-4961,2.65,656,3,9253,06_46_07_04_09_2025,-1.93,8.78,-3.57,0.01,-0.00,-0.00,-130.82,-7.66,-8.13
-12429,3.21,-4913,2.64,656,3,9291,06_46_07_04_09_2025,-1.88,8.73,-3.65,-0.00,-0.01,-0.01,-130.31,-7.78,-7.45
-12472,3.22,-5012,2.65,655,3,9330,06_46_07_04_09_2025,-1.83,8.63,-3.64,0.01,-0.01,-0.00,-130.33,-7.45,-8.27
-12441,3.22,-4703,2.63,655,3,9367,06_46_07_04_09_2025,-1.88,8.70,-3.62,0.02,-0.00,0.00,-130.69,-7.45,-7.80
-12324,3.21,-4835,2.64,656,3,9406,06_46_07_04_09_2025,-1.88,8.71,-3.62,-0.00,-0.00,-0.00,-130.85,-7.88,-8.05
-12470,3.22,-4911,2.64,656,3,9456,06_46_07_04_09_2025,-1.88,8.76,-3.62,0.00,-0.01,-0.01,-130.44,-7.86,-7.76
-12513,3.22,-4965,2.65,656,3,9494,06_46_07_04_09_2025,-1.85,8.70,-3.64,0.00,-0.01,-0.01,-130.62,-7.47,-8.30
-12499,3.22,-4912,2.64,656,3,9532,06_46_08_04_09_2025,-1.84,8.70,-3.62,0.00,-0.01,-0.00,-130.62,-7.57,-8.52
-12463,3.22,-4879,2.64,656,3,9570,06_46_08_04_09_2025,-1.83,8.70,-3.65,0.01,-0.00,0.00,-130.62,-7.26,-8.21
-12328,3.21,-4922,2.65,655,3,9612,06_46_08_04_09_2025,-1.87,8.71,-3.62,0.00,-0.01,-0.01,-131.23,-7.83,-7.99
-12557,3.22,-4776,2.63,655,3,9652,06_46_08_04_09_2025,-1.87,8.72,-3.64,0.01,-0.01,-0.00,-131.03,-7.42,-8.39
-12385,3.21,-4999,2.65,656,3,9690,06_46_08_04_09_2025,-1.85,8.68,-3.61,0.00,-0.01,-0.01,-130.37,-7.66,-9.02
-12522,3.22,-4721,2.63,656,3,9729,06_46_08_04_09_2025,-1.84,8.69,-3.64,0.01,-0.00,-0.00,-130.21,-7.63,-8.52
-12390,3.21,-5008,2.65,656,3,9767,06_46_08_04_09_2025,-1.84,8.69,-3.63,0.00,-0.01,-0.00,-130.96,-7.53,-8.24
-12600,3.23,-5088,2.66,656,3,9816,06_46_08_04_09_2025,-1.85,8.70,-3.63,0.01,-0.01,-0.00,-131.07,-7.44,-8.37
-12360,3.21,-4958,2.65,655,3,9855,06_46_08_04_09_2025,-1.87,8.71,-3.60,0.00,-0.01,-0.01,-131.00,-8.14,-9.16
-12578,3.23,-4726,2.63,653,3,9893,06_46_08_04_09_2025,-1.85,8.69,-3.64,0.01,-0.01,-0.00,-130.85,-8.08,-8.56
-12562,3.22,-4840,2.64,656,3,9932,06_46_08_04_09_2025,-1.85,8.68,-3.63,0.01,-0.01,-0.00,-130.59,-7.79,-8.64
-12492,3.22,-4621,2.62,655,3,9970,06_46_08_04_09_2025,-1.85,8.70,-3.64,0.01,-0.01,-0.00,-130.69,-7.82,-9.25
-12502,3.22,-4679,2.63,655,3,10011,06_46_08_04_09_2025,-1.86,8.70,-3.62,0.00,-0.01,-0.00,-130.62,-8.20,-8.75
-12396,3.21,-4782,2.63,655,3,10050,06_46_08_04_09_2025,-1.86,8.70,-3.63,0.00,-0.01,-0.01,-131.06,-8.59,-8.73
-12565,3.22,-4758,2.63,656,3,10088,06_46_08_04_09_2025,-1.84,8.69,-3.62,0.01,-0.01,-0.00,-130.81,-7.75,-8.62
-12495,3.22,-4845,2.64,655,3,10126,06_46_08_04_09_2025,-1.85,8.69,-3.63,0.01,-0.01,-0.00,-130.90,-8.20,-8.29
-12396,3.21,-4772,2.63,655,3,10164,06_46_08_04_09_2025,-1.86,8.70,-3.62,0.01,-0.01,-0.00,-131.20,-8.42,-8.81
-12476,3.22,-4914,2.64,656,3,10213,06_46_08_04_09_2025,-1.87,8.70,-3.62,0.01,-0.01,-0.01,-131.09,-8.18,-9.60
-12398,3.21,-4825,2.64,655,3,10251,06_46_08_04_09_2025,-1.84,8.69,-3.64,0.01,-0.01,-0.00,-131.04,-8.08,-8.75
-12514,3.22,-4883,2.64,655,3,10291,06_46_08_04_09_2025,-1.85,8.70,-3.63,0.01,-0.01,-0.01,-131.13,-8.14,-8.93
-12557,3.22,-4877,2.64,656,3,10329,06_46_08_04_09_2025,-1.85,8.69,-3.63,0.01,-0.01,-0.00,-131.34,-8.18,-8.51
-12444,3.22,-4738,2.63,655,3,10371,06_46_08_04_09_2025,-1.85,8.70,-3.61,0.00,-0.00,-0.01,-130.58,-8.17,-8.74
-12502,3.22,-4852,2.64,655,3,10410,06_46_08_04_09_2025,-1.84,8.70,-3.64,0.01,-0.01,-0.01,-130.58,-8.40,-8.58
-12606,3.23,-4940,2.65,655,3,10448,06_46_08_04_09_2025,-1.86,8.69,-3.62,0.00,-0.01,-0.01,-130.91,-8.11,-8.52
-12477,3.22,-5000,2.65,655,3,10486,06_46_08_04_09_2025,-1.84,8.69,-3.63,0.01,-0.01,-0.00,-130.77,-8.07,-8.61
-12667,3.23,-4768,2.63,655,3,10524,06_46_08_04_09_2025,-1.85,8.69,-3.62,0.00,-0.01,-0.00,-130.78,-7.79,-8.73
-12592,3.23,-4913,2.64,655,3,10573,06_46_09_04_09_2025,-1.85,8.70,-3.64,0.01,-0.01,-0.00,-130.94,-8.24,-8.58
-12430,3.21,-4845,2.64,656,3,10612,06_46_09_04_09_2025,-1.85,8.70,-3.62,0.01,-0.01,-0.00,-130.78,-8.55,-8.07
-12491,3.22,-4859,2.64,656,3,10651,06_46_09_04_09_2025,-1.86,8.69,-3.63,0.00,-0.01,-0.00,-130.80,-8.23,-8.49
-12328,3.21,-5068,2.66,655,3,10691,06_46_09_04_09_2025,-1.84,8.70,-3.62,0.01,-0.01,-0.00,-131.10,-8.07,-8.70
-12464,3.22,-5012,2.65,655,3,10730,06_46_09_04_09_2025,-1.86,8.70,-3.64,0.01,-0.01,-0.00,-130.74,-8.37,-7.80
-12617,3.23,-4732,2.63,656,3,10766,06_46_09_04_09_2025,-1.86,8.70,-3.62,0.00,-0.01,-0.00,-131.18,-8.45,-9.05
-12613,3.23,-4854,2.64,656,3,10805,06_46_09_04_09_2025,-1.85,8.70,-3.62,0.01,-0.01,-0.00,-131.09,-8.32,-8.32
-12424,3.21,-4696,2.63,656,3,10843,06_46_09_04_09_2025,-1.89,8.74,-3.65,0.00,-0.01,-0.01,-130.56,-7.97,-8.37
-12480,3.22,-4905,2.64,656,3,10881,06_46_09_04_09_2025,-1.86,8.60,-3.59,0.01,-0.01,-0.01,-130.61,-7.85,-8.61
-12446,3.22,-4973,2.65,655,3,10930,06_46_09_04_09_2025,-1.76,8.67,-3.75,0.04,0.00,0.01,-130.31,-8.54,-8.39
-12535,3.22,-4605,2.62,656,3,10968,06_46_09_04_09_2025,-1.90,8.79,-3.60,0.00,-0.01,-0.01,-130.68,-8.20,-8.83
-12595,3.23,-4732,2.63,655,3,11006,06_46_09_04_09_2025,-1.89,8.71,-3.64,0.01,-0.00,-0.00,-130.68,-8.33,-9.11
-12575,3.23,-4865,2.64,655,3,11045,06_46_09_04_09_2025,-1.80,8.68,-3.67,-0.01,-0.01,-0.01,-130.65,-7.94,-8.35
-12420,3.21,-4899,2.64,656,3,11083,06_46_09_04_09_2025,-1.84,8.64,-3.63,0.01,-0.00,-0.00,-130.69,-7.98,-7.60
-12421,3.21,-4921,2.65,655,3,11124,06_46_09_04_09_2025,-1.85,8.72,-3.63,0.01,-0.00,-0.01,-130.55,-7.91,-8.37
-12463,3.22,-4910,2.64,656,3,11163,06_46_09_04_09_2025,-1.87,8.70,-3.63,-0.00,-0.01,-0.01,-130.77,-7.73,-8.64
-12633,3.23,-4938,2.65,656,3,11201,06_46_09_04_09_2025,-1.85,8.67,-3.64,0.01,-0.01,-0.01,-130.63,-7.98,-8.30
-12563,3.22,-4830,2.64,655,3,11239,06_46_09_04_09_2025,-1.84,8.71,-3.62,0.01,-0.01,-0.01,-130.75,-7.45,-7.79
-12684,3.23,-4861,2.64,655,3,11288,06_46_09_04_09_2025,-1.84,8.68,-3.65,0.01,-0.01,-0.00,-130.42,-7.98,-8.11
-12486,3.22,-4890,2.64,655,3,11326,06_46_09_04_09_2025,-1.87,8.70,-3.62,0.00,-0.01,-0.01,-130.52,-8.55,-8.11
-12394,3.21,-4868,2.64,655,3,11364,06_46_09_04_09_2025,-1.86,8.71,-3.64,0.01,-0.01,-0.00,-130.33,-8.59,-8.14
-12474,3.22,-4891,2.64,655,3,11403,06_46_09_04_09_2025,-1.84,8.68,-3.64,0.00,-0.01,-0.01,-129.90,-8.11,-8.33
-12471,3.22,-4868,2.64,655,3,11441,06_46_09_04_09_2025,-1.85,8.71,-3.64,0.01,-0.01,-0.00,-130.61,-7.88,-8.01
-12555,3.22,-4715,2.63,656,3,11482,06_46_09_04_09_2025,-1.86,8.69,-3.63,0.00,-0.01,-0.01,-130.36,-7.66,-7.95
-12507,3.22,-4713,2.63,656,3,11521,06_46_09_04_09_2025,-1.85,8.70,-3.64,0.01,-0.00,-0.00,-130.50,-8.18,-7.86
-12509,3.22,-4894,2.64,655,3,11559,06_46_10_04_09_2025,-1.85,8.69,-3.64,0.00,-0.01,-0.01,-130.59,-8.16,-7.92
-12544,3.22,-4921,2.65,655,3,11598,06_46_10_04_09_2025,-1.87,8.70,-3.63,0.01,-0.00,-0.00,-130.28,-8.40,-7.00
-12475,3.22,-4803,2.64,656,3,11636,06_46_10_04_09_2025,-1.85,8.69,-3.65,0.00,-0.01,-0.00,-130.47,-8.46,-7.56
-12518,3.22,-4801,2.64,656,3,11687,06_46_10_04_09_2025,-1.86,8.69,-3.63,0.01,-0.01,-0.00,-130.55,-8.42,-8.05
-12682,3.23,-4827,2.64,655,3,11725,06_46_10_04_09_2025,-1.85,8.70,-3.64,0.00,-0.01,-0.00,-130.88,-7.89,-8.52
-12566,3.22,-4698,2.63,656,3,11764,06_46_10_04_09_2025,-1.85,8.68,-3.63,0.00,-0.01,-0.00,-130.01,-7.56,-7.98
-12402,3.21,-4720,2.63,655,3,11802,06_46_10_04_09_2025,-1.86,8.69,-3.63,0.00,-0.01,-0.01,-130.20,-7.80,-8.14
-12741,3.24,-5027,2.65,656,3,11844,06_46_10_04_09_2025,-1.87,8.69,-3.63,0.01,-0.01,-0.00,-130.12,-7.80,-7.63
-12616,3.23,-4958,2.65,655,3,11883,06_46_10_04_09_2025,-1.84,8.70,-3.63,0.01,-0.01,-0.00,-130.61,-7.73,-8.24
-12619,3.23,-4893,2.64,656,3,11922,06_46_10_04_09_2025,-1.87,8.69,-3.63,0.00,-0.01,-0.01,-130.30,-7.67,-7.94
-12501,3.22,-4834,2.64,655,3,11960,06_46_10_04_09_2025,-1.86,8.70,-3.64,0.01,-0.01,-0.00,-130.50,-7.73,-7.40
-12482,3.22,-4939,2.65,655,3,11999,06_46_10_04_09_2025,-1.84,8.70,-3.64,0.01,-0.01,-0.00,-130.58,-7.76,-7.50
-12516,3.22,-4909,2.64,655,3,12048,06_46_10_04_09_2025,-1.86,8.69,-3.62,0.01,-0.01,-0.00,-130.55,-7.59,-8.11
-12460,3.22,-4817,2.64,656,3,12086,06_46_10_04_09_2025,-1.84,8.70,-3.65,0.01,-0.01,-0.00,-130.31,-8.11,-7.41
-12633,3.23,-4936,2.65,655,3,12125,06_46_10_04_09_2025,-1.86,8.70,-3.63,0.00,-0.01,-0.01,-130.66,-7.99,-7.94
-12484,3.22,-4722,2.63,655,3,12164,06_46_10_04_09_2025,-1.86,8.70,-3.63,0.00,-0.01,-0.00,-130.40,-8.04,-7.35
-12628,3.23,-4782,2.63,655,3,12202,06_46_10_04_09_2025,-1.84,8.69,-3.64,0.01,-0.01,-0.00,-130.75,-8.10,-8.35
-12607,3.23,-4917,2.65,656,3,12245,06_46_10_04_09_2025,-1.85,8.70,-3.64,0.01,-0.01,-0.00,-130.93,-7.94,-7.91
-12529,3.22,-5040,2.65,655,3,12283,06_46_10_04_09_2025,-1.87,8.69,-3.62,0.01,-0.01,-0.00,-130.91,-7.85,-8.17
-12539,3.22,-4809,2.64,655,3,12322,06_46_10_04_09_2025,-1.84,8.70,-3.64,0.01,-0.01,-0.01,-130.77,-8.05,-8.11
-12380,3.21,-4825,2.64,655,3,12361,06_46_10_04_09_2025,-1.84,8.69,-3.64,0.01,-0.01,-0.00,-130.63,-7.92,-7.70
-12588,3.23,-4811,2.64,655,3,12410,06_46_10_04_09_2025,-1.86,8.70,-3.63,0.00,-0.01,-0.00,-130.88,-7.85,-7.97
-12502,3.22,-4832,2.64,656,3,12449,06_46_10_04_09_2025,-1.85,8.70,-3.64,0.01,-0.01,-0.00,-131.09,-8.35,-7.64
-12343,3.21,-4959,2.65,656,3,12489,06_46_10_04_09_2025,-1.86,8.70,-3.64,0.00,-0.01,-0.01,-130.40,-8.24,-8.24
-12491,3.22,-4831,2.64,655,3,12527,06_46_10_04_09_2025,-1.85,8.71,-3.62,0.01,-0.01,-0.00,-130.31,-8.14,-7.25
-12537,3.22,-4751,2.63,655,3,12566,06_46_11_04_09_2025,-1.85,8.69,-3.63,0.01,-0.01,-0.00,-130.27,-8.35,-7.28
-12601,3.23,-4902,2.64,655,3,12607,06_46_11_04_09_2025,-1.85,8.70,-3.63,0.01,-0.01,-0.00,-130.52,-8.04,-7.89
-12493,3.22,-4879,2.64,656,3,12646,06_46_11_04_09_2025,-1.84,8.69,-3.63,0.00,-0.01,-0.00,-130.21,-7.97,-7.50
-12499,3.22,-4916,2.65,655,3,12684,06_46_11_04_09_2025,-1.85,8.69,-3.63,0.01,-0.01,-0.01,-131.09,-8.07,-7.91
-12358,3.21,-4982,2.65,655,3,12723,06_46_11_04_09_2025,-1.85,8.69,-3.64,0.00,-0.01,-0.00,-130.85,-8.27,-7.37
-12487,3.22,-4990,2.65,655,3,12764,06_46_11_04_09_2025,-1.85,8.69,-3.65,0.01,-0.01,-0.00,-130.43,-8.08,-7.60
-12430,3.21,-4905,2.64,656,3,12814,06_46_11_04_09_2025,-1.85,8.69,-3.64,0.01,-0.01,-0.00,-130.47,-7.95,-7.26
-12607,3.23,-4877,2.64,656,3,12852,06_46_11_04_09_2025,-1.85,8.69,-3.64,0.00,-0.01,-0.00,-130.87,-7.79,-7.88
-12419,3.21,-4892,2.64,656,3,12891,06_46_11_04_09_2025,-1.86,8.70,-3.63,0.01,-0.01,-0.00,-130.56,-7.98,-7.75
-12447,3.22,-4596,2.62,655,3,12929,06_46_11_04_09_2025,-1.85,8.70,-3.64,0.01,-0.01,-0.00,-130.59,-8.18,-7.45
-12517,3.22,-4933,2.65,656,3,12971,06_46_11_04_09_2025,-1.86,8.70,-3.63,0.01,-0.00,-0.00,-130.61,-7.73,-7.37
-12644,3.23,-5065,2.66,656,3,13009,06_46_11_04_09_2025,-1.85,8.69,-3.63,0.01,-0.01,-0.00,-130.71,-7.95,-7.44
-12428,3.21,-4905,2.64,655,3,13047,06_46_11_04_09_2025,-1.86,8.69,-3.63,0.01,-0.01,-0.00,-130.65,-7.76,-7.70
-12608,3.23,-4832,2.64,655,3,13086,06_46_11_04_09_2025,-1.86,8.69,-3.63,0.01,-0.01,-0.00,-130.63,-7.89,-8.30
-12571,3.23,-4892,2.64,655,3,13124,06_46_11_04_09_2025,-1.85,8.70,-3.64,0.01,-0.01,-0.00,-130.34,-8.16,-8.26
-12524,3.22,-4944,2.65,656,3,13173,06_46_11_04_09_2025,-1.86,8.70,-3.62,0.00,-0.01,-0.01,-130.49,-8.30,-8.13
-12451,3.22,-4982,2.65,655,3,13212,06_46_11_04_09_2025,-1.85,8.71,-3.64,0.01,-0.01,-0.00,-130.72,-8.37,-8.01
-12494,3.22,-4807,2.64,655,3,13250,06_46_11_04_09_2025,-1.85,8.70,-3.63,0.01,-0.01,-0.00,-130.75,-8.45,-8.16
-12437,3.21,-4911,2.64,656,3,13289,06_46_11_04_09_2025,-1.85,8.69,-3.64,0.01,-0.01,-0.00,-130.58,-8.55,-8.14
-12555,3.22,-4863,2.64,655,3,13329,06_46_11_04_09_2025,-1.85,8.70,-3.63,0.01,-0.01,-0.00,-130.06,-8.21,-8.45
-12433,3.21,-4899,2.64,656,3,13370,06_46_11_04_09_2025,-1.86,8.70,-3.63,0.01,-0.01,-0.01,-130.27,-8.18,-8.40
-12438,3.21,-4879,2.64,655,3,13410,06_46_11_04_09_2025,-1.85,8.70,-3.63,0.01,-0.00,-0.00,-130.91,-7.92,-8.64
-12430,3.21,-4902,2.64,655,3,13449,06_46_11_04_09_2025,-1.85,8.70,-3.63,0.01,-0.01,-0.01,-130.49,-8.30,-7.98
-12614,3.23,-4980,2.65,656,3,13487,06_46_11_04_09_2025,-1.86,8.69,-3.63,0.01,-0.01,-0.00,-130.36,-8.33,-8.10
-12595,3.23,-4862,2.64,655,3,13537,06_46_12_04_09_2025,-1.85,8.70,-3.64,0.00,-0.01,-0.01,-130.80,-8.05,-7.88
-12441,3.22,-4819,2.64,655,3,13576,06_46_12_04_09_2025,-1.86,8.69,-3.63,0.01,-0.01,-0.00,-130.02,-8.10,-8.24
-12606,3.23,-4733,2.63,655,3,13614,06_46_12_04_09_2025,-1.86,8.70,-3.63,0.00,-0.01,-0.00,-130.20,-7.85,-8.04
-12505,3.22,-4750,2.63,656,3,13654,06_46_12_04_09_2025,-1.85,8.70,-3.63,0.01,-0.01,-0.00,-130.44,-8.23,-7.86
-12561,3.22,-4803,2.64,655,3,13692,06_46_12_04_09_2025,-1.86,8.70,-3.63,0.00,-0.01,-0.00,-130.20,-8.14,-7.86
-12527,3.22,-4819,2.64,655,3,13734,06_46_12_04_09_2025,-1.85,8.70,-3.63,0.01,-0.01,-0.00,-130.30,-8.16,-7.78
-12367,3.21,-4727,2.63,655,3,13775,06_46_12_04_09_2025,-1.87,8.69,-3.63,0.00,-0.01,-0.00,-130.25,-7.47,-7.75
-12592,3.23,-4751,2.63,655,3,13813,06_46_12_04_09_2025,-1.85,8.69,-3.63,0.01,-0.00,-0.00,-130.18,-7.85,-7.86
-12526,3.22,-4925,2.65,655,3,13851,06_46_12_04_09_2025,-1.85,8.69,-3.62,0.01,-0.00,-0.00,-130.65,-7.66,-7.82
-12542,3.22,-4851,2.64,655,3,13889,06_46_12_04_09_2025,-1.86,8.69,-3.64,0.01,-0.01,-0.00,-130.59,-8.07,-7.83
-12663,3.23,-4804,2.64,656,3,13939,06_46_12_04_09_2025,-1.85,8.69,-3.63,0.00,-0.01,-0.00,-130.88,-8.13,-7.64
-12485,3.22,-4895,2.64,655,3,13977,06_46_12_04_09_2025,-1.86,8.70,-3.64,0.01,-0.01,-0.00,-130.58,-8.55,-7.63
-12580,3.23,-4999,2.65,655,3,14017,06_46_12_04_09_2025,-1.86,8.70,-3.62,0.01,-0.01,-0.00,-130.61,-7.73,-7.28
-12414,3.21,-5025,2.65,656,3,14055,06_46_12_04_09_2025,-1.85,8.69,-3.64,0.01,-0.01,-0.00,-130.68,-8.21,-7.41
-12309,3.21,-4873,2.64,656,3,14096,06_46_12_04_09_2025,-1.85,8.69,-3.63,0.00,-0.01,-0.00,-130.46,-8.32,-7.04
-12518,3.22,-4905,2.64,656,3,14136,06_46_12_04_09_2025,-1.85,8.69,-3.64,0.01,-0.01,-0.00,-130.23,-8.01,-7.00
-12448,3.22,-4772,2.63,655,3,14174,06_46_12_04_09_2025,-1.85,8.69,-3.63,0.00,-0.01,-0.00,-130.17,-7.92,-7.61
-12513,3.22,-4755,2.63,656,3,14213,06_46_12_04_09_2025,-1.85,8.70,-3.63,0.00,-0.01,-0.00,-130.47,-8.01,-6.83
-12283,3.20,-5015,2.65,656,3,14252,06_46_12_04_09_2025,-1.86,8.70,-3.64,0.01,-0.01,-0.00,-130.47,-8.11,-7.00
-12551,3.22,-4911,2.64,655,3,14301,06_46_12_04_09_2025,-1.85,8.69,-3.63,0.01,-0.01,-0.01,-130.42,-8.40,-7.45
-12471,3.22,-4936,2.65,655,3,14340,06_46_12_04_09_2025,-1.85,8.70,-3.63,0.01,-0.01,-0.00,-130.50,-8.16,-7.89
-12523,3.22,-4809,2.64,656,3,14379,06_46_12_04_09_2025,-1.85,8.70,-3.63,0.01,-0.01,-0.00,-130.30,-8.26,-7.99
-12616,3.23,-4920,2.65,655,3,14417,06_46_12_04_09_2025,-1.86,8.70,-3.64,0.01,-0.00,-0.00,-130.58,-8.35,-7.73
-12529,3.22,-4790,2.64,656,3,14455,06_46_12_04_09_2025,-1.86,8.69,-3.64,0.00,-0.01,-0.01,-130.61,-8.64,-7.19
-12492,3.22,-4869,2.64,656,3,14498,06_46_12_04_09_2025,-1.85,8.69,-3.65,0.00,-0.01,-0.00,-130.63,-8.08,-7.67
-12492,3.22,-4706,2.63,656,3,14536,06_46_13_04_09_2025,-1.85,8.69,-3.63,0.00,-0.01,-0.00,-130.62,-8.26,-7.59
-12574,3.23,-4829,2.64,655,3,14574,06_46_13_04_09_2025,-1.86,8.69,-3.64,0.01,-0.01,-0.00,-130.72,-8.27,-7.88
-12596,3.23,-4789,2.64,655,3,14613,06_46_13_04_09_2025,-1.85,8.69,-3.64,0.00,-0.01,-0.01,-130.71,-8.54,-7.91
-12432,3.21,-4765,2.63,656,3,14662,06_46_13_04_09_2025,-1.87,8.69,-3.65,0.01,-0.01,-0.00,-130.56,-8.56,-7.76
-12407,3.21,-4885,2.64,655,3,14702,06_46_13_04_09_2025,-1.86,8.69,-3.63,0.00,-0.01,-0.00,-130.53,-8.29,-8.04
-12515,3.22,-4790,2.64,656,3,14741,06_46_13_04_09_2025,-1.86,8.70,-3.64,0.01,-0.01,-0.00,-130.58,-8.24,-8.02
-12619,3.23,-4778,2.63,655,3,14781,06_46_13_04_09_2025,-1.85,8.70,-3.63,0.00,-0.01,-0.01,-130.80,-8.40,-7.41
-12507,3.22,-4902,2.64,655,3,14820,06_46_13_04_09_2025,-1.86,8.70,-3.65,0.01,-0.01,-0.00,-130.94,-8.30,-8.30
-12441,3.22,-4897,2.64,656,3,14861,06_46_13_04_09_2025,-1.85,8.69,-3.63,0.00,-0.01,-0.00,-130.80,-8.62,-7.44
-12439,3.22,-4872,2.64,656,3,14899,06_46_13_04_09_2025,-1.87,8.69,-3.62,0.01,-0.01,-0.00,-130.68,-7.95,-7.72
-12397,3.21,-4810,2.64,655,3,14937,06_46_13_04_09_2025,-1.86,8.69,-3.62,0.01,-0.01,-0.01,-130.90,-8.52,-7.31
-12338,3.21,-4812,2.64,656,3,14977,06_46_13_04_09_2025,-1.84,8.70,-3.65,0.01,-0.01,-0.01,-130.82,-8.43,-7.94
-12637,3.23,-4792,2.64,655,3,15015,06_46_13_04_09_2025,-1.86,8.69,-3.63,0.00,-0.01,-0.00,-130.56,-8.17,-7.92
-12338,3.21,-4808,2.64,656,3,15065,06_46_13_04_09_2025,-1.86,8.71,-3.64,0.01,-0.01,-0.00,-130.91,-7.88,-7.29
-12497,3.22,-4915,2.65,655,3,15103,06_46_13_04_09_2025,-1.85,8.71,-3.64,0.01,-0.01,-0.00,-131.19,-7.98,-7.57
-12390,3.21,-5015,2.65,656,3,15141,06_46_13_04_09_2025,-1.85,8.69,-3.64,0.00,-0.01,-0.00,-130.74,-7.86,-8.05
-12537,3.22,-4825,2.64,656,3,15180,06_46_13_04_09_2025,-1.86,8.69,-3.64,0.01,-0.01,-0.00,-130.84,-7.91,-7.47
-12571,3.23,-4731,2.63,656,3,15221,06_46_13_04_09_2025,-1.86,8.69,-3.63,0.01,-0.01,-0.00,-130.91,-8.17,-8.05
-12587,3.23,-4797,2.64,655,3,15259,06_46_13_04_09_2025,-1.86,8.69,-3.63,0.01,-0.01,-0.00,-131.13,-8.81,-7.09
-12511,3.22,-4884,2.64,655,3,15297,06_46_13_04_09_2025,-1.85,8.70,-3.63,0.00,-0.01,-0.01,-131.23,-7.40,-7.60
-12549,3.22,-4893,2.64,656,3,15336,06_46_13_04_09_2025,-1.86,8.70,-3.64,0.01,-0.01,-0.00,-130.88,-8.05,-7.78
-12622,3.23,-4977,2.65,655,3,15374,06_46_13_04_09_2025,-1.86,8.70,-3.63,0.01,-0.01,-0.00,-131.25,-8.30,-7.75
-12357,3.21,-4889,2.64,656,3,15424,06_46_13_04_09_2025,-1.86,8.70,-3.63,0.01,-0.01,-0.00,-131.16,-8.07,-8.43
-12539,3.22,-4798,2.64,656,3,15463,06_46_13_04_09_2025,-1.85,8.69,-3.63,0.01,-0.01,-0.00,-130.90,-7.98,-7.99
-12541,3.22,-4800,2.64,655,3,15501,06_46_13_04_09_2025,-1.85,8.69,-3.63,0.01,-0.01,-0.00,-130.96,-7.80,-8.02
-12457,3.22,-4809,2.64,656,3,15540,06_46_14_04_09_2025,-1.86,8.70,-3.63,0.01,-0.01,-0.00,-131.12,-7.98,-7.72
-12481,3.22,-5089,2.66,656,3,15579,06_46_14_04_09_2025,-1.86,8.69,-3.64,0.00,-0.01,-0.01,-130.61,-8.18,-7.09
-12505,3.22,-4960,2.65,655,3,15620,06_46_14_04_09_2025,-1.86,8.70,-3.63,0.01,-0.01,-0.00,-131.09,-8.29,-7.91
-12554,3.22,-4781,2.63,655,3,15659,06_46_14_04_09_2025,-1.86,8.69,-3.64,0.01,-0.01,-0.00,-131.26,-8.51,-7.29
-12613,3.23,-4856,2.64,655,3,15698,06_46_14_04_09_2025,-1.86,8.70,-3.64,0.00,-0.01,-0.00,-131.07,-8.13,-7.50
-12589,3.23,-4850,2.64,655,3,15736,06_46_14_04_09_2025,-1.86,8.70,-3.63,0.00,-0.01,-0.00,-131.18,-7.53,-7.47
-12504,3.22,-4809,2.64,656,3,15788,06_46_14_04_09_2025,-1.85,8.70,-3.64,0.01,-0.01,-0.00,-130.85,-7.95,-7.64
-12648,3.23,-4803,2.64,656,3,15827,06_46_14_04_09_2025,-1.85,8.70,-3.63,0.00,-0.01,-0.00,-130.91,-7.76,-7.34
-12466,3.22,-4817,2.64,656,3,15865,06_46_14_04_09_2025,-1.87,8.69,-3.63,0.01,-0.01,-0.00,-130.82,-7.85,-7.29
-12483,3.22,-4851,2.64,655,3,15904,06_46_14_04_09_2025,-1.85,8.69,-3.63,0.01,-0.01,-0.00,-131.31,-7.66,-7.29
-12642,3.23,-4907,2.64,655,3,15942,06_46_14_04_09_2025,-1.86,8.70,-3.63,0.00,-0.01,-0.00,-130.84,-7.34,-7.94
-12484,3.22,-4849,2.64,655,3,15983,06_46_14_04_09_2025,-1.86,8.69,-3.64,0.01,-0.01,-0.01,-131.10,-8.07,-8.20
-12507,3.22,-4807,2.64,655,3,16022,06_46_14_04_09_2025,-1.86,8.70,-3.63,0.01,-0.01,-0.00,-131.10,-7.57,-8.56
-12439,3.22,-4918,2.65,656,3,16060,06_46_14_04_09_2025,-1.86,8.70,-3.64,0.00,-0.01,-0.00,-131.07,-8.11,-7.78
-12259,3.20,-4854,2.64,654,3,16098,06_46_14_04_09_2025,-1.86,8.69,-3.63,0.01,-0.01,-0.00,-131.20,-8.65,-7.98
-12548,3.22,-4889,2.64,655,3,16148,06_46_14_04_09_2025,-1.85,8.69,-3.63,0.00,-0.01,-0.01,-130.72,-7.48,-8.01
-12593,3.23,-4751,2.63,656,3,16186,06_46_14_04_09_2025,-1.85,8.69,-3.63,0.01,-0.01,-0.00,-130.93,-7.45,-7.54
-12462,3.22,-4765,2.63,655,3,16224,06_46_14_04_09_2025,-1.86,8.69,-3.63,0.00,-0.01,-0.00,-131.10,-7.34,-7.63
-12490,3.22,-4843,2.64,655,3,16263,06_46_14_04_09_2025,-1.86,8.70,-3.64,0.01,-0.01,-0.00,-130.90,-7.51,-7.89
-12502,3.22,-4633,2.62,656,3,16301,06_46_14_04_09_2025,-1.85,8.69,-3.64,0.01,-0.00,-0.00,-130.62,-7.88,-7.89
-12475,3.22,-4813,2.64,656,3,16343,06_46_14_04_09_2025,-1.85,8.69,-3.64,0.01,-0.01,-0.00,-131.34,-8.01,-7.82
-12397,3.21,-4917,2.65,655,3,16381,06_46_14_04_09_2025,-1.84,8.70,-3.63,0.01,-0.01,-0.01,-130.71,-7.26,-8.13
-12359,3.21,-4999,2.65,655,3,16419,06_46_14_04_09_2025,-1.86,8.69,-3.63,0.00,-0.01,-0.00,-130.36,-7.56,-8.73
-12435,3.21,-4877,2.64,655,3,16457,06_46_14_04_09_2025,-1.85,8.69,-3.62,0.01,-0.01,-0.00,-130.91,-7.57,-7.76
-12376,3.21,-4902,2.64,655,3,16496,06_46_14_04_09_2025,-1.85,8.70,-3.63,0.00,-0.01,-0.01,-130.74,-7.40,-8.10
-12401,3.21,-5021,2.65,656,3,16545,06_46_15_04_09_2025,-1.86,8.70,-3.63,0.01,-0.01,-0.00,-130.65,-7.67,-8.26
-12637,3.23,-4879,2.64,656,3,16583,06_46_15_04_09_2025,-1.86,8.70,-3.64,0.01,-0.01,-0.00,-130.47,-8.01,-7.97
-12366,3.21,-4821,2.64,656,3,16622,06_46_15_04_09_2025,-1.85,8.70,-3.63,0.01,-0.01,-0.00,-130.55,-7.88,-8.02
-12465,3.22,-4935,2.65,655,3,16660,06_46_15_04_09_2025,-1.86,8.70,-3.62,0.01,-0.01,-0.00,-130.82,-7.82,-7.26
-12570,3.22,-4757,2.63,656,3,16701,06_46_15_04_09_2025,-1.84,8.69,-3.64,0.01,-0.01,-0.01,-130.99,-8.05,-8.10
-12573,3.23,-4770,2.63,655,3,16739,06_46_15_04_09_2025,-1.86,8.70,-3.63,0.00,-0.00,-0.00,-131.56,-8.11,-8.18
-12484,3.22,-4821,2.64,656,3,16778,06_46_15_04_09_2025,-1.86,8.70,-3.64,0.01,-0.01,-0.00,-131.04,-7.99,-8.30
-12352,3.21,-4659,2.63,655,3,16817,06_46_15_04_09_2025,-1.85,8.70,-3.64,0.00,-0.01,-0.00,-130.81,-7.44,-8.08
-12456,3.22,-4839,2.64,655,3,16858,06_46_15_04_09_2025,-1.85,8.68,-3.64,0.01,-0.01,-0.00,-130.80,-7.91,-8.33
-12288,3.20,-4872,2.64,655,3,16907,06_46_15_04_09_2025,-1.85,8.69,-3.63,0.01,-0.01,-0.00,-131.23,-7.32,-8.65
-12486,3.22,-4677,2.63,656,3,16945,06_46_15_04_09_2025,-1.85,8.70,-3.63,0.01,-0.01,-0.00,-131.28,-7.29,-8.26
-12378,3.21,-4863,2.64,656,3,16984,06_46_15_04_09_2025,-1.85,8.70,-3.65,0.01,-0.01,-0.00,-130.87,-7.76,-8.29
-12548,3.22,-4843,2.64,656,3,17023,06_46_15_04_09_2025,-1.85,8.70,-3.62,0.00,-0.01,-0.01,-130.85,-8.16,-7.69
-12414,3.21,-4727,2.63,656,3,17062,06_46_15_04_09_2025,-1.86,8.68,-3.63,0.01,-0.01,-0.01,-131.13,-7.79,-8.23
-12657,3.23,-4768,2.63,655,3,17104,06_46_15_04_09_2025,-1.86,8.70,-3.63,0.00,-0.01,-0.00,-130.52,-7.61,-7.85
-12402,3.21,-4858,2.64,655,3,17142,06_46_15_04_09_2025,-1.85,8.70,-3.64,0.01,-0.01,-0.00,-130.65,-8.11,-8.18
-12483,3.22,-4855,2.64,655,3,17180,06_46_15_04_09_2025,-1.85,8.69,-3.63,0.00,-0.01,-0.00,-130.37,-7.83,-7.98
-12467,3.22,-4771,2.63,655,3,17218,06_46_15_04_09_2025,-1.86,8.69,-3.64,0.01,-0.01,-0.00,-130.63,-8.01,-8.20
-12420,3.21,-4839,2.64,656,3,17267,06_46_15_04_09_2025,-1.86,8.70,-3.64,0.01,-0.01,-0.00,-131.42,-7.92,-8.26
-12356,3.21,-5014,2.65,655,3,17306,06_46_15_04_09_2025,-1.86,8.69,-3.63,0.01,-0.01,-0.00,-131.19,-7.64,-8.17
-12480,3.22,-4612,2.62,656,3,17345,06_46_15_04_09_2025,-1.86,8.70,-3.63,0.00,-0.01,-0.00,-130.85,-8.07,-8.32
-12704,3.24,-4939,2.65,655,3,17383,06_46_15_04_09_2025,-1.85,8.69,-3.64,0.01,-0.00,-0.00,-131.34,-8.01,-8.07
-12521,3.22,-4699,2.63,655,3,17422,06_46_15_04_09_2025,-1.86,8.69,-3.63,0.01,-0.00,-0.01,-130.80,-8.08,-8.61
-12437,3.21,-4671,2.63,656,3,17464,06_46_15_04_09_2025,-1.85,8.69,-3.64,0.01,-0.01,-0.00,-130.88,-7.95,-8.05
-12403,3.21,-4785,2.64,655,3,17502,06_46_15_04_09_2025,-1.85,8.70,-3.64,0.01,-0.01,-0.01,-130.88,-7.44,-8.42
-12419,3.21,-4794,2.64,656,3,17540,06_46_16_04_09_2025,-1.85,8.70,-3.64,0.01,-0.01,-0.01,-130.55,-7.72,-8.14
-12521,3.22,-4777,2.63,656,3,17578,06_46_16_04_09_2025,-1.85,8.69,-3.63,0.00,-0.01,-0.00,-130.90,-8.32,-8.04
-12481,3.22,-4885,2.64,655,3,17617,06_46_16_04_09_2025,-1.85,8.70,-3.63,0.01,-0.00,-0.00,-130.69,-8.36,-7.78
-12575,3.23,-4750,2.63,655,3,17666,06_46_16_04_09_2025,-1.85,8.70,-3.64,0.01,-0.01,-0.01,-130.93,-8.49,-8.18
-12416,3.21,-4955,2.65,655,3,17705,06_46_16_04_09_2025,-1.86,8.69,-3.63,0.01,-0.01,-0.01,-130.90,-7.91,-7.70
-12405,3.21,-4904,2.64,655,3,17743,06_46_16_04_09_2025,-1.85,8.70,-3.64,0.01,-0.01,-0.00,-131.10,-7.99,-7.69
-12437,3.21,-4878,2.64,655,3,17782,06_46_16_04_09_2025,-1.86,8.70,-3.62,0.01,-0.01,-0.00,-131.28,-7.60,-8.24
-12358,3.21,-4877,2.64,655,3,17824,06_46_16_04_09_2025,-1.85,8.69,-3.63,0.01,-0.01,-0.00,-130.71,-8.13,-7.83
-12376,3.21,-4690,2.63,655,3,17864,06_46_16_04_09_2025,-1.86,8.70,-3.63,0.01,-0.01,-0.00,-131.56,-7.51,-8.24
-12677,3.23,-4855,2.64,655,3,17902,06_46_16_04_09_2025,-1.86,8.70,-3.63,0.00,-0.01,-0.00,-130.90,-7.53,-8.20
-12494,3.22,-4818,2.64,655,3,17941,06_46_16_04_09_2025,-1.85,8.69,-3.63,0.01,-0.01,-0.00,-131.01,-7.89,-7.88
-12338,3.21,-4853,2.64,655,3,17980,06_46_16_04_09_2025,-1.85,8.69,-3.64,0.01,-0.01,-0.00,-130.59,-7.38,-8.24
-12374,3.21,-4828,2.64,656,3,18029,06_46_16_04_09_2025,-1.85,8.70,-3.64,0.01,-0.01,-0.00,-130.85,-7.79,-8.11
-12501,3.22,-4840,2.64,655,3,18068,06_46_16_04_09_2025,-1.85,8.69,-3.64,0.01,-0.01,-0.00,-130.74,-7.69,-8.33
-12327,3.21,-4950,2.65,656,3,18107,06_46_16_04_09_2025,-1.86,8.69,-3.63,0.00,-0.01,-0.00,-130.87,-7.63,-7.99
-12414,3.21,-4711,2.63,656,3,18146,06_46_16_04_09_2025,-1.85,8.70,-3.64,0.01,-0.01,-0.00,-130.61,-7.69,-8.43
-12549,3.22,-4704,2.63,656,3,18185,06_46_16_04_09_2025,-1.85,8.70,-3.64,0.01,-0.01,-0.00,-130.88,-7.70,-7.80
-12418,3.21,-4912,2.64,655,3,18226,06_46_16_04_09_2025,-1.85,8.70,-3.63,0.01,-0.01,-0.00,-130.78,-7.80,-8.68
-12215,3.20,-4832,2.64,656,3,18265,06_46_16_04_09_2025,-1.86,8.68,-3.63,0.01,-0.01,-0.00,-130.90,-7.23,-7.94
-12456,3.22,-4822,2.64,656,3,18304,06_46_16_04_09_2025,-1.85,8.69,-3.63,0.01,-0.00,-0.00,-131.15,-7.32,-8.08
-12517,3.22,-4720,2.63,656,3,18342,06_46_16_04_09_2025,-1.86,8.70,-3.63,0.01,-0.01,-0.00,-131.12,-7.72,-8.51
-12378,3.21,-4720,2.63,656,3,18392,06_46_16_04_09_2025,-1.85,8.70,-3.64,0.01,-0.01,-0.01,-130.91,-7.86,-8.18
-12454,3.22,-4765,2.63,656,3,18430,06_46_16_04_09_2025,-1.86,8.69,-3.64,0.01,-0.01,-0.00,-131.12,-7.69,-8.74
-12367,3.21,-4752,2.63,655,3,18469,06_46_16_04_09_2025,-1.86,8.69,-3.63,0.01,-0.01,-0.00,-130.84,-8.13,-8.46
-12351,3.21,-4899,2.64,656,3,18508,06_46_16_04_09_2025,-1.85,8.69,-3.64,0.01,-0.01,-0.00,-130.69,-7.98,-7.88
-12452,3.22,-4881,2.64,656,3,18547,06_46_17_04_09_2025,-1.85,8.70,-3.64,0.01,-0.00,-0.00,-130.81,-7.60,-7.69
-12404,3.21,-4770,2.63,655,3,18588,06_46_17_04_09_2025,-1.85,8.69,-3.63,0.01,-0.01,-0.00,-130.72,-7.86,-8.32
-12440,3.22,-4821,2.64,655,3,18627,06_46_17_04_09_2025,-1.86,8.70,-3.63,0.01,-0.01,-0.00,-130.55,-7.45,-8.84
-12440,3.22,-4779,2.63,656,3,18667,06_46_17_04_09_2025,-1.85,8.69,-3.64,0.00,-0.01,-0.00,-130.82,-7.97,-8.73
-12416,3.21,-4847,2.64,655,3,18705,06_46_17_04_09_2025,-1.85,8.69,-3.64,0.01,-0.01,-0.00,-131.32,-7.51,-8.75
-12422,3.21,-4911,2.64,656,3,18744,06_46_17_04_09_2025,-1.85,8.70,-3.64,0.01,-0.01,-0.00,-130.91,-7.97,-7.89
-12375,3.21,-4900,2.64,655,3,18792,06_46_17_04_09_2025,-1.85,8.69,-3.64,0.01,-0.01,-0.00,-130.63,-7.42,-8.40
-12278,3.20,-5012,2.65,655,3,18830,06_46_17_04_09_2025,-1.87,8.69,-3.64,0.01,-0.01,-0.00,-130.68,-7.73,-8.65
-12376,3.21,-4902,2.64,655,3,18871,06_46_17_04_09_2025,-1.85,8.70,-3.63,0.01,-0.01,-0.01,-130.40,-7.85,-8.49
-12374,3.21,-4962,2.65,655,3,18910,06_46_17_04_09_2025,-1.86,8.70,-3.64,0.01,-0.01,-0.00,-130.53,-7.79,-8.62
-12538,3.22,-4873,2.64,655,3,18952,06_46_17_04_09_2025,-1.86,8.69,-3.63,0.00,-0.01,-0.01,-130.33,-7.89,-8.94
-12524,3.22,-4853,2.64,656,3,18991,06_46_17_04_09_2025,-1.86,8.70,-3.63,0.01,-0.01,-0.00,-131.04,-7.56,-8.49
-12243,3.20,-4970,2.65,655,3,19030,06_46_17_04_09_2025,-1.86,8.70,-3.63,0.01,-0.01,-0.00,-130.91,-7.82,-8.16
-12447,3.22,-4903,2.64,655,3,19069,06_46_17_04_09_2025,-1.86,8.69,-3.63,0.01,-0.01,-0.00,-130.82,-7.98,-7.79
-12573,3.23,-4848,2.64,656,3,19106,06_46_17_04_09_2025,-1.86,8.69,-3.63,0.01,-0.01,-0.00,-131.10,-8.08,-8.29
-12440,3.22,-4792,2.64,655,3,19155,06_46_17_04_09_2025,-1.85,8.69,-3.63,0.01,-0.01,-0.00,-130.78,-8.32,-8.11
-12524,3.22,-4931,2.65,655,3,19194,06_46_17_04_09_2025,-1.84,8.70,-3.62,0.00,-0.01,-0.00,-130.72,-8.39,-8.36
-12401,3.21,-4815,2.64,656,3,19233,06_46_17_04_09_2025,-1.87,8.69,-3.64,0.01,-0.01,-0.00,-130.94,-8.32,-8.24
-12410,3.21,-4687,2.63,656,3,19272,06_46_17_04_09_2025,-1.84,8.70,-3.64,0.01,-0.01,-0.00,-130.90,-7.76,-8.74
-12393,3.21,-4806,2.64,655,3,19311,06_46_17_04_09_2025,-1.85,8.69,-3.63,0.01,-0.01,-0.01,-130.97,-8.35,-8.18
-12341,3.21,-4840,2.64,655,3,19353,06_46_17_04_09_2025,-1.86,8.68,-3.63,0.01,-0.01,-0.00,-130.59,-8.10,-8.71
-12454,3.22,-4896,2.64,655,3,19391,06_46_17_04_09_2025,-1.86,8.70,-3.63,0.00,-0.01,-0.00,-130.69,-7.89,-8.02
-12398,3.21,-4894,2.64,655,3,19430,06_46_17_04_09_2025,-1.85,8.69,-3.63,0.01,-0.00,-0.00,-130.33,-8.43,-7.95
-12327,3.21,-4860,2.64,656,3,19468,06_46_17_04_09_2025,-1.86,8.70,-3.64,0.01,-0.01,-0.00,-130.43,-8.35,-8.30
-12550,3.22,-4883,2.64,655,3,19517,06_46_17_04_09_2025,-1.86,8.69,-3.63,0.01,-0.01,-0.00,-130.44,-8.18,-8.75
-12281,3.20,-4767,2.63,655,3,19555,06_46_18_04_09_2025,-1.85,8.69,-3.64,0.01,-0.01,-0.00,-130.74,-8.80,-8.68
-12311,3.21,-4804,2.64,656,3,19594,06_46_18_04_09_2025,-1.85,8.70,-3.65,0.01,-0.01,-0.00,-130.65,-8.39,-9.15
-12392,3.21,-4755,2.63,656,3,19632,06_46_18_04_09_2025,-1.85,8.69,-3.63,0.01,-0.01,-0.00,-130.72,-8.26,-8.42
-12385,3.21,-5012,2.65,656,3,19670,06_46_18_04_09_2025,-1.86,8.69,-3.63,0.01,-0.01,-0.00,-130.74,-8.01,-8.49
-12464,3.22,-5035,2.65,655,3,19713,06_46_18_04_09_2025,-1.85,8.69,-3.64,0.01,-0.01,-0.00,-130.77,-8.39,-8.21
-12360,3.21,-4947,2.65,655,3,19752,06_46_18_04_09_2025,-1.86,8.70,-3.63,0.01,-0.01,-0.00,-130.55,-7.82,-8.29
-12521,3.22,-4944,2.65,655,3,19790,06_46_18_04_09_2025,-1.85,8.69,-3.64,0.01,-0.00,-0.00,-130.84,-8.45,-8.56
-12407,3.21,-4939,2.65,656,3,19828,06_46_18_04_09_2025,-1.85,8.69,-3.64,0.01,-0.01,-0.00,-130.69,-8.29,-8.02
-12634,3.23,-4841,2.64,656,3,19867,06_46_18_04_09_2025,-1.86,8.69,-3.63,0.01,-0.01,-0.00,-130.74,-7.97,-8.56
-12353,3.21,-4919,2.65,656,3,19919,06_46_18_04_09_2025,-1.85,8.70,-3.64,0.01,-0.01,-0.00,-131.32,-7.95,-7.83
-12369,3.21,-4964,2.65,655,3,19958,06_46_18_04_09_2025,-1.86,8.70,-3.63,0.01,-0.00,-0.01,-130.63,-8.36,-8.24
-12319,3.21,-4952,2.65,656,3,19996,06_46_18_04_09_2025,-1.86,8.69,-3.64,0.01,-0.01,-0.00,-130.84,-8.32,-8.30
-12539,3.22,-4789,2.64,656,3,20034,06_46_18_04_09_2025,-1.86,8.69,-3.63,0.01,-0.01,-0.00,-134.70,-8.32,-8.27
-12380,3.21,-4869,2.64,655,3,20077,06_46_18_04_09_2025,-1.84,8.69,-3.63,0.01,-0.01,-0.00,-130.04,-8.74,-7.82
-12432,3.21,-4768,2.63,655,3,20116,06_46_18_04_09_2025,-1.86,8.69,-3.63,0.01,-0.01,-0.00,-130.59,-7.99,-7.83
-12507,3.22,-4755,2.63,656,3,20154,06_46_18_04_09_2025,-1.86,8.69,-3.63,0.01,-0.01,-0.00,-131.13,-8.11,-7.50
-12404,3.21,-4725,2.63,655,3,20193,06_46_18_04_09_2025,-1.85,8.70,-3.64,0.01,-0.01,-0.00,-130.58,-7.59,-8.08
-12490,3.22,-4945,2.65,656,3,20231,06_46_18_04_09_2025,-1.86,8.69,-3.63,0.01,-0.00,-0.01,-130.74,-7.99,-8.04
-12406,3.21,-4806,2.64,655,3,20281,06_46_18_04_09_2025,-1.86,8.69,-3.63,0.01,-0.01,-0.00,-130.84,-8.01,-8.05
-12557,3.22,-4905,2.64,655,3,20321,06_46_18_04_09_2025,-1.86,8.70,-3.63,0.01,-0.01,-0.00,-130.84,-7.86,-8.17
-12420,3.21,-4717,2.63,655,3,20359,06_46_18_04_09_2025,-1.86,8.69,-3.63,0.01,-0.01,-0.00,-131.01,-8.14,-8.07
-12362,3.21,-4858,2.64,655,3,20404,06_46_18_04_09_2025,-1.84,8.70,-3.63,0.01,-0.00,-0.00,-131.44,-7.82,-8.20
-12411,3.21,-4949,2.65,655,3,20442,06_46_18_04_09_2025,-1.86,8.70,-3.63,0.01,-0.01,-0.00,-130.81,-8.39,-7.60
-12415,3.21,-4904,2.64,656,3,20484,06_46_18_04_09_2025,-1.85,8.69,-3.63,0.01,-0.00,-0.00,-130.46,-7.79,-8.08
-12449,3.22,-4752,2.63,656,3,20523,06_46_18_04_09_2025,-1.86,8.70,-3.63,0.01,-0.01,-0.00,-130.62,-8.02,-8.35
-12576,3.23,-4811,2.64,655,3,20561,06_46_19_04_09_2025,-1.85,8.69,-3.63,0.01,-0.01,-0.00,-130.77,-8.04,-8.24
-12375,3.21,-4792,2.64,655,3,20600,06_46_19_04_09_2025,-1.85,8.69,-3.64,0.01,-0.01,-0.00,-130.87,-7.86,-7.95
-12459,3.22,-4909,2.64,656,3,20649,06_46_19_04_09_2025,-1.85,8.70,-3.62,0.00,-0.00,-0.01,-130.87,-7.91,-7.61
-12387,3.21,-4767,2.63,656,3,20688,06_46_19_04_09_2025,-1.85,8.68,-3.64,0.01,-0.01,-0.00,-130.97,-8.10,-8.02
-12494,3.22,-4687,2.63,655,3,20726,06_46_19_04_09_2025,-1.86,8.69,-3.63,0.00,-0.01,-0.00,-130.80,-7.61,-8.32
-12385,3.21,-4882,2.64,655,3,20766,06_46_19_04_09_2025,-1.85,8.69,-3.64,0.01,-0.01,-0.00,-131.06,-7.88,-8.43
-12394,3.21,-4744,2.63,655,3,20804,06_46_19_04_09_2025,-1.86,8.69,-3.63,0.00,-0.01,-0.00,-130.82,-8.24,-8.08
-12375,3.21,-4950,2.65,655,3,20846,06_46_19_04_09_2025,-1.86,8.70,-3.63,0.01,-0.01,-0.00,-130.99,-7.85,-8.21
-12341,3.21,-4859,2.64,655,3,20886,06_46_19_04_09_2025,-1.85,8.69,-3.63,0.01,-0.01,-0.01,-130.46,-8.10,-8.51
-12338,3.21,-4775,2.63,655,3,20924,06_46_19_04_09_2025,-1.86,8.69,-3.63,0.01,-0.01,-0.00,-130.77,-8.08,-8.42
-12321,3.21,-4723,2.63,656,3,20965,06_46_19_04_09_2025,-1.85,8.69,-3.63,0.01,-0.01,-0.00,-130.46,-8.18,-7.44
-12335,3.21,-4871,2.64,656,3,21004,06_46_19_04_09_2025,-1.86,8.70,-3.64,0.00,-0.01,-0.01,-130.68,-8.27,-8.26
-12375,3.21,-4637,2.62,655,3,21046,06_46_19_04_09_2025,-1.84,8.70,-3.64,0.01,-0.01,-0.00,-130.68,-8.05,-8.32
-12492,3.22,-4956,2.65,656,3,21085,06_46_19_04_09_2025,-1.86,8.70,-3.63,0.01,-0.01,-0.01,-130.82,-7.40,-7.73
-12385,3.21,-4863,2.64,655,3,21124,06_46_19_04_09_2025,-1.86,8.69,-3.64,0.01,-0.01,-0.00,-130.88,-7.86,-7.99
-12318,3.21,-4936,2.65,655,3,21162,06_46_19_04_09_2025,-1.86,8.69,-3.63,0.00,-0.01,-0.01,-130.56,-8.05,-8.51
-12390,3.21,-4870,2.64,656,3,21204,06_46_19_04_09_2025,-1.85,8.68,-3.64,0.01,-0.01,-0.01,-130.71,-8.17,-8.42
-12320,3.21,-4917,2.65,656,3,21243,06_46_19_04_09_2025,-1.84,8.68,-3.63,0.00,-0.01,-0.01,-131.23,-8.27,-7.89
-12462,3.22,-4790,2.64,656,3,21281,06_46_19_04_09_2025,-1.86,8.69,-3.63,0.01,-0.01,-0.00,-131.10,-8.01,-7.97
-12527,3.22,-4936,2.65,655,3,21320,06_46_19_04_09_2025,-1.86,8.71,-3.63,0.00,-0.01,-0.00,-130.49,-7.82,-8.43
-12486,3.22,-4901,2.64,655,3,21358,06_46_19_04_09_2025,-1.84,8.70,-3.64,0.01,-0.01,-0.00,-130.90,-8.30,-7.89
-12420,3.21,-4841,2.64,655,3,21407,06_46_19_04_09_2025,-1.84,8.71,-3.62,0.00,-0.01,-0.01,-130.34,-8.02,-7.69
-12285,3.20,-4803,2.64,655,3,21445,06_46_19_04_09_2025,-1.86,8.67,-3.65,0.01,-0.00,-0.00,-130.77,-8.52,-8.13
-12569,3.22,-4917,2.65,655,3,21485,06_46_19_04_09_2025,-1.86,8.70,-3.62,0.00,-0.01,-0.01,-131.06,-8.16,-7.32
-12363,3.21,-4881,2.64,655,3,21523,06_46_19_04_09_2025,-1.83,8.70,-3.65,0.01,-0.01,-0.00,-131.04,-7.89,-7.41
-12471,3.22,-4737,2.63,655,3,21564,06_46_20_04_09_2025,-1.87,8.68,-3.62,0.00,-0.01,-0.01,-130.53,-8.37,-8.07
-12428,3.21,-4756,2.63,655,3,21604,06_46_20_04_09_2025,-1.84,8.70,-3.65,0.01,-0.01,-0.00,-130.80,-8.01,-8.17
-12423,3.21,-4709,2.63,655,3,21642,06_46_20_04_09_2025,-1.86,8.70,-3.63,0.01,-0.01,-0.00,-130.90,-8.01,-8.11
-12438,3.21,-4889,2.64,655,3,21680,06_46_20_04_09_2025,-1.86,8.70,-3.64,0.00,-0.01,-0.00,-130.81,-8.14,-8.16
-12467,3.22,-4686,2.63,655,3,21719,06_46_20_04_09_2025,-1.84,8.69,-3.63,0.01,-0.01,-0.00,-130.53,-8.01,-8.14
-12288,3.20,-4832,2.64,655,3,21768,06_46_20_04_09_2025,-1.87,8.68,-3.63,0.00,-0.01,-0.01,-130.20,-8.08,-7.86
-12263,3.20,-4827,2.64,654,3,21806,06_46_20_04_09_2025,-1.87,8.70,-3.63,0.01,-0.01,-0.00,-130.80,-7.99,-7.98
-12491,3.22,-4820,2.64,655,3,21846,06_46_20_04_09_2025,-1.85,8.71,-3.64,0.00,-0.01,-0.00,-130.81,-8.26,-8.51
-12529,3.22,-4854,2.64,654,3,21884,06_46_20_04_09_2025,-1.87,8.69,-3.63,0.01,-0.00,-0.00,-130.50,-8.27,-7.32
-12477,3.22,-4818,2.64,656,3,21923,06_46_20_04_09_2025,-1.85,8.69,-3.64,0.00,-0.01,-0.01,-130.78,-8.56,-7.34
-12396,3.21,-4896,2.64,656,3,21966,06_46_20_04_09_2025,-1.84,8.70,-3.65,0.01,-0.01,-0.00,-130.62,-7.83,-7.64
-12321,3.21,-4867,2.64,655,3,22004,06_46_20_04_09_2025,-1.87,8.69,-3.61,0.00,-0.01,-0.01,-130.72,-8.05,-8.16
-12383,3.21,-4812,2.64,655,3,22043,06_46_20_04_09_2025,-1.85,8.69,-3.64,0.01,-0.00,-0.00,-130.84,-7.82,-7.98
-12408,3.21,-4748,2.63,655,3,22081,06_46_20_04_09_2025,-1.85,8.70,-3.64,0.00,-0.00,-0.01,-130.78,-7.75,-7.44
-12298,3.20,-4932,2.65,655,3,22130,06_46_20_04_09_2025,-1.85,8.70,-3.64,0.01,-0.01,-0.00,-130.31,-7.82,-7.80
-12441,3.22,-4865,2.64,656,3,22167,06_46_20_04_09_2025,-1.85,8.69,-3.62,0.01,-0.01,-0.01,-130.49,-8.11,-8.43
-12359,3.21,-4940,2.65,656,3,22206,06_46_20_04_09_2025,-1.85,8.69,-3.64,0.01,-0.01,-0.00,-130.28,-8.26,-8.29
-12587,3.23,-4806,2.64,656,3,22244,06_46_20_04_09_2025,-1.86,8.69,-3.62,0.01,-0.01,-0.00,-130.42,-8.37,-7.88
-12526,3.22,-4967,2.65,655,3,22283,06_46_20_04_09_2025,-1.84,8.70,-3.65,0.01,-0.01,-0.00,-130.40,-8.10,-8.20
-12323,3.21,-4917,2.65,655,3,22324,06_46_20_04_09_2025,-1.86,8.69,-3.63,0.01,-0.01,-0.00,-130.36,-8.07,-7.98
-12429,3.21,-4796,2.64,655,3,22363,06_46_20_04_09_2025,-1.86,8.70,-3.63,0.01,-0.01,-0.00,-130.90,-8.35,-7.92
-12399,3.21,-4727,2.63,655,3,22401,06_46_20_04_09_2025,-1.85,8.69,-3.63,0.01,-0.01,-0.00,-130.42,-8.02,-7.63
-12438,3.21,-4913,2.64,656,3,22440,06_46_20_04_09_2025,-1.86,8.70,-3.64,0.00,-0.01,-0.00,-130.37,-8.52,-7.50
-12373,3.21,-4772,2.63,655,3,22479,06_46_20_04_09_2025,-1.85,8.70,-3.65,0.01,-0.01,-0.00,-130.42,-8.46,-7.59
-12396,3.21,-4767,2.63,656,3,22528,06_46_20_04_09_2025,-1.86,8.70,-3.63,0.01,-0.01,-0.01,-130.28,-8.29,-7.34
-12433,3.21,-4749,2.63,655,3,22568,06_46_21_04_09_2025,-1.85,8.69,-3.64,0.01,-0.01,-0.00,-130.90,-8.21,-7.63
-12413,3.21,-4767,2.63,656,3,22605,06_46_21_04_09_2025,-1.86,8.69,-3.62,0.00,-0.01,-0.01,-130.77,-8.23,-7.54
-12410,3.21,-4873,2.64,655,3,22644,06_46_21_04_09_2025,-1.86,8.69,-3.65,0.01,-0.01,-0.00,-130.74,-8.23,-7.16
-12565,3.22,-4904,2.64,655,3,22686,06_46_21_04_09_2025,-1.86,8.69,-3.63,0.01,-0.01,-0.00,-130.11,-8.20,-7.54
-12313,3.21,-4763,2.63,655,3,22724,06_46_21_04_09_2025,-1.86,8.70,-3.65,0.01,-0.01,-0.01,-130.59,-8.21,-7.25
-12262,3.20,-4826,2.64,655,3,22762,06_46_21_04_09_2025,-1.87,8.70,-3.63,0.01,-0.00,-0.00,-130.24,-7.89,-7.56
-12398,3.21,-4739,2.63,655,3,22800,06_46_21_04_09_2025,-1.86,8.69,-3.64,0.00,-0.01,-0.00,-130.50,-7.82,-7.89
-12311,3.21,-4669,2.63,655,3,22840,06_46_21_04_09_2025,-1.85,8.69,-3.64,0.01,-0.01,-0.00,-130.42,-7.98,-7.15
-12404,3.21,-4845,2.64,655,3,22889,06_46_21_04_09_2025,-1.85,8.69,-3.63,0.01,-0.01,-0.01,-130.33,-7.61,-7.13
-12573,3.23,-4838,2.64,655,3,22928,06_46_21_04_09_2025,-1.86,8.69,-3.63,0.01,-0.00,-0.00,-130.52,-7.34,-7.72
-12395,3.21,-4823,2.64,655,3,22966,06_46_21_04_09_2025,-1.85,8.69,-3.64,0.01,-0.01,-0.00,-130.72,-7.32,-7.10
-12303,3.20,-4808,2.64,655,3,23006,06_46_21_04_09_2025,-1.85,8.70,-3.63,0.01,-0.01,-0.01,-130.53,-7.94,-8.11
-12593,3.23,-4725,2.63,655,3,23046,06_46_21_04_09_2025,-1.86,8.70,-3.63,0.00,-0.01,-0.00,-130.61,-8.18,-8.30
-12402,3.21,-4917,2.65,656,3,23087,06_46_21_04_09_2025,-1.86,8.69,-3.64,0.01,-0.00,-0.00,-131.07,-8.30,-8.11
-12402,3.21,-4802,2.64,656,3,23125,06_46_21_04_09_2025,-1.85,8.70,-3.63,0.01,-0.01,-0.00,-130.68,-7.95,-8.39
-12458,3.22,-4818,2.64,656,3,23165,06_46_21_04_09_2025,-1.85,8.69,-3.64,0.01,-0.01,-0.00,-130.81,-8.04,-7.99
-12575,3.23,-4882,2.64,655,3,23203,06_46_21_04_09_2025,-1.85,8.70,-3.62,0.01,-0.01,-0.00,-130.20,-8.16,-8.10
-12575,3.23,-4850,2.64,656,3,23253,06_46_21_04_09_2025,-1.85,8.71,-3.65,0.00,-0.01,-0.00,-130.58,-8.08,-7.56
-12283,3.20,-5000,2.65,656,3,23292,06_46_21_04_09_2025,-1.86,8.69,-3.63,0.00,-0.01,-0.00,-130.82,-7.91,-7.60
-12521,3.22,-4775,2.63,656,3,23331,06_46_21_04_09_2025,-1.87,8.69,-3.65,0.01,-0.00,-0.01,-130.93,-7.76,-8.33
-12248,3.20,-4820,2.64,655,3,23369,06_46_21_04_09_2025,-1.85,8.70,-3.64,0.01,-0.01,-0.00,-130.78,-7.64,-7.09
-12541,3.22,-4876,2.64,655,3,23408,06_46_21_04_09_2025,-1.85,8.69,-3.65,0.01,-0.01,-0.00,-130.66,-8.02,-7.47
-12541,3.22,-4699,2.63,655,3,23449,06_46_21_04_09_2025,-1.87,8.70,-3.64,0.01,-0.01,-0.00,-130.71,-7.98,-7.83
-12562,3.22,-4829,2.64,655,3,23487,06_46_21_04_09_2025,-1.85,8.71,-3.63,0.00,-0.01,-0.00,-130.93,-8.05,-7.61
-12503,3.22,-4927,2.65,656,3,23527,06_46_21_04_09_2025,-1.84,8.69,-3.64,0.00,-0.01,-0.00,-131.03,-7.97,-7.29
-12331,3.21,-4764,2.63,655,3,23566,06_46_22_04_09_2025,-1.87,8.69,-3.63,0.00,-0.01,-0.00,-130.88,-7.95,-7.47
-12347,3.21,-4847,2.64,656,3,23604,06_46_22_04_09_2025,-1.88,8.70,-3.64,0.01,-0.00,-0.00,-130.69,-8.05,-7.09
-12403,3.21,-4753,2.63,655,3,23653,06_46_22_04_09_2025,-1.85,8.70,-3.64,0.00,-0.01,-0.01,-130.91,-7.75,-7.94
-12416,3.21,-4842,2.64,655,3,23691,06_46_22_04_09_2025,-1.85,8.71,-3.66,0.01,-0.01,-0.00,-130.63,-7.69,-7.88
-12312,3.21,-4953,2.65,655,3,23730,06_46_22_04_09_2025,-1.87,8.69,-3.61,0.00,-0.00,-0.01,-130.75,-7.89,-8.04
-12348,3.21,-4731,2.63,656,3,23769,06_46_22_04_09_2025,-1.84,8.70,-3.64,0.01,-0.00,-0.00,-130.56,-8.30,-8.05
-12381,3.21,-4765,2.63,656,3,23810,06_46_22_04_09_2025,-1.85,8.69,-3.62,0.01,-0.01,-0.00,-130.96,-7.80,-8.37
-12448,3.22,-4741,2.63,655,3,23848,06_46_22_04_09_2025,-1.86,8.69,-3.64,0.01,-0.01,-0.00,-130.77,-8.01,-8.05
-12459,3.22,-4769,2.63,655,3,23887,06_46_22_04_09_2025,-1.87,8.68,-3.63,0.01,-0.00,-0.00,-130.47,-8.36,-7.64
-12367,3.21,-4945,2.65,655,3,23926,06_46_22_04_09_2025,-1.85,8.70,-3.65,0.01,-0.01,-0.00,-130.62,-8.18,-7.28
-12251,3.20,-5044,2.65,655,3,23964,06_46_22_04_09_2025,-1.85,8.70,-3.64,0.01,-0.01,-0.00,-130.31,-8.13,-7.98
-12304,3.20,-4857,2.64,655,3,24016,06_46_22_04_09_2025,-1.86,8.70,-3.64,0.00,-0.01,-0.01,-130.63,-7.79,-7.50
-12352,3.21,-4855,2.64,655,3,24054,06_46_22_04_09_2025,-1.84,8.70,-3.64,0.01,-0.01,-0.00,-130.09,-7.91,-7.91
-12418,3.21,-4844,2.64,655,3,24093,06_46_22_04_09_2025,-1.86,8.70,-3.63,0.00,-0.01,-0.00,-130.55,-7.75,-7.89
-12481,3.22,-4944,2.65,656,3,24132,06_46_22_04_09_2025,-1.87,8.70,-3.62,0.01,-0.01,-0.01,-130.58,-7.69,-8.13
-12313,3.21,-4855,2.64,655,3,24170,06_46_22_04_09_2025,-1.85,8.70,-3.64,0.01,-0.01,-0.00,-130.50,-8.04,-8.07
-12410,3.21,-4929,2.65,655,3,24212,06_46_22_04_09_2025,-1.85,8.69,-3.63,0.01,-0.01,-0.01,-130.97,-7.45,-7.59
-12508,3.22,-4753,2.63,655,3,24251,06_46_22_04_09_2025,-1.85,8.70,-3.64,0.01,-0.00,-0.00,-130.72,-7.72,-7.83
-12456,3.22,-4730,2.63,656,3,24290,06_46_22_04_09_2025,-1.87,8.69,-3.62,0.00,-0.01,-0.00,-130.34,-8.04,-8.01
-12481,3.22,-4672,2.63,655,3,24329,06_46_22_04_09_2025,-1.86,8.69,-3.62,0.01,-0.01,-0.00,-130.74,-8.23,-7.79
-12503,3.22,-4820,2.64,655,3,24378,06_46_22_04_09_2025,-1.84,8.68,-3.64,0.00,-0.01,-0.00,-131.00,-7.86,-7.57
-12309,3.21,-4772,2.63,655,3,24416,06_46_22_04_09_2025,-1.87,8.69,-3.63,0.01,-0.01,-0.00,-130.42,-7.79,-7.86
-12462,3.22,-4668,2.63,656,3,24455,06_46_22_04_09_2025,-1.85,8.69,-3.63,0.01,-0.01,-0.00,-130.52,-8.23,-8.16
-12649,3.23,-4805,2.64,656,3,24494,06_46_22_04_09_2025,-1.84,8.70,-3.65,0.01,-0.01,-0.00,-130.72,-7.89,-7.64
-12530,3.22,-4748,2.63,655,3,24533,06_46_22_04_09_2025,-1.87,8.70,-3.63,0.00,-0.01,-0.00,-130.56,-8.26,-8.26
-12386,3.21,-4943,2.65,655,3,24575,06_46_23_04_09_2025,-1.86,8.69,-3.63,0.01,-0.01,-0.00,-130.46,-7.82,-7.76
-12543,3.22,-4617,2.62,655,3,24614,06_46_23_04_09_2025,-1.86,8.69,-3.64,0.01,-0.01,-0.00,-130.69,-8.24,-7.76
-12387,3.21,-4940,2.65,655,3,24652,06_46_23_04_09_2025,-1.86,8.70,-3.63,0.01,-0.01,-0.00,-130.25,-7.78,-7.59
-12383,3.21,-4665,2.63,656,3,24691,06_46_23_04_09_2025,-1.85,8.69,-3.64,0.01,-0.01,-0.00,-130.58,-8.26,-7.88
-12444,3.22,-4767,2.63,655,3,24729,06_46_23_04_09_2025,-1.85,8.70,-3.63,0.01,-0.01,-0.01,-130.72,-7.88,-7.82
-12583,3.23,-4840,2.64,656,3,24778,06_46_23_04_09_2025,-1.86,8.70,-3.64,0.01,-0.01,-0.00,-130.85,-7.88,-7.64
-12544,3.22,-4771,2.63,656,3,24818,06_46_23_04_09_2025,-1.86,8.70,-3.63,0.01,-0.01,-0.00,-131.07,-7.85,-7.64
-12300,3.20,-4601,2.62,656,3,24856,06_46_23_04_09_2025,-1.84,8.70,-3.65,0.00,-0.01,-0.00,-130.77,-7.82,-7.97
-12300,3.20,-4872,2.64,655,3,24895,06_46_23_04_09_2025,-1.87,8.69,-3.62,0.01,-0.01,-0.01,-130.66,-7.95,-7.47
-12298,3.20,-4650,2.62,656,3,24937,06_46_23_04_09_2025,-1.87,8.70,-3.63,0.01,-0.01,-0.00,-130.74,-7.97,-7.85
-12351,3.21,-4777,2.63,656,3,24975,06_46_23_04_09_2025,-1.85,8.69,-3.63,0.01,-0.01,-0.00,-130.30,-8.14,-8.55
-12338,3.21,-5029,2.65,655,3,25013,06_46_23_04_09_2025,-1.86,8.69,-3.62,0.01,-0.01,-0.00,-130.91,-8.08,-8.46
-12436,3.21,-4931,2.65,656,3,25054,06_46_23_04_09_2025,-1.86,8.70,-3.64,0.01,-0.01,-0.00,-130.82,-8.42,-8.20
-12229,3.20,-4676,2.63,655,3,25093,06_46_23_04_09_2025,-1.86,8.70,-3.64,0.00,-0.01,-0.00,-130.39,-8.02,-8.21
-12396,3.21,-4717,2.63,655,3,25142,06_46_23_04_09_2025,-1.84,8.69,-3.65,0.01,-0.00,-0.00,-130.66,-8.16,-8.13
-12524,3.22,-4667,2.63,653,3,25182,06_46_23_04_09_2025,-1.86,8.68,-3.63,0.01,-0.01,-0.01,-130.59,-8.17,-8.21
-12677,3.23,-4720,2.63,655,3,25220,06_46_23_04_09_2025,-1.86,8.69,-3.63,0.01,-0.01,-0.00,-130.27,-8.04,-8.62
-12431,3.21,-4936,2.65,655,3,25259,06_46_23_04_09_2025,-1.85,8.69,-3.64,0.01,-0.01,-0.00,-130.66,-8.08,-7.63
-12379,3.21,-4898,2.64,655,3,25298,06_46_23_04_09_2025,-1.85,8.70,-3.63,0.01,-0.00,-0.01,-130.43,-7.78,-8.13
-12349,3.21,-4748,2.63,655,3,25339,06_46_23_04_09_2025,-1.85,8.70,-3.64,0.01,-0.01,-0.00,-130.71,-7.82,-8.11
-12280,3.20,-4737,2.63,656,3,25377,06_46_23_04_09_2025,-1.84,8.70,-3.65,0.00,-0.01,-0.00,-130.68,-7.85,-8.20
-12629,3.23,-4855,2.64,656,3,25416,06_46_23_04_09_2025,-1.86,8.69,-3.63,0.00,-0.01,-0.00,-130.44,-8.20,-7.25
-12387,3.21,-4917,2.65,655,3,25454,06_46_23_04_09_2025,-1.85,8.70,-3.64,0.01,-0.00,-0.00,-130.21,-8.11,-8.55
-12316,3.21,-4698,2.63,656,3,25504,06_46_23_04_09_2025,-1.85,8.69,-3.63,0.01,-0.01,-0.00,-130.88,-7.97,-8.08
-12538,3.22,-4810,2.64,656,3,25543,06_46_24_04_09_2025,-1.85,8.70,-3.63,0.00,-0.01,-0.01,-131.03,-8.37,-8.04
-12338,3.21,-4836,2.64,656,3,25581,06_46_24_04_09_2025,-1.85,8.69,-3.63,0.00,-0.01,-0.00,-130.94,-8.36,-7.78
-12461,3.22,-4793,2.64,655,3,25620,06_46_24_04_09_2025,-1.86,8.69,-3.63,0.01,-0.01,-0.00,-130.63,-8.18,-7.95
-12535,3.22,-4796,2.64,655,3,25659,06_46_24_04_09_2025,-1.86,8.70,-3.65,0.01,-0.00,-0.00,-130.71,-8.40,-7.69
-12326,3.21,-4874,2.64,655,3,25701,06_46_24_04_09_2025,-1.86,8.70,-3.62,0.01,-0.01,-0.00,-130.72,-7.99,-8.36
-12131,3.19,-4728,2.63,656,3,25739,06_46_24_04_09_2025,-1.85,8.70,-3.64,0.00,-0.00,-0.00,-130.78,-8.29,-7.25
-12357,3.21,-4825,2.64,655,3,25778,06_46_24_04_09_2025,-1.86,8.69,-3.63,0.01,-0.01,-0.00,-130.42,-8.08,-7.31
-12494,3.22,-4799,2.64,655,3,25816,06_46_24_04_09_2025,-1.85,8.69,-3.64,0.01,-0.01,-0.01,-130.11,-8.21,-7.73
-12410,3.21,-4819,2.64,655,3,25854,06_46_24_04_09_2025,-1.86,8.69,-3.64,0.01,-0.01,-0.00,-130.62,-7.86,-7.53
-12423,3.21,-4676,2.63,655,3,25904,06_46_24_04_09_2025,-1.85,8.69,-3.64,0.01,-0.01,-0.01,-130.44,-7.91,-8.04
-12268,3.20,-4780,2.63,655,3,25943,06_46_24_04_09_2025,-1.85,8.70,-3.64,0.01,-0.01,-0.00,-130.50,-8.05,-7.63
-12440,3.22,-4850,2.64,656,3,25982,06_46_24_04_09_2025,-1.86,8.69,-3.63,0.00,-0.01,-0.00,-130.88,-8.23,-7.32
-12364,3.21,-4955,2.65,656,3,26021,06_46_24_04_09_2025,-1.85,8.69,-3.63,0.01,-0.01,-0.00,-130.58,-8.16,-7.50
-12409,3.21,-4637,2.62,655,3,26065,06_46_24_04_09_2025,-1.85,8.70,-3.63,0.00,-0.01,-0.00,-130.63,-8.05,-8.17
-12388,3.21,-4698,2.63,656,3,26104,06_46_24_04_09_2025,-1.85,8.69,-3.63,0.01,-0.01,-0.00,-130.44,-8.16,-8.51
-12485,3.22,-5021,2.65,656,3,26144,06_46_24_04_09_2025,-1.86,8.70,-3.64,0.00,-0.01,-0.00,-130.49,-8.18,-8.05
-12295,3.20,-4810,2.64,655,3,26182,06_46_24_04_09_2025,-1.86,8.69,-3.63,0.01,-0.01,-0.00,-130.74,-7.78,-8.58
-12343,3.21,-4891,2.64,656,3,26221,06_46_24_04_09_2025,-1.86,8.69,-3.62,0.01,-0.00,-0.00,-130.50,-8.62,-7.97
-12430,3.21,-4827,2.64,656,3,26269,06_46_24_04_09_2025,-1.86,8.69,-3.64,0.00,-0.01,-0.01,-130.61,-7.92,-8.37
-12477,3.22,-4997,2.65,655,3,26308,06_46_24_04_09_2025,-1.86,8.69,-3.64,0.01,-0.01,-0.00,-130.88,-7.97,-8.23
-12274,3.20,-4729,2.63,655,3,26347,06_46_24_04_09_2025,-1.85,8.69,-3.63,0.01,-0.01,-0.00,-130.61,-8.14,-7.94
-12467,3.22,-4830,2.64,656,3,26425,06_46_24_04_09_2025,-1.85,8.69,-3.63,0.01,-0.00,-0.00,-130.14,-8.48,-7.54
-12227,3.20,-4791,2.64,655,3,26466,06_46_24_04_09_2025,-1.85,8.70,-3.64,0.01,-0.01,-0.00,-130.74,-8.32,-8.02
-12344,3.21,-4882,2.64,655,3,26504,06_46_24_04_09_2025,-1.86,8.69,-3.62,0.00,-0.01,-0.00,-130.27,-8.65,-8.01
-12370,3.21,-4775,2.63,655,3,26542,06_46_25_04_09_2025,-1.86,8.70,-3.63,0.01,-0.01,-0.00,-130.74,-8.29,-7.72
