-5229,2.67,-12642,3.23,668,3,158113,10_48_56_06_08_2024
-5367,2.68,-12742,3.24,667,3,159253,10_48_56_06_08_2024
-5381,2.68,-12581,3.23,668,3,159563,10_48_56_06_08_2024
-5349,2.68,-12728,3.24,667,3,159883,10_48_56_06_08_2024
-5417,2.68,-12665,3.23,668,3,160193,10_48_56_06_08_2024
-5319,2.68,-12652,3.23,668,3,160513,10_48_56_06_08_2024
-5398,2.68,-12613,3.23,668,3,160823,10_48_56_06_08_2024
-5352,2.68,-12657,3.23,668,3,161133,10_48_56_06_08_2024
-5385,2.68,-12591,3.23,668,3,161443,10_48_56_06_08_2024
-5463,2.69,-12642,3.23,668,3,161783,10_48_56_06_08_2024
-5431,2.68,-12463,3.22,668,3,162083,10_48_56_06_08_2024
-5168,2.66,-12634,3.23,667,3,162393,10_48_56_06_08_2024
-5237,2.67,-12597,3.23,668,3,162693,10_48_56_06_08_2024
-5165,2.66,-12695,3.23,668,3,163003,10_48_56_06_08_2024
-5299,2.67,-12553,3.22,668,3,163303,10_48_56_06_08_2024
-5347,2.68,-12651,3.23,668,3,163613,10_48_56_06_08_2024
-5326,2.68,-12508,3.22,668,3,163923,10_48_56_06_08_2024
-5398,2.68,-12547,3.22,668,3,164223,10_48_56_06_08_2024
-5374,2.68,-12646,3.23,667,3,164633,10_48_56_06_08_2024
-5490,2.69,-12654,3.23,668,3,164963,10_48_56_06_08_2024
-5363,2.68,-12402,3.21,668,3,165293,10_48_56_06_08_2024
-5404,2.68,-12683,3.23,668,3,165633,10_48_56_06_08_2024
-5386,2.68,-12559,3.22,667,3,165953,10_48_56_06_08_2024
-5209,2.67,-12690,3.23,668,3,166283,10_48_56_06_08_2024
-5274,2.67,-12723,3.24,667,3,166613,10_48_56_06_08_2024
-5491,2.69,-12720,3.24,668,3,166933,10_48_56_06_08_2024
-5388,2.68,-12465,3.22,667,3,167253,10_48_56_06_08_2024
-5195,2.67,-12688,3.23,668,3,167633,10_48_57_06_08_2024
-5463,2.69,-12717,3.24,668,3,167963,10_48_57_06_08_2024
-5393,2.68,-12526,3.22,668,3,168293,10_48_57_06_08_2024
-5360,2.68,-12516,3.22,668,3,168633,10_48_57_06_08_2024
-5475,2.69,-12527,3.22,667,3,168953,10_48_57_06_08_2024
-5261,2.67,-12629,3.23,668,3,169283,10_48_57_06_08_2024
-5242,2.67,-12319,3.21,668,3,169603,10_48_57_06_08_2024
-5252,2.67,-12470,3.22,668,3,169923,10_48_57_06_08_2024
-5530,2.69,-12591,3.23,668,3,170253,10_48_57_06_08_2024
-5551,2.69,-12609,3.23,668,3,170683,10_48_57_06_08_2024
-5346,2.68,-12470,3.22,667,3,171013,10_48_57_06_08_2024
-5590,2.70,-12476,3.22,667,3,171343,10_48_57_06_08_2024
-5280,2.67,-12497,3.22,668,3,171663,10_48_57_06_08_2024
-5484,2.69,-12588,3.23,668,3,171983,10_48_57_06_08_2024
-5317,2.68,-12461,3.22,667,3,172313,10_48_57_06_08_2024
-5378,2.68,-12516,3.22,668,3,172633,10_48_57_06_08_2024
-5440,2.68,-12761,3.24,668,3,172963,10_48_57_06_08_2024
-5459,2.69,-12605,3.23,667,3,173283,10_48_57_06_08_2024
-5227,2.67,-12504,3.22,668,3,173633,10_48_57_06_08_2024
-5430,2.68,-12523,3.22,668,3,173973,10_48_57_06_08_2024
-5224,2.67,-12454,3.22,668,3,174303,10_48_57_06_08_2024
-5371,2.68,-12788,3.24,668,3,174633,10_48_57_06_08_2024
-5555,2.69,-12631,3.23,668,3,174953,10_48_57_06_08_2024
-5384,2.68,-12574,3.23,668,3,175283,10_48_57_06_08_2024
-5306,2.67,-12287,3.20,668,3,175613,10_48_57_06_08_2024
-5305,2.67,-12433,3.21,668,3,175933,10_48_57_06_08_2024
-5400,2.68,-12678,3.23,668,3,176263,10_48_57_06_08_2024
-5363,2.68,-12449,3.22,668,3,176713,10_48_57_06_08_2024
-5278,2.67,-12614,3.23,667,3,177043,10_48_57_06_08_2024
-5413,2.68,-12515,3.22,668,3,177373,10_48_57_06_08_2024
-5437,2.68,-12470,3.22,668,3,177693,10_48_58_06_08_2024
-5265,2.67,-12386,3.21,668,3,178023,10_48_58_06_08_2024
-5487,2.69,-12563,3.22,667,3,178343,10_48_58_06_08_2024
-5574,2.69,-12531,3.22,667,3,178673,10_48_58_06_08_2024
-5353,2.68,-12550,3.22,668,3,178993,10_48_58_06_08_2024
-5425,2.68,-12563,3.22,668,3,179323,10_48_58_06_08_2024
-5384,2.68,-12543,3.22,668,3,179683,10_48_58_06_08_2024
-5492,2.69,-12561,3.22,668,3,180013,10_48_58_06_08_2024
-5336,2.68,-12278,3.20,668,3,180343,10_48_58_06_08_2024
-5294,2.67,-12503,3.22,668,3,180673,10_48_58_06_08_2024
-5427,2.68,-12465,3.22,667,3,180993,10_48_58_06_08_2024
-5370,2.68,-12540,3.22,668,3,181323,10_48_58_06_08_2024
-5370,2.68,-12544,3.22,668,3,181643,10_48_58_06_08_2024
-5240,2.67,-12557,3.22,668,3,181973,10_48_58_06_08_2024
-5343,2.68,-12599,3.23,668,3,182293,10_48_58_06_08_2024
-5398,2.68,-12583,3.23,667,3,182733,10_48_58_06_08_2024
-5737,2.71,-12553,3.22,667,3,183053,10_48_58_06_08_2024
-5199,2.67,-12345,3.21,668,3,183373,10_48_58_06_08_2024
-5228,2.67,-12473,3.22,667,3,183703,10_48_58_06_08_2024
-5412,2.68,-12511,3.22,667,3,184023,10_48_58_06_08_2024
-5376,2.68,-12538,3.22,668,3,184353,10_48_58_06_08_2024
-5111,2.66,-12516,3.22,667,3,184683,10_48_58_06_08_2024
-5444,2.69,-12470,3.22,668,3,185003,10_48_58_06_08_2024
-5242,2.67,-12373,3.21,668,3,185333,10_48_58_06_08_2024
-5350,2.68,-12535,3.22,667,3,185693,10_48_58_06_08_2024
-5357,2.68,-12305,3.20,668,3,186043,10_48_58_06_08_2024
-5466,2.69,-12591,3.23,668,3,186363,10_48_58_06_08_2024
-5277,2.67,-12534,3.22,667,3,186693,10_48_58_06_08_2024
-5400,2.68,-12643,3.23,667,3,187013,10_48_58_06_08_2024
-5451,2.69,-12374,3.21,667,3,187343,10_48_58_06_08_2024
-5280,2.67,-12619,3.23,667,3,187663,10_48_59_06_08_2024
-5494,2.69,-12563,3.22,668,3,187993,10_48_59_06_08_2024
-5411,2.68,-12403,3.21,668,3,188323,10_48_59_06_08_2024
-5521,2.69,-12529,3.22,667,3,188753,10_48_59_06_08_2024
-5287,2.67,-12348,3.21,667,3,189083,10_48_59_06_08_2024
-5382,2.68,-12438,3.21,668,3,189403,10_48_59_06_08_2024
-5341,2.68,-12597,3.23,668,3,189733,10_48_59_06_08_2024
-5285,2.67,-12609,3.23,668,3,190063,10_48_59_06_08_2024
-5555,2.69,-12269,3.20,668,3,190383,10_48_59_06_08_2024
-5363,2.68,-12460,3.22,668,3,190713,10_48_59_06_08_2024
-5569,2.69,-12322,3.21,667,3,191033,10_48_59_06_08_2024
-5490,2.69,-12517,3.22,668,3,191373,10_48_59_06_08_2024
-5196,2.67,-12451,3.22,667,3,191733,10_48_59_06_08_2024
-5400,2.68,-12397,3.21,668,3,192053,10_48_59_06_08_2024
-5359,2.68,-12451,3.22,668,3,192383,10_48_59_06_08_2024
-5559,2.69,-12488,3.22,668,3,192703,10_48_59_06_08_2024
-5589,2.70,-12392,3.21,668,3,193033,10_48_59_06_08_2024
-5242,2.67,-12489,3.22,667,3,193363,10_48_59_06_08_2024
-5401,2.68,-12554,3.22,668,3,193683,10_48_59_06_08_2024
-5350,2.68,-12595,3.23,667,3,194013,10_48_59_06_08_2024
-5316,2.68,-12310,3.21,668,3,194333,10_48_59_06_08_2024
-5432,2.68,-12663,3.23,668,3,194753,10_48_59_06_08_2024
-5454,2.69,-12636,3.23,668,3,195083,10_48_59_06_08_2024
-5360,2.68,-12232,3.20,668,3,195423,10_48_59_06_08_2024
-5349,2.68,-12467,3.22,668,3,195753,10_48_59_06_08_2024
-5366,2.68,-12359,3.21,668,3,196073,10_48_59_06_08_2024
-5474,2.69,-12667,3.23,667,3,196403,10_48_59_06_08_2024
-5614,2.70,-12462,3.22,667,3,196723,10_48_59_06_08_2024
-5125,2.66,-12478,3.22,667,3,197053,10_48_59_06_08_2024
-5373,2.68,-12531,3.22,668,3,197393,10_48_59_06_08_2024
-5248,2.67,-12662,3.23,668,3,197743,10_49_00_06_08_2024
-5273,2.67,-12555,3.22,668,3,198073,10_49_00_06_08_2024
-5426,2.68,-12183,3.20,668,3,198403,10_49_00_06_08_2024
-5406,2.68,-12630,3.23,668,3,198723,10_49_00_06_08_2024
-5534,2.69,-12544,3.22,668,3,199053,10_49_00_06_08_2024
-5281,2.67,-12618,3.23,667,3,199383,10_49_00_06_08_2024
-5452,2.69,-12487,3.22,668,3,199703,10_49_00_06_08_2024
-5276,2.67,-12476,3.22,667,3,200033,10_49_00_06_08_2024
-5429,2.68,-12525,3.22,668,3,200363,10_49_00_06_08_2024
-5308,2.67,-12408,3.21,668,3,200793,10_49_00_06_08_2024
-5403,2.68,-12453,3.22,668,3,201113,10_49_00_06_08_2024
-5460,2.69,-12459,3.22,668,3,201443,10_49_00_06_08_2024
-5233,2.67,-12546,3.22,667,3,201773,10_49_00_06_08_2024
-5342,2.68,-12568,3.22,668,3,202093,10_49_00_06_08_2024
-5464,2.69,-12526,3.22,668,3,202423,10_49_00_06_08_2024
-5264,2.67,-12592,3.23,668,3,202753,10_49_00_06_08_2024
-5325,2.68,-12588,3.23,667,3,203093,10_49_00_06_08_2024
-5459,2.69,-12499,3.22,667,3,203423,10_49_00_06_08_2024
-5443,2.69,-12558,3.22,668,3,203773,10_49_00_06_08_2024
-5285,2.67,-12384,3.21,668,3,204103,10_49_00_06_08_2024
-5337,2.68,-12476,3.22,667,3,204423,10_49_00_06_08_2024
-5417,2.68,-12633,3.23,668,3,204773,10_49_00_06_08_2024
-5423,2.68,-12396,3.21,668,3,205093,10_49_00_06_08_2024
-5369,2.68,-12559,3.22,668,3,205423,10_49_00_06_08_2024
-5495,2.69,-12254,3.20,668,3,205743,10_49_00_06_08_2024
-5525,2.69,-12683,3.23,667,3,206083,10_49_00_06_08_2024
-5608,2.70,-12374,3.21,667,3,206423,10_49_00_06_08_2024
-5342,2.68,-12319,3.21,668,3,206933,10_49_00_06_08_2024
-5347,2.68,-12504,3.22,667,3,207273,10_49_00_06_08_2024
-5505,2.69,-12626,3.23,668,3,207603,10_49_01_06_08_2024
-5409,2.68,-12308,3.21,667,3,207943,10_49_01_06_08_2024
-5365,2.68,-12457,3.22,668,3,208273,10_49_01_06_08_2024
-5094,2.66,-12630,3.23,668,3,208603,10_49_01_06_08_2024
-5474,2.69,-12558,3.22,667,3,208923,10_49_01_06_08_2024
-5524,2.69,-12491,3.22,668,3,209253,10_49_01_06_08_2024
-5487,2.69,-12593,3.23,668,3,209573,10_49_01_06_08_2024
-5487,2.69,-12523,3.22,668,3,209933,10_49_01_06_08_2024
-5486,2.69,-12469,3.22,668,3,210253,10_49_01_06_08_2024
-5465,2.69,-12486,3.22,668,3,210593,10_49_01_06_08_2024
-5516,2.69,-12508,3.22,668,3,210923,10_49_01_06_08_2024
-5425,2.68,-12479,3.22,668,3,211263,10_49_01_06_08_2024
-5420,2.68,-12323,3.21,668,3,211583,10_49_01_06_08_2024
-5397,2.68,-12567,3.22,668,3,211913,10_49_01_06_08_2024
-5326,2.68,-12413,3.21,668,3,212243,10_49_01_06_08_2024
-5309,2.67,-12372,3.21,667,3,212563,10_49_01_06_08_2024
-5478,2.69,-12666,3.23,667,3,213003,10_49_01_06_08_2024
-5456,2.69,-12504,3.22,667,3,213363,10_49_01_06_08_2024
-5484,2.69,-12499,3.22,668,3,213703,10_49_01_06_08_2024
-5484,2.69,-12554,3.22,668,3,214063,10_49_01_06_08_2024
-5299,2.67,-12355,3.21,667,3,214413,10_49_01_06_08_2024
-5367,2.68,-12451,3.22,667,3,214753,10_49_01_06_08_2024
-5557,2.69,-12584,3.23,667,3,215113,10_49_01_06_08_2024
-5224,2.67,-12386,3.21,667,3,215463,10_49_01_06_08_2024
-5423,2.68,-12560,3.22,668,3,215813,10_49_01_06_08_2024
-5360,2.68,-12440,3.22,667,3,216183,10_49_01_06_08_2024
-5174,2.66,-12368,3.21,668,3,216523,10_49_01_06_08_2024
-5364,2.68,-12404,3.21,667,3,216873,10_49_01_06_08_2024
-5379,2.68,-12451,3.22,668,3,217233,10_49_01_06_08_2024
-5291,2.67,-12365,3.21,667,3,217583,10_49_02_06_08_2024
-5266,2.67,-12538,3.22,667,3,217923,10_49_02_06_08_2024
-5480,2.69,-12436,3.21,668,3,218263,10_49_02_06_08_2024
-5644,2.70,-12559,3.22,668,3,218613,10_49_02_06_08_2024
-5367,2.68,-12525,3.22,668,3,218963,10_49_02_06_08_2024
-5711,2.71,-12422,3.21,667,3,219403,10_49_02_06_08_2024
-5441,2.68,-12329,3.21,668,3,219753,10_49_02_06_08_2024
-5620,2.70,-12545,3.22,668,3,220093,10_49_02_06_08_2024
-5488,2.69,-12613,3.23,668,3,220443,10_49_02_06_08_2024
-5247,2.67,-12622,3.23,668,3,220793,10_49_02_06_08_2024
-5452,2.69,-12694,3.23,668,3,221153,10_49_02_06_08_2024
-5378,2.68,-12453,3.22,668,3,221493,10_49_02_06_08_2024
-5518,2.69,-12516,3.22,668,3,221843,10_49_02_06_08_2024
-5650,2.70,-12302,3.20,668,3,222183,10_49_02_06_08_2024
-5412,2.68,-12430,3.21,667,3,222553,10_49_02_06_08_2024
-5387,2.68,-12629,3.23,667,3,222903,10_49_02_06_08_2024
-5499,2.69,-12389,3.21,668,3,223263,10_49_02_06_08_2024
-5419,2.68,-12195,3.20,667,3,223603,10_49_02_06_08_2024
-5368,2.68,-12436,3.21,667,3,223973,10_49_02_06_08_2024
-5361,2.68,-12219,3.20,668,3,224313,10_49_02_06_08_2024
-5290,2.67,-12585,3.23,668,3,224663,10_49_02_06_08_2024
-5183,2.67,-12528,3.22,668,3,225023,10_49_02_06_08_2024
-5273,2.67,-12490,3.22,668,3,225373,10_49_02_06_08_2024
-5458,2.69,-12545,3.22,668,3,225823,10_49_02_06_08_2024
-5314,2.68,-12609,3.23,668,3,226163,10_49_02_06_08_2024
-5508,2.69,-12620,3.23,668,3,226523,10_49_02_06_08_2024
-5647,2.70,-12406,3.21,668,3,226873,10_49_02_06_08_2024
-5477,2.69,-12482,3.22,668,3,227223,10_49_02_06_08_2024
-5693,2.70,-12620,3.23,668,3,227563,10_49_03_06_08_2024
-5213,2.67,-12362,3.21,668,3,227913,10_49_03_06_08_2024
-5570,2.69,-12394,3.21,668,3,228253,10_49_03_06_08_2024
-5570,2.69,-12453,3.22,668,3,228613,10_49_03_06_08_2024
-5566,2.69,-12642,3.23,667,3,228983,10_49_03_06_08_2024
-5344,2.68,-12450,3.22,667,3,229323,10_49_03_06_08_2024
-5364,2.68,-12576,3.23,668,3,229673,10_49_03_06_08_2024
-5387,2.68,-12666,3.23,668,3,230013,10_49_03_06_08_2024
-5194,2.67,-12554,3.22,667,3,230363,10_49_03_06_08_2024
-5578,2.70,-12614,3.23,668,3,230723,10_49_03_06_08_2024
-5240,2.67,-12358,3.21,668,3,231073,10_49_03_06_08_2024
-5362,2.68,-12133,3.19,668,3,231423,10_49_03_06_08_2024
-5341,2.68,-12391,3.21,667,3,231763,10_49_03_06_08_2024
-5392,2.68,-12478,3.22,668,3,232213,10_49_03_06_08_2024
-5354,2.68,-12668,3.23,667,3,232563,10_49_03_06_08_2024
-5433,2.68,-12547,3.22,667,3,232913,10_49_03_06_08_2024
-5363,2.68,-12587,3.23,668,3,233263,10_49_03_06_08_2024
-5508,2.69,-12533,3.22,667,3,233603,10_49_03_06_08_2024
-5263,2.67,-12536,3.22,668,3,233963,10_49_03_06_08_2024
-5451,2.69,-12401,3.21,668,3,234323,10_49_03_06_08_2024
-5388,2.68,-12540,3.22,668,3,234683,10_49_03_06_08_2024
-5340,2.68,-12386,3.21,668,3,235023,10_49_03_06_08_2024
-5555,2.69,-12357,3.21,668,3,235393,10_49_03_06_08_2024
-5304,2.67,-12623,3.23,667,3,235743,10_49_03_06_08_2024
-5415,2.68,-12522,3.22,668,3,236103,10_49_03_06_08_2024
-5453,2.69,-12709,3.24,668,3,236453,10_49_03_06_08_2024
-5315,2.68,-12445,3.22,667,3,236793,10_49_03_06_08_2024
-5352,2.68,-12585,3.23,668,3,237143,10_49_03_06_08_2024
-5250,2.67,-12497,3.22,668,3,237493,10_49_04_06_08_2024
-5502,2.69,-12485,3.22,668,3,237833,10_49_04_06_08_2024
-5359,2.68,-12347,3.21,667,3,238193,10_49_04_06_08_2024
-5440,2.68,-12392,3.21,668,3,238633,10_49_04_06_08_2024
-5560,2.69,-12504,3.22,668,3,238983,10_49_04_06_08_2024
-5353,2.68,-12685,3.23,668,3,239333,10_49_04_06_08_2024
-5403,2.68,-12499,3.22,668,3,239683,10_49_04_06_08_2024
-5548,2.69,-12461,3.22,668,3,240043,10_49_04_06_08_2024
-5574,2.69,-12593,3.23,668,3,240383,10_49_04_06_08_2024
-5526,2.69,-12481,3.22,667,3,240733,10_49_04_06_08_2024
-5771,2.71,-12571,3.23,668,3,241083,10_49_04_06_08_2024
-5378,2.68,-12415,3.21,667,3,241423,10_49_04_06_08_2024
-5367,2.68,-12381,3.21,668,3,241803,10_49_04_06_08_2024
-5552,2.69,-12749,3.24,668,3,242163,10_49_04_06_08_2024
-5660,2.70,-12437,3.21,668,3,242503,10_49_04_06_08_2024
-5467,2.69,-12373,3.21,667,3,242853,10_49_04_06_08_2024
-5578,2.70,-12415,3.21,668,3,243193,10_49_04_06_08_2024
-5370,2.68,-12414,3.21,668,3,243543,10_49_04_06_08_2024
-5572,2.69,-12792,3.24,668,3,243913,10_49_04_06_08_2024
-5573,2.69,-12451,3.22,667,3,244263,10_49_04_06_08_2024
-5775,2.71,-12273,3.20,668,3,244613,10_49_04_06_08_2024
-5434,2.68,-12546,3.22,668,3,245053,10_49_04_06_08_2024
-5377,2.68,-12450,3.22,668,3,245413,10_49_04_06_08_2024
-5379,2.68,-12492,3.22,668,3,245763,10_49_04_06_08_2024
-5175,2.66,-12568,3.22,668,3,246103,10_49_04_06_08_2024
-5387,2.68,-12566,3.22,668,3,246453,10_49_04_06_08_2024
-5458,2.69,-12524,3.22,668,3,246793,10_49_04_06_08_2024
-5408,2.68,-12572,3.23,668,3,247143,10_49_04_06_08_2024
-5427,2.68,-12480,3.22,668,3,247493,10_49_05_06_08_2024
-5292,2.67,-12373,3.21,668,3,247843,10_49_05_06_08_2024
-5492,2.69,-12451,3.22,667,3,248213,10_49_05_06_08_2024
-5481,2.69,-12478,3.22,668,3,248553,10_49_05_06_08_2024
-5598,2.70,-12247,3.20,668,3,248903,10_49_05_06_08_2024
-5532,2.69,-12527,3.22,668,3,249243,10_49_05_06_08_2024
-5611,2.70,-12635,3.23,668,3,249603,10_49_05_06_08_2024
-5530,2.69,-12603,3.23,667,3,249963,10_49_05_06_08_2024
-5469,2.69,-12491,3.22,668,3,250303,10_49_05_06_08_2024
-5661,2.70,-12501,3.22,668,3,250653,10_49_05_06_08_2024
-5577,2.70,-12588,3.23,668,3,251003,10_49_05_06_08_2024
-5607,2.70,-12422,3.21,668,3,251453,10_49_05_06_08_2024
-5488,2.69,-12383,3.21,668,3,251803,10_49_05_06_08_2024
-5475,2.69,-12585,3.23,667,3,252143,10_49_05_06_08_2024
-5433,2.68,-12648,3.23,668,3,252493,10_49_05_06_08_2024
-5618,2.70,-12570,3.22,668,3,252843,10_49_05_06_08_2024
-5804,2.71,-12639,3.23,668,3,253193,10_49_05_06_08_2024
-5604,2.70,-12638,3.23,668,3,253543,10_49_05_06_08_2024
-5586,2.70,-12311,3.21,667,3,253903,10_49_05_06_08_2024
-5665,2.70,-12388,3.21,667,3,254263,10_49_05_06_08_2024
-5653,2.70,-12437,3.21,668,3,254633,10_49_05_06_08_2024
-5619,2.70,-12533,3.22,667,3,254983,10_49_05_06_08_2024
-5435,2.68,-12494,3.22,668,3,255333,10_49_05_06_08_2024
-5374,2.68,-12524,3.22,668,3,255683,10_49_05_06_08_2024
-5433,2.68,-12612,3.23,668,3,256033,10_49_05_06_08_2024
-5490,2.69,-12589,3.23,667,3,256373,10_49_05_06_08_2024
-5703,2.70,-12447,3.22,668,3,256723,10_49_05_06_08_2024
-5729,2.71,-12463,3.22,668,3,257073,10_49_05_06_08_2024
-5638,2.70,-12616,3.23,668,3,257433,10_49_06_06_08_2024
-5640,2.70,-12366,3.21,668,3,257873,10_49_06_06_08_2024
-5315,2.68,-12647,3.23,668,3,258223,10_49_06_06_08_2024
-5638,2.70,-12462,3.22,668,3,258563,10_49_06_06_08_2024
-5532,2.69,-12484,3.22,668,3,258923,10_49_06_06_08_2024
-5665,2.70,-12463,3.22,668,3,259283,10_49_06_06_08_2024
-5523,2.69,-12237,3.20,668,3,259623,10_49_06_06_08_2024
-5573,2.69,-12153,3.19,668,3,259963,10_49_06_06_08_2024
-5568,2.69,-12560,3.22,668,3,260313,10_49_06_06_08_2024
-5768,2.71,-12371,3.21,668,3,260653,10_49_06_06_08_2024
-5768,2.71,-12397,3.21,667,3,261033,10_49_06_06_08_2024
-5413,2.68,-12678,3.23,668,3,261383,10_49_06_06_08_2024
-5594,2.70,-12398,3.21,668,3,261733,10_49_06_06_08_2024
-5547,2.69,-12581,3.23,668,3,262083,10_49_06_06_08_2024
-5503,2.69,-12404,3.21,667,3,262423,10_49_06_06_08_2024
-5765,2.71,-12446,3.22,668,3,262773,10_49_06_06_08_2024
-5577,2.70,-12518,3.22,667,3,263133,10_49_06_06_08_2024
-5341,2.68,-12581,3.23,668,3,263483,10_49_06_06_08_2024
-5283,2.67,-12481,3.22,668,3,263853,10_49_06_06_08_2024
-5542,2.69,-12301,3.20,667,3,264303,10_49_06_06_08_2024
-5549,2.69,-12389,3.21,668,3,264663,10_49_06_06_08_2024
-5419,2.68,-12512,3.22,667,3,265003,10_49_06_06_08_2024
-5275,2.67,-12485,3.22,667,3,265353,10_49_06_06_08_2024
-5470,2.69,-12621,3.23,667,3,265703,10_49_06_06_08_2024
-5552,2.69,-12537,3.22,667,3,266043,10_49_06_06_08_2024
-5479,2.69,-12574,3.23,668,3,266393,10_49_06_06_08_2024
-5580,2.70,-12483,3.22,668,3,266753,10_49_06_06_08_2024
-5728,2.71,-12495,3.22,667,3,267103,10_49_06_06_08_2024
-5534,2.69,-12552,3.22,668,3,267473,10_49_07_06_08_2024
-5599,2.70,-12551,3.22,668,3,267813,10_49_07_06_08_2024
-5357,2.68,-12428,3.21,667,3,268163,10_49_07_06_08_2024
-5503,2.69,-12559,3.22,668,3,268513,10_49_07_06_08_2024
-5505,2.69,-12443,3.22,668,3,268863,10_49_07_06_08_2024
-5604,2.70,-12456,3.22,667,3,269213,10_49_07_06_08_2024
-5447,2.69,-12518,3.22,667,3,269553,10_49_07_06_08_2024
-5647,2.70,-12622,3.23,667,3,269903,10_49_07_06_08_2024
-5565,2.69,-12521,3.22,668,3,270243,10_49_07_06_08_2024
-5473,2.69,-12581,3.23,668,3,270683,10_49_07_06_08_2024
-5406,2.68,-12408,3.21,667,3,271033,10_49_07_06_08_2024
-5685,2.70,-12364,3.21,668,3,271383,10_49_07_06_08_2024
-5597,2.70,-12533,3.22,667,3,271723,10_49_07_06_08_2024
-5814,2.71,-12597,3.23,667,3,272063,10_49_07_06_08_2024
-5592,2.70,-12459,3.22,668,3,272423,10_49_07_06_08_2024
-5690,2.70,-12500,3.22,667,3,272783,10_49_07_06_08_2024
-5557,2.69,-12603,3.23,668,3,273123,10_49_07_06_08_2024
-5449,2.69,-12650,3.23,667,3,273463,10_49_07_06_08_2024
-5485,2.69,-12382,3.21,668,3,273853,10_49_07_06_08_2024
-5526,2.69,-12475,3.22,667,3,274213,10_49_07_06_08_2024
-5678,2.70,-12422,3.21,668,3,274573,10_49_07_06_08_2024
-5639,2.70,-12438,3.21,667,3,274923,10_49_07_06_08_2024
-5603,2.70,-12326,3.21,668,3,275263,10_49_07_06_08_2024
-5435,2.68,-12660,3.23,668,3,275613,10_49_07_06_08_2024
-5374,2.68,-12470,3.22,667,3,275953,10_49_07_06_08_2024
-5680,2.70,-12351,3.21,668,3,276313,10_49_07_06_08_2024
-5721,2.71,-12702,3.23,668,3,276663,10_49_07_06_08_2024
-5599,2.70,-12293,3.20,668,3,277113,10_49_07_06_08_2024
-5592,2.70,-12498,3.22,668,3,277453,10_49_08_06_08_2024
-5499,2.69,-12485,3.22,667,3,277813,10_49_08_06_08_2024
-5654,2.70,-12543,3.22,668,3,278173,10_49_08_06_08_2024
-5845,2.72,-12523,3.22,668,3,278513,10_49_08_06_08_2024
-5450,2.69,-12739,3.24,667,3,278863,10_49_08_06_08_2024
-5567,2.69,-12615,3.23,668,3,279213,10_49_08_06_08_2024
-5886,2.72,-12558,3.22,668,3,279553,10_49_08_06_08_2024
-5378,2.68,-12499,3.22,668,3,279913,10_49_08_06_08_2024
-5625,2.70,-12268,3.20,668,3,280293,10_49_08_06_08_2024
-5443,2.69,-12424,3.21,668,3,280643,10_49_08_06_08_2024
-5501,2.69,-12626,3.23,668,3,280983,10_49_08_06_08_2024
-5771,2.71,-12696,3.23,668,3,281323,10_49_08_06_08_2024
-5694,2.70,-12712,3.24,667,3,281673,10_49_08_06_08_2024
-5511,2.69,-12599,3.23,668,3,282033,10_49_08_06_08_2024
-5769,2.71,-12322,3.21,667,3,282393,10_49_08_06_08_2024
-5600,2.70,-12647,3.23,668,3,282733,10_49_08_06_08_2024
-5517,2.69,-12723,3.24,668,3,283083,10_49_08_06_08_2024
-5743,2.71,-12417,3.21,668,3,283553,10_49_08_06_08_2024
-5709,2.71,-12408,3.21,668,3,283903,10_49_08_06_08_2024
-5634,2.70,-12425,3.21,668,3,284253,10_49_08_06_08_2024
-5449,2.69,-12358,3.21,667,3,284593,10_49_08_06_08_2024
-5706,2.70,-12492,3.22,667,3,284943,10_49_08_06_08_2024
-5849,2.72,-12529,3.22,668,3,285293,10_49_08_06_08_2024
-5637,2.70,-12116,3.19,667,3,285643,10_49_08_06_08_2024
-5591,2.70,-12345,3.21,667,3,285993,10_49_08_06_08_2024
-5987,2.73,-12373,3.21,668,3,286343,10_49_08_06_08_2024
-5688,2.70,-12530,3.22,668,3,286723,10_49_08_06_08_2024
-5643,2.70,-12354,3.21,667,3,287063,10_49_08_06_08_2024
-5615,2.70,-12654,3.23,667,3,287423,10_49_08_06_08_2024
-5612,2.70,-12529,3.22,668,3,287773,10_49_09_06_08_2024
-5445,2.69,-12370,3.21,667,3,288123,10_49_09_06_08_2024
-5450,2.69,-12510,3.22,668,3,288463,10_49_09_06_08_2024
-5668,2.70,-12333,3.21,668,3,288813,10_49_09_06_08_2024
-5580,2.70,-12353,3.21,667,3,289153,10_49_09_06_08_2024
-5611,2.70,-12611,3.23,667,3,289513,10_49_09_06_08_2024
-5319,2.68,-12394,3.21,668,3,289963,10_49_09_06_08_2024
-5537,2.69,-12619,3.23,668,3,290313,10_49_09_06_08_2024
-5499,2.69,-12425,3.21,668,3,290653,10_49_09_06_08_2024
-5551,2.69,-12625,3.23,668,3,291013,10_49_09_06_08_2024
-5523,2.69,-12533,3.22,668,3,291363,10_49_09_06_08_2024
-5509,2.69,-12536,3.22,667,3,291713,10_49_09_06_08_2024
-5481,2.69,-12432,3.21,667,3,292063,10_49_09_06_08_2024
-5768,2.71,-12385,3.21,667,3,292403,10_49_09_06_08_2024
-5494,2.69,-12430,3.21,667,3,292753,10_49_09_06_08_2024
-5581,2.70,-12249,3.20,667,3,293143,10_49_09_06_08_2024
-5461,2.69,-12397,3.21,668,3,293513,10_49_09_06_08_2024
-5701,2.70,-12475,3.22,668,3,293903,10_49_09_06_08_2024
-5291,2.67,-12571,3.23,668,3,294253,10_49_09_06_08_2024
-5751,2.71,-12484,3.22,668,3,294593,10_49_09_06_08_2024
-5544,2.69,-12400,3.21,667,3,294953,10_49_09_06_08_2024
-5664,2.70,-12493,3.22,668,3,295303,10_49_09_06_08_2024
-5498,2.69,-12392,3.21,668,3,295653,10_49_09_06_08_2024
-5695,2.70,-12133,3.19,668,3,295993,10_49_09_06_08_2024
-5397,2.68,-12589,3.23,667,3,296453,10_49_09_06_08_2024
-5351,2.68,-12337,3.21,668,3,296803,10_49_09_06_08_2024
-5813,2.71,-12474,3.22,668,3,297153,10_49_09_06_08_2024
-5696,2.70,-12643,3.23,668,3,297503,10_49_10_06_08_2024
-5372,2.68,-12291,3.20,668,3,297843,10_49_10_06_08_2024
-5431,2.68,-12512,3.22,668,3,298193,10_49_10_06_08_2024
-5554,2.69,-12658,3.23,668,3,298543,10_49_10_06_08_2024
-5649,2.70,-12483,3.22,668,3,298893,10_49_10_06_08_2024
-5559,2.69,-12573,3.23,667,3,299243,10_49_10_06_08_2024
-5616,2.70,-12612,3.23,668,3,299623,10_49_10_06_08_2024
-5778,2.71,-12694,3.23,668,3,299973,10_49_10_06_08_2024
-5585,2.70,-12775,3.24,667,3,300323,10_49_10_06_08_2024
-5590,2.70,-12418,3.21,668,3,300683,10_49_10_06_08_2024
-5682,2.70,-12330,3.21,667,3,301023,10_49_10_06_08_2024
-5663,2.70,-12778,3.24,668,3,301373,10_49_10_06_08_2024
-5571,2.69,-12355,3.21,668,3,301723,10_49_10_06_08_2024
-5590,2.70,-12365,3.21,667,3,302063,10_49_10_06_08_2024
-5444,2.69,-12563,3.22,668,3,302423,10_49_10_06_08_2024
-5541,2.69,-12463,3.22,667,3,302873,10_49_10_06_08_2024
-5472,2.69,-12496,3.22,668,3,303223,10_49_10_06_08_2024
-5453,2.69,-12442,3.22,668,3,303583,10_49_10_06_08_2024
-5555,2.69,-12357,3.21,667,3,303933,10_49_10_06_08_2024
-5482,2.69,-12376,3.21,668,3,304293,10_49_10_06_08_2024
-5574,2.69,-12581,3.23,668,3,304643,10_49_10_06_08_2024
-5611,2.70,-12482,3.22,668,3,304983,10_49_10_06_08_2024
-5718,2.71,-12547,3.22,667,3,305333,10_49_10_06_08_2024
-5481,2.69,-12265,3.20,668,3,305673,10_49_10_06_08_2024
-5497,2.69,-12563,3.22,668,3,306063,10_49_10_06_08_2024
-5632,2.70,-12617,3.23,668,3,306423,10_49_10_06_08_2024
-5559,2.69,-12445,3.22,667,3,306763,10_49_10_06_08_2024
-5528,2.69,-12515,3.22,668,3,307113,10_49_10_06_08_2024
-5490,2.69,-12551,3.22,668,3,307453,10_49_11_06_08_2024
-5551,2.69,-12314,3.21,667,3,307803,10_49_11_06_08_2024
-5753,2.71,-12569,3.22,668,3,308153,10_49_11_06_08_2024
-5552,2.69,-12638,3.23,667,3,308513,10_49_11_06_08_2024
-5498,2.69,-12476,3.22,668,3,308863,10_49_11_06_08_2024
-5513,2.69,-12260,3.20,668,3,309313,10_49_11_06_08_2024
-5571,2.69,-12627,3.23,668,3,309663,10_49_11_06_08_2024
-5758,2.71,-12657,3.23,668,3,310023,10_49_11_06_08_2024
-5590,2.70,-12779,3.24,667,3,310363,10_49_11_06_08_2024
-5452,2.69,-12386,3.21,668,3,310713,10_49_11_06_08_2024
-5731,2.71,-12579,3.23,667,3,311063,10_49_11_06_08_2024
-5636,2.70,-12418,3.21,667,3,311403,10_49_11_06_08_2024
-5487,2.69,-12566,3.22,668,3,311763,10_49_11_06_08_2024
-5634,2.70,-12500,3.22,668,3,312113,10_49_11_06_08_2024
-5622,2.70,-12485,3.22,668,3,312493,10_49_11_06_08_2024
-5225,2.67,-12455,3.22,668,3,312833,10_49_11_06_08_2024
-5622,2.70,-12485,3.22,668,3,313183,10_49_11_06_08_2024
-5348,2.68,-12393,3.21,668,3,313553,10_49_11_06_08_2024
-5588,2.70,-12563,3.22,667,3,313913,10_49_11_06_08_2024
-5585,2.70,-12510,3.22,667,3,314253,10_49_11_06_08_2024
-5335,2.68,-12612,3.23,668,3,314603,10_49_11_06_08_2024
-5222,2.67,-12676,3.23,668,3,314943,10_49_11_06_08_2024
-5226,2.67,-12577,3.23,667,3,315293,10_49_11_06_08_2024
-5601,2.70,-12674,3.23,668,3,315743,10_49_11_06_08_2024
-5299,2.67,-12544,3.22,668,3,316093,10_49_11_06_08_2024
-5589,2.70,-12281,3.20,668,3,316433,10_49_11_06_08_2024
-5708,2.71,-12446,3.22,667,3,316783,10_49_11_06_08_2024
-5555,2.69,-12458,3.22,667,3,317143,10_49_11_06_08_2024
-5523,2.69,-12482,3.22,668,3,317493,10_49_12_06_08_2024
-5483,2.69,-12592,3.23,668,3,317843,10_49_12_06_08_2024
-5386,2.68,-12224,3.20,668,3,318193,10_49_12_06_08_2024
-5471,2.69,-12417,3.21,667,3,318533,10_49_12_06_08_2024
-5524,2.69,-12358,3.21,667,3,318913,10_49_12_06_08_2024
-5512,2.69,-12626,3.23,668,3,319273,10_49_12_06_08_2024
-5439,2.68,-12469,3.22,668,3,319613,10_49_12_06_08_2024
-5574,2.69,-12239,3.20,668,3,319963,10_49_12_06_08_2024
-5405,2.68,-12310,3.21,668,3,320303,10_49_12_06_08_2024
-5656,2.70,-12640,3.23,668,3,320653,10_49_12_06_08_2024
-5446,2.69,-12637,3.23,668,3,320993,10_49_12_06_08_2024
-5681,2.70,-12512,3.22,667,3,321353,10_49_12_06_08_2024
-5475,2.69,-12463,3.22,667,3,321703,10_49_12_06_08_2024
-5290,2.67,-12414,3.21,668,3,322153,10_49_12_06_08_2024
-5599,2.70,-12482,3.22,668,3,322493,10_49_12_06_08_2024
-5449,2.69,-12498,3.22,667,3,322843,10_49_12_06_08_2024
-5678,2.70,-12573,3.23,668,3,323203,10_49_12_06_08_2024
-5424,2.68,-12572,3.23,668,3,323563,10_49_12_06_08_2024
-5561,2.69,-12415,3.21,668,3,323913,10_49_12_06_08_2024
-5538,2.69,-12496,3.22,667,3,324253,10_49_12_06_08_2024
-5573,2.69,-12752,3.24,668,3,324603,10_49_12_06_08_2024
-5188,2.67,-12274,3.20,667,3,324963,10_49_12_06_08_2024
-5362,2.68,-12529,3.22,668,3,325333,10_49_12_06_08_2024
-5400,2.68,-12636,3.23,668,3,325673,10_49_12_06_08_2024
-5265,2.67,-12649,3.23,667,3,326023,10_49_12_06_08_2024
-5455,2.69,-12470,3.22,668,3,326373,10_49_12_06_08_2024
-5235,2.67,-12484,3.22,668,3,326713,10_49_12_06_08_2024
-5486,2.69,-12585,3.23,668,3,327073,10_49_12_06_08_2024
-5251,2.67,-12513,3.22,668,3,327423,10_49_12_06_08_2024
-5467,2.69,-12636,3.23,668,3,327773,10_49_13_06_08_2024
-5578,2.70,-12468,3.22,668,3,328113,10_49_13_06_08_2024
-5391,2.68,-12542,3.22,667,3,328573,10_49_13_06_08_2024
-5315,2.68,-12428,3.21,668,3,328923,10_49_13_06_08_2024
-5509,2.69,-12656,3.23,667,3,329263,10_49_13_06_08_2024
-5457,2.69,-12521,3.22,667,3,329613,10_49_13_06_08_2024
-5421,2.68,-12637,3.23,668,3,329963,10_49_13_06_08_2024
-5332,2.68,-12595,3.23,668,3,330303,10_49_13_06_08_2024
-5356,2.68,-12532,3.22,668,3,330663,10_49_13_06_08_2024
-5294,2.67,-12468,3.22,668,3,331023,10_49_13_06_08_2024
-5363,2.68,-12483,3.22,668,3,331363,10_49_13_06_08_2024
-5358,2.68,-12508,3.22,667,3,331733,10_49_13_06_08_2024
-5266,2.67,-12514,3.22,667,3,332083,10_49_13_06_08_2024
-5286,2.67,-12504,3.22,667,3,332443,10_49_13_06_08_2024
-5180,2.67,-12504,3.22,668,3,332793,10_49_13_06_08_2024
-5242,2.67,-12621,3.23,667,3,333133,10_49_13_06_08_2024
-5075,2.66,-12465,3.22,667,3,333503,10_49_13_06_08_2024
-5417,2.68,-12408,3.21,667,3,333853,10_49_13_06_08_2024
-5499,2.69,-12698,3.23,667,3,334193,10_49_13_06_08_2024
-5669,2.70,-12504,3.22,668,3,334543,10_49_13_06_08_2024
-5418,2.68,-12311,3.21,668,3,334983,10_49_13_06_08_2024
-5631,2.70,-12500,3.22,668,3,335333,10_49_13_06_08_2024
-5314,2.68,-12464,3.22,667,3,335683,10_49_13_06_08_2024
-5550,2.69,-12505,3.22,668,3,336033,10_49_13_06_08_2024
-5243,2.67,-12579,3.23,668,3,336383,10_49_13_06_08_2024
-5380,2.68,-12568,3.22,668,3,336733,10_49_13_06_08_2024
-5426,2.68,-12463,3.22,668,3,337083,10_49_13_06_08_2024
-5465,2.69,-12494,3.22,668,3,337433,10_49_13_06_08_2024
-5309,2.67,-12645,3.23,667,3,337773,10_49_14_06_08_2024
-5528,2.69,-12539,3.22,667,3,338103,10_49_14_06_08_2024
-5402,2.68,-12610,3.23,668,3,338463,10_49_14_06_08_2024
-5280,2.67,-12431,3.21,667,3,338813,10_49_14_06_08_2024
-5561,2.69,-12368,3.21,668,3,339153,10_49_14_06_08_2024
-5375,2.68,-12697,3.23,668,3,339503,10_49_14_06_08_2024
-5516,2.69,-12479,3.22,668,3,339843,10_49_14_06_08_2024
-5447,2.69,-12470,3.22,667,3,340193,10_49_14_06_08_2024
-5150,2.66,-12540,3.22,668,3,340553,10_49_14_06_08_2024
-5248,2.67,-12436,3.21,668,3,340993,10_49_14_06_08_2024
-5352,2.68,-12563,3.22,668,3,341343,10_49_14_06_08_2024
-5308,2.67,-12581,3.23,667,3,341693,10_49_14_06_08_2024
-5412,2.68,-12367,3.21,668,3,342043,10_49_14_06_08_2024
-5439,2.68,-12324,3.21,668,3,342393,10_49_14_06_08_2024
-5329,2.68,-12384,3.21,667,3,342743,10_49_14_06_08_2024
-5475,2.69,-12493,3.22,668,3,343093,10_49_14_06_08_2024
-5385,2.68,-12331,3.21,667,3,343453,10_49_14_06_08_2024
-5373,2.68,-12727,3.24,667,3,343793,10_49_14_06_08_2024
-5644,2.70,-12423,3.21,667,3,344183,10_49_14_06_08_2024
-5450,2.69,-12386,3.21,668,3,344533,10_49_14_06_08_2024
-5164,2.66,-12351,3.21,667,3,344873,10_49_14_06_08_2024
-5427,2.68,-12374,3.21,668,3,345213,10_49_14_06_08_2024
-5647,2.70,-12591,3.23,667,3,345563,10_49_14_06_08_2024
-5603,2.70,-12508,3.22,668,3,345913,10_49_14_06_08_2024
-5280,2.67,-12509,3.22,668,3,346263,10_49_14_06_08_2024
-5559,2.69,-12628,3.23,667,3,346613,10_49_14_06_08_2024
-5459,2.69,-12551,3.22,667,3,346963,10_49_14_06_08_2024
-5357,2.68,-12531,3.22,667,3,347413,10_49_14_06_08_2024
-5591,2.70,-12074,3.19,668,3,347773,10_49_15_06_08_2024
-5429,2.68,-12377,3.21,668,3,348123,10_49_15_06_08_2024
-5477,2.69,-12274,3.20,668,3,348473,10_49_15_06_08_2024
-5413,2.68,-12697,3.23,668,3,348813,10_49_15_06_08_2024
-5469,2.69,-12455,3.22,667,3,349163,10_49_15_06_08_2024
-5462,2.69,-12494,3.22,668,3,349503,10_49_15_06_08_2024
-5381,2.68,-12505,3.22,668,3,349853,10_49_15_06_08_2024
-5542,2.69,-12552,3.22,668,3,350213,10_49_15_06_08_2024
-5433,2.68,-12569,3.22,668,3,350583,10_49_15_06_08_2024
-5432,2.68,-12695,3.23,668,3,350933,10_49_15_06_08_2024
-5331,2.68,-12487,3.22,668,3,351273,10_49_15_06_08_2024
-5399,2.68,-12702,3.23,667,3,351623,10_49_15_06_08_2024
-5328,2.68,-12402,3.21,668,3,351983,10_49_15_06_08_2024
-5454,2.69,-12308,3.21,667,3,352333,10_49_15_06_08_2024
-5310,2.67,-12486,3.22,668,3,352683,10_49_15_06_08_2024
-5529,2.69,-12256,3.20,668,3,353023,10_49_15_06_08_2024
-5282,2.67,-12521,3.22,667,3,353373,10_49_15_06_08_2024
-5347,2.68,-12558,3.22,667,3,353843,10_49_15_06_08_2024
-5494,2.69,-12384,3.21,668,3,354193,10_49_15_06_08_2024
-5590,2.70,-12615,3.23,668,3,354533,10_49_15_06_08_2024
-5474,2.69,-12462,3.22,668,3,354873,10_49_15_06_08_2024
-5370,2.68,-12444,3.22,667,3,355223,10_49_15_06_08_2024
-5211,2.67,-12751,3.24,668,3,355583,10_49_15_06_08_2024
-5444,2.69,-12471,3.22,668,3,355933,10_49_15_06_08_2024
-5343,2.68,-12529,3.22,668,3,356273,10_49_15_06_08_2024
-5570,2.69,-12676,3.23,668,3,356623,10_49_15_06_08_2024
-5232,2.67,-12520,3.22,667,3,357003,10_49_15_06_08_2024
-5297,2.67,-12653,3.23,667,3,357353,10_49_15_06_08_2024
-5212,2.67,-12761,3.24,668,3,357713,10_49_16_06_08_2024
-5210,2.67,-12576,3.23,668,3,358063,10_49_16_06_08_2024
-5098,2.66,-12707,3.24,667,3,358403,10_49_16_06_08_2024
-5482,2.69,-12604,3.23,668,3,358753,10_49_16_06_08_2024
-5525,2.69,-12526,3.22,668,3,359093,10_49_16_06_08_2024
-5460,2.69,-12444,3.22,668,3,359453,10_49_16_06_08_2024
-5494,2.69,-12665,3.23,667,3,359803,10_49_16_06_08_2024
-5462,2.69,-12650,3.23,668,3,360253,10_49_16_06_08_2024
-5387,2.68,-12519,3.22,668,3,360593,10_49_16_06_08_2024
-5408,2.68,-12819,3.24,668,3,360953,10_49_16_06_08_2024
-5293,2.67,-12701,3.23,668,3,361313,10_49_16_06_08_2024
-5489,2.69,-12790,3.24,667,3,361663,10_49_16_06_08_2024
-5377,2.68,-12505,3.22,668,3,362003,10_49_16_06_08_2024
-5379,2.68,-12406,3.21,667,3,362343,10_49_16_06_08_2024
-5321,2.68,-12329,3.21,668,3,362693,10_49_16_06_08_2024
-5360,2.68,-12443,3.22,668,3,363053,10_49_16_06_08_2024
-5234,2.67,-12605,3.23,668,3,363453,10_49_16_06_08_2024
-5447,2.69,-12609,3.23,668,3,363793,10_49_16_06_08_2024
-5303,2.67,-12495,3.22,668,3,364143,10_49_16_06_08_2024
-5273,2.67,-12488,3.22,667,3,364483,10_49_16_06_08_2024
-5329,2.68,-12488,3.22,668,3,364833,10_49_16_06_08_2024
-5581,2.70,-12442,3.22,668,3,365183,10_49_16_06_08_2024
-5229,2.67,-12294,3.20,668,3,365543,10_49_16_06_08_2024
-5485,2.69,-12557,3.22,668,3,365883,10_49_16_06_08_2024
-5432,2.68,-12760,3.24,668,3,366233,10_49_16_06_08_2024
-5358,2.68,-12325,3.21,668,3,366693,10_49_16_06_08_2024
-5463,2.69,-12662,3.23,668,3,367043,10_49_16_06_08_2024
-5164,2.66,-12596,3.23,667,3,367383,10_49_16_06_08_2024
-5300,2.67,-12542,3.22,667,3,367733,10_49_17_06_08_2024
-5337,2.68,-12593,3.23,668,3,368083,10_49_17_06_08_2024
-5487,2.69,-12608,3.23,668,3,368433,10_49_17_06_08_2024
-5400,2.68,-12577,3.23,668,3,368783,10_49_17_06_08_2024
-5275,2.67,-12691,3.23,668,3,369143,10_49_17_06_08_2024
-5357,2.68,-12625,3.23,667,3,369483,10_49_17_06_08_2024
-5410,2.68,-12708,3.24,668,3,369853,10_49_17_06_08_2024
-5469,2.69,-12621,3.23,667,3,370193,10_49_17_06_08_2024
-5230,2.67,-12551,3.22,667,3,370543,10_49_17_06_08_2024
-5554,2.69,-12672,3.23,668,3,370903,10_49_17_06_08_2024
-5438,2.68,-12429,3.21,667,3,371253,10_49_17_06_08_2024
-5427,2.68,-12805,3.24,668,3,371593,10_49_17_06_08_2024
-5374,2.68,-12235,3.20,668,3,371943,10_49_17_06_08_2024
-5391,2.68,-12495,3.22,667,3,372283,10_49_17_06_08_2024
-5440,2.68,-12562,3.22,668,3,372623,10_49_17_06_08_2024
-5149,2.66,-12605,3.23,668,3,373083,10_49_17_06_08_2024
-5399,2.68,-12648,3.23,667,3,373433,10_49_17_06_08_2024
-5283,2.67,-12454,3.22,668,3,373773,10_49_17_06_08_2024
-5387,2.68,-12748,3.24,668,3,374123,10_49_17_06_08_2024
-5367,2.68,-12502,3.22,668,3,374473,10_49_17_06_08_2024
-5337,2.68,-12502,3.22,668,3,374823,10_49_17_06_08_2024
-5509,2.69,-12422,3.21,668,3,375173,10_49_17_06_08_2024
-5268,2.67,-12498,3.22,668,3,375513,10_49_17_06_08_2024
-5405,2.68,-12482,3.22,667,3,375863,10_49_17_06_08_2024
-5320,2.68,-12399,3.21,668,3,376233,10_49_17_06_08_2024
-5142,2.66,-12514,3.22,668,3,376593,10_49_17_06_08_2024
-5386,2.68,-12314,3.21,668,3,376943,10_49_17_06_08_2024
-5237,2.67,-12539,3.22,667,3,377293,10_49_17_06_08_2024
-5424,2.68,-12617,3.23,668,3,377633,10_49_18_06_08_2024
-5486,2.69,-12641,3.23,668,3,377983,10_49_18_06_08_2024
-5185,2.67,-12416,3.21,667,3,378333,10_49_18_06_08_2024
-5441,2.68,-12754,3.24,667,3,378673,10_49_18_06_08_2024
-5405,2.68,-12443,3.22,668,3,379033,10_49_18_06_08_2024
-5321,2.68,-12552,3.22,668,3,379483,10_49_18_06_08_2024
-5334,2.68,-12428,3.21,668,3,379823,10_49_18_06_08_2024
-5206,2.67,-12621,3.23,668,3,380183,10_49_18_06_08_2024
-5293,2.67,-12432,3.21,668,3,380543,10_49_18_06_08_2024
-5256,2.67,-12722,3.24,667,3,380883,10_49_18_06_08_2024
-5336,2.68,-12595,3.23,667,3,381233,10_49_18_06_08_2024
-5473,2.69,-12528,3.22,668,3,381583,10_49_18_06_08_2024
-5421,2.68,-12746,3.24,668,3,381923,10_49_18_06_08_2024
-5239,2.67,-12868,3.25,668,3,382283,10_49_18_06_08_2024
-5463,2.69,-12624,3.23,668,3,382653,10_49_18_06_08_2024
-5411,2.68,-12267,3.20,667,3,383003,10_49_18_06_08_2024
-5395,2.68,-12586,3.23,668,3,383803,10_49_18_06_08_2024
-5416,2.68,-12383,3.21,668,3,384163,10_49_18_06_08_2024
-5370,2.68,-12661,3.23,667,3,384513,10_49_18_06_08_2024
-5311,2.68,-12512,3.22,668,3,384853,10_49_18_06_08_2024
-5270,2.67,-12526,3.22,668,3,385203,10_49_18_06_08_2024
-5344,2.68,-12501,3.22,668,3,385553,10_49_18_06_08_2024
-5376,2.68,-12501,3.22,668,3,385913,10_49_18_06_08_2024
-5348,2.68,-12442,3.22,669,3,386353,10_49_18_06_08_2024
-5545,2.69,-12393,3.21,668,3,386703,10_49_18_06_08_2024
-5407,2.68,-12490,3.22,668,3,387053,10_49_18_06_08_2024
-5480,2.69,-12705,3.24,667,3,387403,10_49_18_06_08_2024
-5343,2.68,-12718,3.24,668,3,387753,10_49_19_06_08_2024
-5461,2.69,-12718,3.24,667,3,388103,10_49_19_06_08_2024
-5560,2.69,-12457,3.22,668,3,388443,10_49_19_06_08_2024
-5349,2.68,-12479,3.22,668,3,388793,10_49_19_06_08_2024
-5438,2.68,-12244,3.20,667,3,389133,10_49_19_06_08_2024
-5421,2.68,-12526,3.22,668,3,389523,10_49_19_06_08_2024
-5665,2.70,-12574,3.23,668,3,389873,10_49_19_06_08_2024
-5223,2.67,-12779,3.24,668,3,390213,10_49_19_06_08_2024
-5573,2.69,-12622,3.23,667,3,390563,10_49_19_06_08_2024
-5298,2.67,-12607,3.23,667,3,390903,10_49_19_06_08_2024
-5506,2.69,-12564,3.22,668,3,391263,10_49_19_06_08_2024
-5511,2.69,-12477,3.22,668,3,391623,10_49_19_06_08_2024
-5554,2.69,-12470,3.22,667,3,391963,10_49_19_06_08_2024
-5474,2.69,-12603,3.23,668,3,392313,10_49_19_06_08_2024
-5411,2.68,-12490,3.22,668,3,392763,10_49_19_06_08_2024
-5193,2.67,-12502,3.22,668,3,393123,10_49_19_06_08_2024
-5303,2.67,-12584,3.23,668,3,393473,10_49_19_06_08_2024
-5275,2.67,-12530,3.22,668,3,393843,10_49_19_06_08_2024
-5375,2.68,-12482,3.22,667,3,394193,10_49_19_06_08_2024
-5375,2.68,-12563,3.22,667,3,394533,10_49_19_06_08_2024
-5474,2.69,-12469,3.22,668,3,394903,10_49_19_06_08_2024
-5239,2.67,-12518,3.22,667,3,395253,10_49_19_06_08_2024
-5367,2.68,-12363,3.21,668,3,395593,10_49_19_06_08_2024
-5165,2.66,-12408,3.21,668,3,395973,10_49_19_06_08_2024
-5418,2.68,-12477,3.22,668,3,396313,10_49_19_06_08_2024
-5254,2.67,-12775,3.24,668,3,396673,10_49_19_06_08_2024
-5257,2.67,-12532,3.22,668,3,397023,10_49_19_06_08_2024
-5355,2.68,-12802,3.24,668,3,397363,10_49_19_06_08_2024
-5342,2.68,-12548,3.22,668,3,397713,10_49_20_06_08_2024
-5270,2.67,-12670,3.23,668,3,398053,10_49_20_06_08_2024
-5682,2.70,-12549,3.22,668,3,398403,10_49_20_06_08_2024
-5435,2.68,-12549,3.22,667,3,398743,10_49_20_06_08_2024
-5403,2.68,-12528,3.22,668,3,399193,10_49_20_06_08_2024
-5185,2.67,-12775,3.24,668,3,399543,10_49_20_06_08_2024
-5496,2.69,-12621,3.23,668,3,399883,10_49_20_06_08_2024
-5352,2.68,-12533,3.22,667,3,400223,10_49_20_06_08_2024
-5492,2.69,-12636,3.23,668,3,400583,10_49_20_06_08_2024
-5264,2.67,-12809,3.24,668,3,400933,10_49_20_06_08_2024
-5278,2.67,-12431,3.21,668,3,401283,10_49_20_06_08_2024
-5288,2.67,-12568,3.22,668,3,401623,10_49_20_06_08_2024
-5396,2.68,-12523,3.22,668,3,401973,10_49_20_06_08_2024
-5491,2.69,-12523,3.22,668,3,402343,10_49_20_06_08_2024
-5555,2.69,-12566,3.22,668,3,402703,10_49_20_06_08_2024
-5652,2.70,-12537,3.22,668,3,403053,10_49_20_06_08_2024
-5520,2.69,-12724,3.24,668,3,403403,10_49_20_06_08_2024
-5055,2.66,-12652,3.23,668,3,403763,10_49_20_06_08_2024
-5331,2.68,-12563,3.22,668,3,404113,10_49_20_06_08_2024
-5155,2.66,-12624,3.23,668,3,404463,10_49_20_06_08_2024
-5308,2.67,-12499,3.22,668,3,404823,10_49_20_06_08_2024
-5599,2.70,-12470,3.22,668,3,405173,10_49_20_06_08_2024
-5495,2.69,-12460,3.22,668,3,405623,10_49_20_06_08_2024
-5526,2.69,-12349,3.21,668,3,405983,10_49_20_06_08_2024
-5521,2.69,-12416,3.21,668,3,406333,10_49_20_06_08_2024
-5355,2.68,-12372,3.21,668,3,406683,10_49_20_06_08_2024
-5569,2.69,-12457,3.22,668,3,407023,10_49_20_06_08_2024
-5166,2.66,-12412,3.21,668,3,407373,10_49_20_06_08_2024
-5486,2.69,-12414,3.21,668,3,407723,10_49_21_06_08_2024
-5424,2.68,-12465,3.22,668,3,408073,10_49_21_06_08_2024
-5524,2.69,-12515,3.22,668,3,408433,10_49_21_06_08_2024
-5171,2.66,-12488,3.22,668,3,408813,10_49_21_06_08_2024
-5397,2.68,-12441,3.22,668,3,409153,10_49_21_06_08_2024
-5586,2.70,-12373,3.21,668,3,409493,10_49_21_06_08_2024
-5603,2.70,-12636,3.23,667,3,409843,10_49_21_06_08_2024
-4994,2.65,-12745,3.24,668,3,410203,10_49_21_06_08_2024
-5399,2.68,-12564,3.22,668,3,410563,10_49_21_06_08_2024
-5659,2.70,-12414,3.21,668,3,410903,10_49_21_06_08_2024
-5577,2.70,-12512,3.22,668,3,411253,10_49_21_06_08_2024
-5426,2.68,-12550,3.22,667,3,411593,10_49_21_06_08_2024
-5371,2.68,-12406,3.21,668,3,412053,10_49_21_06_08_2024
-5525,2.69,-12680,3.23,668,3,412393,10_49_21_06_08_2024
-5277,2.67,-12429,3.21,668,3,412743,10_49_21_06_08_2024
-5369,2.68,-12441,3.22,668,3,413083,10_49_21_06_08_2024
-5440,2.68,-12463,3.22,668,3,413433,10_49_21_06_08_2024
-5500,2.69,-12144,3.19,668,3,413803,10_49_21_06_08_2024
-5578,2.70,-12404,3.21,668,3,414163,10_49_21_06_08_2024
-5559,2.69,-12597,3.23,668,3,414503,10_49_21_06_08_2024
-5390,2.68,-12479,3.22,668,3,414853,10_49_21_06_08_2024
-5345,2.68,-12576,3.23,667,3,415223,10_49_21_06_08_2024
-5329,2.68,-12490,3.22,668,3,415573,10_49_21_06_08_2024
-5352,2.68,-12402,3.21,668,3,415933,10_49_21_06_08_2024
-5380,2.68,-12490,3.22,668,3,416283,10_49_21_06_08_2024
-5450,2.69,-12517,3.22,668,3,416633,10_49_21_06_08_2024
-5209,2.67,-12521,3.22,667,3,416973,10_49_21_06_08_2024
-5441,2.68,-12334,3.21,668,3,417323,10_49_21_06_08_2024
-5289,2.67,-12665,3.23,668,3,417683,10_49_22_06_08_2024
-5538,2.69,-12457,3.22,667,3,418033,10_49_22_06_08_2024
-5418,2.68,-12634,3.23,668,3,418483,10_49_22_06_08_2024
-5323,2.68,-12506,3.22,667,3,418833,10_49_22_06_08_2024
-5265,2.67,-12339,3.21,668,3,419183,10_49_22_06_08_2024
-5182,2.67,-12480,3.22,667,3,419543,10_49_22_06_08_2024
-5142,2.66,-12348,3.21,668,3,419883,10_49_22_06_08_2024
-5369,2.68,-12546,3.22,668,3,420233,10_49_22_06_08_2024
-5294,2.67,-12576,3.23,668,3,420573,10_49_22_06_08_2024
-5191,2.67,-12486,3.22,668,3,420923,10_49_22_06_08_2024
-5473,2.69,-12619,3.23,668,3,421283,10_49_22_06_08_2024
-5395,2.68,-12505,3.22,668,3,421663,10_49_22_06_08_2024
-5026,2.65,-12449,3.22,667,3,422003,10_49_22_06_08_2024
-5518,2.69,-12696,3.23,668,3,422353,10_49_22_06_08_2024
-5715,2.71,-12309,3.21,668,3,422703,10_49_22_06_08_2024
-5303,2.67,-12488,3.22,668,3,423043,10_49_22_06_08_2024
-5366,2.68,-12441,3.22,668,3,423393,10_49_22_06_08_2024
-5231,2.67,-12420,3.21,668,3,423773,10_49_22_06_08_2024
-5412,2.68,-12652,3.23,668,3,424113,10_49_22_06_08_2024
-5285,2.67,-12519,3.22,668,3,424463,10_49_22_06_08_2024
-5411,2.68,-12469,3.22,668,3,424923,10_49_22_06_08_2024
-5390,2.68,-12773,3.24,668,3,425273,10_49_22_06_08_2024
-5397,2.68,-12505,3.22,667,3,425613,10_49_22_06_08_2024
-5396,2.68,-12646,3.23,668,3,425963,10_49_22_06_08_2024
-5284,2.67,-12525,3.22,668,3,426303,10_49_22_06_08_2024
-5551,2.69,-12562,3.22,668,3,426653,10_49_22_06_08_2024
-5375,2.68,-12505,3.22,667,3,427003,10_49_22_06_08_2024
-5476,2.69,-12482,3.22,668,3,427363,10_49_22_06_08_2024
-5440,2.68,-12301,3.20,667,3,427703,10_49_23_06_08_2024
-5440,2.68,-12681,3.23,667,3,428073,10_49_23_06_08_2024
-5476,2.69,-12612,3.23,668,3,428423,10_49_23_06_08_2024
-5511,2.69,-12410,3.21,668,3,428773,10_49_23_06_08_2024
-5431,2.68,-12459,3.22,667,3,429123,10_49_23_06_08_2024
-5350,2.68,-12673,3.23,668,3,429473,10_49_23_06_08_2024
-5233,2.67,-12546,3.22,668,3,429823,10_49_23_06_08_2024
-5194,2.67,-12634,3.23,667,3,430173,10_49_23_06_08_2024
-5378,2.68,-12488,3.22,667,3,430513,10_49_23_06_08_2024
-5400,2.68,-12459,3.22,668,3,430863,10_49_23_06_08_2024
-5480,2.69,-12634,3.23,667,3,431303,10_49_23_06_08_2024
-5332,2.68,-12537,3.22,668,3,431643,10_49_23_06_08_2024
-5310,2.67,-12564,3.22,668,3,431993,10_49_23_06_08_2024
-5186,2.67,-12428,3.21,668,3,432343,10_49_23_06_08_2024
-5272,2.67,-12625,3.23,668,3,432693,10_49_23_06_08_2024
-5333,2.68,-12565,3.22,668,3,433053,10_49_23_06_08_2024
-5395,2.68,-12436,3.21,667,3,433403,10_49_23_06_08_2024
-5491,2.69,-12361,3.21,668,3,433763,10_49_23_06_08_2024
-5398,2.68,-12381,3.21,668,3,434113,10_49_23_06_08_2024
-5591,2.70,-12351,3.21,668,3,434493,10_49_23_06_08_2024
-5436,2.68,-12524,3.22,668,3,434843,10_49_23_06_08_2024
-5288,2.67,-12468,3.22,668,3,435193,10_49_23_06_08_2024
-5256,2.67,-12434,3.21,668,3,435543,10_49_23_06_08_2024
-5554,2.69,-12302,3.20,667,3,435883,10_49_23_06_08_2024
-5660,2.70,-12422,3.21,668,3,436233,10_49_23_06_08_2024
-5457,2.69,-12433,3.21,667,3,436583,10_49_23_06_08_2024
-5605,2.70,-12386,3.21,668,3,436933,10_49_23_06_08_2024
-5486,2.69,-12405,3.21,668,3,437283,10_49_23_06_08_2024
-5629,2.70,-12366,3.21,668,3,437723,10_49_24_06_08_2024
-5350,2.68,-12463,3.22,668,3,438083,10_49_24_06_08_2024
-5558,2.69,-12404,3.21,668,3,438443,10_49_24_06_08_2024
-5372,2.68,-12337,3.21,668,3,438783,10_49_24_06_08_2024
-5436,2.68,-12383,3.21,668,3,439133,10_49_24_06_08_2024
-5330,2.68,-12591,3.23,668,3,439483,10_49_24_06_08_2024
-5537,2.69,-12629,3.23,667,3,439833,10_49_24_06_08_2024
-5595,2.70,-12467,3.22,667,3,440183,10_49_24_06_08_2024
-5423,2.68,-12498,3.22,668,3,440543,10_49_24_06_08_2024
-5343,2.68,-12379,3.21,668,3,440913,10_49_24_06_08_2024
-5502,2.69,-12366,3.21,667,3,441263,10_49_24_06_08_2024
-5502,2.69,-12509,3.22,667,3,441603,10_49_24_06_08_2024
-5635,2.70,-12656,3.23,667,3,441953,10_49_24_06_08_2024
-5651,2.70,-12558,3.22,667,3,442313,10_49_24_06_08_2024
-5485,2.69,-12376,3.21,668,3,442673,10_49_24_06_08_2024
-5322,2.68,-12652,3.23,668,3,443013,10_49_24_06_08_2024
-5426,2.68,-12303,3.20,668,3,443353,10_49_24_06_08_2024
-5359,2.68,-12673,3.23,668,3,443723,10_49_24_06_08_2024
-5601,2.70,-12556,3.22,667,3,444173,10_49_24_06_08_2024
-5706,2.70,-12654,3.23,668,3,444523,10_49_24_06_08_2024
-5236,2.67,-12646,3.23,668,3,444873,10_49_24_06_08_2024
-5671,2.70,-12211,3.20,667,3,445213,10_49_24_06_08_2024
-5290,2.67,-12563,3.22,668,3,445563,10_49_24_06_08_2024
-5453,2.69,-12460,3.22,667,3,445923,10_49_24_06_08_2024
-5461,2.69,-12417,3.21,667,3,446283,10_49_24_06_08_2024
-5523,2.69,-12439,3.22,668,3,446623,10_49_24_06_08_2024
-5274,2.67,-12503,3.22,668,3,446973,10_49_24_06_08_2024
-5520,2.69,-12393,3.21,668,3,447343,10_49_24_06_08_2024
-5356,2.68,-12459,3.22,667,3,447703,10_49_25_06_08_2024
-5284,2.67,-12503,3.22,668,3,448053,10_49_25_06_08_2024
-5330,2.68,-12434,3.21,667,3,448403,10_49_25_06_08_2024
-5579,2.70,-12509,3.22,668,3,448743,10_49_25_06_08_2024
-5726,2.71,-12437,3.21,668,3,449093,10_49_25_06_08_2024
-5318,2.68,-12401,3.21,668,3,449433,10_49_25_06_08_2024
-5384,2.68,-12750,3.24,668,3,449793,10_49_25_06_08_2024
-5323,2.68,-12658,3.23,668,3,450153,10_49_25_06_08_2024
-5474,2.69,-12424,3.21,668,3,450593,10_49_25_06_08_2024
-5293,2.67,-12447,3.22,668,3,450943,10_49_25_06_08_2024
-5280,2.67,-12673,3.23,668,3,451293,10_49_25_06_08_2024
-5448,2.69,-12673,3.23,668,3,451643,10_49_25_06_08_2024
-5444,2.69,-12397,3.21,668,3,451993,10_49_25_06_08_2024
-5398,2.68,-12555,3.22,668,3,452343,10_49_25_06_08_2024
-5350,2.68,-12656,3.23,668,3,452683,10_49_25_06_08_2024
-5554,2.69,-12642,3.23,667,3,453023,10_49_25_06_08_2024
-5373,2.68,-12515,3.22,668,3,453373,10_49_25_06_08_2024
-5408,2.68,-12595,3.23,668,3,453773,10_49_25_06_08_2024
-5489,2.69,-12528,3.22,668,3,454123,10_49_25_06_08_2024
-5265,2.67,-12575,3.23,667,3,454463,10_49_25_06_08_2024
-5481,2.69,-12335,3.21,667,3,454813,10_49_25_06_08_2024
-5512,2.69,-12515,3.22,668,3,455163,10_49_25_06_08_2024
-5417,2.68,-12615,3.23,668,3,455523,10_49_25_06_08_2024
-5419,2.68,-12562,3.22,668,3,455873,10_49_25_06_08_2024
-5429,2.68,-12450,3.22,668,3,456223,10_49_25_06_08_2024
-5420,2.68,-12635,3.23,668,3,456573,10_49_25_06_08_2024
-5373,2.68,-12722,3.24,667,3,457033,10_49_25_06_08_2024
-5319,2.68,-12444,3.22,668,3,457383,10_49_25_06_08_2024
-5525,2.69,-12519,3.22,668,3,457733,10_49_26_06_08_2024
-5471,2.69,-12486,3.22,667,3,458083,10_49_26_06_08_2024
-5237,2.67,-12668,3.23,668,3,458423,10_49_26_06_08_2024
-5464,2.69,-12477,3.22,668,3,458833,10_49_26_06_08_2024
-5358,2.68,-12562,3.22,668,3,459193,10_49_26_06_08_2024
-5455,2.69,-12513,3.22,667,3,459533,10_49_26_06_08_2024
-5401,2.68,-12477,3.22,668,3,459883,10_49_26_06_08_2024
-5369,2.68,-12372,3.21,667,3,460253,10_49_26_06_08_2024
-5383,2.68,-12605,3.23,668,3,460613,10_49_26_06_08_2024
-5322,2.68,-12462,3.22,668,3,460963,10_49_26_06_08_2024
-5385,2.68,-12576,3.23,668,3,461313,10_49_26_06_08_2024
-5477,2.69,-12717,3.24,668,3,461663,10_49_26_06_08_2024
-5478,2.69,-12490,3.22,667,3,462013,10_49_26_06_08_2024
-5405,2.68,-12545,3.22,668,3,462353,10_49_26_06_08_2024
-5403,2.68,-12312,3.21,669,3,462713,10_49_26_06_08_2024
-5578,2.70,-12412,3.21,668,3,463063,10_49_26_06_08_2024
-5391,2.68,-12508,3.22,668,3,463533,10_49_26_06_08_2024
-5376,2.68,-12699,3.23,668,3,463883,10_49_26_06_08_2024
-5363,2.68,-12417,3.21,668,3,464243,10_49_26_06_08_2024
-5498,2.69,-12535,3.22,668,3,464593,10_49_26_06_08_2024
-5341,2.68,-12507,3.22,667,3,464933,10_49_26_06_08_2024
-5591,2.70,-12425,3.21,668,3,465283,10_49_26_06_08_2024
-5408,2.68,-12382,3.21,668,3,465633,10_49_26_06_08_2024
-5501,2.69,-12555,3.22,668,3,465983,10_49_26_06_08_2024
-5500,2.69,-12657,3.23,668,3,466343,10_49_26_06_08_2024
-5531,2.69,-12436,3.21,668,3,466713,10_49_26_06_08_2024
-5260,2.67,-12683,3.23,668,3,467063,10_49_26_06_08_2024
-5211,2.67,-12664,3.23,668,3,467403,10_49_26_06_08_2024
-5318,2.68,-12359,3.21,667,3,467753,10_49_27_06_08_2024
-5177,2.66,-12507,3.22,668,3,468113,10_49_27_06_08_2024
-5403,2.68,-12306,3.20,667,3,468473,10_49_27_06_08_2024
-5234,2.67,-12614,3.23,669,3,468813,10_49_27_06_08_2024
-5221,2.67,-12324,3.21,667,3,469163,10_49_27_06_08_2024
-5309,2.67,-12322,3.21,668,3,469513,10_49_27_06_08_2024
-5375,2.68,-12272,3.20,667,3,469963,10_49_27_06_08_2024
-5325,2.68,-12447,3.22,667,3,470313,10_49_27_06_08_2024
-5493,2.69,-12451,3.22,667,3,470663,10_49_27_06_08_2024
-5296,2.67,-12409,3.21,667,3,471013,10_49_27_06_08_2024
-5379,2.68,-12415,3.21,668,3,471353,10_49_27_06_08_2024
-5296,2.67,-12471,3.22,668,3,471713,10_49_27_06_08_2024
-5379,2.68,-12412,3.21,668,3,472073,10_49_27_06_08_2024
-5293,2.67,-12636,3.23,668,3,472413,10_49_27_06_08_2024
-5363,2.68,-12667,3.23,667,3,472763,10_49_27_06_08_2024
-5309,2.67,-12625,3.23,667,3,473133,10_49_27_06_08_2024
-5514,2.69,-12572,3.23,668,3,473513,10_49_27_06_08_2024
-5445,2.69,-12581,3.23,668,3,473863,10_49_27_06_08_2024
-5138,2.66,-12565,3.22,667,3,474213,10_49_27_06_08_2024
-5320,2.68,-12457,3.22,667,3,474553,10_49_27_06_08_2024
-5548,2.69,-12534,3.22,668,3,474903,10_49_27_06_08_2024
-5481,2.69,-12419,3.21,667,3,475243,10_49_27_06_08_2024
-5664,2.70,-12519,3.22,668,3,475593,10_49_27_06_08_2024
-5403,2.68,-12379,3.21,667,3,475953,10_49_27_06_08_2024
-5153,2.66,-12538,3.22,668,3,476393,10_49_27_06_08_2024
-5195,2.67,-12556,3.22,668,3,476743,10_49_27_06_08_2024
-5405,2.68,-12558,3.22,667,3,477093,10_49_27_06_08_2024
-5123,2.66,-12631,3.23,668,3,477443,10_49_27_06_08_2024
-5229,2.67,-12256,3.20,668,3,477793,10_49_28_06_08_2024
-5416,2.68,-12483,3.22,668,3,478143,10_49_28_06_08_2024
-5385,2.68,-12392,3.21,667,3,478483,10_49_28_06_08_2024
-5294,2.67,-12602,3.23,668,3,478823,10_49_28_06_08_2024
-5259,2.67,-12208,3.20,667,3,479173,10_49_28_06_08_2024
-5312,2.68,-12548,3.22,668,3,479563,10_49_28_06_08_2024
-5267,2.67,-12529,3.22,667,3,479903,10_49_28_06_08_2024
-5430,2.68,-12412,3.21,667,3,480253,10_49_28_06_08_2024
-5411,2.68,-12356,3.21,667,3,480593,10_49_28_06_08_2024
-5403,2.68,-12513,3.22,668,3,480943,10_49_28_06_08_2024
-5261,2.67,-12842,3.25,668,3,481293,10_49_28_06_08_2024
-5276,2.67,-12673,3.23,667,3,481643,10_49_28_06_08_2024
-5408,2.68,-12418,3.21,668,3,482003,10_49_28_06_08_2024
-5045,2.65,-12573,3.23,668,3,482353,10_49_28_06_08_2024
-5574,2.69,-12323,3.21,667,3,482803,10_49_28_06_08_2024
-5580,2.70,-12324,3.21,667,3,483163,10_49_28_06_08_2024
-5298,2.67,-12372,3.21,668,3,483533,10_49_28_06_08_2024
-5460,2.69,-12541,3.22,668,3,483873,10_49_28_06_08_2024
-5495,2.69,-12491,3.22,668,3,484223,10_49_28_06_08_2024
-5358,2.68,-12556,3.22,668,3,484573,10_49_28_06_08_2024
-5389,2.68,-12665,3.23,668,3,484923,10_49_28_06_08_2024
-5512,2.69,-12498,3.22,668,3,485273,10_49_28_06_08_2024
-5325,2.68,-12508,3.22,668,3,485623,10_49_28_06_08_2024
-5458,2.69,-12604,3.23,667,3,486003,10_49_28_06_08_2024
-5330,2.68,-12555,3.22,668,3,486343,10_49_28_06_08_2024
-5252,2.67,-12508,3.22,668,3,486693,10_49_28_06_08_2024
-5376,2.68,-12605,3.23,668,3,487053,10_49_28_06_08_2024
-5641,2.70,-12675,3.23,668,3,487403,10_49_28_06_08_2024
-5329,2.68,-12551,3.22,668,3,487753,10_49_29_06_08_2024
-5391,2.68,-12525,3.22,668,3,488093,10_49_29_06_08_2024
-5356,2.68,-12356,3.21,668,3,488443,10_49_29_06_08_2024
-5496,2.69,-12633,3.23,668,3,488793,10_49_29_06_08_2024
-5414,2.68,-12447,3.22,668,3,489243,10_49_29_06_08_2024
-5669,2.70,-12784,3.24,667,3,489583,10_49_29_06_08_2024
-5577,2.70,-12224,3.20,668,3,489933,10_49_29_06_08_2024
-5509,2.69,-12431,3.21,668,3,490283,10_49_29_06_08_2024
-5668,2.70,-12524,3.22,668,3,490643,10_49_29_06_08_2024
-5588,2.70,-12607,3.23,668,3,490993,10_49_29_06_08_2024
-5637,2.70,-12468,3.22,668,3,491333,10_49_29_06_08_2024
-5624,2.70,-12508,3.22,667,3,491683,10_49_29_06_08_2024
-5468,2.69,-12494,3.22,667,3,492033,10_49_29_06_08_2024
-5709,2.71,-12411,3.21,667,3,492423,10_49_29_06_08_2024
-5598,2.70,-12637,3.23,668,3,492773,10_49_29_06_08_2024
-5692,2.70,-12335,3.21,667,3,493123,10_49_29_06_08_2024
-5488,2.69,-12386,3.21,668,3,493483,10_49_29_06_08_2024
-5543,2.69,-12790,3.24,667,3,493833,10_49_29_06_08_2024
-5677,2.70,-12441,3.22,668,3,494183,10_49_29_06_08_2024
-5571,2.69,-12551,3.22,668,3,494543,10_49_29_06_08_2024
-5447,2.69,-12431,3.21,668,3,494893,10_49_29_06_08_2024
-5556,2.69,-12534,3.22,668,3,495243,10_49_29_06_08_2024
-5540,2.69,-12669,3.23,668,3,495693,10_49_29_06_08_2024
-5609,2.70,-12653,3.23,668,3,496053,10_49_29_06_08_2024
-5609,2.70,-12563,3.22,668,3,496403,10_49_29_06_08_2024
-5713,2.71,-12377,3.21,667,3,496743,10_49_29_06_08_2024
-5523,2.69,-12539,3.22,667,3,497093,10_49_29_06_08_2024
-5421,2.68,-12503,3.22,667,3,497443,10_49_29_06_08_2024
-5537,2.69,-12370,3.21,668,3,497783,10_49_30_06_08_2024
-5810,2.71,-12395,3.21,668,3,498143,10_49_30_06_08_2024
-5544,2.69,-12494,3.22,667,3,498503,10_49_30_06_08_2024
-5648,2.70,-12390,3.21,668,3,498873,10_49_30_06_08_2024
-5655,2.70,-12406,3.21,668,3,499213,10_49_30_06_08_2024
-5663,2.70,-12462,3.22,668,3,499563,10_49_30_06_08_2024
-5415,2.68,-12532,3.22,667,3,499913,10_49_30_06_08_2024
-5704,2.70,-12530,3.22,668,3,500263,10_49_30_06_08_2024
-5356,2.68,-12593,3.23,668,3,500613,10_49_30_06_08_2024
-5360,2.68,-12513,3.22,668,3,500953,10_49_30_06_08_2024
-5505,2.69,-12684,3.23,668,3,501303,10_49_30_06_08_2024
-5662,2.70,-12683,3.23,668,3,501643,10_49_30_06_08_2024
-5594,2.70,-12474,3.22,668,3,502103,10_49_30_06_08_2024
-5522,2.69,-12474,3.22,668,3,502443,10_49_30_06_08_2024
-5610,2.70,-12545,3.22,668,3,502783,10_49_30_06_08_2024
-5495,2.69,-12662,3.23,668,3,503133,10_49_30_06_08_2024
-5725,2.71,-12328,3.21,668,3,503503,10_49_30_06_08_2024
-5463,2.69,-12522,3.22,668,3,503853,10_49_30_06_08_2024
-5407,2.68,-12436,3.21,668,3,504203,10_49_30_06_08_2024
-5542,2.69,-12515,3.22,667,3,504553,10_49_30_06_08_2024
-5539,2.69,-12532,3.22,668,3,504903,10_49_30_06_08_2024
-5363,2.68,-12639,3.23,668,3,505273,10_49_30_06_08_2024
-5426,2.68,-12440,3.22,667,3,505623,10_49_30_06_08_2024
-5464,2.69,-12666,3.23,667,3,505983,10_49_30_06_08_2024
-5672,2.70,-12649,3.23,668,3,506333,10_49_30_06_08_2024
-5795,2.71,-12600,3.23,668,3,506673,10_49_30_06_08_2024
-5678,2.70,-12544,3.22,667,3,507023,10_49_30_06_08_2024
-5534,2.69,-12441,3.22,667,3,507373,10_49_30_06_08_2024
-5527,2.69,-12532,3.22,668,3,507723,10_49_31_06_08_2024
-5472,2.69,-12556,3.22,668,3,508073,10_49_31_06_08_2024
-5606,2.70,-12531,3.22,668,3,508513,10_49_31_06_08_2024
-5421,2.68,-12254,3.20,668,3,508863,10_49_31_06_08_2024
-5558,2.69,-12372,3.21,668,3,509223,10_49_31_06_08_2024
-5763,2.71,-12379,3.21,668,3,509573,10_49_31_06_08_2024
-5639,2.70,-12616,3.23,668,3,509923,10_49_31_06_08_2024
-5635,2.70,-12386,3.21,667,3,510263,10_49_31_06_08_2024
-5526,2.69,-12493,3.22,667,3,510613,10_49_31_06_08_2024
-5368,2.68,-12450,3.22,668,3,510963,10_49_31_06_08_2024
-5525,2.69,-12560,3.22,667,3,511323,10_49_31_06_08_2024
-5477,2.69,-12271,3.20,667,3,511703,10_49_31_06_08_2024
-5461,2.69,-12582,3.23,668,3,512043,10_49_31_06_08_2024
-5638,2.70,-12588,3.23,668,3,512393,10_49_31_06_08_2024
-5674,2.70,-12585,3.23,668,3,512743,10_49_31_06_08_2024
-5435,2.68,-12582,3.23,668,3,513083,10_49_31_06_08_2024
-5444,2.69,-12481,3.22,667,3,513463,10_49_31_06_08_2024
-5711,2.71,-12515,3.22,668,3,513813,10_49_31_06_08_2024
-5557,2.69,-12551,3.22,667,3,514163,10_49_31_06_08_2024
-5606,2.70,-12742,3.24,668,3,514503,10_49_31_06_08_2024
-5546,2.69,-12390,3.21,668,3,514963,10_49_31_06_08_2024
-5635,2.70,-12687,3.23,668,3,515313,10_49_31_06_08_2024
-5487,2.69,-12765,3.24,667,3,515663,10_49_31_06_08_2024
-5842,2.72,-12676,3.23,667,3,516003,10_49_31_06_08_2024
-5625,2.70,-12254,3.20,667,3,516353,10_49_31_06_08_2024
-5688,2.70,-12550,3.22,668,3,516703,10_49_31_06_08_2024
-5577,2.70,-12614,3.23,668,3,517053,10_49_31_06_08_2024
-5440,2.68,-12507,3.22,667,3,517413,10_49_31_06_08_2024
-5695,2.70,-12431,3.21,668,3,517763,10_49_32_06_08_2024
-5492,2.69,-12472,3.22,667,3,518133,10_49_32_06_08_2024
-5706,2.70,-12519,3.22,667,3,518483,10_49_32_06_08_2024
-5739,2.71,-12461,3.22,667,3,518833,10_49_32_06_08_2024
-5518,2.69,-12507,3.22,668,3,519193,10_49_32_06_08_2024
-5696,2.70,-12293,3.20,668,3,519543,10_49_32_06_08_2024
-5744,2.71,-12570,3.22,668,3,519883,10_49_32_06_08_2024
-5571,2.69,-12696,3.23,667,3,520233,10_49_32_06_08_2024
-5734,2.71,-12493,3.22,668,3,520583,10_49_32_06_08_2024
-5607,2.70,-12421,3.21,668,3,520933,10_49_32_06_08_2024
-5704,2.70,-12409,3.21,669,3,521323,10_49_32_06_08_2024
-5704,2.70,-12510,3.22,668,3,521663,10_49_32_06_08_2024
-5672,2.70,-12570,3.22,667,3,522013,10_49_32_06_08_2024
-5575,2.70,-12664,3.23,668,3,522363,10_49_32_06_08_2024
-5574,2.69,-12645,3.23,667,3,522713,10_49_32_06_08_2024
-5581,2.70,-12502,3.22,667,3,523063,10_49_32_06_08_2024
-5539,2.69,-12611,3.23,668,3,523433,10_49_32_06_08_2024
-5501,2.69,-12420,3.21,667,3,523773,10_49_32_06_08_2024
-5193,2.67,-12231,3.20,668,3,524143,10_49_32_06_08_2024
-5552,2.69,-12450,3.22,668,3,524493,10_49_32_06_08_2024
-5736,2.71,-12533,3.22,667,3,524843,10_49_32_06_08_2024
-5525,2.69,-12374,3.21,668,3,525203,10_49_32_06_08_2024
-5676,2.70,-12718,3.24,667,3,525543,10_49_32_06_08_2024
-5432,2.68,-12665,3.23,668,3,525893,10_49_32_06_08_2024
-5616,2.70,-12538,3.22,668,3,526233,10_49_32_06_08_2024
-5760,2.71,-12679,3.23,668,3,526583,10_49_32_06_08_2024
-5681,2.70,-12689,3.23,668,3,526933,10_49_32_06_08_2024
-5737,2.71,-12606,3.23,668,3,527383,10_49_32_06_08_2024
-5777,2.71,-12657,3.23,668,3,527733,10_49_33_06_08_2024
-5736,2.71,-12672,3.23,668,3,528073,10_49_33_06_08_2024
-5888,2.72,-12542,3.22,668,3,528423,10_49_33_06_08_2024
-5473,2.69,-12653,3.23,667,3,528783,10_49_33_06_08_2024
-5417,2.68,-12365,3.21,668,3,529133,10_49_33_06_08_2024
-5668,2.70,-12682,3.23,667,3,529473,10_49_33_06_08_2024
-5567,2.69,-12557,3.22,668,3,529823,10_49_33_06_08_2024
-5601,2.70,-12445,3.22,668,3,530163,10_49_33_06_08_2024
-5692,2.70,-12630,3.23,667,3,530553,10_49_33_06_08_2024
-5604,2.70,-12320,3.21,667,3,530913,10_49_33_06_08_2024
-5430,2.68,-12534,3.22,667,3,531253,10_49_33_06_08_2024
-5748,2.71,-12391,3.21,668,3,531603,10_49_33_06_08_2024
-5814,2.71,-12593,3.23,667,3,531953,10_49_33_06_08_2024
-5634,2.70,-12593,3.23,668,3,532293,10_49_33_06_08_2024
-5740,2.71,-12449,3.22,668,3,532643,10_49_33_06_08_2024
-5573,2.69,-12680,3.23,668,3,533003,10_49_33_06_08_2024
-5605,2.70,-12500,3.22,667,3,533353,10_49_33_06_08_2024
-5649,2.70,-12526,3.22,667,3,533823,10_49_33_06_08_2024
-5616,2.70,-12479,3.22,667,3,534183,10_49_33_06_08_2024
-5539,2.69,-12441,3.22,667,3,534533,10_49_33_06_08_2024
-5548,2.69,-12526,3.22,668,3,534883,10_49_33_06_08_2024
-5739,2.71,-12372,3.21,668,3,535223,10_49_33_06_08_2024
-5647,2.70,-12501,3.22,668,3,535573,10_49_33_06_08_2024
-5777,2.71,-12560,3.22,668,3,535923,10_49_33_06_08_2024
-5494,2.69,-12675,3.23,668,3,536273,10_49_33_06_08_2024
-5537,2.69,-12490,3.22,667,3,536633,10_49_33_06_08_2024
-5482,2.69,-12698,3.23,668,3,537003,10_49_33_06_08_2024
-5355,2.68,-12468,3.22,667,3,537353,10_49_33_06_08_2024
-5484,2.69,-12530,3.22,667,3,537703,10_49_34_06_08_2024
-5530,2.69,-12483,3.22,668,3,538063,10_49_34_06_08_2024
-5667,2.70,-12622,3.23,667,3,538413,10_49_34_06_08_2024
-5634,2.70,-12481,3.22,667,3,538753,10_49_34_06_08_2024
-5573,2.69,-12650,3.23,667,3,539103,10_49_34_06_08_2024
-5589,2.70,-12584,3.23,668,3,539453,10_49_34_06_08_2024
-5706,2.70,-12492,3.22,668,3,539803,10_49_34_06_08_2024
-5670,2.70,-12583,3.23,667,3,540243,10_49_34_06_08_2024
-5540,2.69,-12619,3.23,667,3,540593,10_49_34_06_08_2024
-5507,2.69,-12410,3.21,668,3,540943,10_49_34_06_08_2024
-5479,2.69,-12602,3.23,667,3,541283,10_49_34_06_08_2024
-5551,2.69,-12459,3.22,668,3,541643,10_49_34_06_08_2024
-5732,2.71,-12527,3.22,668,3,542003,10_49_34_06_08_2024
-5599,2.70,-12628,3.23,668,3,542343,10_49_34_06_08_2024
-5601,2.70,-12667,3.23,668,3,542693,10_49_34_06_08_2024
-5383,2.68,-12576,3.23,667,3,543033,10_49_34_06_08_2024
-5668,2.70,-12523,3.22,667,3,543443,10_49_34_06_08_2024
-5765,2.71,-12606,3.23,667,3,543793,10_49_34_06_08_2024
-5706,2.70,-12408,3.21,667,3,544143,10_49_34_06_08_2024
-5668,2.70,-12539,3.22,667,3,544483,10_49_34_06_08_2024
-5618,2.70,-12519,3.22,667,3,544833,10_49_34_06_08_2024
-5539,2.69,-12627,3.23,668,3,545183,10_49_34_06_08_2024
-5701,2.70,-12662,3.23,668,3,545533,10_49_34_06_08_2024
-5472,2.69,-12426,3.21,667,3,545893,10_49_34_06_08_2024
-5640,2.70,-12524,3.22,667,3,546243,10_49_34_06_08_2024
-5632,2.70,-12612,3.23,668,3,546693,10_49_34_06_08_2024
-5571,2.69,-12741,3.24,667,3,547053,10_49_34_06_08_2024
-5449,2.69,-12701,3.23,668,3,547403,10_49_34_06_08_2024
-5535,2.69,-12489,3.22,668,3,547753,10_49_35_06_08_2024
-5655,2.70,-12489,3.22,668,3,548103,10_49_35_06_08_2024
-5363,2.68,-12513,3.22,668,3,548453,10_49_35_06_08_2024
-5519,2.69,-12692,3.23,668,3,548793,10_49_35_06_08_2024
-5635,2.70,-12475,3.22,667,3,549153,10_49_35_06_08_2024
-5565,2.69,-12690,3.23,668,3,549503,10_49_35_06_08_2024
-5472,2.69,-12633,3.23,668,3,549883,10_49_35_06_08_2024
-5640,2.70,-12561,3.22,668,3,550223,10_49_35_06_08_2024
-5588,2.70,-12475,3.22,668,3,550573,10_49_35_06_08_2024
-5588,2.70,-12445,3.22,668,3,550913,10_49_35_06_08_2024
-5554,2.69,-12459,3.22,668,3,551273,10_49_35_06_08_2024
-5743,2.71,-12602,3.23,668,3,551623,10_49_35_06_08_2024
-5759,2.71,-12421,3.21,667,3,551973,10_49_35_06_08_2024
-5654,2.70,-12544,3.22,668,3,552323,10_49_35_06_08_2024
-5459,2.69,-12351,3.21,668,3,552663,10_49_35_06_08_2024
-5793,2.71,-12809,3.24,667,3,553133,10_49_35_06_08_2024
-5739,2.71,-12642,3.23,668,3,553483,10_49_35_06_08_2024
-5408,2.68,-12504,3.22,668,3,553833,10_49_35_06_08_2024
-5568,2.69,-12545,3.22,667,3,554173,10_49_35_06_08_2024
-5575,2.70,-12415,3.21,668,3,554523,10_49_35_06_08_2024
-5614,2.70,-12624,3.23,667,3,554873,10_49_35_06_08_2024
-5509,2.69,-12627,3.23,668,3,555233,10_49_35_06_08_2024
-5792,2.71,-12709,3.24,667,3,555573,10_49_35_06_08_2024
-5594,2.70,-12684,3.23,668,3,555923,10_49_35_06_08_2024
-5731,2.71,-12408,3.21,668,3,556303,10_49_35_06_08_2024
-5842,2.72,-12251,3.20,668,3,556653,10_49_35_06_08_2024
-5636,2.70,-12746,3.24,668,3,557003,10_49_35_06_08_2024
-5550,2.69,-12778,3.24,668,3,557353,10_49_35_06_08_2024
-5623,2.70,-12271,3.20,668,3,557693,10_49_36_06_08_2024
-5873,2.72,-12394,3.21,668,3,558043,10_49_36_06_08_2024
-5480,2.69,-12307,3.21,668,3,558393,10_49_36_06_08_2024
-5556,2.69,-12527,3.22,668,3,558753,10_49_36_06_08_2024
-5596,2.70,-12351,3.21,667,3,559103,10_49_36_06_08_2024
-5546,2.69,-12366,3.21,668,3,559553,10_49_36_06_08_2024
-5689,2.70,-12491,3.22,668,3,559903,10_49_36_06_08_2024
-5618,2.70,-12565,3.22,667,3,560253,10_49_36_06_08_2024
-5705,2.70,-12583,3.23,668,3,560613,10_49_36_06_08_2024
-5365,2.68,-12550,3.22,668,3,560963,10_49_36_06_08_2024
-5588,2.70,-12636,3.23,667,3,561313,10_49_36_06_08_2024
-5481,2.69,-12517,3.22,667,3,561653,10_49_36_06_08_2024
-5635,2.70,-12332,3.21,668,3,562003,10_49_36_06_08_2024
-5394,2.68,-12492,3.22,668,3,562363,10_49_36_06_08_2024
-5504,2.69,-12592,3.23,668,3,562743,10_49_36_06_08_2024
-5485,2.69,-12472,3.22,668,3,563083,10_49_36_06_08_2024
-5678,2.70,-12602,3.23,668,3,563443,10_49_36_06_08_2024
-5735,2.71,-12425,3.21,668,3,563793,10_49_36_06_08_2024
-5545,2.69,-12542,3.22,667,3,564153,10_49_36_06_08_2024
-5565,2.69,-12493,3.22,668,3,564503,10_49_36_06_08_2024
-5833,2.71,-12540,3.22,668,3,564853,10_49_36_06_08_2024
-5598,2.70,-12524,3.22,668,3,565193,10_49_36_06_08_2024
-5534,2.69,-12663,3.23,668,3,565543,10_49_36_06_08_2024
-5708,2.71,-12434,3.21,668,3,565993,10_49_36_06_08_2024
-5493,2.69,-12528,3.22,667,3,566343,10_49_36_06_08_2024
-5812,2.71,-12415,3.21,668,3,566693,10_49_36_06_08_2024
-5708,2.71,-12469,3.22,668,3,567043,10_49_36_06_08_2024
-5331,2.68,-12445,3.22,668,3,567393,10_49_36_06_08_2024
-5627,2.70,-12402,3.21,668,3,567743,10_49_37_06_08_2024
-6000,2.73,-12374,3.21,668,3,568093,10_49_37_06_08_2024
-5371,2.68,-12567,3.22,668,3,568443,10_49_37_06_08_2024
-5728,2.71,-12594,3.23,668,3,568793,10_49_37_06_08_2024
-5509,2.69,-12526,3.22,667,3,569163,10_49_37_06_08_2024
-5631,2.70,-12392,3.21,667,3,569513,10_49_37_06_08_2024
-5670,2.70,-12427,3.21,668,3,569873,10_49_37_06_08_2024
-5930,2.72,-12504,3.22,668,3,570233,10_49_37_06_08_2024
-5692,2.70,-12487,3.22,668,3,570573,10_49_37_06_08_2024
-5836,2.71,-12396,3.21,667,3,570923,10_49_37_06_08_2024
-5693,2.70,-12732,3.24,668,3,571273,10_49_37_06_08_2024
-5664,2.70,-12428,3.21,668,3,571613,10_49_37_06_08_2024
-5790,2.71,-12520,3.22,668,3,571963,10_49_37_06_08_2024
-5700,2.70,-12590,3.23,667,3,572413,10_49_37_06_08_2024
-5542,2.69,-12627,3.23,668,3,572753,10_49_37_06_08_2024
-5410,2.68,-12466,3.22,668,3,573123,10_49_37_06_08_2024
-5583,2.70,-12257,3.20,668,3,573483,10_49_37_06_08_2024
-5611,2.70,-12577,3.23,668,3,573833,10_49_37_06_08_2024
-5512,2.69,-12525,3.22,668,3,574183,10_49_37_06_08_2024
-5369,2.68,-12719,3.24,668,3,574523,10_49_37_06_08_2024
-5597,2.70,-12440,3.22,668,3,574873,10_49_37_06_08_2024
-5597,2.70,-12478,3.22,668,3,575223,10_49_37_06_08_2024
-5783,2.71,-12582,3.23,668,3,575603,10_49_37_06_08_2024
-5672,2.70,-12676,3.23,667,3,575943,10_49_37_06_08_2024
-5601,2.70,-12736,3.24,667,3,576293,10_49_37_06_08_2024
-5248,2.67,-12493,3.22,668,3,576633,10_49_37_06_08_2024
-5562,2.69,-12589,3.23,668,3,576973,10_49_37_06_08_2024
-5520,2.69,-12411,3.21,667,3,577323,10_49_37_06_08_2024
-5685,2.70,-12466,3.22,668,3,577683,10_49_38_06_08_2024
-5531,2.69,-12231,3.20,668,3,578033,10_49_38_06_08_2024
-5700,2.70,-12621,3.23,668,3,578383,10_49_38_06_08_2024
-5768,2.71,-12441,3.22,668,3,578823,10_49_38_06_08_2024
-5370,2.68,-12672,3.23,668,3,579183,10_49_38_06_08_2024
-5684,2.70,-12738,3.24,668,3,579533,10_49_38_06_08_2024
-5756,2.71,-12312,3.21,668,3,579883,10_49_38_06_08_2024
-5483,2.69,-12453,3.22,667,3,580223,10_49_38_06_08_2024
-5681,2.70,-12718,3.24,668,3,580573,10_49_38_06_08_2024
-5671,2.70,-12509,3.22,668,3,580923,10_49_38_06_08_2024
-5489,2.69,-12151,3.19,668,3,581273,10_49_38_06_08_2024
-5713,2.71,-12361,3.21,668,3,581623,10_49_38_06_08_2024
-5615,2.70,-12472,3.22,667,3,581993,10_49_38_06_08_2024
-5374,2.68,-12363,3.21,668,3,582343,10_49_38_06_08_2024
-5429,2.68,-12400,3.21,668,3,582683,10_49_38_06_08_2024
-5641,2.70,-12636,3.23,668,3,583033,10_49_38_06_08_2024
-5628,2.70,-12379,3.21,667,3,583403,10_49_38_06_08_2024
-5472,2.69,-12381,3.21,667,3,583753,10_49_38_06_08_2024
-5617,2.70,-12680,3.23,668,3,584103,10_49_38_06_08_2024
-5584,2.70,-12673,3.23,668,3,584443,10_49_38_06_08_2024
-5484,2.69,-12332,3.21,668,3,584793,10_49_38_06_08_2024
-5577,2.70,-12491,3.22,668,3,585243,10_49_38_06_08_2024
-5770,2.71,-12592,3.23,669,3,585593,10_49_38_06_08_2024
-5441,2.68,-12318,3.21,667,3,585943,10_49_38_06_08_2024
-5953,2.72,-12526,3.22,668,3,586293,10_49_38_06_08_2024
-5360,2.68,-12551,3.22,667,3,586633,10_49_38_06_08_2024
-5679,2.70,-12709,3.24,668,3,586993,10_49_38_06_08_2024
-5669,2.70,-12610,3.23,668,3,587353,10_49_38_06_08_2024
-5408,2.68,-12400,3.21,668,3,587693,10_49_39_06_08_2024
-5598,2.70,-12659,3.23,668,3,588043,10_49_39_06_08_2024
-5681,2.70,-12556,3.22,667,3,588413,10_49_39_06_08_2024
-5670,2.70,-12324,3.21,668,3,588773,10_49_39_06_08_2024
-5725,2.71,-12507,3.22,668,3,589133,10_49_39_06_08_2024
-5633,2.70,-12561,3.22,667,3,589473,10_49_39_06_08_2024
-5709,2.71,-12454,3.22,667,3,589823,10_49_39_06_08_2024
-5734,2.71,-12327,3.21,668,3,590173,10_49_39_06_08_2024
-5573,2.69,-12463,3.22,667,3,590513,10_49_39_06_08_2024
-5585,2.70,-12435,3.21,668,3,590873,10_49_39_06_08_2024
-5660,2.70,-12246,3.20,668,3,591233,10_49_39_06_08_2024
-5438,2.68,-12536,3.22,668,3,591673,10_49_39_06_08_2024
-5613,2.70,-12379,3.21,667,3,592023,10_49_39_06_08_2024
-5717,2.71,-12537,3.22,667,3,592383,10_49_39_06_08_2024
-5391,2.68,-12587,3.23,668,3,592733,10_49_39_06_08_2024
-5522,2.69,-12530,3.22,668,3,593093,10_49_39_06_08_2024
-5683,2.70,-12303,3.20,668,3,593443,10_49_39_06_08_2024
-5736,2.71,-12368,3.21,667,3,593793,10_49_39_06_08_2024
-5525,2.69,-12433,3.21,667,3,594143,10_49_39_06_08_2024
-5798,2.71,-12454,3.22,668,3,594493,10_49_39_06_08_2024
-5726,2.71,-12428,3.21,667,3,594863,10_49_39_06_08_2024
-5530,2.69,-12384,3.21,668,3,595213,10_49_39_06_08_2024
-5722,2.71,-12632,3.23,668,3,595563,10_49_39_06_08_2024
-5612,2.70,-12522,3.22,668,3,595903,10_49_39_06_08_2024
-5534,2.69,-12568,3.22,667,3,596263,10_49_39_06_08_2024
-5714,2.71,-12503,3.22,668,3,596623,10_49_39_06_08_2024
-5673,2.70,-12379,3.21,668,3,596963,10_49_39_06_08_2024
-5623,2.70,-12479,3.22,668,3,597313,10_49_39_06_08_2024
-5567,2.69,-12506,3.22,668,3,597663,10_49_40_06_08_2024
-5495,2.69,-12483,3.22,668,3,598113,10_49_40_06_08_2024
-5555,2.69,-12421,3.21,668,3,598463,10_49_40_06_08_2024
-5712,2.71,-12442,3.22,667,3,598813,10_49_40_06_08_2024
-5654,2.70,-12556,3.22,668,3,599153,10_49_40_06_08_2024
-5685,2.70,-12662,3.23,668,3,599503,10_49_40_06_08_2024
-5718,2.71,-12322,3.21,668,3,599853,10_49_40_06_08_2024
-5534,2.69,-12459,3.22,668,3,600213,10_49_40_06_08_2024
-5507,2.69,-12420,3.21,667,3,600553,10_49_40_06_08_2024
-5317,2.68,-12550,3.22,668,3,600903,10_49_40_06_08_2024
-5512,2.69,-12445,3.22,667,3,601283,10_49_40_06_08_2024
-5665,2.70,-12455,3.22,667,3,601623,10_49_40_06_08_2024
-5637,2.70,-12669,3.23,667,3,601973,10_49_40_06_08_2024
-5374,2.68,-12382,3.21,668,3,602333,10_49_40_06_08_2024
-5652,2.70,-12686,3.23,667,3,602683,10_49_40_06_08_2024
-5871,2.72,-12454,3.22,668,3,603023,10_49_40_06_08_2024
-5697,2.70,-12573,3.23,668,3,603383,10_49_40_06_08_2024
-5640,2.70,-12573,3.23,668,3,603733,10_49_40_06_08_2024
-5737,2.71,-12610,3.23,667,3,604093,10_49_40_06_08_2024
-5606,2.70,-12494,3.22,667,3,604533,10_49_40_06_08_2024
-5631,2.70,-12566,3.22,668,3,604883,10_49_40_06_08_2024
-5606,2.70,-12369,3.21,668,3,605233,10_49_40_06_08_2024
-5716,2.71,-12558,3.22,668,3,605583,10_49_40_06_08_2024
-5574,2.69,-12805,3.24,667,3,605943,10_49_40_06_08_2024
-5501,2.69,-12695,3.23,668,3,606293,10_49_40_06_08_2024
-5645,2.70,-12537,3.22,668,3,606633,10_49_40_06_08_2024
-5662,2.70,-12511,3.22,668,3,606973,10_49_40_06_08_2024
-5495,2.69,-12535,3.22,667,3,607323,10_49_40_06_08_2024
-5590,2.70,-12438,3.21,667,3,607703,10_49_41_06_08_2024
-5873,2.72,-12426,3.21,668,3,608063,10_49_41_06_08_2024
-5555,2.69,-12582,3.23,668,3,608403,10_49_41_06_08_2024
-5558,2.69,-12531,3.22,667,3,608753,10_49_41_06_08_2024
-5565,2.69,-12522,3.22,667,3,609103,10_49_41_06_08_2024
-5644,2.70,-12642,3.23,668,3,609453,10_49_41_06_08_2024
-5408,2.68,-12268,3.20,668,3,609803,10_49_41_06_08_2024
-5636,2.70,-12695,3.23,668,3,610163,10_49_41_06_08_2024
-5765,2.71,-12541,3.22,667,3,610513,10_49_41_06_08_2024
-5484,2.69,-12373,3.21,668,3,610973,10_49_41_06_08_2024
-5534,2.69,-12660,3.23,668,3,611333,10_49_41_06_08_2024
-5675,2.70,-12521,3.22,668,3,611673,10_49_41_06_08_2024
-5694,2.70,-12486,3.22,668,3,612023,10_49_41_06_08_2024
-5705,2.70,-12444,3.22,668,3,612373,10_49_41_06_08_2024
-5569,2.69,-12533,3.22,668,3,612713,10_49_41_06_08_2024
-5773,2.71,-12555,3.22,668,3,613083,10_49_41_06_08_2024
-5557,2.69,-12450,3.22,668,3,613443,10_49_41_06_08_2024
-5526,2.69,-12380,3.21,667,3,613793,10_49_41_06_08_2024
-5580,2.70,-12182,3.20,667,3,614163,10_49_41_06_08_2024
-5706,2.70,-12541,3.22,667,3,614513,10_49_41_06_08_2024
-5500,2.69,-12549,3.22,667,3,614853,10_49_41_06_08_2024
-5573,2.69,-12480,3.22,668,3,615213,10_49_41_06_08_2024
-5515,2.69,-12492,3.22,667,3,615563,10_49_41_06_08_2024
-5562,2.69,-12568,3.22,668,3,615913,10_49_41_06_08_2024
