-5921,2.72,-12711,3.24,631,3,28973,10_52_04_06_08_2024
-5741,2.71,-12633,3.23,632,3,30193,10_52_04_06_08_2024
-5790,2.71,-12807,3.24,631,3,30563,10_52_04_06_08_2024
-5833,2.71,-12785,3.24,631,3,30933,10_52_04_06_08_2024
-5732,2.71,-12773,3.24,631,3,31283,10_52_04_06_08_2024
-5723,2.71,-12611,3.23,631,3,31643,10_52_04_06_08_2024
-5689,2.70,-12638,3.23,632,3,32003,10_52_04_06_08_2024
-5757,2.71,-12709,3.24,631,3,32373,10_52_04_06_08_2024
-5854,2.72,-12626,3.23,631,3,32743,10_52_04_06_08_2024
-5463,2.69,-12712,3.24,630,3,33093,10_52_04_06_08_2024
-5731,2.71,-12538,3.22,631,3,33483,10_52_04_06_08_2024
-5450,2.69,-12739,3.24,629,3,33833,10_52_04_06_08_2024
-5761,2.71,-12584,3.23,631,3,34203,10_52_04_06_08_2024
-5681,2.70,-12619,3.23,631,3,34553,10_52_04_06_08_2024
-5727,2.71,-12654,3.23,631,3,34913,10_52_04_06_08_2024
-5831,2.71,-12586,3.23,632,3,35273,10_52_05_06_08_2024
-5877,2.72,-12902,3.25,630,3,35623,10_52_05_06_08_2024
-5827,2.71,-12714,3.24,631,3,35983,10_52_05_06_08_2024
-5749,2.71,-12731,3.24,632,3,36343,10_52_05_06_08_2024
-5397,2.68,-12650,3.23,631,3,36803,10_52_05_06_08_2024
-5665,2.70,-12887,3.25,631,3,37183,10_52_05_06_08_2024
-5913,2.72,-12642,3.23,629,3,37553,10_52_05_06_08_2024
-5796,2.71,-12436,3.21,631,3,37933,10_52_05_06_08_2024
-5719,2.71,-12689,3.23,631,3,38303,10_52_05_06_08_2024
-5605,2.70,-12712,3.24,631,3,38683,10_52_05_06_08_2024
-5622,2.70,-12690,3.23,631,3,39093,10_52_05_06_08_2024
-5608,2.70,-12686,3.23,631,3,39463,10_52_05_06_08_2024
-5588,2.70,-12574,3.23,631,3,39853,10_52_05_06_08_2024
-5686,2.70,-12690,3.23,631,3,40253,10_52_05_06_08_2024
-5727,2.71,-12417,3.21,631,3,40633,10_52_05_06_08_2024
-5706,2.70,-12409,3.21,629,3,41003,10_52_05_06_08_2024
-5652,2.70,-12419,3.21,631,3,41383,10_52_05_06_08_2024
-5728,2.71,-12710,3.24,631,3,41753,10_52_05_06_08_2024
-5536,2.69,-12557,3.22,631,3,42133,10_52_05_06_08_2024
-5606,2.70,-12651,3.23,631,3,42513,10_52_05_06_08_2024
-5335,2.68,-12693,3.23,632,3,42893,10_52_05_06_08_2024
-5692,2.70,-12751,3.24,629,3,43263,10_52_05_06_08_2024
-5573,2.69,-12467,3.22,631,3,43733,10_52_05_06_08_2024
-5656,2.70,-12574,3.23,631,3,44113,10_52_05_06_08_2024
-5964,2.72,-12879,3.25,631,3,44493,10_52_05_06_08_2024
-5742,2.71,-12416,3.21,631,3,44863,10_52_05_06_08_2024
-5617,2.70,-12648,3.23,631,3,45243,10_52_06_06_08_2024
-5561,2.69,-12594,3.23,631,3,45623,10_52_06_06_08_2024
-5661,2.70,-12555,3.22,631,3,45993,10_52_06_06_08_2024
-5753,2.71,-12737,3.24,631,3,46373,10_52_06_06_08_2024
-5779,2.71,-12702,3.23,630,3,46753,10_52_06_06_08_2024
-5498,2.69,-12584,3.23,631,3,47153,10_52_06_06_08_2024
-5308,2.67,-12563,3.22,631,3,47523,10_52_06_06_08_2024
-5520,2.69,-12481,3.22,631,3,47903,10_52_06_06_08_2024
-5555,2.69,-12714,3.24,631,3,48283,10_52_06_06_08_2024
-5592,2.70,-12402,3.21,631,3,48653,10_52_06_06_08_2024
-5648,2.70,-12649,3.23,631,3,49023,10_52_06_06_08_2024
-5683,2.70,-12598,3.23,631,3,49403,10_52_06_06_08_2024
-5711,2.71,-12580,3.23,631,3,49803,10_52_06_06_08_2024
-5736,2.71,-12442,3.22,631,3,50183,10_52_06_06_08_2024
-5759,2.71,-12691,3.23,631,3,50673,10_52_06_06_08_2024
-5762,2.71,-12586,3.23,631,3,51053,10_52_06_06_08_2024
-5605,2.70,-12640,3.23,631,3,51443,10_52_06_06_08_2024
-5578,2.70,-12784,3.24,631,3,51813,10_52_06_06_08_2024
-5699,2.70,-12316,3.21,631,3,52203,10_52_06_06_08_2024
-5451,2.69,-12526,3.22,631,3,52573,10_52_06_06_08_2024
-5806,2.71,-12683,3.23,631,3,52943,10_52_06_06_08_2024
-5673,2.70,-12469,3.22,631,3,53313,10_52_06_06_08_2024
-5523,2.69,-12480,3.22,631,3,53693,10_52_06_06_08_2024
-5643,2.70,-12522,3.22,631,3,54073,10_52_06_06_08_2024
-5627,2.70,-12744,3.24,631,3,54423,10_52_06_06_08_2024
-5604,2.70,-12598,3.23,631,3,54803,10_52_06_06_08_2024
-5607,2.70,-12690,3.23,631,3,55183,10_52_07_06_08_2024
-5517,2.69,-12608,3.23,631,3,55553,10_52_07_06_08_2024
-5536,2.69,-12351,3.21,632,3,55923,10_52_07_06_08_2024
-5483,2.69,-12594,3.23,631,3,56303,10_52_07_06_08_2024
-5716,2.71,-12503,3.22,631,3,56693,10_52_07_06_08_2024
-5775,2.71,-12711,3.24,631,3,57063,10_52_07_06_08_2024
-5344,2.68,-12505,3.22,631,3,57443,10_52_07_06_08_2024
-5855,2.72,-12677,3.23,631,3,57923,10_52_07_06_08_2024
-5727,2.71,-12600,3.23,631,3,58303,10_52_07_06_08_2024
-5727,2.71,-12553,3.22,631,3,58683,10_52_07_06_08_2024
-5800,2.71,-12653,3.23,631,3,59063,10_52_07_06_08_2024
-5759,2.71,-12570,3.22,630,3,59453,10_52_07_06_08_2024
-5589,2.70,-12643,3.23,631,3,59823,10_52_07_06_08_2024
-5688,2.70,-12525,3.22,631,3,60193,10_52_07_06_08_2024
-5478,2.69,-12533,3.22,631,3,60603,10_52_07_06_08_2024
-5761,2.71,-12641,3.23,630,3,60983,10_52_07_06_08_2024
-5603,2.70,-12537,3.22,629,3,61383,10_52_07_06_08_2024
-5536,2.69,-12346,3.21,631,3,61753,10_52_07_06_08_2024
-5521,2.69,-12700,3.23,629,3,62143,10_52_07_06_08_2024
-5598,2.70,-12670,3.23,631,3,62513,10_52_07_06_08_2024
-5504,2.69,-12674,3.23,631,3,62893,10_52_07_06_08_2024
-5673,2.70,-12365,3.21,631,3,63283,10_52_07_06_08_2024
-5642,2.70,-12738,3.24,629,3,63653,10_52_07_06_08_2024
-5752,2.71,-12649,3.23,631,3,64033,10_52_07_06_08_2024
-5467,2.69,-12677,3.23,631,3,64403,10_52_07_06_08_2024
-5570,2.69,-12683,3.23,631,3,64873,10_52_07_06_08_2024
-5671,2.70,-12389,3.21,631,3,65253,10_52_08_06_08_2024
-5484,2.69,-12693,3.23,631,3,65623,10_52_08_06_08_2024
-5668,2.70,-12550,3.22,631,3,66003,10_52_08_06_08_2024
-5522,2.69,-12640,3.23,631,3,66373,10_52_08_06_08_2024
-5657,2.70,-12683,3.23,631,3,66753,10_52_08_06_08_2024
-5816,2.71,-12637,3.23,631,3,67133,10_52_08_06_08_2024
-5741,2.71,-12540,3.22,630,3,67513,10_52_08_06_08_2024
-5845,2.72,-12582,3.23,631,3,67893,10_52_08_06_08_2024
-5699,2.70,-12299,3.20,632,3,68283,10_52_08_06_08_2024
-5712,2.71,-12797,3.24,631,3,68673,10_52_08_06_08_2024
-5858,2.72,-12501,3.22,631,3,69053,10_52_08_06_08_2024
-5644,2.70,-12759,3.24,631,3,69423,10_52_08_06_08_2024
-5543,2.69,-12452,3.22,631,3,69793,10_52_08_06_08_2024
-5661,2.70,-12374,3.21,631,3,70183,10_52_08_06_08_2024
-5627,2.70,-12512,3.22,631,3,70563,10_52_08_06_08_2024
-5456,2.69,-12619,3.23,631,3,70943,10_52_08_06_08_2024
-5631,2.70,-12648,3.23,631,3,71313,10_52_08_06_08_2024
-5592,2.70,-12591,3.23,630,3,71813,10_52_08_06_08_2024
-5332,2.68,-12546,3.22,631,3,72193,10_52_08_06_08_2024
-5709,2.71,-12517,3.22,631,3,72583,10_52_08_06_08_2024
-5577,2.70,-12451,3.22,629,3,72963,10_52_08_06_08_2024
-5544,2.69,-12685,3.23,631,3,73343,10_52_08_06_08_2024
-5590,2.70,-12788,3.24,631,3,73713,10_52_08_06_08_2024
-5586,2.70,-12545,3.22,631,3,74103,10_52_08_06_08_2024
-5430,2.68,-12480,3.22,631,3,74473,10_52_08_06_08_2024
-5575,2.70,-12430,3.21,631,3,74853,10_52_08_06_08_2024
-5738,2.71,-12711,3.24,631,3,75253,10_52_09_06_08_2024
-5558,2.69,-12587,3.23,631,3,75643,10_52_09_06_08_2024
-5716,2.71,-12497,3.22,631,3,76013,10_52_09_06_08_2024
-5713,2.71,-12581,3.23,631,3,76393,10_52_09_06_08_2024
-5637,2.70,-12668,3.23,631,3,76783,10_52_09_06_08_2024
-5777,2.71,-12433,3.21,631,3,77163,10_52_09_06_08_2024
-5548,2.69,-12686,3.23,631,3,77533,10_52_09_06_08_2024
-5734,2.71,-12665,3.23,631,3,77903,10_52_09_06_08_2024
-5511,2.69,-12584,3.23,631,3,78283,10_52_09_06_08_2024
-5561,2.69,-12401,3.21,631,3,78663,10_52_09_06_08_2024
-5609,2.70,-12694,3.23,629,3,79063,10_52_09_06_08_2024
-5574,2.69,-12713,3.24,631,3,79443,10_52_09_06_08_2024
-5485,2.69,-12607,3.23,631,3,79823,10_52_09_06_08_2024
-5667,2.70,-12547,3.22,631,3,80203,10_52_09_06_08_2024
-5542,2.69,-12685,3.23,631,3,80573,10_52_09_06_08_2024
-5520,2.69,-12463,3.22,631,3,80943,10_52_09_06_08_2024
-5723,2.71,-12486,3.22,632,3,81323,10_52_09_06_08_2024
-5565,2.69,-12616,3.23,631,3,81693,10_52_09_06_08_2024
-5667,2.70,-12531,3.22,631,3,82063,10_52_09_06_08_2024
-5578,2.70,-12788,3.24,631,3,82503,10_52_09_06_08_2024
-5351,2.68,-12623,3.23,631,3,82873,10_52_09_06_08_2024
-5611,2.70,-12634,3.23,629,3,83253,10_52_09_06_08_2024
-5593,2.70,-12433,3.21,631,3,83643,10_52_09_06_08_2024
-5707,2.71,-12614,3.23,631,3,84023,10_52_09_06_08_2024
-5316,2.68,-12829,3.24,631,3,84393,10_52_09_06_08_2024
-5699,2.70,-12514,3.22,631,3,84773,10_52_09_06_08_2024
-5699,2.70,-12428,3.21,631,3,85143,10_52_10_06_08_2024
-5519,2.69,-12653,3.23,631,3,85523,10_52_10_06_08_2024
-5725,2.71,-12505,3.22,629,3,85993,10_52_10_06_08_2024
-5448,2.69,-12488,3.22,631,3,86383,10_52_10_06_08_2024
-5653,2.70,-12468,3.22,631,3,86753,10_52_10_06_08_2024
-5722,2.71,-12539,3.22,630,3,87123,10_52_10_06_08_2024
-5629,2.70,-12482,3.22,631,3,87503,10_52_10_06_08_2024
-5574,2.69,-12570,3.22,629,3,87893,10_52_10_06_08_2024
-5578,2.70,-12440,3.22,629,3,88273,10_52_10_06_08_2024
-5447,2.69,-12574,3.23,631,3,88643,10_52_10_06_08_2024
-5642,2.70,-12551,3.22,631,3,89023,10_52_10_06_08_2024
-5524,2.69,-12781,3.24,631,3,89423,10_52_10_06_08_2024
-5519,2.69,-12726,3.24,631,3,89803,10_52_10_06_08_2024
-5523,2.69,-12587,3.23,631,3,90173,10_52_10_06_08_2024
-5472,2.69,-12431,3.21,631,3,90543,10_52_10_06_08_2024
-5754,2.71,-12696,3.23,629,3,90933,10_52_10_06_08_2024
-5731,2.71,-12631,3.23,629,3,91313,10_52_10_06_08_2024
-5458,2.69,-12711,3.24,631,3,91683,10_52_10_06_08_2024
-5801,2.71,-12403,3.21,631,3,92073,10_52_10_06_08_2024
-5635,2.70,-12476,3.22,631,3,92453,10_52_10_06_08_2024
-5560,2.69,-12466,3.22,631,3,92973,10_52_10_06_08_2024
-5501,2.69,-12654,3.23,630,3,93353,10_52_10_06_08_2024
-5592,2.70,-12601,3.23,631,3,93733,10_52_10_06_08_2024
-5668,2.70,-12710,3.24,631,3,94113,10_52_10_06_08_2024
-5637,2.70,-12513,3.22,631,3,94503,10_52_10_06_08_2024
-5705,2.70,-12458,3.22,630,3,94873,10_52_10_06_08_2024
-5775,2.71,-12598,3.23,631,3,95243,10_52_11_06_08_2024
-5655,2.70,-12495,3.22,631,3,95613,10_52_11_06_08_2024
-5566,2.69,-12686,3.23,631,3,96003,10_52_11_06_08_2024
-5707,2.71,-12544,3.22,631,3,96403,10_52_11_06_08_2024
-5507,2.69,-12411,3.21,631,3,96773,10_52_11_06_08_2024
-5408,2.68,-12523,3.22,629,3,97153,10_52_11_06_08_2024
-5413,2.68,-12652,3.23,629,3,97543,10_52_11_06_08_2024
-5512,2.69,-12531,3.22,631,3,97923,10_52_11_06_08_2024
-5661,2.70,-12541,3.22,631,3,98293,10_52_11_06_08_2024
-5574,2.69,-12517,3.22,631,3,98673,10_52_11_06_08_2024
-5728,2.71,-12605,3.23,631,3,99053,10_52_11_06_08_2024
-5540,2.69,-12448,3.22,631,3,99423,10_52_11_06_08_2024
-5578,2.70,-12459,3.22,631,3,99913,10_52_11_06_08_2024
-5617,2.70,-12423,3.21,630,3,100283,10_52_11_06_08_2024
-5387,2.68,-12542,3.22,631,3,100653,10_52_11_06_08_2024
-5652,2.70,-12509,3.22,631,3,101033,10_52_11_06_08_2024
-5515,2.69,-12500,3.22,631,3,101413,10_52_11_06_08_2024
-5667,2.70,-12421,3.21,629,3,101793,10_52_11_06_08_2024
-5399,2.68,-12705,3.24,631,3,102173,10_52_11_06_08_2024
-5734,2.71,-12623,3.23,631,3,102553,10_52_11_06_08_2024
-5521,2.69,-12322,3.21,630,3,102933,10_52_11_06_08_2024
-5714,2.71,-12655,3.23,630,3,103333,10_52_11_06_08_2024
-5519,2.69,-12603,3.23,631,3,103723,10_52_11_06_08_2024
-5400,2.68,-12544,3.22,630,3,104103,10_52_11_06_08_2024
-5680,2.70,-12519,3.22,631,3,104473,10_52_11_06_08_2024
-5569,2.69,-12432,3.21,629,3,104843,10_52_11_06_08_2024
-5508,2.69,-12437,3.21,631,3,105223,10_52_12_06_08_2024
-5821,2.71,-12549,3.22,629,3,105603,10_52_12_06_08_2024
-5651,2.70,-12559,3.22,631,3,105983,10_52_12_06_08_2024
-5572,2.69,-12532,3.22,632,3,106353,10_52_12_06_08_2024
-5732,2.71,-12386,3.21,631,3,106833,10_52_12_06_08_2024
-5556,2.69,-12531,3.22,631,3,107213,10_52_12_06_08_2024
-5412,2.68,-12681,3.23,631,3,107583,10_52_12_06_08_2024
-5428,2.68,-12497,3.22,631,3,107963,10_52_12_06_08_2024
-5703,2.70,-12752,3.24,631,3,108343,10_52_12_06_08_2024
-5458,2.69,-12403,3.21,631,3,108713,10_52_12_06_08_2024
-5754,2.71,-12532,3.22,630,3,109093,10_52_12_06_08_2024
-5519,2.69,-12639,3.23,631,3,109473,10_52_12_06_08_2024
-5646,2.70,-12670,3.23,630,3,109853,10_52_12_06_08_2024
-5333,2.68,-12456,3.22,631,3,110253,10_52_12_06_08_2024
-5387,2.68,-12597,3.23,631,3,110643,10_52_12_06_08_2024
-5463,2.69,-12610,3.23,628,3,111023,10_52_12_06_08_2024
-5470,2.69,-12594,3.23,631,3,111403,10_52_12_06_08_2024
-5533,2.69,-12701,3.23,631,3,111773,10_52_12_06_08_2024
-5503,2.69,-12609,3.23,631,3,112143,10_52_12_06_08_2024
-5463,2.69,-12456,3.22,631,3,112523,10_52_12_06_08_2024
-5760,2.71,-12558,3.22,630,3,112903,10_52_12_06_08_2024
-5615,2.70,-12446,3.22,629,3,113283,10_52_12_06_08_2024
-5615,2.70,-12815,3.24,631,3,113753,10_52_12_06_08_2024
-5481,2.69,-12551,3.22,628,3,114133,10_52_12_06_08_2024
-5560,2.69,-12756,3.24,631,3,114543,10_52_12_06_08_2024
-5677,2.70,-12681,3.23,631,3,114923,10_52_12_06_08_2024
-5560,2.69,-12493,3.22,631,3,115303,10_52_13_06_08_2024
-5532,2.69,-12658,3.23,631,3,115673,10_52_13_06_08_2024
-5559,2.69,-12650,3.23,631,3,116053,10_52_13_06_08_2024
-5634,2.70,-12757,3.24,631,3,116423,10_52_13_06_08_2024
-5730,2.71,-12324,3.21,631,3,116793,10_52_13_06_08_2024
-5648,2.70,-12439,3.22,631,3,117203,10_52_13_06_08_2024
-5679,2.70,-12478,3.22,630,3,117573,10_52_13_06_08_2024
-5673,2.70,-12400,3.21,629,3,117943,10_52_13_06_08_2024
-5387,2.68,-12775,3.24,631,3,118323,10_52_13_06_08_2024
-5621,2.70,-12600,3.23,629,3,118693,10_52_13_06_08_2024
-5317,2.68,-12449,3.22,631,3,119063,10_52_13_06_08_2024
-5594,2.70,-12525,3.22,630,3,119433,10_52_13_06_08_2024
-5532,2.69,-12436,3.21,631,3,119813,10_52_13_06_08_2024
-5566,2.69,-12449,3.22,632,3,120183,10_52_13_06_08_2024
-5524,2.69,-12649,3.23,631,3,120653,10_52_13_06_08_2024
-5511,2.69,-12760,3.24,631,3,121023,10_52_13_06_08_2024
-5490,2.69,-12432,3.21,631,3,121403,10_52_13_06_08_2024
-5708,2.71,-12547,3.22,631,3,121773,10_52_13_06_08_2024
-5425,2.68,-12372,3.21,631,3,122153,10_52_13_06_08_2024
-5641,2.70,-12581,3.23,631,3,122523,10_52_13_06_08_2024
-5490,2.69,-12574,3.23,631,3,122903,10_52_13_06_08_2024
-5567,2.69,-12419,3.21,631,3,123273,10_52_13_06_08_2024
-5805,2.71,-12506,3.22,631,3,123643,10_52_13_06_08_2024
-5623,2.70,-12485,3.22,631,3,124053,10_52_13_06_08_2024
-5634,2.70,-12496,3.22,631,3,124413,10_52_13_06_08_2024
-5402,2.68,-12616,3.23,631,3,124793,10_52_13_06_08_2024
-5689,2.70,-12597,3.23,631,3,125193,10_52_14_06_08_2024
-5452,2.69,-12727,3.24,630,3,125583,10_52_14_06_08_2024
-5547,2.69,-12399,3.21,631,3,125963,10_52_14_06_08_2024
-5590,2.70,-12508,3.22,631,3,126343,10_52_14_06_08_2024
-5450,2.69,-12613,3.23,631,3,126723,10_52_14_06_08_2024
-5556,2.69,-12302,3.20,631,3,127103,10_52_14_06_08_2024
-5625,2.70,-12744,3.24,631,3,127573,10_52_14_06_08_2024
-5261,2.67,-12469,3.22,632,3,127943,10_52_14_06_08_2024
-5432,2.68,-12602,3.23,631,3,128323,10_52_14_06_08_2024
-5529,2.69,-12676,3.23,631,3,128693,10_52_14_06_08_2024
-5448,2.69,-12567,3.22,631,3,129073,10_52_14_06_08_2024
-5553,2.69,-12514,3.22,631,3,129443,10_52_14_06_08_2024
-5693,2.70,-12506,3.22,631,3,129813,10_52_14_06_08_2024
-5642,2.70,-12555,3.22,631,3,130183,10_52_14_06_08_2024
-5528,2.69,-12464,3.22,631,3,130553,10_52_14_06_08_2024
-5575,2.70,-12531,3.22,631,3,130963,10_52_14_06_08_2024
-5705,2.70,-12557,3.22,631,3,131333,10_52_14_06_08_2024
-5621,2.70,-12731,3.24,630,3,131703,10_52_14_06_08_2024
-5397,2.68,-12517,3.22,631,3,132073,10_52_14_06_08_2024
-5545,2.69,-12577,3.23,631,3,132443,10_52_14_06_08_2024
-5528,2.69,-12688,3.23,631,3,132813,10_52_14_06_08_2024
-5601,2.70,-12652,3.23,631,3,133193,10_52_14_06_08_2024
-5544,2.69,-12554,3.22,631,3,133573,10_52_14_06_08_2024
-5434,2.68,-12515,3.22,631,3,133943,10_52_14_06_08_2024
-5437,2.68,-12615,3.23,629,3,134423,10_52_14_06_08_2024
-5570,2.69,-12743,3.24,631,3,134793,10_52_14_06_08_2024
-5499,2.69,-12743,3.24,631,3,135173,10_52_15_06_08_2024
-5802,2.71,-12575,3.23,631,3,135533,10_52_15_06_08_2024
-5718,2.71,-12572,3.23,631,3,135943,10_52_15_06_08_2024
-5904,2.72,-12634,3.23,631,3,136333,10_52_15_06_08_2024
-5398,2.68,-12632,3.23,631,3,136703,10_52_15_06_08_2024
-5445,2.69,-12492,3.22,631,3,137073,10_52_15_06_08_2024
-5474,2.69,-12568,3.22,632,3,137443,10_52_15_06_08_2024
-5582,2.70,-12707,3.24,631,3,137843,10_52_15_06_08_2024
-5523,2.69,-12576,3.23,631,3,138213,10_52_15_06_08_2024
-5330,2.68,-12664,3.23,629,3,138583,10_52_15_06_08_2024
-5642,2.70,-12683,3.23,631,3,138963,10_52_15_06_08_2024
-5485,2.69,-12331,3.21,629,3,139333,10_52_15_06_08_2024
-5749,2.71,-12427,3.21,631,3,139713,10_52_15_06_08_2024
-5329,2.68,-12539,3.22,631,3,140083,10_52_15_06_08_2024
-5524,2.69,-12694,3.23,630,3,140453,10_52_15_06_08_2024
-5689,2.70,-12604,3.23,630,3,140833,10_52_15_06_08_2024
-5636,2.70,-12613,3.23,632,3,141303,10_52_15_06_08_2024
-5397,2.68,-12402,3.21,631,3,141683,10_52_15_06_08_2024
-5456,2.69,-12503,3.22,631,3,142053,10_52_15_06_08_2024
-5780,2.71,-12448,3.22,631,3,142433,10_52_15_06_08_2024
-5517,2.69,-12714,3.24,631,3,142803,10_52_15_06_08_2024
-5447,2.69,-12538,3.22,631,3,143183,10_52_15_06_08_2024
-5574,2.69,-12575,3.23,631,3,143553,10_52_15_06_08_2024
-5574,2.69,-12588,3.23,629,3,143933,10_52_15_06_08_2024
-5370,2.68,-12577,3.23,630,3,144303,10_52_15_06_08_2024
-5591,2.70,-12675,3.23,631,3,144713,10_52_15_06_08_2024
-5716,2.71,-12432,3.21,631,3,145073,10_52_15_06_08_2024
-5562,2.69,-12655,3.23,631,3,145443,10_52_16_06_08_2024
-5735,2.71,-12616,3.23,631,3,145823,10_52_16_06_08_2024
-5299,2.67,-12400,3.21,631,3,146193,10_52_16_06_08_2024
-5388,2.68,-12528,3.22,630,3,146593,10_52_16_06_08_2024
-5639,2.70,-12538,3.22,631,3,146963,10_52_16_06_08_2024
-5661,2.70,-12559,3.22,631,3,147343,10_52_16_06_08_2024
-5596,2.70,-12586,3.23,631,3,147713,10_52_16_06_08_2024
-5526,2.69,-12637,3.23,631,3,148183,10_52_16_06_08_2024
-5551,2.69,-12521,3.22,632,3,148563,10_52_16_06_08_2024
-5489,2.69,-12509,3.22,631,3,148933,10_52_16_06_08_2024
-5643,2.70,-12559,3.22,631,3,149303,10_52_16_06_08_2024
-5619,2.70,-12440,3.22,631,3,149683,10_52_16_06_08_2024
-5629,2.70,-12498,3.22,632,3,150053,10_52_16_06_08_2024
-5479,2.69,-12493,3.22,631,3,150423,10_52_16_06_08_2024
-5527,2.69,-12781,3.24,631,3,150803,10_52_16_06_08_2024
-5570,2.69,-12632,3.23,631,3,151173,10_52_16_06_08_2024
-5473,2.69,-12519,3.22,631,3,151573,10_52_16_06_08_2024
-5632,2.70,-12503,3.22,631,3,151943,10_52_16_06_08_2024
-5590,2.70,-12542,3.22,631,3,152283,10_52_16_06_08_2024
-5600,2.70,-12685,3.23,631,3,152663,10_52_16_06_08_2024
-5501,2.69,-12689,3.23,631,3,153033,10_52_16_06_08_2024
-5594,2.70,-12555,3.22,631,3,153403,10_52_16_06_08_2024
-5648,2.70,-12622,3.23,631,3,153783,10_52_16_06_08_2024
-5667,2.70,-12481,3.22,631,3,154153,10_52_16_06_08_2024
-5790,2.71,-12676,3.23,631,3,154523,10_52_16_06_08_2024
-5790,2.71,-12641,3.23,631,3,154993,10_52_16_06_08_2024
-5422,2.68,-12700,3.23,630,3,155363,10_52_17_06_08_2024
-5441,2.68,-12583,3.23,631,3,155743,10_52_17_06_08_2024
-5490,2.69,-12588,3.23,631,3,156103,10_52_17_06_08_2024
-5592,2.70,-12390,3.21,630,3,156483,10_52_17_06_08_2024
-5714,2.71,-12589,3.23,631,3,156853,10_52_17_06_08_2024
-5439,2.68,-12642,3.23,631,3,157253,10_52_17_06_08_2024
-5516,2.69,-12410,3.21,630,3,157623,10_52_17_06_08_2024
-5604,2.70,-12519,3.22,630,3,158003,10_52_17_06_08_2024
-5739,2.71,-12647,3.23,631,3,158403,10_52_17_06_08_2024
-5462,2.69,-12424,3.21,631,3,158783,10_52_17_06_08_2024
-5516,2.69,-12629,3.23,629,3,159143,10_52_17_06_08_2024
-5357,2.68,-12480,3.22,631,3,159523,10_52_17_06_08_2024
-5623,2.70,-12534,3.22,631,3,159893,10_52_17_06_08_2024
-5625,2.70,-12742,3.24,631,3,160273,10_52_17_06_08_2024
-5471,2.69,-12647,3.23,631,3,160643,10_52_17_06_08_2024
-5646,2.70,-12463,3.22,629,3,161013,10_52_17_06_08_2024
-5533,2.69,-12458,3.22,631,3,161383,10_52_17_06_08_2024
-5765,2.71,-12725,3.24,631,3,161853,10_52_17_06_08_2024
-5575,2.70,-12393,3.21,631,3,162223,10_52_17_06_08_2024
-5576,2.70,-12753,3.24,631,3,162593,10_52_17_06_08_2024
-5515,2.69,-12532,3.22,629,3,162963,10_52_17_06_08_2024
-5416,2.68,-12550,3.22,631,3,163333,10_52_17_06_08_2024
-5551,2.69,-12762,3.24,631,3,163713,10_52_17_06_08_2024
-5664,2.70,-12762,3.24,629,3,164083,10_52_17_06_08_2024
-5688,2.70,-12536,3.22,631,3,164453,10_52_17_06_08_2024
-5652,2.70,-12630,3.23,631,3,164823,10_52_17_06_08_2024
-5510,2.69,-12391,3.21,630,3,165223,10_52_18_06_08_2024
-5448,2.69,-12671,3.23,631,3,165593,10_52_18_06_08_2024
-5584,2.70,-12527,3.22,631,3,165943,10_52_18_06_08_2024
-5597,2.70,-12505,3.22,631,3,166313,10_52_18_06_08_2024
-5616,2.70,-12639,3.23,631,3,166673,10_52_18_06_08_2024
-5694,2.70,-12506,3.22,631,3,167053,10_52_18_06_08_2024
-5414,2.68,-12480,3.22,631,3,167423,10_52_18_06_08_2024
-5536,2.69,-12330,3.21,631,3,167823,10_52_18_06_08_2024
-5608,2.70,-12498,3.22,631,3,168203,10_52_18_06_08_2024
-5583,2.70,-12471,3.22,631,3,168673,10_52_18_06_08_2024
-5562,2.69,-12579,3.23,631,3,169053,10_52_18_06_08_2024
-5550,2.69,-12411,3.21,631,3,169423,10_52_18_06_08_2024
-5570,2.69,-12708,3.24,631,3,169803,10_52_18_06_08_2024
-5531,2.69,-12468,3.22,631,3,170173,10_52_18_06_08_2024
-5549,2.69,-12379,3.21,631,3,170553,10_52_18_06_08_2024
-5373,2.68,-12595,3.23,631,3,170923,10_52_18_06_08_2024
-5547,2.69,-12608,3.23,630,3,171293,10_52_18_06_08_2024
-5841,2.72,-12487,3.22,631,3,171673,10_52_18_06_08_2024
-5584,2.70,-12523,3.22,631,3,172063,10_52_18_06_08_2024
-5328,2.68,-12774,3.24,631,3,172433,10_52_18_06_08_2024
-5400,2.68,-12601,3.23,631,3,172813,10_52_18_06_08_2024
-5632,2.70,-12499,3.22,631,3,173193,10_52_18_06_08_2024
-5430,2.68,-12672,3.23,631,3,173563,10_52_18_06_08_2024
-5618,2.70,-12707,3.24,631,3,173933,10_52_18_06_08_2024
-5500,2.69,-12789,3.24,631,3,174303,10_52_18_06_08_2024
-5509,2.69,-12627,3.23,631,3,174673,10_52_18_06_08_2024
-5387,2.68,-12598,3.23,631,3,175053,10_52_18_06_08_2024
-5589,2.70,-12344,3.21,631,3,175523,10_52_19_06_08_2024
-5353,2.68,-12702,3.23,631,3,175903,10_52_19_06_08_2024
-5822,2.71,-12543,3.22,631,3,176273,10_52_19_06_08_2024
-5468,2.69,-12586,3.23,631,3,176643,10_52_19_06_08_2024
-5482,2.69,-12855,3.25,630,3,177023,10_52_19_06_08_2024
-5661,2.70,-12404,3.21,631,3,177393,10_52_19_06_08_2024
-5608,2.70,-12496,3.22,630,3,177773,10_52_19_06_08_2024
-5681,2.70,-12617,3.23,629,3,178143,10_52_19_06_08_2024
-5666,2.70,-12730,3.24,631,3,178543,10_52_19_06_08_2024
-5715,2.71,-12411,3.21,631,3,178973,10_52_19_06_08_2024
-5543,2.69,-12410,3.21,631,3,179343,10_52_19_06_08_2024
-5389,2.68,-12649,3.23,631,3,179713,10_52_19_06_08_2024
-5549,2.69,-12371,3.21,631,3,180073,10_52_19_06_08_2024
-5512,2.69,-12598,3.23,632,3,180453,10_52_19_06_08_2024
-5513,2.69,-12812,3.24,631,3,180823,10_52_19_06_08_2024
-5574,2.69,-12712,3.24,631,3,181203,10_52_19_06_08_2024
-5683,2.70,-12441,3.22,631,3,181583,10_52_19_06_08_2024
-5384,2.68,-12401,3.21,631,3,181953,10_52_19_06_08_2024
-5590,2.70,-12750,3.24,630,3,182423,10_52_19_06_08_2024
-5503,2.69,-12704,3.24,629,3,182793,10_52_19_06_08_2024
-5346,2.68,-12442,3.22,631,3,183173,10_52_19_06_08_2024
-5614,2.70,-12744,3.24,631,3,183543,10_52_19_06_08_2024
-5480,2.69,-12690,3.23,631,3,183923,10_52_19_06_08_2024
-5491,2.69,-12546,3.22,631,3,184293,10_52_19_06_08_2024
-5537,2.69,-12799,3.24,630,3,184673,10_52_19_06_08_2024
-5638,2.70,-12655,3.23,631,3,185093,10_52_20_06_08_2024
-5647,2.70,-12569,3.22,629,3,185463,10_52_20_06_08_2024
-5481,2.69,-12271,3.20,630,3,185863,10_52_20_06_08_2024
-5674,2.70,-12422,3.21,630,3,186233,10_52_20_06_08_2024
-5576,2.70,-12497,3.22,631,3,186603,10_52_20_06_08_2024
-5669,2.70,-12565,3.22,630,3,186983,10_52_20_06_08_2024
-5558,2.69,-12463,3.22,631,3,187353,10_52_20_06_08_2024
-5547,2.69,-12510,3.22,631,3,187723,10_52_20_06_08_2024
-5553,2.69,-12391,3.21,631,3,188093,10_52_20_06_08_2024
-5493,2.69,-12586,3.23,631,3,188473,10_52_20_06_08_2024
-5437,2.68,-12578,3.23,631,3,188843,10_52_20_06_08_2024
-5445,2.69,-12531,3.22,629,3,189363,10_52_20_06_08_2024
-5529,2.69,-12546,3.22,631,3,189743,10_52_20_06_08_2024
-5620,2.70,-12548,3.22,631,3,190113,10_52_20_06_08_2024
-5554,2.69,-12594,3.23,631,3,190483,10_52_20_06_08_2024
-5820,2.71,-12245,3.20,631,3,190853,10_52_20_06_08_2024
-5450,2.69,-12410,3.21,629,3,191223,10_52_20_06_08_2024
-5385,2.68,-12647,3.23,631,3,191593,10_52_20_06_08_2024
-5441,2.68,-12535,3.22,631,3,191973,10_52_20_06_08_2024
-5735,2.71,-12350,3.21,631,3,192343,10_52_20_06_08_2024
-5249,2.67,-12748,3.24,631,3,192753,10_52_20_06_08_2024
-5378,2.68,-12431,3.21,631,3,193123,10_52_20_06_08_2024
-5573,2.69,-12395,3.21,629,3,193483,10_52_20_06_08_2024
-5866,2.72,-12527,3.22,631,3,193853,10_52_20_06_08_2024
-5406,2.68,-12422,3.21,630,3,194213,10_52_20_06_08_2024
-5505,2.69,-12495,3.22,631,3,194593,10_52_20_06_08_2024
-5457,2.69,-12616,3.23,631,3,194963,10_52_20_06_08_2024
-5522,2.69,-12363,3.21,631,3,195343,10_52_21_06_08_2024
-5653,2.70,-12465,3.22,630,3,195723,10_52_21_06_08_2024
-5600,2.70,-12697,3.23,631,3,196203,10_52_21_06_08_2024
-5789,2.71,-12587,3.23,631,3,196573,10_52_21_06_08_2024
-5766,2.71,-12613,3.23,631,3,196953,10_52_21_06_08_2024
-5790,2.71,-12587,3.23,631,3,197313,10_52_21_06_08_2024
-5808,2.71,-12572,3.23,630,3,197693,10_52_21_06_08_2024
-5680,2.70,-12595,3.23,631,3,198073,10_52_21_06_08_2024
-5793,2.71,-12654,3.23,631,3,198443,10_52_21_06_08_2024
-5565,2.69,-12612,3.23,631,3,198813,10_52_21_06_08_2024
-5609,2.70,-12548,3.22,631,3,199183,10_52_21_06_08_2024
-5737,2.71,-12527,3.22,631,3,199603,10_52_21_06_08_2024
-5732,2.71,-12518,3.22,631,3,199973,10_52_21_06_08_2024
-5528,2.69,-12568,3.22,631,3,200343,10_52_21_06_08_2024
-5603,2.70,-12484,3.22,631,3,200723,10_52_21_06_08_2024
-5853,2.72,-12537,3.22,631,3,201103,10_52_21_06_08_2024
-5692,2.70,-12648,3.23,631,3,201473,10_52_21_06_08_2024
-5917,2.72,-12578,3.23,631,3,201843,10_52_21_06_08_2024
-5659,2.70,-12615,3.23,631,3,202213,10_52_21_06_08_2024
-5891,2.72,-12561,3.22,631,3,202593,10_52_21_06_08_2024
-5630,2.70,-12723,3.24,631,3,203073,10_52_21_06_08_2024
-5699,2.70,-12823,3.24,631,3,203443,10_52_21_06_08_2024
-5749,2.71,-12660,3.23,632,3,203823,10_52_21_06_08_2024
-5741,2.71,-12627,3.23,631,3,204193,10_52_21_06_08_2024
-5712,2.71,-12506,3.22,631,3,204563,10_52_21_06_08_2024
-5909,2.72,-12490,3.22,631,3,204943,10_52_21_06_08_2024
-5414,2.68,-12667,3.23,631,3,205313,10_52_22_06_08_2024
-5746,2.71,-12800,3.24,632,3,205693,10_52_22_06_08_2024
-5565,2.69,-12884,3.25,631,3,206063,10_52_22_06_08_2024
-5361,2.68,-12589,3.23,631,3,206463,10_52_22_06_08_2024
-5297,2.67,-12488,3.22,631,3,206833,10_52_22_06_08_2024
-5573,2.69,-12735,3.24,631,3,207193,10_52_22_06_08_2024
-5785,2.71,-12779,3.24,631,3,207553,10_52_22_06_08_2024
-5472,2.69,-12518,3.22,631,3,207923,10_52_22_06_08_2024
-5576,2.70,-12772,3.24,631,3,208303,10_52_22_06_08_2024
-5483,2.69,-12517,3.22,631,3,208673,10_52_22_06_08_2024
-5470,2.69,-12607,3.23,631,3,209043,10_52_22_06_08_2024
-5643,2.70,-12651,3.23,630,3,209413,10_52_22_06_08_2024
-5442,2.68,-12746,3.24,631,3,209893,10_52_22_06_08_2024
-5685,2.70,-12559,3.22,631,3,210293,10_52_22_06_08_2024
-5920,2.72,-12424,3.21,631,3,210673,10_52_22_06_08_2024
-5665,2.70,-12501,3.22,631,3,211053,10_52_22_06_08_2024
-5476,2.69,-12656,3.23,631,3,211423,10_52_22_06_08_2024
-5910,2.72,-12637,3.23,631,3,211803,10_52_22_06_08_2024
-5848,2.72,-12472,3.22,631,3,212173,10_52_22_06_08_2024
-5799,2.71,-12471,3.22,631,3,212553,10_52_22_06_08_2024
-5861,2.72,-12446,3.22,629,3,212933,10_52_22_06_08_2024
-5884,2.72,-12594,3.23,629,3,213323,10_52_22_06_08_2024
-5907,2.72,-12621,3.23,631,3,213703,10_52_22_06_08_2024
-5556,2.69,-12424,3.21,631,3,214063,10_52_22_06_08_2024
-5620,2.70,-12813,3.24,631,3,214443,10_52_22_06_08_2024
-5863,2.72,-12712,3.24,631,3,214813,10_52_22_06_08_2024
-5840,2.72,-12780,3.24,631,3,215193,10_52_23_06_08_2024
-5798,2.71,-12775,3.24,629,3,215563,10_52_23_06_08_2024
-5961,2.72,-12838,3.25,630,3,215933,10_52_23_06_08_2024
-5986,2.73,-12658,3.23,631,3,216303,10_52_23_06_08_2024
-5634,2.70,-12698,3.23,631,3,216773,10_52_23_06_08_2024
-6191,2.74,-12590,3.23,631,3,217143,10_52_23_06_08_2024
-5931,2.72,-12865,3.25,630,3,217513,10_52_23_06_08_2024
-5929,2.72,-12646,3.23,631,3,217893,10_52_23_06_08_2024
-5889,2.72,-12806,3.24,631,3,218273,10_52_23_06_08_2024
-5814,2.71,-12748,3.24,631,3,218633,10_52_23_06_08_2024
-5903,2.72,-12673,3.23,630,3,219013,10_52_23_06_08_2024
-5786,2.71,-12948,3.25,631,3,219383,10_52_23_06_08_2024
-5692,2.70,-12958,3.25,630,3,219763,10_52_23_06_08_2024
-5849,2.72,-12913,3.25,631,3,220153,10_52_23_06_08_2024
-5856,2.72,-12738,3.24,630,3,220523,10_52_23_06_08_2024
-5931,2.72,-12752,3.24,631,3,220933,10_52_23_06_08_2024
-5846,2.72,-12919,3.25,629,3,221313,10_52_23_06_08_2024
-5809,2.71,-12924,3.25,631,3,221683,10_52_23_06_08_2024
-5810,2.71,-12829,3.24,631,3,222053,10_52_23_06_08_2024
-5895,2.72,-12878,3.25,631,3,222433,10_52_23_06_08_2024
-6016,2.73,-12569,3.22,631,3,222803,10_52_23_06_08_2024
-6106,2.74,-12609,3.23,630,3,223183,10_52_23_06_08_2024
-6063,2.73,-12678,3.23,629,3,223653,10_52_23_06_08_2024
-6017,2.73,-12755,3.24,630,3,224023,10_52_23_06_08_2024
-6017,2.73,-12719,3.24,631,3,224403,10_52_23_06_08_2024
-6021,2.73,-12742,3.24,631,3,224773,10_52_23_06_08_2024
-5911,2.72,-12831,3.24,631,3,225153,10_52_24_06_08_2024
-5799,2.71,-12826,3.24,631,3,225523,10_52_24_06_08_2024
-5931,2.72,-12816,3.24,631,3,225893,10_52_24_06_08_2024
-5912,2.72,-12756,3.24,630,3,226273,10_52_24_06_08_2024
-6057,2.73,-12776,3.24,630,3,226653,10_52_24_06_08_2024
-5898,2.72,-12630,3.23,628,3,227063,10_52_24_06_08_2024
-6036,2.73,-12529,3.22,631,3,227433,10_52_24_06_08_2024
-6008,2.73,-12851,3.25,631,3,227813,10_52_24_06_08_2024
-5768,2.71,-12833,3.24,630,3,228183,10_52_24_06_08_2024
-5769,2.71,-12873,3.25,631,3,228563,10_52_24_06_08_2024
-6027,2.73,-12760,3.24,631,3,228933,10_52_24_06_08_2024
-5938,2.72,-12828,3.24,631,3,229303,10_52_24_06_08_2024
-5838,2.71,-12961,3.25,631,3,229683,10_52_24_06_08_2024
-6069,2.73,-12715,3.24,631,3,230063,10_52_24_06_08_2024
-6023,2.73,-12964,3.25,630,3,230533,10_52_24_06_08_2024
-6008,2.73,-12873,3.25,631,3,230913,10_52_24_06_08_2024
-6130,2.74,-12796,3.24,632,3,231283,10_52_24_06_08_2024
-5982,2.73,-13036,3.26,631,3,231683,10_52_24_06_08_2024
-5895,2.72,-12791,3.24,631,3,232053,10_52_24_06_08_2024
-5849,2.72,-12597,3.23,631,3,232423,10_52_24_06_08_2024
-5677,2.70,-12837,3.25,631,3,232803,10_52_24_06_08_2024
-5509,2.69,-12914,3.25,631,3,233173,10_52_24_06_08_2024
-5988,2.73,-12774,3.24,631,3,233563,10_52_24_06_08_2024
-5643,2.70,-12718,3.24,631,3,233963,10_52_24_06_08_2024
-5677,2.70,-12706,3.24,631,3,234333,10_52_24_06_08_2024
-5792,2.71,-12615,3.23,629,3,234713,10_52_24_06_08_2024
-5652,2.70,-12856,3.25,631,3,235083,10_52_24_06_08_2024
-5605,2.70,-12901,3.25,631,3,235453,10_52_25_06_08_2024
-5873,2.72,-12842,3.25,631,3,235843,10_52_25_06_08_2024
-6078,2.73,-12708,3.24,631,3,236213,10_52_25_06_08_2024
-5880,2.72,-12852,3.25,630,3,236593,10_52_25_06_08_2024
-6091,2.73,-12747,3.24,630,3,236963,10_52_25_06_08_2024
-5884,2.72,-12799,3.24,631,3,237433,10_52_25_06_08_2024
-5780,2.71,-12691,3.23,631,3,237803,10_52_25_06_08_2024
-5786,2.71,-12683,3.23,630,3,238183,10_52_25_06_08_2024
-5556,2.69,-12627,3.23,631,3,238553,10_52_25_06_08_2024
-5572,2.69,-12717,3.24,631,3,238933,10_52_25_06_08_2024
-5431,2.68,-12655,3.23,631,3,239303,10_52_25_06_08_2024
-5639,2.70,-12638,3.23,631,3,239683,10_52_25_06_08_2024
-5713,2.71,-12518,3.22,631,3,240053,10_52_25_06_08_2024
-5751,2.71,-12525,3.22,630,3,240433,10_52_25_06_08_2024
-5751,2.71,-12508,3.22,631,3,240823,10_52_25_06_08_2024
-5682,2.70,-12597,3.23,631,3,241193,10_52_25_06_08_2024
-5435,2.68,-12737,3.24,630,3,241573,10_52_25_06_08_2024
-5698,2.70,-12668,3.23,631,3,241943,10_52_25_06_08_2024
-5498,2.69,-12594,3.23,629,3,242343,10_52_25_06_08_2024
-5308,2.67,-12578,3.23,631,3,242713,10_52_25_06_08_2024
-5541,2.69,-12668,3.23,631,3,243083,10_52_25_06_08_2024
-5304,2.67,-12575,3.23,631,3,243453,10_52_25_06_08_2024
-5321,2.68,-12643,3.23,631,3,243823,10_52_25_06_08_2024
-5518,2.69,-12480,3.22,631,3,244293,10_52_25_06_08_2024
-5343,2.68,-12499,3.22,629,3,244673,10_52_25_06_08_2024
-5312,2.68,-12636,3.23,631,3,245033,10_52_25_06_08_2024
-5312,2.68,-12601,3.23,631,3,245413,10_52_26_06_08_2024
-5523,2.69,-12394,3.21,631,3,245783,10_52_26_06_08_2024
-5416,2.68,-12299,3.20,631,3,246163,10_52_26_06_08_2024
-5425,2.68,-12429,3.21,631,3,246523,10_52_26_06_08_2024
-5650,2.70,-12448,3.22,631,3,246903,10_52_26_06_08_2024
-5454,2.69,-12518,3.22,631,3,247273,10_52_26_06_08_2024
-5332,2.68,-12536,3.22,631,3,247673,10_52_26_06_08_2024
-5550,2.69,-12516,3.22,631,3,248053,10_52_26_06_08_2024
-5349,2.68,-12499,3.22,631,3,248423,10_52_26_06_08_2024
-5397,2.68,-12522,3.22,630,3,248793,10_52_26_06_08_2024
-5419,2.68,-12416,3.21,631,3,249173,10_52_26_06_08_2024
-5400,2.68,-12525,3.22,630,3,249543,10_52_26_06_08_2024
-5313,2.68,-12620,3.23,631,3,249913,10_52_26_06_08_2024
-5446,2.69,-12501,3.22,631,3,250283,10_52_26_06_08_2024
-5483,2.69,-12433,3.21,631,3,250663,10_52_26_06_08_2024
-5540,2.69,-12512,3.22,631,3,251143,10_52_26_06_08_2024
-5611,2.70,-12333,3.21,631,3,251523,10_52_26_06_08_2024
-5323,2.68,-12548,3.22,631,3,251893,10_52_26_06_08_2024
-5418,2.68,-12670,3.23,631,3,252273,10_52_26_06_08_2024
-5322,2.68,-12706,3.24,631,3,252643,10_52_26_06_08_2024
-5505,2.69,-12625,3.23,631,3,253043,10_52_26_06_08_2024
-5300,2.67,-12597,3.23,630,3,253413,10_52_26_06_08_2024
-5224,2.67,-12575,3.23,631,3,253793,10_52_26_06_08_2024
-5508,2.69,-12506,3.22,629,3,254183,10_52_26_06_08_2024
-5323,2.68,-12488,3.22,631,3,254583,10_52_26_06_08_2024
-5393,2.68,-12315,3.21,631,3,254953,10_52_26_06_08_2024
-5354,2.68,-12625,3.23,631,3,255333,10_52_27_06_08_2024
-5555,2.69,-12524,3.22,631,3,255703,10_52_27_06_08_2024
-5437,2.68,-12472,3.22,631,3,256073,10_52_27_06_08_2024
-5633,2.70,-12434,3.21,631,3,256463,10_52_27_06_08_2024
-5533,2.69,-12557,3.22,631,3,256833,10_52_27_06_08_2024
-5568,2.69,-12442,3.22,629,3,257203,10_52_27_06_08_2024
-5447,2.69,-12631,3.23,631,3,257583,10_52_27_06_08_2024
-5597,2.70,-12698,3.23,631,3,258053,10_52_27_06_08_2024
-5305,2.67,-12578,3.23,628,3,258433,10_52_27_06_08_2024
-5597,2.70,-12330,3.21,631,3,258803,10_52_27_06_08_2024
-5373,2.68,-12521,3.22,630,3,259173,10_52_27_06_08_2024
-5432,2.68,-12450,3.22,631,3,259553,10_52_27_06_08_2024
-5318,2.68,-12431,3.21,629,3,259923,10_52_27_06_08_2024
-5606,2.70,-12490,3.22,631,3,260303,10_52_27_06_08_2024
-5436,2.68,-12498,3.22,631,3,260673,10_52_27_06_08_2024
-5514,2.69,-12501,3.22,630,3,261043,10_52_27_06_08_2024
-5564,2.69,-12767,3.24,628,3,261443,10_52_27_06_08_2024
-5559,2.69,-12651,3.23,631,3,261823,10_52_27_06_08_2024
-5498,2.69,-12529,3.22,632,3,262203,10_52_27_06_08_2024
-5496,2.69,-12504,3.22,630,3,262573,10_52_27_06_08_2024
-5685,2.70,-12505,3.22,631,3,262953,10_52_27_06_08_2024
-5310,2.67,-12386,3.21,630,3,263323,10_52_27_06_08_2024
-5551,2.69,-12548,3.22,631,3,263723,10_52_27_06_08_2024
-5280,2.67,-12660,3.23,630,3,264093,10_52_27_06_08_2024
-5156,2.66,-12490,3.22,631,3,264473,10_52_27_06_08_2024
-5551,2.69,-12568,3.22,630,3,264933,10_52_27_06_08_2024
-5365,2.68,-12650,3.23,631,3,265313,10_52_28_06_08_2024
-5549,2.69,-12242,3.20,628,3,265683,10_52_28_06_08_2024
-5563,2.69,-12472,3.22,631,3,266063,10_52_28_06_08_2024
-5358,2.68,-12377,3.21,630,3,266433,10_52_28_06_08_2024
-5344,2.68,-12605,3.23,631,3,266803,10_52_28_06_08_2024
-5291,2.67,-12470,3.22,630,3,267183,10_52_28_06_08_2024
-5629,2.70,-12552,3.22,631,3,267553,10_52_28_06_08_2024
-5350,2.68,-12526,3.22,631,3,267933,10_52_28_06_08_2024
-5501,2.69,-12599,3.23,631,3,268333,10_52_28_06_08_2024
-5371,2.68,-12715,3.24,631,3,268703,10_52_28_06_08_2024
-5590,2.70,-12703,3.24,631,3,269073,10_52_28_06_08_2024
-5371,2.68,-12632,3.23,631,3,269443,10_52_28_06_08_2024
-5641,2.70,-12560,3.22,630,3,269813,10_52_28_06_08_2024
-5355,2.68,-12612,3.23,631,3,270193,10_52_28_06_08_2024
-5468,2.69,-12485,3.22,628,3,270563,10_52_28_06_08_2024
-5371,2.68,-12746,3.24,631,3,270943,10_52_28_06_08_2024
-5679,2.70,-12623,3.23,631,3,271313,10_52_28_06_08_2024
-5405,2.68,-12452,3.22,631,3,271723,10_52_28_06_08_2024
-5463,2.69,-12471,3.22,631,3,272103,10_52_28_06_08_2024
-5499,2.69,-12514,3.22,631,3,272473,10_52_28_06_08_2024
-5100,2.66,-12660,3.23,630,3,272843,10_52_28_06_08_2024
-5177,2.66,-12583,3.23,631,3,273213,10_52_28_06_08_2024
-5752,2.71,-12415,3.21,631,3,273583,10_52_28_06_08_2024
-5342,2.68,-12609,3.23,631,3,273953,10_52_28_06_08_2024
-5444,2.69,-12545,3.22,631,3,274353,10_52_28_06_08_2024
-5516,2.69,-12579,3.23,631,3,274753,10_52_28_06_08_2024
-5269,2.67,-12536,3.22,630,3,275123,10_52_29_06_08_2024
-5435,2.68,-12580,3.23,631,3,275493,10_52_29_06_08_2024
-5332,2.68,-12446,3.22,630,3,275863,10_52_29_06_08_2024
-5456,2.69,-12423,3.21,632,3,276243,10_52_29_06_08_2024
-5259,2.67,-12473,3.22,631,3,276613,10_52_29_06_08_2024
-5445,2.69,-12525,3.22,631,3,276993,10_52_29_06_08_2024
-5248,2.67,-12422,3.21,629,3,277373,10_52_29_06_08_2024
-5626,2.70,-12461,3.22,630,3,277743,10_52_29_06_08_2024
-5591,2.70,-12551,3.22,631,3,278223,10_52_29_06_08_2024
-5226,2.67,-12536,3.22,628,3,278593,10_52_29_06_08_2024
-5406,2.68,-12339,3.21,631,3,278963,10_52_29_06_08_2024
-5289,2.67,-12514,3.22,631,3,279333,10_52_29_06_08_2024
-5533,2.69,-12539,3.22,631,3,279713,10_52_29_06_08_2024
-5635,2.70,-12622,3.23,631,3,280083,10_52_29_06_08_2024
-5430,2.68,-12466,3.22,631,3,280463,10_52_29_06_08_2024
-2,2.27,-12580,3.23,631,3,280833,10_52_29_06_08_2024
-5484,2.69,-12530,3.22,631,3,281213,10_52_29_06_08_2024
-5601,2.70,-12307,3.21,629,3,281583,10_52_29_06_08_2024
-5349,2.68,-12840,3.25,631,3,281943,10_52_29_06_08_2024
-5471,2.69,-12535,3.22,631,3,282313,10_52_29_06_08_2024
-5460,2.69,-12532,3.22,630,3,282683,10_52_29_06_08_2024
-5462,2.69,-12485,3.22,631,3,283063,10_52_29_06_08_2024
-5541,2.69,-12485,3.22,630,3,283433,10_52_29_06_08_2024
-5449,2.69,-12581,3.23,631,3,283803,10_52_29_06_08_2024
-5433,2.68,-12714,3.24,631,3,284173,10_52_29_06_08_2024
-5457,2.69,-12572,3.23,631,3,284543,10_52_29_06_08_2024
-5499,2.69,-12570,3.22,630,3,285073,10_52_29_06_08_2024
-5552,2.69,-12435,3.21,631,3,285443,10_52_30_06_08_2024
-5556,2.69,-12425,3.21,631,3,285813,10_52_30_06_08_2024
-5478,2.69,-12467,3.22,632,3,286183,10_52_30_06_08_2024
-5351,2.68,-12486,3.22,629,3,286553,10_52_30_06_08_2024
-5488,2.69,-12419,3.21,630,3,286943,10_52_30_06_08_2024
-5605,2.70,-12609,3.23,629,3,287313,10_52_30_06_08_2024
-5578,2.70,-12579,3.23,631,3,287683,10_52_30_06_08_2024
-5347,2.68,-12441,3.22,631,3,288053,10_52_30_06_08_2024
-5360,2.68,-12728,3.24,631,3,288463,10_52_30_06_08_2024
-5466,2.69,-12672,3.23,629,3,288823,10_52_30_06_08_2024
-5444,2.69,-12322,3.21,630,3,289183,10_52_30_06_08_2024
-5416,2.68,-12459,3.22,630,3,289553,10_52_30_06_08_2024
-5333,2.68,-12601,3.23,631,3,289923,10_52_30_06_08_2024
-5439,2.68,-12518,3.22,630,3,290293,10_52_30_06_08_2024
-5456,2.69,-12653,3.23,631,3,290663,10_52_30_06_08_2024
-5452,2.69,-12608,3.23,628,3,291043,10_52_30_06_08_2024
-5462,2.69,-12626,3.23,629,3,291413,10_52_30_06_08_2024
-5257,2.67,-12664,3.23,631,3,291883,10_52_30_06_08_2024
-5470,2.69,-12544,3.22,631,3,292253,10_52_30_06_08_2024
-5450,2.69,-12537,3.22,631,3,292633,10_52_30_06_08_2024
-5540,2.69,-12572,3.23,631,3,293003,10_52_30_06_08_2024
-5300,2.67,-12734,3.24,628,3,293383,10_52_30_06_08_2024
-5456,2.69,-12570,3.22,632,3,293753,10_52_30_06_08_2024
-5477,2.69,-12496,3.22,630,3,294123,10_52_30_06_08_2024
-5636,2.70,-12338,3.21,631,3,294503,10_52_30_06_08_2024
-5469,2.69,-12627,3.23,631,3,294873,10_52_30_06_08_2024
-5398,2.68,-12671,3.23,630,3,295283,10_52_31_06_08_2024
-5586,2.70,-12320,3.21,630,3,295673,10_52_31_06_08_2024
-5531,2.69,-12708,3.24,631,3,296053,10_52_31_06_08_2024
-5507,2.69,-12531,3.22,631,3,296413,10_52_31_06_08_2024
-5341,2.68,-12554,3.22,631,3,296783,10_52_31_06_08_2024
-5541,2.69,-12572,3.23,629,3,297163,10_52_31_06_08_2024
-5442,2.68,-12566,3.22,629,3,297533,10_52_31_06_08_2024
-5503,2.69,-12507,3.22,631,3,297903,10_52_31_06_08_2024
-5565,2.69,-12685,3.23,631,3,298283,10_52_31_06_08_2024
-5514,2.69,-12309,3.21,629,3,298763,10_52_31_06_08_2024
-5309,2.67,-12554,3.22,631,3,299133,10_52_31_06_08_2024
-5480,2.69,-12390,3.21,631,3,299503,10_52_31_06_08_2024
-5351,2.68,-12702,3.23,632,3,299873,10_52_31_06_08_2024
-5448,2.69,-12630,3.23,631,3,300243,10_52_31_06_08_2024
-5597,2.70,-12505,3.22,631,3,300623,10_52_31_06_08_2024
-5398,2.68,-12533,3.22,631,3,300993,10_52_31_06_08_2024
-5372,2.68,-12676,3.23,631,3,301373,10_52_31_06_08_2024
-5515,2.69,-12442,3.22,631,3,301733,10_52_31_06_08_2024
-5459,2.69,-12476,3.22,631,3,302143,10_52_31_06_08_2024
-5369,2.68,-12709,3.24,631,3,302513,10_52_31_06_08_2024
-5265,2.67,-12527,3.22,631,3,302853,10_52_31_06_08_2024
-5555,2.69,-12605,3.23,630,3,303223,10_52_31_06_08_2024
-5452,2.69,-12620,3.23,631,3,303593,10_52_31_06_08_2024
-5415,2.68,-12226,3.20,631,3,303963,10_52_31_06_08_2024
-5566,2.69,-12424,3.21,631,3,304333,10_52_31_06_08_2024
-5670,2.70,-12693,3.23,631,3,304703,10_52_31_06_08_2024
-5219,2.67,-12526,3.22,631,3,305073,10_52_31_06_08_2024
-5289,2.67,-12481,3.22,631,3,305553,10_52_32_06_08_2024
-5419,2.68,-12481,3.22,631,3,305923,10_52_32_06_08_2024
-5475,2.69,-12446,3.22,630,3,306333,10_52_32_06_08_2024
-5518,2.69,-12466,3.22,629,3,306713,10_52_32_06_08_2024
-5436,2.68,-12431,3.21,631,3,307103,10_52_32_06_08_2024
-5215,2.67,-12404,3.21,631,3,307463,10_52_32_06_08_2024
-5307,2.67,-12288,3.20,630,3,307843,10_52_32_06_08_2024
-5371,2.68,-12545,3.22,631,3,308213,10_52_32_06_08_2024
-5408,2.68,-12671,3.23,631,3,308583,10_52_32_06_08_2024
-5529,2.69,-12515,3.22,628,3,308993,10_52_32_06_08_2024
-5464,2.69,-12497,3.22,631,3,309363,10_52_32_06_08_2024
-5566,2.69,-12558,3.22,631,3,309733,10_52_32_06_08_2024
-5540,2.69,-12481,3.22,631,3,310113,10_52_32_06_08_2024
-5439,2.68,-12397,3.21,631,3,310483,10_52_32_06_08_2024
-5419,2.68,-12462,3.22,630,3,310863,10_52_32_06_08_2024
-5284,2.67,-12502,3.22,631,3,311233,10_52_32_06_08_2024
-5479,2.69,-12608,3.23,631,3,311613,10_52_32_06_08_2024
-5482,2.69,-12598,3.23,631,3,311983,10_52_32_06_08_2024
-5474,2.69,-12517,3.22,631,3,312453,10_52_32_06_08_2024
-5319,2.68,-12694,3.23,631,3,312823,10_52_32_06_08_2024
-5427,2.68,-12463,3.22,631,3,313203,10_52_32_06_08_2024
-5438,2.68,-12530,3.22,631,3,313573,10_52_32_06_08_2024
-5257,2.67,-12689,3.23,630,3,313943,10_52_32_06_08_2024
-5473,2.69,-12430,3.21,631,3,314323,10_52_32_06_08_2024
-5272,2.67,-12534,3.22,631,3,314693,10_52_32_06_08_2024
-5603,2.70,-12716,3.24,629,3,315063,10_52_32_06_08_2024
-5455,2.69,-12572,3.23,629,3,315453,10_52_33_06_08_2024
-5344,2.68,-12451,3.22,631,3,315853,10_52_33_06_08_2024
-5476,2.69,-12581,3.23,631,3,316223,10_52_33_06_08_2024
-5481,2.69,-12466,3.22,631,3,316593,10_52_33_06_08_2024
-5649,2.70,-12615,3.23,631,3,317003,10_52_33_06_08_2024
-5415,2.68,-12606,3.23,631,3,317393,10_52_33_06_08_2024
-5584,2.70,-12587,3.23,631,3,317763,10_52_33_06_08_2024
-5533,2.69,-12408,3.21,631,3,318133,10_52_33_06_08_2024
-5290,2.67,-12519,3.22,630,3,318513,10_52_33_06_08_2024
-5353,2.68,-12619,3.23,631,3,318893,10_52_33_06_08_2024
-5424,2.68,-12734,3.24,631,3,319373,10_52_33_06_08_2024
-5393,2.68,-12595,3.23,629,3,319743,10_52_33_06_08_2024
-5361,2.68,-12759,3.24,631,3,320123,10_52_33_06_08_2024
-5517,2.69,-12461,3.22,630,3,320493,10_52_33_06_08_2024
-5617,2.70,-12587,3.23,631,3,320873,10_52_33_06_08_2024
-5469,2.69,-12599,3.23,630,3,321253,10_52_33_06_08_2024
-5367,2.68,-12538,3.22,631,3,321623,10_52_33_06_08_2024
-5361,2.68,-12573,3.23,631,3,321993,10_52_33_06_08_2024
-5361,2.68,-12623,3.23,631,3,322363,10_52_33_06_08_2024
-5346,2.68,-12545,3.22,631,3,322763,10_52_33_06_08_2024
-5381,2.68,-12470,3.22,631,3,323133,10_52_33_06_08_2024
-5415,2.68,-12606,3.23,631,3,323513,10_52_33_06_08_2024
-5503,2.69,-12568,3.22,631,3,323883,10_52_33_06_08_2024
-5505,2.69,-12308,3.21,629,3,324253,10_52_33_06_08_2024
-5564,2.69,-12698,3.23,630,3,324623,10_52_33_06_08_2024
-5454,2.69,-12567,3.22,630,3,325003,10_52_33_06_08_2024
-5159,2.66,-12690,3.23,631,3,325373,10_52_34_06_08_2024
-5483,2.69,-12664,3.23,630,3,325743,10_52_34_06_08_2024
-5233,2.67,-12320,3.21,631,3,326213,10_52_34_06_08_2024
-5315,2.68,-12506,3.22,630,3,326593,10_52_34_06_08_2024
-5426,2.68,-12720,3.24,631,3,326953,10_52_34_06_08_2024
-5461,2.69,-12426,3.21,631,3,327333,10_52_34_06_08_2024
-5429,2.68,-12531,3.22,631,3,327733,10_52_34_06_08_2024
-5412,2.68,-12757,3.24,631,3,328113,10_52_34_06_08_2024
-5402,2.68,-12618,3.23,631,3,328493,10_52_34_06_08_2024
-5473,2.69,-12389,3.21,629,3,328863,10_52_34_06_08_2024
-5384,2.68,-12660,3.23,631,3,329243,10_52_34_06_08_2024
-5501,2.69,-12461,3.22,631,3,329633,10_52_34_06_08_2024
-5553,2.69,-12456,3.22,630,3,330003,10_52_34_06_08_2024
-5319,2.68,-12413,3.21,631,3,330383,10_52_34_06_08_2024
-5183,2.67,-12635,3.23,630,3,330763,10_52_34_06_08_2024
-5410,2.68,-12564,3.22,629,3,331133,10_52_34_06_08_2024
-5423,2.68,-12643,3.23,631,3,331513,10_52_34_06_08_2024
-5473,2.69,-12480,3.22,632,3,331883,10_52_34_06_08_2024
-5480,2.69,-12606,3.23,631,3,332253,10_52_34_06_08_2024
-5463,2.69,-12694,3.23,631,3,332633,10_52_34_06_08_2024
-5269,2.67,-12584,3.23,631,3,333103,10_52_34_06_08_2024
-5499,2.69,-12557,3.22,629,3,333473,10_52_34_06_08_2024
-5332,2.68,-12482,3.22,631,3,333853,10_52_34_06_08_2024
-5351,2.68,-12616,3.23,631,3,334223,10_52_34_06_08_2024
-5223,2.67,-12515,3.22,631,3,334603,10_52_34_06_08_2024
-5360,2.68,-12340,3.21,631,3,334973,10_52_34_06_08_2024
-5251,2.67,-12524,3.22,631,3,335353,10_52_35_06_08_2024
-5403,2.68,-12552,3.22,631,3,335723,10_52_35_06_08_2024
-5224,2.67,-12654,3.23,631,3,336093,10_52_35_06_08_2024
-5451,2.69,-12541,3.22,632,3,336493,10_52_35_06_08_2024
-5755,2.71,-12675,3.23,631,3,336873,10_52_35_06_08_2024
-5700,2.70,-12470,3.22,629,3,337243,10_52_35_06_08_2024
-5491,2.69,-12462,3.22,630,3,337613,10_52_35_06_08_2024
-5462,2.69,-12656,3.23,630,3,337983,10_52_35_06_08_2024
-5429,2.68,-12521,3.22,631,3,338393,10_52_35_06_08_2024
-5386,2.68,-12631,3.23,629,3,338763,10_52_35_06_08_2024
-5403,2.68,-12412,3.21,629,3,339133,10_52_35_06_08_2024
-5458,2.69,-12582,3.23,625,3,339503,10_52_35_06_08_2024
