1740,-0.13,0,-0.00,640,3,2546,21_36_26_13_01_2025,0.49,-7.37,-6.39,-0.04,-4.22,2.67
1539,-0.12,0,-0.00,640,3,2595,21_36_26_13_01_2025,0.56,-7.43,-6.44,-0.02,0.02,0.02
1702,-0.13,0,-0.00,640,3,2634,21_36_26_13_01_2025,0.55,-7.31,-6.42,0.00,-0.00,0.00
1369,-0.10,0,-0.00,640,3,2672,21_36_26_13_01_2025,0.42,-7.41,-6.44,0.01,-0.00,-0.00
1196,-0.09,0,-0.00,640,3,2710,21_36_26_13_01_2025,0.47,-7.36,-6.44,0.01,-0.00,-0.00
1517,-0.11,0,-0.00,640,3,2750,21_36_26_13_01_2025,0.57,-7.42,-6.38,0.01,-0.00,-0.00
1573,-0.12,0,-0.00,640,3,2788,21_36_26_13_01_2025,0.58,-7.39,-6.47,0.00,-0.01,0.00
1273,-0.10,0,-0.00,641,3,2830,21_36_26_13_01_2025,0.45,-6.70,-6.03,0.02,-0.01,0.00
1541,-0.12,0,-0.00,641,3,2870,21_36_26_13_01_2025,0.39,-7.53,-6.45,-0.00,0.00,-0.01
1359,-0.10,0,-0.00,640,3,2908,21_36_26_13_01_2025,0.55,-7.69,-6.71,0.02,-0.01,-0.00
1589,-0.12,0,-0.00,638,3,2947,21_36_26_13_01_2025,0.58,-7.38,-6.31,0.00,-0.01,0.00
1108,-0.08,0,-0.00,640,3,2987,21_36_26_13_01_2025,0.49,-7.30,-6.42,0.00,-0.00,-0.00
1472,-0.11,0,-0.00,640,3,3025,21_36_26_13_01_2025,0.45,-7.35,-6.46,0.01,-0.00,0.00
1473,-0.11,0,-0.00,639,3,3066,21_36_26_13_01_2025,0.50,-7.45,-6.46,0.01,-0.00,-0.00
1451,-0.11,0,-0.00,639,3,3105,21_36_26_13_01_2025,0.57,-7.41,-6.40,0.01,-0.00,0.00
1416,-0.11,0,-0.00,640,3,3143,21_36_26_13_01_2025,0.51,-7.33,-6.41,0.00,-0.00,-0.00
1260,-0.10,0,-0.00,640,3,3182,21_36_26_13_01_2025,0.47,-7.43,-6.45,0.01,-0.00,0.00
1187,-0.09,0,-0.00,640,3,3221,21_36_26_13_01_2025,0.47,-7.37,-6.41,0.01,-0.00,-0.00
1429,-0.11,0,-0.00,640,3,3260,21_36_27_13_01_2025,0.53,-7.40,-6.44,0.00,-0.00,0.00
1078,-0.08,0,-0.00,640,3,3303,21_36_27_13_01_2025,0.54,-7.41,-6.44,0.01,-0.00,-0.00
1294,-0.10,0,-0.00,640,3,3342,21_36_27_13_01_2025,0.48,-7.39,-6.42,0.00,-0.00,-0.00
1337,-0.10,0,-0.00,641,3,3381,21_36_27_13_01_2025,0.48,-7.40,-6.42,0.00,-0.00,-0.00
1612,-0.12,0,-0.00,640,3,3420,21_36_27_13_01_2025,0.53,-7.38,-6.42,0.00,-0.00,-0.00
1594,-0.12,0,-0.00,640,3,3459,21_36_27_13_01_2025,0.55,-7.38,-6.41,0.00,-0.00,-0.00
1356,-0.10,0,-0.00,640,3,3498,21_36_27_13_01_2025,0.49,-7.39,-6.43,0.00,-0.00,0.00
1305,-0.10,0,-0.00,640,3,3539,21_36_27_13_01_2025,0.48,-7.38,-6.43,0.01,-0.00,-0.00
1425,-0.11,0,-0.00,640,3,3578,21_36_27_13_01_2025,0.52,-7.37,-6.44,0.01,-0.00,-0.00
1481,-0.11,0,-0.00,640,3,3617,21_36_27_13_01_2025,0.55,-7.43,-6.42,0.01,-0.00,-0.00
1316,-0.10,0,-0.00,640,3,3656,21_36_27_13_01_2025,0.50,-7.40,-6.41,0.00,-0.00,-0.00
1328,-0.10,0,-0.00,640,3,3694,21_36_27_13_01_2025,0.47,-7.35,-6.44,0.00,-0.00,0.00
1292,-0.10,0,-0.00,640,3,3733,21_36_27_13_01_2025,0.51,-7.36,-6.45,0.01,-0.00,-0.00
1335,-0.10,0,-0.00,640,3,3774,21_36_27_13_01_2025,0.53,-7.42,-6.42,0.01,-0.00,-0.00
1373,-0.10,0,-0.00,640,3,3812,21_36_27_13_01_2025,0.54,-7.44,-6.40,0.00,-0.00,-0.00
1197,-0.09,0,-0.00,641,3,3852,21_36_27_13_01_2025,0.50,-7.37,-6.43,0.00,-0.00,-0.00
1416,-0.11,0,-0.00,640,3,3891,21_36_27_13_01_2025,0.48,-7.33,-6.45,0.00,-0.00,-0.00
1203,-0.09,0,-0.00,640,3,3929,21_36_27_13_01_2025,0.50,-7.39,-6.44,0.01,-0.00,-0.00
1401,-0.11,0,-0.00,640,3,3968,21_36_27_13_01_2025,0.54,-7.42,-6.41,0.01,-0.00,-0.00
1378,-0.10,0,-0.00,640,3,4010,21_36_27_13_01_2025,0.51,-7.42,-6.42,0.00,-0.00,-0.00
1386,-0.10,0,-0.00,640,3,4048,21_36_27_13_01_2025,0.51,-7.39,-6.37,0.00,-0.00,0.00
1428,-0.11,0,-0.00,640,3,4086,21_36_27_13_01_2025,0.50,-7.38,-6.43,0.01,-0.00,-0.00
1447,-0.11,0,-0.00,640,3,4125,21_36_27_13_01_2025,0.52,-7.37,-6.45,0.01,-0.00,-0.00
1540,-0.12,0,-0.00,640,3,4163,21_36_27_13_01_2025,0.53,-7.39,-6.40,0.01,-0.00,-0.00
1409,-0.11,0,-0.00,640,3,4202,21_36_27_13_01_2025,0.51,-7.41,-6.42,0.01,-0.00,0.00
1343,-0.10,0,-0.00,641,3,4244,21_36_27_13_01_2025,0.47,-7.39,-6.43,0.00,-0.00,-0.00
1390,-0.11,0,-0.00,640,3,4282,21_36_28_13_01_2025,0.52,-7.36,-6.44,0.01,-0.00,-0.00
1235,-0.09,0,-0.00,641,3,4320,21_36_28_13_01_2025,0.55,-7.38,-6.43,0.01,-0.00,-0.00
1390,-0.11,0,-0.00,640,3,4359,21_36_28_13_01_2025,0.50,-7.39,-6.41,0.01,-0.00,-0.00
1304,-0.10,0,-0.00,639,3,4399,21_36_28_13_01_2025,0.49,-7.41,-6.42,0.00,-0.00,-0.00
1222,-0.09,0,-0.00,640,3,4438,21_36_28_13_01_2025,0.51,-7.37,-6.43,0.00,-0.00,0.00
1445,-0.11,0,-0.00,640,3,4480,21_36_28_13_01_2025,0.53,-7.34,-6.44,0.01,-0.00,-0.00
1457,-0.11,0,-0.00,641,3,4519,21_36_28_13_01_2025,0.50,-7.41,-6.41,0.01,-0.00,-0.00
1529,-0.12,0,-0.00,640,3,4557,21_36_28_13_01_2025,0.50,-7.41,-6.42,0.01,-0.00,-0.00
1459,-0.11,0,-0.00,641,3,4596,21_36_28_13_01_2025,0.51,-7.40,-6.43,0.01,-0.00,-0.00
1365,-0.10,0,-0.00,640,3,4635,21_36_28_13_01_2025,0.53,-7.36,-6.43,0.00,-0.00,-0.00
1469,-0.11,0,-0.00,640,3,4674,21_36_28_13_01_2025,0.50,-7.39,-6.43,0.01,-0.00,-0.00
1381,-0.10,0,-0.00,640,3,4714,21_36_28_13_01_2025,0.50,-7.38,-6.43,0.01,-0.00,-0.00
1308,-0.10,0,-0.00,640,3,4754,21_36_28_13_01_2025,0.51,-7.41,-6.43,0.01,-0.00,-0.00
1413,-0.11,0,-0.00,641,3,4793,21_36_28_13_01_2025,0.53,-7.38,-6.41,0.00,-0.00,-0.00
1356,-0.10,0,-0.00,640,3,4831,21_36_28_13_01_2025,0.50,-7.40,-6.43,0.00,-0.00,-0.00
1571,-0.12,0,-0.00,641,3,4870,21_36_28_13_01_2025,0.47,-7.35,-6.46,0.01,-0.00,-0.00
1358,-0.10,0,-0.00,641,3,4910,21_36_28_13_01_2025,0.52,-7.42,-6.41,0.01,-0.00,-0.00
1441,-0.11,0,-0.00,637,3,4951,21_36_28_13_01_2025,0.53,-7.39,-6.43,0.00,-0.00,-0.00
1612,-0.12,0,-0.00,641,3,4990,21_36_28_13_01_2025,0.51,-7.38,-6.44,0.01,-0.00,-0.00
1507,-0.11,0,-0.00,640,3,5029,21_36_28_13_01_2025,0.49,-7.39,-6.42,0.01,-0.00,-0.00
1597,-0.12,0,-0.00,640,3,5067,21_36_28_13_01_2025,0.51,-7.39,-6.41,0.01,-0.00,0.00
1605,-0.12,0,-0.00,640,3,5105,21_36_28_13_01_2025,0.53,-7.37,-6.43,0.01,-0.00,-0.00
1472,-0.11,0,-0.00,641,3,5145,21_36_28_13_01_2025,0.51,-7.38,-6.43,0.01,-0.00,-0.00
1375,-0.10,0,-0.00,640,3,5186,21_36_28_13_01_2025,0.50,-7.37,-6.42,0.01,-0.00,-0.00
1388,-0.11,0,-0.00,641,3,5225,21_36_28_13_01_2025,0.52,-7.40,-6.42,0.01,-0.00,-0.00
1526,-0.12,0,-0.00,640,3,5263,21_36_29_13_01_2025,0.52,-7.40,-6.42,0.00,-0.00,-0.00
1625,-0.12,0,-0.00,638,3,5302,21_36_29_13_01_2025,0.51,-7.38,-6.43,0.01,-0.00,-0.00
1397,-0.11,0,-0.00,639,3,5341,21_36_29_13_01_2025,0.50,-7.38,-6.42,0.01,-0.00,-0.00
1303,-0.10,0,-0.00,641,3,5379,21_36_29_13_01_2025,0.50,-7.37,-6.43,0.01,-0.00,-0.00
1567,-0.12,0,-0.00,640,3,5421,21_36_29_13_01_2025,0.51,-7.39,-6.43,0.00,-0.00,0.00
1479,-0.11,0,-0.00,640,3,5459,21_36_29_13_01_2025,0.52,-7.40,-6.42,0.01,-0.00,-0.00
1711,-0.13,0,-0.00,641,3,5498,21_36_29_13_01_2025,0.50,-7.38,-6.44,0.00,-0.00,-0.00
1554,-0.12,0,-0.00,640,3,5537,21_36_29_13_01_2025,0.50,-7.37,-6.44,0.01,-0.00,-0.00
1378,-0.10,0,-0.00,640,3,5576,21_36_29_13_01_2025,0.51,-7.38,-6.41,0.01,-0.00,-0.00
1636,-0.12,0,-0.00,640,3,5615,21_36_29_13_01_2025,0.51,-7.40,-6.43,0.01,-0.00,-0.00
1407,-0.11,0,-0.00,640,3,5657,21_36_29_13_01_2025,0.53,-7.39,-6.43,0.00,-0.00,-0.00
1440,-0.11,0,-0.00,640,3,5696,21_36_29_13_01_2025,0.51,-7.37,-6.43,0.00,-0.00,-0.00
1617,-0.12,0,-0.00,640,3,5735,21_36_29_13_01_2025,0.49,-7.39,-6.42,0.01,-0.00,-0.00
1490,-0.11,0,-0.00,640,3,5774,21_36_29_13_01_2025,0.51,-7.37,-6.44,0.01,-0.00,-0.00
1490,-0.11,0,-0.00,640,3,5813,21_36_29_13_01_2025,0.53,-7.39,-6.40,0.01,-0.00,-0.00
1203,-0.09,0,-0.00,640,3,5852,21_36_29_13_01_2025,0.52,-7.35,-6.46,0.01,-0.01,0.00
1547,-0.12,0,-0.00,640,3,5933,21_36_29_13_01_2025,0.50,-7.42,-6.40,0.01,-0.00,-0.00
1418,-0.11,0,-0.00,640,3,5971,21_36_29_13_01_2025,0.52,-7.39,-6.43,0.00,-0.00,-0.00
1475,-0.11,0,-0.00,640,3,6011,21_36_29_13_01_2025,0.53,-7.36,-6.44,0.01,-0.00,0.00
1475,-0.11,0,-0.00,640,3,6050,21_36_29_13_01_2025,0.48,-7.39,-6.44,0.01,-0.00,-0.00
1315,-0.10,0,-0.00,639,3,6088,21_36_29_13_01_2025,0.48,-7.40,-6.41,0.01,-0.00,-0.00
1436,-0.11,0,-0.00,640,3,6128,21_36_29_13_01_2025,0.54,-7.39,-6.42,0.01,-0.00,-0.00
1286,-0.10,0,-0.00,640,3,6169,21_36_29_13_01_2025,0.54,-7.37,-6.44,0.01,-0.00,0.00
1603,-0.12,0,-0.00,641,3,6207,21_36_29_13_01_2025,0.48,-7.39,-6.41,0.01,-0.00,-0.00
1511,-0.11,0,-0.00,640,3,6246,21_36_29_13_01_2025,0.49,-7.42,-6.41,0.01,-0.00,-0.00
1246,-0.09,0,-0.00,640,3,6285,21_36_30_13_01_2025,0.51,-7.38,-6.42,0.00,-0.00,-0.00
1465,-0.11,0,-0.00,640,3,6323,21_36_30_13_01_2025,0.52,-7.38,-6.43,0.00,-0.00,0.00
1606,-0.12,0,-0.00,640,3,6362,21_36_30_13_01_2025,0.50,-7.37,-6.43,0.01,-0.00,-0.00
1486,-0.11,0,-0.00,640,3,6404,21_36_30_13_01_2025,0.49,-7.39,-6.41,0.01,-0.00,-0.00
1352,-0.10,0,-0.00,640,3,6443,21_36_30_13_01_2025,0.53,-7.40,-6.43,0.01,-0.00,-0.00
1649,-0.12,0,-0.00,640,3,6481,21_36_30_13_01_2025,0.53,-7.38,-6.44,0.00,-0.00,-0.00
1301,-0.10,0,-0.00,640,3,6521,21_36_30_13_01_2025,0.49,-7.40,-6.42,0.00,-0.00,-0.00
1532,-0.12,0,-0.00,640,3,6560,21_36_30_13_01_2025,0.49,-7.38,-6.43,0.01,-0.00,0.00
1423,-0.11,0,-0.00,640,3,6598,21_36_30_13_01_2025,0.51,-7.39,-6.41,0.01,-0.00,-0.00
1271,-0.10,0,-0.00,640,3,6640,21_36_30_13_01_2025,0.51,-7.39,-6.43,0.01,-0.00,-0.00
1601,-0.12,0,-0.00,640,3,6679,21_36_30_13_01_2025,0.50,-7.39,-6.41,0.01,-0.00,0.00
1456,-0.11,0,-0.00,638,3,6718,21_36_30_13_01_2025,0.50,-7.37,-6.43,0.00,-0.00,-0.00
1430,-0.11,0,-0.00,640,3,6758,21_36_30_13_01_2025,0.51,-7.38,-6.43,0.01,-0.00,0.00
1497,-0.11,0,-0.00,640,3,6797,21_36_30_13_01_2025,0.52,-7.40,-6.42,0.01,-0.00,-0.00
1346,-0.10,0,-0.00,640,3,6835,21_36_30_13_01_2025,0.51,-7.41,-6.42,0.01,-0.00,-0.00
1559,-0.12,0,-0.00,640,3,6878,21_36_30_13_01_2025,0.50,-7.38,-6.43,0.00,-0.00,0.00
1375,-0.10,0,-0.00,638,3,6917,21_36_30_13_01_2025,0.49,-7.37,-6.43,0.01,-0.00,-0.00
1494,-0.11,0,-0.00,640,3,6955,21_36_30_13_01_2025,0.51,-7.38,-6.43,0.01,-0.00,-0.00
1566,-0.12,0,-0.00,640,3,6994,21_36_30_13_01_2025,0.51,-7.41,-6.42,0.01,-0.00,-0.00
1700,-0.13,0,-0.00,640,3,7033,21_36_30_13_01_2025,0.52,-7.39,-6.42,0.00,-0.00,-0.00
1539,-0.12,0,-0.00,640,3,7072,21_36_30_13_01_2025,0.50,-7.38,-6.43,0.01,-0.00,-0.00
1582,-0.12,0,-0.00,640,3,7113,21_36_30_13_01_2025,0.50,-7.38,-6.42,0.01,-0.00,-0.00
1545,-0.12,0,-0.00,640,3,7153,21_36_30_13_01_2025,0.51,-7.40,-6.43,0.01,-0.00,-0.00
1394,-0.11,0,-0.00,640,3,7192,21_36_30_13_01_2025,0.52,-7.38,-6.41,0.01,-0.00,-0.00
1489,-0.11,0,-0.00,640,3,7230,21_36_30_13_01_2025,0.52,-7.40,-6.42,0.01,-0.00,0.00
1527,-0.12,0,-0.00,641,3,7270,21_36_31_13_01_2025,0.50,-7.39,-6.42,0.00,-0.00,-0.00
1573,-0.12,0,-0.00,640,3,7309,21_36_31_13_01_2025,0.50,-7.37,-6.42,0.01,-0.00,-0.00
1234,-0.09,0,-0.00,640,3,7350,21_36_31_13_01_2025,0.51,-7.39,-6.43,0.01,-0.00,-0.00
1482,-0.11,0,-0.00,640,3,7390,21_36_31_13_01_2025,0.52,-7.40,-6.42,0.01,-0.00,-0.00
1564,-0.12,0,-0.00,641,3,7429,21_36_31_13_01_2025,0.53,-7.38,-6.42,0.00,-0.00,-0.00
1292,-0.10,0,-0.00,641,3,7468,21_36_31_13_01_2025,0.51,-7.37,-6.44,0.01,-0.00,0.00
1729,-0.13,0,-0.00,641,3,7506,21_36_31_13_01_2025,0.48,-7.39,-6.40,0.00,-0.00,-0.00
1506,-0.11,0,-0.00,641,3,7545,21_36_31_13_01_2025,0.50,-7.39,-6.44,0.01,-0.00,-0.00
1344,-0.10,0,-0.00,640,3,7586,21_36_31_13_01_2025,0.54,-7.35,-6.44,0.00,-0.00,-0.00
1545,-0.12,0,-0.00,640,3,7625,21_36_31_13_01_2025,0.48,-7.39,-6.40,0.01,-0.00,0.00
1632,-0.12,0,-0.00,640,3,7665,21_36_31_13_01_2025,0.50,-7.40,-6.42,0.01,-0.00,-0.00
1439,-0.11,0,-0.00,640,3,7703,21_36_31_13_01_2025,0.53,-7.40,-6.41,0.00,-0.00,-0.00
1460,-0.11,0,-0.00,640,3,7741,21_36_31_13_01_2025,0.52,-7.38,-6.44,0.01,-0.00,-0.00
1518,-0.12,0,-0.00,640,3,7780,21_36_31_13_01_2025,0.49,-7.36,-6.45,0.00,-0.00,-0.00
1767,-0.13,0,-0.00,641,3,7822,21_36_31_13_01_2025,0.50,-7.39,-6.42,0.01,-0.00,-0.00
1734,-0.13,0,-0.00,640,3,7862,21_36_31_13_01_2025,0.52,-7.40,-6.42,0.01,-0.00,-0.00
1371,-0.10,0,-0.00,640,3,7902,21_36_31_13_01_2025,0.52,-7.40,-6.41,0.00,-0.00,-0.00
1760,-0.13,0,-0.00,639,3,7941,21_36_31_13_01_2025,0.51,-7.37,-6.42,0.00,-0.00,-0.00
1445,-0.11,0,-0.00,640,3,7980,21_36_31_13_01_2025,0.49,-7.37,-6.44,0.01,-0.00,-0.00
1290,-0.10,0,-0.00,640,3,8019,21_36_31_13_01_2025,0.51,-7.38,-6.42,0.01,-0.00,-0.00
1307,-0.10,0,-0.00,640,3,8061,21_36_31_13_01_2025,0.52,-7.41,-6.42,0.01,-0.00,-0.00
1669,-0.13,0,-0.00,640,3,8099,21_36_31_13_01_2025,0.50,-7.40,-6.43,0.00,-0.00,-0.00
1645,-0.12,0,-0.00,640,3,8138,21_36_31_13_01_2025,0.52,-7.37,-6.44,0.00,-0.00,-0.00
1370,-0.10,0,-0.00,640,3,8178,21_36_31_13_01_2025,0.52,-7.39,-6.43,0.00,-0.00,-0.00
1585,-0.12,0,-0.00,640,3,8216,21_36_31_13_01_2025,0.49,-7.39,-6.42,0.01,-0.00,-0.00
1390,-0.11,0,-0.00,639,3,8255,21_36_31_13_01_2025,0.50,-7.40,-6.41,0.01,-0.00,-0.00
1427,-0.11,0,-0.00,640,3,8302,21_36_32_13_01_2025,0.52,-7.39,-6.43,0.01,-0.00,-0.00
1320,-0.10,0,-0.00,640,3,8415,21_36_32_13_01_2025,0.50,-7.39,-6.43,0.00,-0.00,0.00
1694,-0.13,0,-0.00,640,3,8454,21_36_32_13_01_2025,0.50,-7.37,-6.42,0.01,-0.00,-0.00
1690,-0.13,0,-0.00,640,3,8492,21_36_32_13_01_2025,0.53,-7.37,-6.43,0.01,-0.00,-0.00
1573,-0.12,0,-0.00,640,3,8531,21_36_32_13_01_2025,0.51,-7.40,-6.42,0.01,-0.00,-0.00
1367,-0.10,0,-0.00,638,3,8570,21_36_32_13_01_2025,0.49,-7.39,-6.41,0.01,-0.00,-0.00
1487,-0.11,0,-0.00,640,3,8611,21_36_32_13_01_2025,0.52,-7.38,-6.44,0.00,-0.00,-0.00
1517,-0.11,0,-0.00,640,3,8651,21_36_32_13_01_2025,0.53,-7.38,-6.42,0.00,-0.00,-0.00
1521,-0.12,0,-0.00,640,3,8691,21_36_32_13_01_2025,0.50,-7.40,-6.42,0.01,-0.00,-0.00
1582,-0.12,0,-0.00,640,3,8729,21_36_32_13_01_2025,0.48,-7.38,-6.43,0.00,-0.00,-0.00
1328,-0.10,0,-0.00,641,3,8768,21_36_32_13_01_2025,0.53,-7.41,-6.42,0.01,-0.00,-0.00
1695,-0.13,0,-0.00,640,3,8808,21_36_32_13_01_2025,0.53,-7.36,-6.43,0.00,-0.00,-0.00
1595,-0.12,0,-0.00,641,3,8850,21_36_32_13_01_2025,0.49,-7.38,-6.42,0.01,-0.00,0.00
1385,-0.10,0,-0.00,640,3,8889,21_36_32_13_01_2025,0.48,-7.39,-6.42,0.01,-0.00,-0.00
1523,-0.12,0,-0.00,641,3,8928,21_36_32_13_01_2025,0.50,-7.40,-6.42,0.01,-0.00,-0.00
1551,-0.12,0,-0.00,640,3,8966,21_36_32_13_01_2025,0.52,-7.39,-6.42,0.00,-0.00,-0.00
1552,-0.12,0,-0.00,641,3,9035,21_36_32_13_01_2025,0.51,-7.38,-6.43,0.00,-0.00,-0.00
1660,-0.13,0,-0.00,641,3,9074,21_36_32_13_01_2025,0.52,-7.40,-6.43,0.01,-0.00,-0.00
1676,-0.13,0,-0.00,641,3,9143,21_36_32_13_01_2025,0.54,-7.40,-6.42,0.01,-0.00,-0.00
1291,-0.10,0,-0.00,640,3,9234,21_36_32_13_01_2025,0.49,-7.39,-6.43,0.00,-0.00,-0.00
1337,-0.10,0,-0.00,640,3,9272,21_36_33_13_01_2025,0.53,-7.39,-6.41,0.01,-0.00,-0.00
1623,-0.12,0,-0.00,640,3,9344,21_36_33_13_01_2025,0.49,-7.40,-6.43,0.00,-0.00,-0.00
1475,-0.11,0,-0.00,640,3,9434,21_36_33_13_01_2025,0.53,-7.39,-6.42,0.01,-0.00,-0.00
1643,-0.12,0,-0.00,640,3,9473,21_36_33_13_01_2025,0.49,-7.39,-6.41,0.01,-0.00,0.00
1671,-0.13,0,-0.00,640,3,9542,21_36_33_13_01_2025,0.48,-7.41,-6.41,0.01,-0.00,-0.00
1634,-0.12,0,-0.00,640,3,9634,21_36_33_13_01_2025,0.54,-7.36,-6.44,0.00,-0.00,-0.00
1443,-0.11,0,-0.00,640,3,9725,21_36_33_13_01_2025,0.46,-7.44,-6.41,0.01,-0.00,-0.00
1306,-0.10,0,-0.00,640,3,9765,21_36_33_13_01_2025,0.53,-7.35,-6.44,0.00,-0.00,-0.00
1697,-0.13,0,-0.00,639,3,9833,21_36_33_13_01_2025,0.50,-7.35,-6.46,0.01,-0.00,-0.00
1571,-0.12,0,-0.00,640,3,9925,21_36_33_13_01_2025,0.51,-7.42,-6.42,0.00,-0.00,-0.00
1629,-0.12,0,-0.00,640,3,9965,21_36_33_13_01_2025,0.49,-7.37,-6.42,0.01,-0.00,-0.00
1641,-0.12,0,-0.00,640,3,10034,21_36_33_13_01_2025,0.47,-7.42,-6.40,0.01,-0.00,-0.00
1347,-0.10,0,-0.00,641,3,10125,21_36_33_13_01_2025,0.53,-7.37,-6.44,0.00,-0.00,-0.00
1734,-0.13,0,-0.00,638,3,10164,21_36_33_13_01_2025,0.47,-7.41,-6.39,0.01,-0.00,0.00
1450,-0.11,0,-0.00,640,3,10233,21_36_33_13_01_2025,0.52,-7.40,-6.42,0.00,-0.00,-0.00
1406,-0.11,0,-0.00,640,3,10325,21_36_34_13_01_2025,0.52,-7.35,-6.43,0.00,-0.00,0.00
1520,-0.12,0,-0.00,640,3,10417,21_36_34_13_01_2025,0.51,-7.40,-6.41,0.01,-0.00,0.00
1598,-0.12,0,-0.00,640,3,10459,21_36_34_13_01_2025,0.50,-7.38,-6.43,0.00,-0.00,-0.00
1626,-0.12,0,-0.00,640,3,10525,21_36_34_13_01_2025,0.48,-7.38,-6.44,0.01,-0.00,-0.00
1410,-0.11,0,-0.00,640,3,10616,21_36_34_13_01_2025,0.53,-7.40,-6.44,0.01,-0.00,-0.00
1426,-0.11,0,-0.00,641,3,10654,21_36_34_13_01_2025,0.49,-7.39,-6.42,0.01,-0.00,-0.00
1463,-0.11,0,-0.00,640,3,10726,21_36_34_13_01_2025,0.51,-7.38,-6.42,0.01,-0.00,-0.00
1376,-0.10,0,-0.00,640,3,10816,21_36_34_13_01_2025,0.51,-7.40,-6.44,0.01,-0.00,-0.00
1702,-0.13,0,-0.00,640,3,10855,21_36_34_13_01_2025,0.50,-7.38,-6.42,0.01,-0.00,-0.00
1602,-0.12,0,-0.00,640,3,10924,21_36_34_13_01_2025,0.53,-7.40,-6.42,0.01,-0.00,-0.00
1730,-0.13,0,-0.00,640,3,11016,21_36_34_13_01_2025,0.49,-7.39,-6.42,0.00,-0.00,-0.00
1376,-0.10,0,-0.00,640,3,11108,21_36_34_13_01_2025,0.52,-7.40,-6.41,0.01,-0.00,-0.00
1433,-0.11,0,-0.00,638,3,11147,21_36_34_13_01_2025,0.50,-7.37,-6.43,0.00,-0.00,-0.00
1497,-0.11,0,-0.00,640,3,11215,21_36_34_13_01_2025,0.49,-7.38,-6.43,0.01,-0.00,-0.00
1513,-0.11,0,-0.00,640,3,11307,21_36_34_13_01_2025,0.52,-7.41,-6.40,0.00,-0.00,-0.00
1349,-0.10,0,-0.00,638,3,11345,21_36_35_13_01_2025,0.50,-7.38,-6.43,0.00,-0.00,-0.00
1448,-0.11,0,-0.00,640,3,11416,21_36_35_13_01_2025,0.50,-7.40,-6.42,0.00,-0.00,-0.00
1661,-0.13,0,-0.00,640,3,11507,21_36_35_13_01_2025,0.51,-7.38,-6.43,0.00,-0.00,0.00
1340,-0.10,0,-0.00,640,3,11545,21_36_35_13_01_2025,0.51,-7.40,-6.40,0.01,-0.00,-0.00
1730,-0.13,0,-0.00,640,3,11615,21_36_35_13_01_2025,0.50,-7.38,-6.46,0.00,-0.00,-0.00
1365,-0.10,0,-0.00,640,3,11707,21_36_35_13_01_2025,0.50,-7.40,-6.44,0.01,-0.00,-0.00
1538,-0.12,0,-0.00,640,3,11798,21_36_35_13_01_2025,0.53,-7.38,-6.41,0.01,-0.00,-0.00
1647,-0.12,0,-0.00,638,3,11837,21_36_35_13_01_2025,0.50,-7.38,-6.42,0.01,-0.00,-0.00
1511,-0.11,0,-0.00,639,3,11906,21_36_35_13_01_2025,0.51,-7.37,-6.41,0.00,-0.00,-0.00
1471,-0.11,0,-0.00,640,3,11998,21_36_35_13_01_2025,0.50,-7.39,-6.42,0.01,-0.00,-0.00
1498,-0.11,0,-0.00,641,3,12040,21_36_35_13_01_2025,0.52,-7.40,-6.42,0.00,-0.00,-0.00
1623,-0.12,0,-0.00,640,3,12107,21_36_35_13_01_2025,0.52,-7.39,-6.42,0.00,-0.00,-0.00
1439,-0.11,0,-0.00,640,3,12198,21_36_35_13_01_2025,0.50,-7.38,-6.42,0.00,-0.00,-0.00
1437,-0.11,0,-0.00,640,3,12237,21_36_35_13_01_2025,0.52,-7.39,-6.43,0.01,-0.00,-0.00
1786,-0.14,0,-0.00,639,3,12306,21_36_36_13_01_2025,0.50,-7.41,-6.42,0.00,-0.00,0.00
1450,-0.11,0,-0.00,640,3,12401,21_36_36_13_01_2025,0.52,-7.37,-6.44,0.00,-0.00,-0.00
1552,-0.12,0,-0.00,640,3,12489,21_36_36_13_01_2025,0.48,-7.41,-6.42,0.01,-0.00,-0.00
1956,-0.15,0,-0.00,641,3,12529,21_36_36_13_01_2025,0.54,-7.36,-6.43,0.00,-0.00,-0.00
1406,-0.11,0,-0.00,640,3,12597,21_36_36_13_01_2025,0.53,-7.34,-6.45,0.01,-0.00,0.00
1395,-0.11,0,-0.00,640,3,12689,21_36_36_13_01_2025,0.47,-7.43,-6.41,0.01,-0.00,-0.00
1541,-0.12,0,-0.00,641,3,12729,21_36_36_13_01_2025,0.53,-7.37,-6.43,0.01,-0.01,-0.00
1444,-0.11,0,-0.00,640,3,12799,21_36_36_13_01_2025,0.49,-7.40,-6.42,0.01,-0.00,-0.00
1700,-0.13,0,-0.00,640,3,12889,21_36_36_13_01_2025,0.51,-7.39,-6.43,0.00,-0.00,-0.00
1624,-0.12,0,-0.00,640,3,12928,21_36_36_13_01_2025,0.49,-7.38,-6.43,0.01,-0.00,0.00
1829,-0.14,0,-0.00,638,3,12998,21_36_36_13_01_2025,0.51,-7.40,-6.41,0.01,-0.00,-0.00
1854,-0.14,0,-0.00,641,3,13090,21_36_36_13_01_2025,0.52,-7.38,-6.42,0.00,-0.00,-0.00
1608,-0.12,0,-0.00,640,3,13180,21_36_36_13_01_2025,0.50,-7.38,-6.42,0.01,-0.00,-0.00
1680,-0.13,0,-0.00,638,3,13220,21_36_36_13_01_2025,0.51,-7.39,-6.42,0.00,-0.00,-0.00
1536,-0.12,0,-0.00,640,3,13288,21_36_37_13_01_2025,0.50,-7.37,-6.44,0.00,-0.00,-0.00
1730,-0.13,0,-0.00,640,3,13380,21_36_37_13_01_2025,0.51,-7.39,-6.43,0.01,-0.00,-0.00
1349,-0.10,0,-0.00,640,3,13420,21_36_37_13_01_2025,0.50,-7.38,-6.44,0.00,-0.00,0.00
1567,-0.12,0,-0.00,640,3,13489,21_36_37_13_01_2025,0.51,-7.38,-6.43,0.01,-0.00,-0.00
1598,-0.12,0,-0.00,640,3,13579,21_36_37_13_01_2025,0.51,-7.42,-6.42,0.00,-0.00,-0.00
1672,-0.13,0,-0.00,640,3,13619,21_36_37_13_01_2025,0.51,-7.37,-6.43,0.01,-0.00,-0.00
1717,-0.13,0,-0.00,640,3,13689,21_36_37_13_01_2025,0.51,-7.39,-6.42,0.01,-0.00,-0.00
1602,-0.12,0,-0.00,640,3,13780,21_36_37_13_01_2025,0.51,-7.37,-6.44,0.00,-0.00,-0.00
1673,-0.13,0,-0.00,641,3,13870,21_36_37_13_01_2025,0.51,-7.39,-6.42,0.01,-0.00,-0.00
1511,-0.11,0,-0.00,640,3,13911,21_36_37_13_01_2025,0.51,-7.37,-6.43,0.01,-0.00,-0.00
1599,-0.12,0,-0.00,640,3,13979,21_36_37_13_01_2025,0.52,-7.39,-6.43,0.00,-0.00,-0.00
1566,-0.12,0,-0.00,640,3,14071,21_36_37_13_01_2025,0.49,-7.39,-6.42,0.00,-0.00,-0.00
1759,-0.13,0,-0.00,640,3,14113,21_36_37_13_01_2025,0.52,-7.38,-6.42,0.01,-0.00,-0.00
1503,-0.11,0,-0.00,640,3,14180,21_36_37_13_01_2025,0.50,-7.39,-6.41,0.01,-0.00,0.00
1545,-0.12,0,-0.00,641,3,14270,21_36_37_13_01_2025,0.53,-7.40,-6.44,0.01,-0.00,-0.00
1537,-0.12,0,-0.00,640,3,14309,21_36_38_13_01_2025,0.48,-7.39,-6.42,0.00,-0.00,-0.00
1528,-0.12,0,-0.00,640,3,14379,21_36_38_13_01_2025,0.50,-7.39,-6.43,0.00,-0.00,-0.00
1759,-0.13,0,-0.00,640,3,14471,21_36_38_13_01_2025,0.52,-7.42,-6.41,-0.01,-0.01,0.00
1645,-0.12,0,-0.00,640,3,14562,21_36_38_13_01_2025,0.52,-7.27,-6.46,-0.01,-0.01,0.00
1510,-0.11,0,-0.00,638,3,14602,21_36_38_13_01_2025,0.48,-7.39,-6.47,0.01,-0.00,-0.00
1703,-0.13,0,-0.00,639,3,14670,21_36_38_13_01_2025,0.54,-7.41,-6.44,0.01,-0.00,-0.00
1736,-0.13,0,-0.00,640,3,14762,21_36_38_13_01_2025,0.47,-7.40,-6.43,0.00,-0.00,-0.00
1826,-0.14,0,-0.00,640,3,14801,21_36_38_13_01_2025,0.51,-7.37,-6.45,0.00,-0.00,0.00
1674,-0.13,0,-0.00,640,3,14871,21_36_38_13_01_2025,0.54,-7.38,-6.44,0.01,-0.00,-0.00
1641,-0.12,0,-0.00,640,3,14961,21_36_38_13_01_2025,0.45,-7.38,-6.45,0.00,-0.00,-0.00
1656,-0.13,0,-0.00,640,3,15000,21_36_38_13_01_2025,0.53,-7.35,-6.44,0.01,-0.00,-0.00
1769,-0.13,0,-0.00,638,3,15070,21_36_38_13_01_2025,0.48,-7.41,-6.45,0.00,-0.00,0.00
1846,-0.14,0,-0.00,640,3,15162,21_36_38_13_01_2025,0.49,-7.36,-6.43,0.01,-0.00,0.00
1964,-0.15,0,-0.00,640,3,15253,21_36_38_13_01_2025,0.48,-7.36,-6.39,0.00,-0.00,-0.00
1545,-0.12,0,-0.00,640,3,15292,21_36_39_13_01_2025,0.54,-7.38,-6.44,0.01,-0.00,-0.00
1384,-0.10,0,-0.00,638,3,15361,21_36_39_13_01_2025,0.51,-7.36,-6.43,0.00,-0.01,-0.00
1622,-0.12,0,-0.00,640,3,15453,21_36_39_13_01_2025,0.47,-7.37,-6.40,0.01,-0.00,-0.00
1540,-0.12,0,-0.00,639,3,15493,21_36_39_13_01_2025,0.54,-7.37,-6.46,0.00,-0.00,0.00
1676,-0.13,0,-0.00,640,3,15562,21_36_39_13_01_2025,0.53,-7.40,-6.45,0.00,-0.00,-0.00
1720,-0.13,0,-0.00,641,3,15652,21_36_39_13_01_2025,0.47,-7.35,-6.45,0.01,-0.00,-0.00
1413,-0.11,0,-0.00,640,3,15691,21_36_39_13_01_2025,0.52,-7.38,-6.42,0.01,-0.00,-0.00
1728,-0.13,0,-0.00,639,3,15761,21_36_39_13_01_2025,0.50,-7.38,-6.44,0.00,-0.00,-0.00
1735,-0.13,0,-0.00,641,3,15853,21_36_39_13_01_2025,0.48,-7.38,-6.44,0.01,-0.00,0.00
1606,-0.12,0,-0.00,640,3,15944,21_36_39_13_01_2025,0.53,-7.37,-6.44,0.01,-0.00,-0.00
1526,-0.12,0,-0.00,640,3,15984,21_36_39_13_01_2025,0.49,-7.35,-6.46,0.00,-0.00,0.00
1684,-0.13,0,-0.00,640,3,16052,21_36_39_13_01_2025,0.50,-7.36,-6.45,0.01,-0.00,-0.00
1849,-0.14,0,-0.00,640,3,16143,21_36_39_13_01_2025,0.50,-7.40,-6.43,0.01,-0.00,-0.00
1732,-0.13,0,-0.00,641,3,16186,21_36_39_13_01_2025,0.50,-7.37,-6.45,0.01,-0.00,0.00
1538,-0.12,0,-0.00,640,3,16252,21_36_39_13_01_2025,0.48,-7.36,-6.44,0.01,-0.00,-0.00
1876,-0.14,0,-0.00,641,3,16344,21_36_40_13_01_2025,0.50,-7.36,-6.44,0.01,-0.00,-0.00
1520,-0.12,0,-0.00,638,3,16383,21_36_40_13_01_2025,0.50,-7.39,-6.44,0.00,-0.00,-0.00
1744,-0.13,0,-0.00,638,3,16452,21_36_40_13_01_2025,0.51,-7.37,-6.42,0.00,-0.00,-0.00
1627,-0.12,0,-0.00,641,3,16544,21_36_40_13_01_2025,0.49,-7.36,-6.44,0.00,-0.00,0.00
1350,-0.10,0,-0.00,641,3,16634,21_36_40_13_01_2025,0.52,-7.37,-6.43,0.00,-0.00,0.00
1410,-0.11,0,-0.00,640,3,16674,21_36_40_13_01_2025,0.47,-7.36,-6.45,0.01,-0.00,-0.00
1517,-0.11,0,-0.00,638,3,16743,21_36_40_13_01_2025,0.52,-7.38,-6.44,0.01,-0.00,-0.00
1817,-0.14,0,-0.00,640,3,16835,21_36_40_13_01_2025,0.51,-7.43,-6.47,0.01,-0.00,-0.00
1440,-0.11,0,-0.00,640,3,16875,21_36_40_13_01_2025,0.52,-7.35,-6.44,0.01,-0.00,-0.00
1573,-0.12,0,-0.00,639,3,16943,21_36_40_13_01_2025,0.53,-7.38,-6.45,0.01,-0.00,-0.00
1762,-0.13,0,-0.00,640,3,17034,21_36_40_13_01_2025,0.47,-7.36,-6.43,0.00,-0.00,0.00
1590,-0.12,0,-0.00,640,3,17073,21_36_40_13_01_2025,0.54,-7.34,-6.44,0.01,-0.00,-0.00
1558,-0.12,0,-0.00,640,3,17144,21_36_40_13_01_2025,0.49,-7.40,-6.42,0.01,-0.00,-0.00
1654,-0.13,0,-0.00,640,3,17234,21_36_40_13_01_2025,0.49,-7.38,-6.43,0.01,-0.00,0.00
1689,-0.13,0,-0.00,641,3,17326,21_36_41_13_01_2025,0.49,-7.38,-6.42,0.01,-0.00,-0.00
1737,-0.13,0,-0.00,641,3,17364,21_36_41_13_01_2025,0.52,-7.37,-6.44,0.00,-0.00,-0.00
1595,-0.12,0,-0.00,640,3,17434,21_36_41_13_01_2025,0.53,-7.43,-6.48,0.00,-0.00,-0.00
1713,-0.13,0,-0.00,640,3,17526,21_36_41_13_01_2025,0.50,-7.37,-6.44,0.01,-0.00,-0.00
1592,-0.12,0,-0.00,640,3,17565,21_36_41_13_01_2025,0.51,-7.37,-6.45,0.01,-0.00,-0.00
1853,-0.14,0,-0.00,640,3,17634,21_36_41_13_01_2025,0.48,-7.39,-6.44,0.01,-0.00,-0.00
1739,-0.13,0,-0.00,639,3,17725,21_36_41_13_01_2025,0.52,-7.40,-6.46,0.01,-0.00,-0.00
1733,-0.13,0,-0.00,640,3,17764,21_36_41_13_01_2025,0.47,-7.37,-6.44,0.00,-0.00,-0.00
1837,-0.14,0,-0.00,640,3,17835,21_36_41_13_01_2025,0.49,-7.38,-6.43,0.00,-0.00,-0.00
1934,-0.15,0,-0.00,640,3,17926,21_36_41_13_01_2025,0.53,-7.37,-6.41,0.00,-0.00,0.00
1721,-0.13,0,-0.00,640,3,18017,21_36_41_13_01_2025,0.47,-7.40,-6.44,0.01,-0.00,-0.00
1588,-0.12,0,-0.00,640,3,18055,21_36_41_13_01_2025,0.51,-7.36,-6.45,0.00,-0.00,-0.00
1733,-0.13,0,-0.00,640,3,18125,21_36_41_13_01_2025,0.49,-7.37,-6.42,0.01,-0.00,-0.00
1698,-0.13,0,-0.00,640,3,18217,21_36_41_13_01_2025,0.54,-7.41,-6.41,0.01,-0.00,-0.00
1670,-0.13,0,-0.00,640,3,18259,21_36_42_13_01_2025,0.50,-7.37,-6.43,0.01,-0.00,-0.00
1548,-0.12,0,-0.00,640,3,18325,21_36_42_13_01_2025,0.50,-7.39,-6.44,0.01,-0.00,-0.00
1663,-0.13,0,-0.00,640,3,18416,21_36_42_13_01_2025,0.51,-7.36,-6.45,0.00,-0.01,-0.00
1548,-0.12,0,-0.00,640,3,18455,21_36_42_13_01_2025,0.47,-7.40,-6.41,0.01,-0.00,-0.00
1543,-0.12,0,-0.00,640,3,18525,21_36_42_13_01_2025,0.52,-7.35,-6.45,0.01,-0.00,-0.00
1575,-0.12,0,-0.00,637,3,18617,21_36_42_13_01_2025,0.43,-7.37,-6.37,0.00,-0.00,0.00
1749,-0.13,0,-0.00,640,3,18707,21_36_42_13_01_2025,0.50,-7.35,-6.44,0.00,-0.00,0.00
1612,-0.12,0,-0.00,640,3,18746,21_36_42_13_01_2025,0.50,-7.38,-6.43,0.01,-0.00,-0.00
1798,-0.14,0,-0.00,640,3,18816,21_36_42_13_01_2025,0.51,-7.36,-6.43,0.00,-0.00,-0.00
1808,-0.14,0,-0.00,640,3,18907,21_36_42_13_01_2025,0.51,-7.38,-6.43,0.01,-0.00,-0.00
1682,-0.13,0,-0.00,640,3,18947,21_36_42_13_01_2025,0.50,-7.38,-6.45,0.01,-0.00,-0.00
1754,-0.13,0,-0.00,640,3,19016,21_36_42_13_01_2025,0.51,-7.39,-6.42,0.01,-0.00,-0.00
1626,-0.12,0,-0.00,640,3,19107,21_36_42_13_01_2025,0.52,-7.37,-6.44,0.00,-0.00,-0.00
1747,-0.13,0,-0.00,641,3,19146,21_36_42_13_01_2025,0.49,-7.39,-6.43,0.01,-0.00,-0.00
1850,-0.14,0,-0.00,640,3,19217,21_36_42_13_01_2025,0.51,-7.36,-6.46,0.01,-0.00,-0.00
1754,-0.13,0,-0.00,640,3,19307,21_36_42_13_01_2025,0.49,-7.36,-6.46,0.01,-0.00,0.00
1506,-0.11,0,-0.00,640,3,19399,21_36_43_13_01_2025,0.50,-7.37,-6.44,0.00,-0.00,-0.00
1683,-0.13,0,-0.00,640,3,19437,21_36_43_13_01_2025,0.51,-7.37,-6.42,0.01,-0.00,-0.00
1731,-0.13,0,-0.00,641,3,19507,21_36_43_13_01_2025,0.50,-7.38,-6.44,0.00,-0.00,-0.00
1635,-0.12,0,-0.00,640,3,19599,21_36_43_13_01_2025,0.50,-7.36,-6.44,0.00,-0.00,-0.00
1324,-0.10,0,-0.00,640,3,19639,21_36_43_13_01_2025,0.48,-7.37,-6.46,0.01,-0.00,-0.00
1400,-0.11,0,-0.00,641,3,19707,21_36_43_13_01_2025,0.51,-7.38,-6.42,0.01,-0.00,-0.00
1582,-0.12,0,-0.00,640,3,19799,21_36_43_13_01_2025,0.49,-7.38,-6.43,0.01,-0.00,-0.00
1530,-0.12,0,-0.00,641,3,19838,21_36_43_13_01_2025,0.49,-7.38,-6.45,0.01,-0.00,-0.00
1503,-0.11,0,-0.00,640,3,19907,21_36_43_13_01_2025,0.52,-7.37,-6.44,0.01,-0.00,-0.00
1449,-0.11,0,-0.00,640,3,19998,21_36_43_13_01_2025,0.50,-7.37,-6.44,0.01,-0.00,-0.00
1543,-0.12,0,-0.00,640,3,20090,21_36_43_13_01_2025,0.52,-7.39,-6.44,0.00,-0.00,-0.00
1606,-0.12,0,-0.00,640,3,20129,21_36_43_13_01_2025,0.48,-7.37,-6.45,0.00,-0.00,-0.00
1840,-0.14,0,-0.00,640,3,20197,21_36_43_13_01_2025,0.50,-7.37,-6.44,0.01,-0.00,-0.00
1623,-0.12,0,-0.00,640,3,20290,21_36_43_13_01_2025,0.50,-7.38,-6.44,0.00,-0.00,0.00
1595,-0.12,0,-0.00,640,3,20333,21_36_44_13_01_2025,0.50,-7.38,-6.45,0.01,-0.00,-0.00
1460,-0.11,0,-0.00,640,3,20398,21_36_44_13_01_2025,0.50,-7.37,-6.44,0.01,-0.00,0.00
1667,-0.13,0,-0.00,640,3,20489,21_36_44_13_01_2025,0.50,-7.39,-6.42,0.01,-0.00,0.00
1635,-0.12,0,-0.00,640,3,20528,21_36_44_13_01_2025,0.50,-7.37,-6.44,0.00,-0.00,-0.00
1662,-0.13,0,-0.00,640,3,20598,21_36_44_13_01_2025,0.50,-7.38,-6.44,0.01,-0.00,-0.00
1506,-0.11,0,-0.00,640,3,20689,21_36_44_13_01_2025,0.51,-7.36,-6.45,0.01,-0.01,-0.00
1914,-0.14,0,-0.00,640,3,20780,21_36_44_13_01_2025,0.49,-7.40,-6.42,0.01,-0.00,-0.00
1592,-0.12,0,-0.00,640,3,20819,21_36_44_13_01_2025,0.51,-7.37,-6.44,0.01,-0.00,-0.00
1417,-0.11,0,-0.00,641,3,20889,21_36_44_13_01_2025,0.51,-7.37,-6.44,0.01,-0.00,-0.00
1439,-0.11,0,-0.00,640,3,20980,21_36_44_13_01_2025,0.49,-7.37,-6.45,0.01,-0.00,-0.00
1457,-0.11,0,-0.00,640,3,21020,21_36_44_13_01_2025,0.50,-7.36,-6.44,0.01,-0.00,-0.00
1694,-0.13,0,-0.00,640,3,21089,21_36_44_13_01_2025,0.49,-7.39,-6.42,0.01,-0.00,-0.00
1520,-0.12,0,-0.00,640,3,21180,21_36_44_13_01_2025,0.51,-7.38,-6.42,0.00,-0.00,-0.00
1692,-0.13,0,-0.00,639,3,21220,21_36_44_13_01_2025,0.50,-7.38,-6.44,0.00,-0.00,-0.00
1830,-0.14,0,-0.00,640,3,21289,21_36_45_13_01_2025,0.49,-7.38,-6.43,0.00,-0.00,-0.00
1715,-0.13,0,-0.00,640,3,21379,21_36_45_13_01_2025,0.50,-7.38,-6.45,0.01,-0.00,-0.00
1593,-0.12,0,-0.00,640,3,21472,21_36_45_13_01_2025,0.51,-7.37,-6.44,0.01,-0.00,-0.00
1586,-0.12,0,-0.00,640,3,21510,21_36_45_13_01_2025,0.50,-7.36,-6.43,0.00,-0.00,-0.00
1542,-0.12,0,-0.00,640,3,21580,21_36_45_13_01_2025,0.48,-7.37,-6.45,0.01,-0.00,0.00
1472,-0.11,0,-0.00,641,3,21671,21_36_45_13_01_2025,0.51,-7.36,-6.45,0.01,-0.00,-0.00
1860,-0.14,0,-0.00,640,3,21711,21_36_45_13_01_2025,0.50,-7.37,-6.44,0.01,-0.00,-0.00
1691,-0.13,0,-0.00,641,3,21780,21_36_45_13_01_2025,0.50,-7.38,-6.42,0.00,-0.00,-0.00
1758,-0.13,0,-0.00,640,3,21871,21_36_45_13_01_2025,0.45,-7.38,-6.43,0.00,-0.00,0.00
1844,-0.14,0,-0.00,640,3,21911,21_36_45_13_01_2025,0.53,-7.32,-6.39,0.01,-0.00,-0.00
1603,-0.12,0,-0.00,640,3,21980,21_36_45_13_01_2025,0.53,-7.30,-6.36,0.00,-0.00,-0.00
1665,-0.13,0,-0.00,641,3,22071,21_36_45_13_01_2025,0.50,-7.31,-6.31,0.01,-0.00,-0.00
1619,-0.12,0,-0.00,641,3,22162,21_36_45_13_01_2025,0.50,-7.33,-6.54,0.01,-0.00,-0.00
1548,-0.12,0,-0.00,641,3,22201,21_36_45_13_01_2025,0.49,-7.50,-6.39,0.00,-0.00,0.00
1485,-0.11,0,-0.00,641,3,22271,21_36_45_13_01_2025,0.58,-7.29,-6.47,0.00,-0.01,-0.00
1467,-0.11,0,-0.00,639,3,22362,21_36_46_13_01_2025,0.45,-7.39,-6.42,0.01,-0.00,-0.00
1511,-0.11,0,-0.00,639,3,22400,21_36_46_13_01_2025,0.58,-7.33,-6.47,0.00,-0.01,-0.00
1562,-0.12,0,-0.00,641,3,22470,21_36_46_13_01_2025,0.52,-7.35,-6.47,0.01,-0.00,0.00
1726,-0.13,0,-0.00,640,3,22562,21_36_46_13_01_2025,0.43,-7.44,-6.43,0.00,-0.00,-0.00
1467,-0.11,0,-0.00,640,3,22602,21_36_46_13_01_2025,0.56,-7.37,-6.45,0.01,-0.00,-0.00
1587,-0.12,0,-0.00,640,3,22671,21_36_46_13_01_2025,0.45,-7.43,-6.41,0.00,-0.00,-0.00
1557,-0.12,0,-0.00,640,3,22761,21_36_46_13_01_2025,0.53,-7.36,-6.45,0.01,-0.00,-0.00
1690,-0.13,0,-0.00,640,3,22853,21_36_46_13_01_2025,0.46,-7.42,-6.40,0.00,-0.00,-0.00
1682,-0.13,0,-0.00,640,3,22892,21_36_46_13_01_2025,0.57,-7.36,-6.45,0.01,-0.00,0.00
1466,-0.11,0,-0.00,640,3,22962,21_36_46_13_01_2025,0.51,-7.40,-6.43,0.00,-0.00,-0.00
1747,-0.13,0,-0.00,640,3,23053,21_36_46_13_01_2025,0.47,-7.32,-6.45,0.01,-0.00,-0.00
1790,-0.14,0,-0.00,638,3,23092,21_36_46_13_01_2025,0.53,-7.46,-6.40,0.00,-0.00,-0.00
1430,-0.11,0,-0.00,640,3,23161,21_36_46_13_01_2025,0.46,-7.34,-6.44,0.00,-0.00,0.00
1814,-0.14,0,-0.00,641,3,23253,21_36_46_13_01_2025,0.53,-7.34,-6.47,0.01,-0.00,-0.00
1808,-0.14,0,-0.00,641,3,23293,21_36_47_13_01_2025,0.49,-7.38,-6.46,0.00,-0.01,-0.00
1449,-0.11,0,-0.00,641,3,23362,21_36_47_13_01_2025,0.48,-7.35,-6.44,0.00,-0.00,-0.00
1454,-0.11,0,-0.00,640,3,23452,21_36_47_13_01_2025,0.52,-7.41,-6.43,0.01,-0.00,-0.00
1682,-0.13,0,-0.00,640,3,23544,21_36_47_13_01_2025,0.49,-7.38,-6.45,0.01,-0.00,-0.00
1681,-0.13,0,-0.00,640,3,23586,21_36_47_13_01_2025,0.50,-7.37,-6.45,0.00,-0.00,-0.00
2113,-0.16,0,-0.00,640,3,23653,21_36_47_13_01_2025,0.47,-7.37,-6.44,0.01,-0.00,-0.00
1711,-0.13,0,-0.00,640,3,23744,21_36_47_13_01_2025,0.53,-7.40,-6.42,0.01,-0.00,-0.00
1644,-0.12,0,-0.00,640,3,23784,21_36_47_13_01_2025,0.47,-7.38,-6.43,0.01,-0.00,-0.00
1739,-0.13,0,-0.00,641,3,23852,21_36_47_13_01_2025,0.49,-7.36,-6.44,0.01,-0.00,-0.00
1623,-0.12,0,-0.00,641,3,23943,21_36_47_13_01_2025,0.51,-7.37,-6.44,0.00,-0.00,-0.00
1571,-0.12,0,-0.00,640,3,23986,21_36_47_13_01_2025,0.50,-7.37,-6.43,0.01,-0.00,-0.00
1771,-0.13,0,-0.00,640,3,24052,21_36_47_13_01_2025,0.52,-7.40,-6.43,0.01,-0.00,-0.00
1868,-0.14,0,-0.00,641,3,24144,21_36_47_13_01_2025,0.47,-7.35,-6.46,0.00,-0.00,-0.00
1868,-0.14,0,-0.00,640,3,24235,21_36_47_13_01_2025,0.53,-7.40,-6.43,0.00,-0.00,-0.00
1760,-0.13,0,-0.00,639,3,24280,21_36_48_13_01_2025,0.47,-7.38,-6.44,0.01,-0.00,-0.00
1796,-0.14,0,-0.00,638,3,24393,21_36_48_13_01_2025,0.53,-7.35,-6.44,0.01,-0.00,-0.00
1657,-0.13,0,-0.00,640,3,24444,21_36_48_13_01_2025,0.47,-7.39,-6.44,0.01,-0.00,0.00
1821,-0.14,0,-0.00,641,3,24484,21_36_48_13_01_2025,0.50,-7.39,-6.42,0.00,-0.00,-0.00
1654,-0.13,0,-0.00,640,3,24543,21_36_48_13_01_2025,0.53,-7.34,-6.44,0.00,-0.00,-0.00
1417,-0.11,0,-0.00,641,3,24637,21_36_48_13_01_2025,0.49,-7.38,-6.43,0.01,-0.00,0.00
1766,-0.13,0,-0.00,640,3,24679,21_36_48_13_01_2025,0.52,-7.34,-6.44,0.00,-0.00,-0.00
1556,-0.12,0,-0.00,640,3,24743,21_36_48_13_01_2025,0.52,-7.36,-6.44,0.01,-0.00,-0.00
1905,-0.14,0,-0.00,640,3,24835,21_36_48_13_01_2025,0.49,-7.36,-6.43,0.01,-0.00,-0.00
1453,-0.11,0,-0.00,640,3,24925,21_36_48_13_01_2025,0.50,-7.38,-6.42,0.01,-0.00,-0.00
1690,-0.13,0,-0.00,640,3,24967,21_36_48_13_01_2025,0.50,-7.36,-6.44,0.01,-0.00,-0.00
1423,-0.11,0,-0.00,641,3,25035,21_36_48_13_01_2025,0.54,-7.37,-6.44,0.01,-0.00,-0.00
1862,-0.14,0,-0.00,638,3,25126,21_36_48_13_01_2025,0.50,-7.38,-6.43,0.01,-0.00,-0.00
1552,-0.12,0,-0.00,640,3,25167,21_36_48_13_01_2025,0.52,-7.38,-6.42,0.01,0.00,-0.00
1935,-0.15,0,-0.00,640,3,25234,21_36_48_13_01_2025,0.50,-7.41,-6.43,0.01,-0.00,-0.00
1746,-0.13,0,-0.00,641,3,25325,21_36_49_13_01_2025,0.49,-7.35,-6.42,0.01,-0.00,-0.00
1815,-0.14,0,-0.00,640,3,25367,21_36_49_13_01_2025,0.54,-7.44,-6.45,0.01,-0.00,-0.00
1527,-0.12,0,-0.00,640,3,25434,21_36_49_13_01_2025,0.50,-7.36,-6.42,0.01,-0.00,0.00
2022,-0.15,0,-0.00,640,3,25526,21_36_49_13_01_2025,0.51,-7.40,-6.43,0.01,-0.00,-0.00
1433,-0.11,0,-0.00,640,3,25616,21_36_49_13_01_2025,0.51,-7.37,-6.45,0.01,-0.00,0.00
1750,-0.13,0,-0.00,640,3,25661,21_36_49_13_01_2025,0.52,-7.36,-6.42,0.01,-0.00,-0.00
1751,-0.13,0,-0.00,641,3,25726,21_36_49_13_01_2025,0.50,-7.39,-6.42,0.00,-0.00,-0.00
1372,-0.10,0,-0.00,640,3,25817,21_36_49_13_01_2025,0.51,-7.42,-6.40,0.01,-0.00,-0.00
1662,-0.13,0,-0.00,641,3,25858,21_36_49_13_01_2025,0.52,-7.37,-6.42,0.00,-0.00,-0.00
1681,-0.13,0,-0.00,640,3,25925,21_36_49_13_01_2025,0.52,-7.39,-6.44,0.01,-0.00,-0.00
1637,-0.12,0,-0.00,640,3,26016,21_36_49_13_01_2025,0.50,-7.40,-6.45,0.01,-0.00,-0.00
1991,-0.15,0,-0.00,640,3,26061,21_36_49_13_01_2025,0.52,-7.39,-6.42,0.01,-0.00,-0.00
1991,-0.15,0,-0.00,640,3,26125,21_36_49_13_01_2025,0.50,-7.42,-6.40,0.00,-0.00,-0.00
1741,-0.13,0,-0.00,640,3,26216,21_36_49_13_01_2025,0.52,-7.39,-6.43,0.01,-0.00,-0.00
1864,-0.14,0,-0.00,640,3,26308,21_36_50_13_01_2025,0.51,-7.40,-6.40,0.00,-0.00,-0.00
1756,-0.13,0,-0.00,640,3,26349,21_36_50_13_01_2025,0.51,-7.38,-6.43,0.01,-0.00,-0.00
1762,-0.13,0,-0.00,640,3,26417,21_36_50_13_01_2025,0.51,-7.38,-6.43,0.01,-0.00,-0.00
1816,-0.14,0,-0.00,640,3,26508,21_36_50_13_01_2025,0.53,-7.41,-6.41,0.01,-0.00,-0.00
2092,-0.16,0,-0.00,640,3,26549,21_36_50_13_01_2025,0.50,-7.35,-6.43,0.00,-0.00,-0.00
1776,-0.13,0,-0.00,640,3,26616,21_36_50_13_01_2025,0.51,-7.36,-6.41,0.01,-0.00,-0.00
1436,-0.11,0,-0.00,641,3,26707,21_36_50_13_01_2025,0.50,-7.45,-6.42,0.01,-0.00,-0.00
1638,-0.12,0,-0.00,640,3,26749,21_36_50_13_01_2025,0.51,-7.36,-6.43,0.01,-0.00,-0.00
1440,-0.11,0,-0.00,640,3,26815,21_36_50_13_01_2025,0.52,-7.40,-6.42,0.01,-0.00,-0.00
1788,-0.14,0,-0.00,640,3,26907,21_36_50_13_01_2025,0.51,-7.40,-6.44,0.01,-0.00,0.00
1568,-0.12,0,-0.00,640,3,26999,21_36_50_13_01_2025,0.51,-7.39,-6.42,0.01,-0.00,-0.00
1782,-0.14,0,-0.00,640,3,27040,21_36_50_13_01_2025,0.52,-7.39,-6.41,0.00,-0.00,-0.00
1856,-0.14,0,-0.00,640,3,27107,21_36_50_13_01_2025,0.52,-7.37,-6.43,0.01,-0.00,-0.00
1935,-0.15,0,-0.00,641,3,27198,21_36_50_13_01_2025,0.50,-7.39,-6.41,0.00,-0.00,-0.00
1769,-0.13,0,-0.00,641,3,27239,21_36_50_13_01_2025,0.53,-7.40,-6.42,0.01,-0.00,-0.00
1702,-0.13,0,-0.00,640,3,27307,21_36_51_13_01_2025,0.51,-7.37,-6.43,0.00,-0.00,0.00
1777,-0.13,0,-0.00,640,3,27399,21_36_51_13_01_2025,0.50,-7.40,-6.42,0.01,-0.00,-0.00
1518,-0.12,0,-0.00,641,3,27441,21_36_51_13_01_2025,0.52,-7.38,-6.43,0.01,-0.00,-0.00
2071,-0.16,0,-0.00,640,3,27506,21_36_51_13_01_2025,0.50,-7.38,-6.42,0.01,-0.00,-0.00
1600,-0.12,0,-0.00,640,3,27598,21_36_51_13_01_2025,0.51,-7.41,-6.41,0.01,-0.00,-0.00
1679,-0.13,0,-0.00,640,3,27692,21_36_51_13_01_2025,0.51,-7.39,-6.43,0.00,-0.00,-0.00
1788,-0.14,0,-0.00,640,3,27802,21_36_51_13_01_2025,0.52,-7.38,-6.43,0.00,-0.00,-0.00
1972,-0.15,0,-0.00,638,3,27843,21_36_51_13_01_2025,0.52,-7.38,-6.42,0.00,-0.00,-0.00
2044,-0.15,0,-0.00,641,3,27889,21_36_51_13_01_2025,0.53,-7.38,-6.44,0.01,-0.00,0.00
2117,-0.16,0,-0.00,640,3,27931,21_36_51_13_01_2025,0.50,-7.39,-6.43,0.01,-0.00,-0.00
1621,-0.12,0,-0.00,640,3,27997,21_36_51_13_01_2025,0.50,-7.39,-6.43,0.01,-0.00,-0.00
1805,-0.14,0,-0.00,640,3,28090,21_36_51_13_01_2025,0.52,-7.39,-6.42,0.01,-0.00,-0.00
1666,-0.13,0,-0.00,641,3,28135,21_36_51_13_01_2025,0.51,-7.39,-6.42,0.00,-0.00,-0.00
1975,-0.15,0,-0.00,639,3,28197,21_36_51_13_01_2025,0.52,-7.39,-6.42,0.01,-0.00,-0.00
1651,-0.13,0,-0.00,641,3,28288,21_36_51_13_01_2025,0.51,-7.39,-6.42,0.01,-0.00,-0.00
1530,-0.12,0,-0.00,640,3,28381,21_36_52_13_01_2025,0.51,-7.39,-6.42,0.00,-0.00,-0.00
1614,-0.12,0,-0.00,641,3,28423,21_36_52_13_01_2025,0.51,-7.39,-6.43,0.01,-0.00,0.00
1988,-0.15,0,-0.00,640,3,28489,21_36_52_13_01_2025,0.51,-7.39,-6.42,0.01,-0.00,-0.00
1681,-0.13,0,-0.00,640,3,28580,21_36_52_13_01_2025,0.51,-7.37,-6.41,0.00,-0.00,-0.00
1560,-0.12,0,-0.00,640,3,28621,21_36_52_13_01_2025,0.52,-7.40,-6.43,0.01,-0.00,-0.00
2010,-0.15,0,-0.00,640,3,28690,21_36_52_13_01_2025,0.51,-7.40,-6.42,0.01,-0.00,-0.00
1817,-0.14,0,-0.00,640,3,28780,21_36_52_13_01_2025,0.51,-7.39,-6.43,0.01,-0.00,-0.00
2026,-0.15,0,-0.00,640,3,28822,21_36_52_13_01_2025,0.50,-7.40,-6.43,0.00,-0.00,-0.00
1809,-0.14,0,-0.00,640,3,28889,21_36_52_13_01_2025,0.52,-7.39,-6.43,0.00,-0.00,-0.00
1841,-0.14,0,-0.00,640,3,28979,21_36_52_13_01_2025,0.52,-7.38,-6.42,0.01,-0.00,-0.00
2097,-0.16,0,-0.00,640,3,29072,21_36_52_13_01_2025,0.52,-7.39,-6.41,0.01,-0.00,-0.00
1691,-0.13,0,-0.00,640,3,29114,21_36_52_13_01_2025,0.49,-7.38,-6.41,0.01,-0.00,-0.00
1729,-0.13,0,-0.00,641,3,29180,21_36_52_13_01_2025,0.51,-7.39,-6.43,0.01,-0.00,-0.00
1677,-0.13,0,-0.00,641,3,29271,21_36_52_13_01_2025,0.52,-7.39,-6.43,0.00,-0.00,-0.00
1684,-0.13,0,-0.00,641,3,29312,21_36_53_13_01_2025,0.51,-7.38,-6.42,0.00,-0.00,-0.00
1855,-0.14,0,-0.00,640,3,29380,21_36_53_13_01_2025,0.51,-7.39,-6.42,0.01,-0.00,-0.00
1990,-0.15,0,-0.00,640,3,29471,21_36_53_13_01_2025,0.50,-7.38,-6.42,0.00,-0.00,-0.00
1933,-0.15,0,-0.00,640,3,29513,21_36_53_13_01_2025,0.52,-7.38,-6.40,0.00,-0.00,-0.00
1839,-0.14,0,-0.00,640,3,29579,21_36_53_13_01_2025,0.51,-7.39,-6.43,0.00,-0.00,-0.00
1683,-0.13,0,-0.00,640,3,29670,21_36_53_13_01_2025,0.52,-7.39,-6.42,0.01,-0.00,-0.00
2103,-0.16,0,-0.00,640,3,29762,21_36_53_13_01_2025,0.50,-7.38,-6.44,0.00,-0.00,-0.00
1735,-0.13,0,-0.00,638,3,29807,21_36_53_13_01_2025,0.52,-7.38,-6.42,0.01,-0.00,-0.00
1881,-0.14,0,-0.00,640,3,29870,21_36_53_13_01_2025,0.50,-7.39,-6.43,0.00,-0.00,0.00
1770,-0.13,0,-0.00,640,3,29962,21_36_53_13_01_2025,0.51,-7.40,-6.41,0.00,-0.00,-0.00
1676,-0.13,0,-0.00,641,3,30004,21_36_53_13_01_2025,0.50,-7.38,-6.42,0.01,-0.00,-0.00
1808,-0.14,0,-0.00,640,3,30071,21_36_53_13_01_2025,0.51,-7.40,-6.41,0.01,-0.00,-0.00
1943,-0.15,0,-0.00,641,3,30162,21_36_53_13_01_2025,0.51,-7.38,-6.43,0.01,-0.00,-0.00
1758,-0.13,0,-0.00,640,3,30207,21_36_53_13_01_2025,0.52,-7.39,-6.42,0.01,-0.00,-0.00
1758,-0.13,0,-0.00,640,3,30270,21_36_53_13_01_2025,0.51,-7.39,-6.42,0.01,-0.00,-0.00
1459,-0.11,0,-0.00,638,3,30361,21_36_54_13_01_2025,0.50,-7.39,-6.43,0.00,-0.00,0.00
1475,-0.11,0,-0.00,640,3,30453,21_36_54_13_01_2025,0.52,-7.38,-6.43,0.01,-0.00,-0.00
1693,-0.13,0,-0.00,638,3,30495,21_36_54_13_01_2025,0.51,-7.38,-6.42,0.01,-0.00,-0.00
1714,-0.13,0,-0.00,640,3,30561,21_36_54_13_01_2025,0.52,-7.38,-6.43,0.00,-0.00,-0.00
1717,-0.13,0,-0.00,640,3,30653,21_36_54_13_01_2025,0.50,-7.39,-6.42,0.00,-0.00,-0.00
1841,-0.14,0,-0.00,640,3,30694,21_36_54_13_01_2025,0.52,-7.38,-6.42,0.01,-0.00,0.00
1804,-0.14,0,-0.00,640,3,30762,21_36_54_13_01_2025,0.52,-7.40,-6.43,0.00,-0.00,-0.00
1592,-0.12,0,-0.00,640,3,30853,21_36_54_13_01_2025,0.51,-7.39,-6.42,0.00,-0.00,-0.00
1713,-0.13,0,-0.00,640,3,30895,21_36_54_13_01_2025,0.51,-7.38,-6.42,0.01,-0.00,0.00
1663,-0.13,0,-0.00,640,3,30961,21_36_54_13_01_2025,0.49,-7.40,-6.41,0.01,-0.00,-0.00
1610,-0.12,0,-0.00,640,3,31053,21_36_54_13_01_2025,0.52,-7.39,-6.42,0.01,-0.00,-0.00
1764,-0.13,0,-0.00,640,3,31144,21_36_54_13_01_2025,0.50,-7.41,-6.41,0.01,-0.00,-0.00
1709,-0.13,0,-0.00,641,3,31187,21_36_54_13_01_2025,0.56,-7.42,-6.43,-0.00,-0.00,-0.00
1891,-0.14,0,-0.00,640,3,31253,21_36_54_13_01_2025,0.52,-7.37,-6.43,-0.01,-0.00,-0.00
1590,-0.12,0,-0.00,641,3,31344,21_36_55_13_01_2025,0.44,-7.31,-6.42,0.01,-0.00,-0.00
1679,-0.13,0,-0.00,640,3,31385,21_36_55_13_01_2025,0.57,-7.43,-6.43,0.01,-0.00,-0.00
1746,-0.13,0,-0.00,639,3,31452,21_36_55_13_01_2025,0.50,-7.40,-6.42,0.00,-0.01,0.00
1863,-0.14,0,-0.00,641,3,31544,21_36_55_13_01_2025,0.50,-7.34,-6.45,0.01,-0.00,-0.00
1814,-0.14,0,-0.00,640,3,31585,21_36_55_13_01_2025,0.54,-7.41,-6.43,0.01,-0.00,-0.00
1667,-0.13,0,-0.00,640,3,31652,21_36_55_13_01_2025,0.49,-7.40,-6.43,0.00,-0.01,0.00
1773,-0.13,0,-0.00,640,3,31744,21_36_55_13_01_2025,0.50,-7.36,-6.46,0.01,-0.00,-0.00
1833,-0.14,0,-0.00,641,3,31835,21_36_55_13_01_2025,0.50,-7.38,-6.44,0.01,-0.00,0.00
1787,-0.14,0,-0.00,640,3,31880,21_36_55_13_01_2025,0.51,-7.38,-6.43,0.00,-0.00,-0.00
1701,-0.13,0,-0.00,640,3,31943,21_36_55_13_01_2025,0.49,-7.38,-6.43,0.01,-0.00,-0.00
1616,-0.12,0,-0.00,640,3,32035,21_36_55_13_01_2025,0.51,-7.37,-6.43,0.01,-0.00,-0.00
1839,-0.14,0,-0.00,640,3,32076,21_36_55_13_01_2025,0.51,-7.39,-6.43,0.01,-0.00,-0.00
1531,-0.12,0,-0.00,640,3,32144,21_36_55_13_01_2025,0.50,-7.37,-6.44,0.00,-0.00,-0.00
1606,-0.12,0,-0.00,640,3,32235,21_36_55_13_01_2025,0.50,-7.36,-6.45,0.01,-0.00,-0.00
1802,-0.14,0,-0.00,640,3,32279,21_36_56_13_01_2025,0.53,-7.41,-6.42,0.00,-0.00,-0.00
1684,-0.13,0,-0.00,641,3,32343,21_36_56_13_01_2025,0.50,-7.37,-6.44,0.00,-0.01,-0.00
1526,-0.12,0,-0.00,640,3,32434,21_36_56_13_01_2025,0.49,-7.37,-6.45,0.01,-0.00,-0.00
1830,-0.14,0,-0.00,640,3,32525,21_36_56_13_01_2025,0.53,-7.39,-6.43,0.00,-0.00,-0.00
1862,-0.14,0,-0.00,640,3,32568,21_36_56_13_01_2025,0.49,-7.36,-6.43,0.01,-0.00,-0.00
1744,-0.13,0,-0.00,640,3,32635,21_36_56_13_01_2025,0.53,-7.39,-6.43,0.01,-0.00,-0.00
1655,-0.13,0,-0.00,640,3,32725,21_36_56_13_01_2025,0.51,-7.39,-6.41,0.00,-0.00,-0.00
1784,-0.14,0,-0.00,641,3,32766,21_36_56_13_01_2025,0.54,-7.38,-6.44,0.01,-0.00,0.00
1802,-0.14,0,-0.00,641,3,32835,21_36_56_13_01_2025,0.51,-7.37,-6.43,0.00,-0.00,0.00
1546,-0.12,0,-0.00,640,3,32925,21_36_56_13_01_2025,0.47,-7.38,-6.44,0.01,-0.00,-0.00
1748,-0.13,0,-0.00,640,3,32966,21_36_56_13_01_2025,0.54,-7.38,-6.43,0.00,-0.00,-0.00
1760,-0.13,0,-0.00,639,3,33034,21_36_56_13_01_2025,0.46,-7.37,-6.44,0.01,-0.00,-0.00
1893,-0.14,0,-0.00,640,3,33126,21_36_56_13_01_2025,0.53,-7.37,-6.43,0.01,-0.00,-0.00
1763,-0.13,0,-0.00,640,3,33217,21_36_56_13_01_2025,0.49,-7.51,-6.60,0.01,-0.00,-0.00
1798,-0.14,0,-0.00,640,3,33259,21_36_57_13_01_2025,0.52,-7.35,-6.40,0.01,-0.01,0.00
1801,-0.14,0,-0.00,640,3,33325,21_36_57_13_01_2025,0.49,-7.39,-6.41,0.01,-0.00,-0.00
2013,-0.15,0,-0.00,640,3,33417,21_36_57_13_01_2025,0.50,-7.41,-6.42,0.01,-0.00,-0.00
1772,-0.13,0,-0.00,640,3,33462,21_36_57_13_01_2025,0.50,-7.35,-6.43,0.01,-0.00,0.00
1716,-0.13,0,-0.00,640,3,33525,21_36_57_13_01_2025,0.48,-7.39,-6.43,0.01,-0.00,-0.00
1889,-0.14,0,-0.00,640,3,33617,21_36_57_13_01_2025,0.53,-7.37,-6.44,0.01,-0.00,0.00
1593,-0.12,0,-0.00,639,3,33658,21_36_57_13_01_2025,0.50,-7.41,-6.42,0.01,-0.00,-0.00
1932,-0.15,0,-0.00,640,3,33725,21_36_57_13_01_2025,0.51,-7.35,-6.44,0.00,-0.00,-0.00
1742,-0.13,0,-0.00,639,3,33816,21_36_57_13_01_2025,0.50,-7.37,-6.42,0.01,-0.00,-0.00
1787,-0.14,0,-0.00,640,3,33907,21_36_57_13_01_2025,0.52,-7.39,-6.43,0.01,-0.00,-0.00
1788,-0.14,0,-0.00,641,3,33949,21_36_57_13_01_2025,0.50,-7.39,-6.42,0.01,-0.00,0.00
1824,-0.14,0,-0.00,640,3,34017,21_36_57_13_01_2025,0.50,-7.39,-6.40,0.01,-0.00,-0.00
1668,-0.13,0,-0.00,640,3,34107,21_36_57_13_01_2025,0.51,-7.40,-6.42,0.01,-0.00,-0.00
1668,-0.13,0,-0.00,641,3,34148,21_36_57_13_01_2025,0.51,-7.37,-6.44,0.01,-0.00,0.00
1508,-0.11,0,-0.00,640,3,34217,21_36_57_13_01_2025,0.53,-7.38,-6.42,0.01,-0.00,-0.00
1707,-0.13,0,-0.00,639,3,34307,21_36_58_13_01_2025,0.52,-7.39,-6.42,0.00,-0.00,-0.00
1651,-0.13,0,-0.00,641,3,34348,21_36_58_13_01_2025,0.51,-7.36,-6.43,0.00,-0.00,0.00
1944,-0.15,0,-0.00,638,3,34416,21_36_58_13_01_2025,0.50,-7.40,-6.40,0.01,-0.00,-0.00
1662,-0.13,0,-0.00,641,3,34507,21_36_58_13_01_2025,0.51,-7.37,-6.42,0.00,-0.00,-0.00
1674,-0.13,0,-0.00,640,3,34600,21_36_58_13_01_2025,0.52,-7.41,-6.42,0.00,-0.00,0.00
1836,-0.14,0,-0.00,641,3,34641,21_36_58_13_01_2025,0.50,-7.37,-6.44,0.01,-0.00,-0.00
1619,-0.12,0,-0.00,640,3,34707,21_36_58_13_01_2025,0.50,-7.40,-6.40,0.01,-0.00,-0.00
1527,-0.12,0,-0.00,640,3,34799,21_36_58_13_01_2025,0.52,-7.39,-6.42,0.00,-0.00,-0.00
1691,-0.13,0,-0.00,640,3,34841,21_36_58_13_01_2025,0.52,-7.37,-6.43,0.01,-0.00,-0.00
1828,-0.14,0,-0.00,640,3,34907,21_36_58_13_01_2025,0.51,-7.40,-6.41,0.01,-0.00,-0.00
1743,-0.13,0,-0.00,641,3,34998,21_36_58_13_01_2025,0.52,-7.41,-6.41,0.00,-0.00,-0.00
1773,-0.13,0,-0.00,640,3,35039,21_36_58_13_01_2025,0.50,-7.38,-6.43,0.01,-0.00,-0.00
1632,-0.12,0,-0.00,640,3,35106,21_36_58_13_01_2025,0.53,-7.40,-6.43,0.01,-0.00,-0.00
1983,-0.15,0,-0.00,640,3,35198,21_36_58_13_01_2025,0.51,-7.39,-6.42,0.00,-0.00,-0.00
1467,-0.11,0,-0.00,640,3,35290,21_36_58_13_01_2025,0.52,-7.38,-6.43,0.01,-0.00,-0.00
1727,-0.13,0,-0.00,640,3,35332,21_36_59_13_01_2025,0.50,-7.38,-6.43,0.00,-0.00,-0.00
1500,-0.11,0,-0.00,641,3,35398,21_36_59_13_01_2025,0.52,-7.38,-6.43,0.01,-0.00,-0.00
1676,-0.13,0,-0.00,640,3,35489,21_36_59_13_01_2025,0.52,-7.40,-6.42,0.00,-0.00,-0.00
1807,-0.14,0,-0.00,641,3,35534,21_36_59_13_01_2025,0.51,-7.38,-6.42,0.00,-0.00,-0.00
1734,-0.13,0,-0.00,640,3,35599,21_36_59_13_01_2025,0.51,-7.39,-6.43,0.01,-0.00,-0.00
1489,-0.11,0,-0.00,640,3,35690,21_36_59_13_01_2025,0.50,-7.38,-6.44,0.00,-0.00,-0.00
1775,-0.13,0,-0.00,640,3,35731,21_36_59_13_01_2025,0.52,-7.39,-6.42,0.01,-0.00,-0.00
1912,-0.14,0,-0.00,640,3,35798,21_36_59_13_01_2025,0.52,-7.40,-6.42,0.01,-0.00,-0.00
1453,-0.11,0,-0.00,640,3,35890,21_36_59_13_01_2025,0.50,-7.37,-6.43,0.01,-0.00,-0.00
1760,-0.13,0,-0.00,640,3,35981,21_36_59_13_01_2025,0.51,-7.40,-6.42,0.01,-0.00,-0.00
1941,-0.15,0,-0.00,640,3,36024,21_36_59_13_01_2025,0.52,-7.38,-6.42,0.00,-0.00,-0.00
1616,-0.12,0,-0.00,640,3,36089,21_36_59_13_01_2025,0.50,-7.39,-6.43,0.01,-0.00,0.00
1631,-0.12,0,-0.00,640,3,36180,21_36_59_13_01_2025,0.52,-7.40,-6.42,0.01,-0.00,-0.00
1612,-0.12,0,-0.00,641,3,36224,21_36_59_13_01_2025,0.51,-7.39,-6.42,0.01,-0.00,-0.00
1959,-0.15,0,-0.00,640,3,36290,21_37_00_13_01_2025,0.50,-7.37,-6.42,0.01,-0.00,-0.00
2033,-0.15,0,-0.00,641,3,36380,21_37_00_13_01_2025,0.52,-7.38,-6.44,0.00,-0.00,0.00
1833,-0.14,0,-0.00,640,3,36422,21_37_00_13_01_2025,0.52,-7.39,-6.43,0.01,-0.00,-0.00
1833,-0.14,0,-0.00,640,3,36488,21_37_00_13_01_2025,0.52,-7.38,-6.44,0.00,-0.00,-0.00
1800,-0.14,0,-0.00,640,3,36581,21_37_00_13_01_2025,0.49,-7.39,-6.42,0.00,-0.00,-0.00
2072,-0.16,0,-0.00,640,3,36671,21_37_00_13_01_2025,0.53,-7.39,-6.44,0.00,-0.00,0.00
2040,-0.15,0,-0.00,640,3,36713,21_37_00_13_01_2025,0.50,-7.37,-6.43,0.01,-0.00,-0.00
1616,-0.12,0,-0.00,640,3,36780,21_37_00_13_01_2025,0.52,-7.38,-6.43,0.01,-0.00,-0.00
2006,-0.15,0,-0.00,640,3,36874,21_37_00_13_01_2025,0.52,-7.41,-6.42,0.00,-0.00,-0.00
1632,-0.12,0,-0.00,640,3,36916,21_37_00_13_01_2025,0.50,-7.38,-6.44,0.01,-0.00,-0.00
1617,-0.12,0,-0.00,639,3,36981,21_37_00_13_01_2025,0.52,-7.40,-6.41,0.01,-0.00,-0.00
1562,-0.12,0,-0.00,639,3,37071,21_37_00_13_01_2025,0.51,-7.39,-6.42,0.01,-0.00,-0.00
1943,-0.15,0,-0.00,641,3,37112,21_37_00_13_01_2025,0.52,-7.38,-6.43,0.01,-0.00,-0.00
1734,-0.13,0,-0.00,640,3,37181,21_37_00_13_01_2025,0.52,-7.42,-6.42,0.01,-0.00,-0.00
1600,-0.12,0,-0.00,640,3,37272,21_37_00_13_01_2025,0.50,-7.39,-6.43,0.01,-0.00,-0.00
1728,-0.13,0,-0.00,640,3,37362,21_37_01_13_01_2025,0.50,-7.38,-6.42,0.00,-0.00,-0.00
1680,-0.13,0,-0.00,640,3,37404,21_37_01_13_01_2025,0.50,-7.40,-6.43,0.00,-0.00,-0.00
1709,-0.13,0,-0.00,641,3,37471,21_37_01_13_01_2025,0.53,-7.38,-6.42,0.01,-0.00,-0.00
1834,-0.14,0,-0.00,641,3,37563,21_37_01_13_01_2025,0.51,-7.38,-6.43,0.01,-0.00,-0.00
1758,-0.13,0,-0.00,640,3,37607,21_37_01_13_01_2025,0.52,-7.39,-6.41,0.00,-0.00,-0.00
1843,-0.14,0,-0.00,641,3,37671,21_37_01_13_01_2025,0.50,-7.38,-6.43,0.00,-0.00,-0.00
1631,-0.12,0,-0.00,638,3,37762,21_37_01_13_01_2025,0.51,-7.40,-6.43,0.01,-0.00,0.00
1808,-0.14,0,-0.00,640,3,37803,21_37_01_13_01_2025,0.50,-7.37,-6.41,0.01,-0.00,-0.00
1806,-0.14,0,-0.00,640,3,37871,21_37_01_13_01_2025,0.51,-7.40,-6.41,0.00,-0.00,-0.00
1670,-0.13,0,-0.00,640,3,37963,21_37_01_13_01_2025,0.51,-7.38,-6.42,0.01,-0.00,0.00
1773,-0.13,0,-0.00,640,3,38054,21_37_01_13_01_2025,0.51,-7.39,-6.42,0.01,-0.00,-0.00
1988,-0.15,0,-0.00,640,3,38095,21_37_01_13_01_2025,0.50,-7.39,-6.43,0.01,-0.00,-0.00
1361,-0.10,0,-0.00,640,3,38162,21_37_01_13_01_2025,0.51,-7.39,-6.41,0.01,-0.00,-0.00
1680,-0.13,0,-0.00,640,3,38253,21_37_01_13_01_2025,0.51,-7.38,-6.43,0.00,-0.00,0.00
1788,-0.14,0,-0.00,640,3,38295,21_37_02_13_01_2025,0.52,-7.39,-6.44,0.01,-0.00,-0.00
1741,-0.13,0,-0.00,641,3,38362,21_37_02_13_01_2025,0.52,-7.39,-6.42,0.01,-0.00,-0.00
1995,-0.15,0,-0.00,640,3,38453,21_37_02_13_01_2025,0.50,-7.39,-6.42,0.01,-0.00,-0.00
1366,-0.10,0,-0.00,640,3,38494,21_37_02_13_01_2025,0.52,-7.39,-6.42,0.01,-0.00,-0.00
2032,-0.15,0,-0.00,640,3,38562,21_37_02_13_01_2025,0.53,-7.39,-6.43,0.01,-0.00,-0.00
1838,-0.14,0,-0.00,641,3,38654,21_37_02_13_01_2025,0.51,-7.38,-6.42,0.01,-0.00,-0.00
1430,-0.11,0,-0.00,641,3,38744,21_37_02_13_01_2025,0.50,-7.40,-6.42,0.01,-0.00,-0.00
1658,-0.13,0,-0.00,640,3,38786,21_37_02_13_01_2025,0.53,-7.40,-6.41,0.00,-0.00,-0.00
1435,-0.11,0,-0.00,640,3,38853,21_37_02_13_01_2025,0.51,-7.38,-6.41,0.01,-0.00,-0.00
1632,-0.12,0,-0.00,640,3,38944,21_37_02_13_01_2025,0.50,-7.39,-6.42,0.01,-0.00,-0.00
1636,-0.12,0,-0.00,640,3,38986,21_37_02_13_01_2025,0.50,-7.40,-6.43,0.01,-0.00,-0.00
1744,-0.13,0,-0.00,638,3,39052,21_37_02_13_01_2025,0.50,-7.38,-6.42,0.01,-0.00,-0.00
1808,-0.14,0,-0.00,641,3,39144,21_37_02_13_01_2025,0.52,-7.40,-6.42,0.01,-0.00,-0.00
1716,-0.13,0,-0.00,640,3,39185,21_37_02_13_01_2025,0.49,-7.39,-6.42,0.01,-0.00,0.00
1657,-0.13,0,-0.00,641,3,39253,21_37_02_13_01_2025,0.52,-7.38,-6.42,0.01,-0.00,-0.00
1714,-0.13,0,-0.00,640,3,39344,21_37_03_13_01_2025,0.51,-7.39,-6.43,0.00,-0.00,-0.00
1717,-0.13,0,-0.00,640,3,39435,21_37_03_13_01_2025,0.50,-7.37,-6.43,0.01,-0.00,-0.00
1815,-0.14,0,-0.00,641,3,39477,21_37_03_13_01_2025,0.51,-7.39,-6.43,0.00,-0.00,-0.00
1693,-0.13,0,-0.00,640,3,39543,21_37_03_13_01_2025,0.50,-7.38,-6.43,0.01,-0.00,-0.00
1788,-0.14,0,-0.00,640,3,39635,21_37_03_13_01_2025,0.51,-7.41,-6.43,0.01,-0.00,-0.00
1693,-0.13,0,-0.00,638,3,39680,21_37_03_13_01_2025,0.53,-7.38,-6.40,0.00,-0.00,-0.00
1795,-0.14,0,-0.00,641,3,39743,21_37_03_13_01_2025,0.54,-7.40,-6.42,0.01,-0.00,-0.00
1650,-0.12,0,-0.00,640,3,39835,21_37_03_13_01_2025,0.51,-7.38,-6.42,0.01,-0.00,-0.00
1640,-0.12,0,-0.00,640,3,39877,21_37_03_13_01_2025,0.53,-7.39,-6.43,0.01,-0.00,-0.00
1588,-0.12,0,-0.00,640,3,39944,21_37_03_13_01_2025,0.51,-7.38,-6.42,0.00,-0.00,-0.00
1891,-0.14,0,-0.00,640,3,40035,21_37_03_13_01_2025,0.50,-7.39,-6.42,0.01,-0.00,-0.00
1762,-0.13,0,-0.00,640,3,40126,21_37_03_13_01_2025,0.52,-7.38,-6.43,0.01,-0.00,-0.00
1512,-0.11,0,-0.00,639,3,40168,21_37_03_13_01_2025,0.51,-7.40,-6.43,0.01,-0.00,-0.00
1746,-0.13,0,-0.00,640,3,40235,21_37_03_13_01_2025,0.53,-7.40,-6.42,0.00,-0.00,-0.00
1488,-0.11,0,-0.00,640,3,40326,21_37_04_13_01_2025,0.51,-7.37,-6.43,0.01,-0.00,-0.00
1782,-0.14,0,-0.00,640,3,40368,21_37_04_13_01_2025,0.50,-7.38,-6.44,0.00,-0.00,0.00
1761,-0.13,0,-0.00,639,3,40435,21_37_04_13_01_2025,0.50,-7.38,-6.40,0.01,-0.00,-0.00
1724,-0.13,0,-0.00,640,3,40525,21_37_04_13_01_2025,0.52,-7.41,-6.43,0.01,-0.00,-0.00
1716,-0.13,0,-0.00,640,3,40646,21_37_04_13_01_2025,0.52,-7.38,-6.42,0.00,-0.00,-0.00
1630,-0.12,0,-0.00,640,3,40687,21_37_04_13_01_2025,0.51,-7.39,-6.42,0.01,-0.00,-0.00
1447,-0.11,0,-0.00,640,3,40729,21_37_04_13_01_2025,0.50,-7.38,-6.42,0.01,-0.00,-0.00
1687,-0.13,0,-0.00,640,3,40817,21_37_04_13_01_2025,0.50,-7.38,-6.42,0.01,-0.00,-0.00
1651,-0.13,0,-0.00,640,3,40858,21_37_04_13_01_2025,0.52,-7.39,-6.42,0.01,-0.00,-0.00
1743,-0.13,0,-0.00,640,3,40925,21_37_04_13_01_2025,0.51,-7.39,-6.42,0.01,-0.00,-0.00
1803,-0.14,0,-0.00,640,3,41017,21_37_04_13_01_2025,0.51,-7.37,-6.43,0.01,-0.00,-0.00
1922,-0.15,0,-0.00,640,3,41059,21_37_04_13_01_2025,0.49,-7.40,-6.42,0.00,-0.00,-0.00
1911,-0.14,0,-0.00,641,3,41125,21_37_04_13_01_2025,0.51,-7.38,-6.42,0.00,-0.00,-0.00
2094,-0.16,0,-0.00,641,3,41217,21_37_04_13_01_2025,0.54,-7.38,-6.42,0.00,-0.00,-0.00
1841,-0.14,0,-0.00,641,3,41258,21_37_05_13_01_2025,0.51,-7.39,-6.41,0.00,-0.00,-0.00
1983,-0.15,0,-0.00,640,3,41326,21_37_05_13_01_2025,0.52,-7.39,-6.43,0.01,-0.00,-0.00
1646,-0.12,0,-0.00,640,3,41417,21_37_05_13_01_2025,0.49,-7.38,-6.42,0.01,-0.00,-0.00
1868,-0.14,0,-0.00,640,3,41508,21_37_05_13_01_2025,0.53,-7.39,-6.43,0.00,-0.00,-0.00
1722,-0.13,0,-0.00,640,3,41549,21_37_05_13_01_2025,0.52,-7.40,-6.42,0.01,-0.00,-0.00
1881,-0.14,0,-0.00,640,3,41617,21_37_05_13_01_2025,0.51,-7.39,-6.42,0.01,-0.00,-0.00
1593,-0.12,0,-0.00,640,3,41708,21_37_05_13_01_2025,0.51,-7.37,-6.43,0.01,-0.00,0.00
1895,-0.14,0,-0.00,639,3,41753,21_37_05_13_01_2025,0.51,-7.42,-6.43,0.00,-0.00,-0.00
2011,-0.15,0,-0.00,640,3,41816,21_37_05_13_01_2025,0.51,-7.39,-6.41,0.01,-0.00,-0.00
1975,-0.15,0,-0.00,640,3,41907,21_37_05_13_01_2025,0.52,-7.38,-6.45,0.00,-0.01,-0.00
1855,-0.14,0,-0.00,640,3,41949,21_37_05_13_01_2025,0.49,-7.39,-6.42,0.00,-0.01,-0.00
1988,-0.15,0,-0.00,640,3,42017,21_37_05_13_01_2025,0.52,-7.39,-6.43,0.00,-0.00,-0.00
1907,-0.14,0,-0.00,640,3,42108,21_37_05_13_01_2025,0.51,-7.39,-6.42,0.01,-0.00,-0.00
1932,-0.15,0,-0.00,640,3,42199,21_37_05_13_01_2025,0.51,-7.38,-6.42,0.01,-0.00,0.00
1818,-0.14,0,-0.00,640,3,42240,21_37_05_13_01_2025,0.51,-7.39,-6.41,0.00,-0.00,-0.00
1633,-0.12,0,-0.00,640,3,42308,21_37_06_13_01_2025,0.50,-7.39,-6.43,0.00,-0.00,-0.00
1670,-0.13,0,-0.00,640,3,42399,21_37_06_13_01_2025,0.51,-7.38,-6.41,0.00,-0.00,-0.00
1495,-0.11,0,-0.00,640,3,42441,21_37_06_13_01_2025,0.52,-7.40,-6.41,0.01,-0.00,-0.00
1829,-0.14,0,-0.00,640,3,42507,21_37_06_13_01_2025,0.53,-7.39,-6.43,0.00,-0.00,0.00
1528,-0.12,0,-0.00,640,3,42598,21_37_06_13_01_2025,0.49,-7.38,-6.41,0.01,-0.00,-0.00
1807,-0.14,0,-0.00,642,3,42641,21_37_06_13_01_2025,0.53,-7.39,-6.42,0.01,-0.00,-0.00
1740,-0.13,0,-0.00,641,3,42708,21_37_06_13_01_2025,0.51,-7.38,-6.43,0.01,-0.00,0.00
1910,-0.14,0,-0.00,641,3,42798,21_37_06_13_01_2025,0.50,-7.40,-6.43,0.01,-0.00,-0.00
1593,-0.12,0,-0.00,640,3,42889,21_37_06_13_01_2025,0.50,-7.38,-6.43,0.00,-0.00,-0.00
1717,-0.13,0,-0.00,641,3,42931,21_37_06_13_01_2025,0.51,-7.40,-6.41,0.01,-0.00,-0.00
1645,-0.12,0,-0.00,640,3,42998,21_37_06_13_01_2025,0.51,-7.39,-6.44,0.01,-0.00,-0.00
1759,-0.13,0,-0.00,641,3,43091,21_37_06_13_01_2025,0.50,-7.39,-6.43,0.01,-0.00,-0.00
1645,-0.12,0,-0.00,640,3,43133,21_37_06_13_01_2025,0.54,-7.38,-6.42,0.01,-0.00,-0.00
1890,-0.14,0,-0.00,641,3,43198,21_37_06_13_01_2025,0.50,-7.39,-6.42,0.01,-0.00,-0.00
1795,-0.14,0,-0.00,640,3,43289,21_37_06_13_01_2025,0.51,-7.38,-6.43,0.01,-0.00,-0.00
1491,-0.11,0,-0.00,640,3,43331,21_37_07_13_01_2025,0.50,-7.40,-6.43,0.01,-0.00,-0.00
1880,-0.14,0,-0.00,641,3,43398,21_37_07_13_01_2025,0.48,-7.38,-6.42,0.00,-0.00,-0.00
1818,-0.14,0,-0.00,640,3,43489,21_37_07_13_01_2025,0.53,-7.39,-6.43,0.01,-0.00,-0.00
1613,-0.12,0,-0.00,641,3,43581,21_37_07_13_01_2025,0.50,-7.40,-6.41,0.01,-0.00,-0.00
1855,-0.14,0,-0.00,640,3,43622,21_37_07_13_01_2025,0.51,-7.39,-6.43,0.00,-0.00,-0.00
1411,-0.11,0,-0.00,640,3,43690,21_37_07_13_01_2025,0.50,-7.40,-6.43,0.00,-0.00,-0.00
1741,-0.13,0,-0.00,641,3,43781,21_37_07_13_01_2025,0.52,-7.39,-6.42,0.00,-0.00,-0.00
1573,-0.12,0,-0.00,640,3,43826,21_37_07_13_01_2025,0.50,-7.39,-6.42,0.01,-0.00,-0.00
1755,-0.13,0,-0.00,641,3,43889,21_37_07_13_01_2025,0.54,-7.39,-6.42,0.00,-0.00,-0.00
1837,-0.14,0,-0.00,641,3,43981,21_37_07_13_01_2025,0.50,-7.39,-6.42,0.00,-0.00,-0.00
1748,-0.13,0,-0.00,640,3,44023,21_37_07_13_01_2025,0.52,-7.39,-6.42,0.01,-0.00,-0.00
1511,-0.11,0,-0.00,640,3,44090,21_37_07_13_01_2025,0.51,-7.38,-6.42,0.01,-0.00,-0.00
1760,-0.13,0,-0.00,641,3,44180,21_37_07_13_01_2025,0.51,-7.38,-6.42,0.01,-0.00,-0.00
1756,-0.13,0,-0.00,640,3,44272,21_37_07_13_01_2025,0.51,-7.38,-6.43,0.00,-0.00,-0.00
1493,-0.11,0,-0.00,640,3,44313,21_37_08_13_01_2025,0.52,-7.38,-6.42,0.01,-0.00,-0.00
1813,-0.14,0,-0.00,641,3,44381,21_37_08_13_01_2025,0.51,-7.42,-6.42,0.00,-0.00,-0.00
1763,-0.13,0,-0.00,641,3,44473,21_37_08_13_01_2025,0.52,-7.37,-6.44,0.01,-0.00,-0.00
1917,-0.15,0,-0.00,640,3,44515,21_37_08_13_01_2025,0.49,-7.42,-6.42,0.01,-0.00,-0.00
2107,-0.16,0,-0.00,641,3,44580,21_37_08_13_01_2025,0.51,-7.38,-6.42,0.01,-0.00,-0.00
2128,-0.16,0,-0.00,640,3,44671,21_37_08_13_01_2025,0.50,-7.38,-6.44,0.01,-0.01,0.00
1992,-0.15,0,-0.00,640,3,44713,21_37_08_13_01_2025,0.53,-7.42,-6.40,-0.00,-0.00,-0.00
1758,-0.13,0,-0.00,638,3,44781,21_37_08_13_01_2025,0.56,-7.37,-6.45,-0.01,-0.00,-0.00
1756,-0.13,0,-0.00,640,3,44872,21_37_08_13_01_2025,0.42,-7.27,-6.42,0.00,-0.00,-0.00
2002,-0.15,0,-0.00,640,3,44962,21_37_08_13_01_2025,0.61,-7.45,-6.40,0.01,-0.00,-0.00
1770,-0.13,0,-0.00,640,3,45006,21_37_08_13_01_2025,0.43,-7.32,-6.46,0.00,-0.00,-0.00
1727,-0.13,0,-0.00,641,3,45072,21_37_08_13_01_2025,0.49,-7.37,-6.43,0.01,-0.00,-0.00
1813,-0.14,0,-0.00,640,3,45163,21_37_08_13_01_2025,0.56,-7.42,-6.42,0.01,-0.00,-0.00
1867,-0.14,0,-0.00,640,3,45205,21_37_08_13_01_2025,0.49,-7.37,-6.43,0.01,-0.00,-0.00
1743,-0.13,0,-0.00,640,3,45271,21_37_08_13_01_2025,0.55,-7.38,-6.44,0.01,-0.00,-0.00
1923,-0.15,0,-0.00,641,3,45363,21_37_09_13_01_2025,0.49,-7.37,-6.44,0.00,-0.00,0.00
1597,-0.12,0,-0.00,641,3,45407,21_37_09_13_01_2025,0.56,-7.40,-6.45,0.01,-0.00,-0.00
1614,-0.12,0,-0.00,640,3,45472,21_37_09_13_01_2025,0.50,-7.40,-6.43,0.00,-0.00,-0.00
1532,-0.12,0,-0.00,640,3,45562,21_37_09_13_01_2025,0.47,-7.35,-6.43,0.01,-0.00,-0.00
1526,-0.12,0,-0.00,640,3,45654,21_37_09_13_01_2025,0.57,-7.43,-6.42,0.01,-0.00,-0.00
1813,-0.14,0,-0.00,640,3,45695,21_37_09_13_01_2025,0.46,-7.32,-6.45,0.00,-0.01,-0.00
1944,-0.15,0,-0.00,640,3,45763,21_37_09_13_01_2025,0.50,-7.35,-6.45,0.01,-0.00,-0.00
2069,-0.16,0,-0.00,640,3,45854,21_37_09_13_01_2025,0.54,-7.43,-6.42,0.01,-0.00,-0.00
1758,-0.13,0,-0.00,640,3,45896,21_37_09_13_01_2025,0.47,-7.33,-6.45,0.01,-0.00,-0.00
1761,-0.13,0,-0.00,641,3,45962,21_37_09_13_01_2025,0.51,-7.37,-6.43,0.01,-0.00,-0.00
1835,-0.14,0,-0.00,640,3,46054,21_37_09_13_01_2025,0.53,-7.39,-6.42,0.00,-0.00,-0.00
1818,-0.14,0,-0.00,641,3,46096,21_37_09_13_01_2025,0.51,-7.36,-6.45,0.01,-0.00,-0.00
1710,-0.13,0,-0.00,641,3,46163,21_37_09_13_01_2025,0.53,-7.40,-6.40,0.01,-0.00,-0.00
1729,-0.13,0,-0.00,640,3,46253,21_37_09_13_01_2025,0.50,-7.38,-6.43,0.00,-0.00,-0.00
1763,-0.13,0,-0.00,640,3,46344,21_37_10_13_01_2025,0.53,-7.40,-6.44,0.01,-0.00,-0.00
1715,-0.13,0,-0.00,640,3,46385,21_37_10_13_01_2025,0.50,-7.35,-6.44,0.00,-0.00,-0.00
1690,-0.13,0,-0.00,640,3,46454,21_37_10_13_01_2025,0.51,-7.39,-6.45,0.01,-0.00,-0.00
1817,-0.14,0,-0.00,641,3,46545,21_37_10_13_01_2025,0.51,-7.39,-6.43,0.00,-0.00,-0.00
1741,-0.13,0,-0.00,640,3,46587,21_37_10_13_01_2025,0.50,-7.36,-6.44,0.01,-0.00,-0.00
1457,-0.11,0,-0.00,640,3,46652,21_37_10_13_01_2025,0.54,-7.39,-6.43,0.01,-0.00,-0.00
1613,-0.12,0,-0.00,640,3,46744,21_37_10_13_01_2025,0.51,-7.39,-6.43,0.00,-0.00,-0.00
1886,-0.14,0,-0.00,640,3,46786,21_37_10_13_01_2025,0.51,-7.37,-6.42,0.01,-0.00,-0.00
1740,-0.13,0,-0.00,640,3,46854,21_37_10_13_01_2025,0.51,-7.39,-6.42,0.01,-0.00,0.00
1880,-0.14,0,-0.00,640,3,46944,21_37_10_13_01_2025,0.52,-7.37,-6.44,0.00,-0.00,-0.00
2026,-0.15,0,-0.00,639,3,47036,21_37_10_13_01_2025,0.50,-7.38,-6.42,0.01,-0.00,-0.00
1645,-0.12,0,-0.00,641,3,47079,21_37_10_13_01_2025,0.52,-7.38,-6.42,0.00,-0.00,0.00
1695,-0.13,0,-0.00,640,3,47145,21_37_10_13_01_2025,0.49,-7.35,-6.46,0.01,-0.00,0.00
1825,-0.14,0,-0.00,641,3,47236,21_37_10_13_01_2025,0.49,-7.40,-6.44,0.01,-0.00,-0.00
1851,-0.14,0,-0.00,641,3,47277,21_37_11_13_01_2025,0.50,-7.37,-6.44,0.00,-0.00,-0.00
1801,-0.14,0,-0.00,640,3,47344,21_37_11_13_01_2025,0.49,-7.37,-6.43,0.01,-0.00,-0.00
1986,-0.15,0,-0.00,640,3,47435,21_37_11_13_01_2025,0.55,-7.40,-6.43,0.01,-0.00,-0.00
1873,-0.14,0,-0.00,640,3,47480,21_37_11_13_01_2025,0.47,-7.36,-6.43,0.01,-0.00,-0.00
1671,-0.13,0,-0.00,640,3,47544,21_37_11_13_01_2025,0.51,-7.40,-6.43,0.01,-0.00,-0.00
1602,-0.12,0,-0.00,641,3,47635,21_37_11_13_01_2025,0.53,-7.37,-6.45,0.00,-0.00,-0.00
1687,-0.13,0,-0.00,640,3,47727,21_37_11_13_01_2025,0.51,-7.38,-6.44,0.01,-0.00,-0.00
1663,-0.13,0,-0.00,641,3,47768,21_37_11_13_01_2025,0.52,-7.35,-6.42,0.00,-0.00,-0.00
1712,-0.13,0,-0.00,640,3,47836,21_37_11_13_01_2025,0.48,-7.35,-6.45,0.01,-0.00,-0.00
1922,-0.15,0,-0.00,640,3,47926,21_37_11_13_01_2025,0.55,-7.39,-6.42,0.01,-0.00,-0.00
1804,-0.14,0,-0.00,641,3,47967,21_37_11_13_01_2025,0.49,-7.36,-6.43,0.01,-0.00,-0.00
1563,-0.12,0,-0.00,641,3,48035,21_37_11_13_01_2025,0.50,-7.37,-6.44,0.01,-0.00,-0.00
1610,-0.12,0,-0.00,641,3,48127,21_37_11_13_01_2025,0.53,-7.39,-6.42,0.01,-0.00,0.00
1799,-0.14,0,-0.00,641,3,48168,21_37_11_13_01_2025,0.50,-7.36,-6.45,0.01,-0.00,-0.00
1857,-0.14,0,-0.00,640,3,48235,21_37_11_13_01_2025,0.52,-7.38,-6.45,0.01,-0.00,-0.00
1847,-0.14,0,-0.00,640,3,48326,21_37_12_13_01_2025,0.50,-7.38,-6.42,0.01,-0.00,-0.00
1735,-0.13,0,-0.00,641,3,48417,21_37_12_13_01_2025,0.51,-7.38,-6.44,0.01,-0.00,-0.00
1808,-0.14,0,-0.00,641,3,48458,21_37_12_13_01_2025,0.50,-7.38,-6.42,0.00,-0.00,0.00
1738,-0.13,0,-0.00,640,3,48527,21_37_12_13_01_2025,0.52,-7.36,-6.43,0.01,-0.00,-0.00
1992,-0.15,0,-0.00,642,3,48618,21_37_12_13_01_2025,0.52,-7.39,-6.42,0.00,-0.00,-0.00
1819,-0.14,0,-0.00,641,3,48659,21_37_12_13_01_2025,0.50,-7.37,-6.43,0.01,-0.00,0.00
1537,-0.12,0,-0.00,640,3,48726,21_37_12_13_01_2025,0.52,-7.38,-6.43,0.01,-0.00,-0.00
1890,-0.14,0,-0.00,641,3,48817,21_37_12_13_01_2025,0.51,-7.37,-6.42,0.00,-0.00,-0.00
1675,-0.13,0,-0.00,640,3,48859,21_37_12_13_01_2025,0.54,-7.37,-6.42,0.01,-0.00,-0.00
1700,-0.13,0,-0.00,640,3,48926,21_37_12_13_01_2025,0.52,-7.38,-6.42,0.00,-0.00,0.00
1497,-0.11,0,-0.00,640,3,49017,21_37_12_13_01_2025,0.49,-7.36,-6.45,0.00,-0.00,-0.00
1707,-0.13,0,-0.00,640,3,49110,21_37_12_13_01_2025,0.52,-7.37,-6.43,0.00,-0.00,-0.00
1846,-0.14,0,-0.00,641,3,49155,21_37_12_13_01_2025,0.50,-7.39,-6.42,0.01,-0.00,-0.00
1952,-0.15,0,-0.00,640,3,49218,21_37_12_13_01_2025,0.53,-7.39,-6.44,0.00,-0.00,-0.00
1761,-0.13,0,-0.00,640,3,49308,21_37_13_13_01_2025,0.51,-7.38,-6.39,0.01,-0.00,-0.00
1761,-0.13,0,-0.00,640,3,49349,21_37_13_13_01_2025,0.52,-7.37,-6.43,0.01,-0.00,-0.00
1732,-0.13,0,-0.00,640,3,49416,21_37_13_13_01_2025,0.48,-7.36,-6.44,0.00,-0.00,-0.00
1878,-0.14,0,-0.00,641,3,49509,21_37_13_13_01_2025,0.52,-7.40,-6.43,0.01,-0.00,-0.00
1757,-0.13,0,-0.00,641,3,49553,21_37_13_13_01_2025,0.47,-7.36,-6.43,0.01,-0.00,-0.00
1705,-0.13,0,-0.00,640,3,49617,21_37_13_13_01_2025,0.51,-7.42,-6.43,0.01,-0.00,-0.00
1834,-0.14,0,-0.00,641,3,49708,21_37_13_13_01_2025,0.52,-7.37,-6.44,0.00,-0.00,-0.00
1590,-0.12,0,-0.00,640,3,49799,21_37_13_13_01_2025,0.50,-7.41,-6.43,0.01,-0.00,-0.00
1751,-0.13,0,-0.00,641,3,49841,21_37_13_13_01_2025,0.50,-7.36,-6.44,0.00,-0.00,-0.00
1892,-0.14,0,-0.00,640,3,49908,21_37_13_13_01_2025,0.49,-7.37,-6.43,0.01,-0.00,-0.00
1841,-0.14,0,-0.00,641,3,50000,21_37_13_13_01_2025,0.52,-7.39,-6.42,0.00,-0.00,-0.00
1756,-0.13,0,-0.00,641,3,50040,21_37_13_13_01_2025,0.51,-7.41,-6.45,0.01,-0.00,-0.00
1692,-0.13,0,-0.00,641,3,50108,21_37_13_13_01_2025,0.52,-7.37,-6.43,0.01,-0.00,-0.00
1692,-0.13,0,-0.00,640,3,50200,21_37_13_13_01_2025,0.50,-7.38,-6.43,0.00,-0.00,-0.00
1629,-0.12,0,-0.00,641,3,50242,21_37_13_13_01_2025,0.52,-7.38,-6.44,0.01,-0.00,-0.00
1786,-0.14,0,-0.00,640,3,50308,21_37_14_13_01_2025,0.52,-7.39,-6.43,0.01,-0.00,-0.00
1628,-0.12,0,-0.00,640,3,50398,21_37_14_13_01_2025,0.50,-7.41,-6.43,0.00,-0.00,-0.00
1603,-0.12,0,-0.00,640,3,50491,21_37_14_13_01_2025,0.51,-7.36,-6.44,0.01,-0.00,-0.00
2013,-0.15,0,-0.00,640,3,50534,21_37_14_13_01_2025,0.47,-7.39,-6.43,0.00,-0.00,-0.00
1568,-0.12,0,-0.00,640,3,50600,21_37_14_13_01_2025,0.55,-7.37,-6.44,0.01,-0.00,-0.00
1573,-0.12,0,-0.00,640,3,50691,21_37_14_13_01_2025,0.54,-7.41,-6.43,0.00,-0.00,0.00
1913,-0.14,0,-0.00,641,3,50731,21_37_14_13_01_2025,0.44,-7.35,-6.46,0.00,-0.00,-0.00
1962,-0.15,0,-0.00,640,3,50798,21_37_14_13_01_2025,0.52,-7.40,-6.43,0.01,-0.00,-0.00
1937,-0.15,0,-0.00,641,3,50890,21_37_14_13_01_2025,0.56,-7.41,-6.42,0.00,-0.00,-0.00
1817,-0.14,0,-0.00,640,3,50931,21_37_14_13_01_2025,0.48,-7.34,-6.44,0.01,-0.00,-0.00
2007,-0.15,0,-0.00,641,3,50998,21_37_14_13_01_2025,0.54,-7.38,-6.44,0.01,-0.00,-0.00
2010,-0.15,0,-0.00,640,3,51090,21_37_14_13_01_2025,0.47,-7.38,-6.45,0.00,-0.01,0.00
1741,-0.13,0,-0.00,640,3,51181,21_37_14_13_01_2025,0.50,-7.38,-6.45,0.01,-0.00,-0.00
1550,-0.12,0,-0.00,641,3,51225,21_37_14_13_01_2025,0.50,-7.37,-6.45,0.00,-0.00,-0.00
1806,-0.14,0,-0.00,641,3,51290,21_37_15_13_01_2025,0.51,-7.37,-6.43,0.00,-0.00,-0.00
1877,-0.14,0,-0.00,640,3,51381,21_37_15_13_01_2025,0.52,-7.41,-6.42,0.01,-0.00,-0.00
1838,-0.14,0,-0.00,640,3,51423,21_37_15_13_01_2025,0.50,-7.35,-6.45,0.00,-0.00,-0.00
2047,-0.16,0,-0.00,641,3,51490,21_37_15_13_01_2025,0.50,-7.39,-6.41,0.01,-0.00,-0.00
1526,-0.12,0,-0.00,640,3,51581,21_37_15_13_01_2025,0.50,-7.38,-6.43,0.01,-0.00,-0.00
1872,-0.14,0,-0.00,640,3,51626,21_37_15_13_01_2025,0.51,-7.36,-6.45,0.01,-0.00,-0.00
1841,-0.14,0,-0.00,641,3,51689,21_37_15_13_01_2025,0.52,-7.37,-6.43,0.01,-0.00,-0.00
1958,-0.15,0,-0.00,640,3,51781,21_37_15_13_01_2025,0.53,-7.40,-6.42,0.01,-0.00,-0.00
1662,-0.13,0,-0.00,639,3,51872,21_37_15_13_01_2025,0.50,-7.36,-6.44,0.01,-0.00,-0.00
1577,-0.12,0,-0.00,640,3,51914,21_37_15_13_01_2025,0.52,-7.39,-6.43,0.00,-0.00,-0.00
1840,-0.14,0,-0.00,640,3,51981,21_37_15_13_01_2025,0.49,-7.36,-6.43,0.00,-0.00,-0.00
1721,-0.13,0,-0.00,640,3,52072,21_37_15_13_01_2025,0.53,-7.41,-6.42,0.00,-0.00,-0.00
1997,-0.15,0,-0.00,639,3,52113,21_37_15_13_01_2025,0.49,-7.34,-6.47,0.00,-0.00,-0.00
1863,-0.14,0,-0.00,641,3,52181,21_37_15_13_01_2025,0.48,-7.39,-6.42,0.01,-0.00,-0.00
1664,-0.13,0,-0.00,641,3,52273,21_37_15_13_01_2025,0.54,-7.41,-6.41,0.00,-0.00,-0.00
1556,-0.12,0,-0.00,641,3,52315,21_37_16_13_01_2025,0.48,-7.37,-6.44,0.01,-0.00,-0.00
1987,-0.15,0,-0.00,641,3,52380,21_37_16_13_01_2025,0.51,-7.43,-6.42,0.01,-0.00,-0.00
2055,-0.16,0,-0.00,638,3,52472,21_37_16_13_01_2025,0.53,-7.37,-6.45,0.00,-0.01,-0.00
1802,-0.14,0,-0.00,641,3,52564,21_37_16_13_01_2025,0.47,-7.36,-6.43,0.00,-0.00,-0.00
2112,-0.16,0,-0.00,640,3,52606,21_37_16_13_01_2025,0.55,-7.39,-6.44,0.00,-0.00,-0.00
2138,-0.16,0,-0.00,640,3,52672,21_37_16_13_01_2025,0.49,-7.39,-6.46,0.00,-0.00,-0.00
1864,-0.14,0,-0.00,640,3,52763,21_37_16_13_01_2025,0.50,-7.39,-6.43,0.01,-0.00,-0.00
2025,-0.15,0,-0.00,640,3,52804,21_37_16_13_01_2025,0.49,-7.35,-6.40,0.00,-0.00,-0.00
1909,-0.14,0,-0.00,638,3,52872,21_37_16_13_01_2025,0.48,-7.36,-6.45,0.01,-0.00,-0.00
1690,-0.13,0,-0.00,640,3,52964,21_37_16_13_01_2025,0.51,-7.37,-6.42,0.01,-0.00,-0.00
1806,-0.14,0,-0.00,640,3,53005,21_37_16_13_01_2025,0.50,-7.29,-6.44,0.00,-0.00,-0.00
1684,-0.13,0,-0.00,640,3,53071,21_37_16_13_01_2025,0.50,-7.38,-6.47,0.01,-0.00,0.00
1932,-0.15,0,-0.00,640,3,53163,21_37_16_13_01_2025,0.51,-7.45,-6.39,0.00,-0.00,0.00
1817,-0.14,0,-0.00,640,3,53255,21_37_16_13_01_2025,0.50,-7.38,-6.50,0.01,-0.00,0.00
1731,-0.13,0,-0.00,641,3,53299,21_37_17_13_01_2025,0.52,-7.41,-6.41,0.00,-0.00,0.00
1808,-0.14,0,-0.00,640,3,53362,21_37_17_13_01_2025,0.55,-7.32,-6.42,0.00,-0.00,0.00
2054,-0.16,0,-0.00,639,3,53454,21_37_17_13_01_2025,0.52,-7.31,-6.45,0.01,0.00,-0.00
1633,-0.12,0,-0.00,641,3,53495,21_37_17_13_01_2025,0.56,-7.37,-6.52,0.01,-0.00,-0.00
1756,-0.13,0,-0.00,640,3,53564,21_37_17_13_01_2025,0.50,-7.45,-6.41,0.00,-0.00,0.00
1778,-0.13,0,-0.00,640,3,53654,21_37_17_13_01_2025,0.46,-7.44,-6.44,0.01,-0.00,-0.00
1742,-0.13,0,-0.00,640,3,53698,21_37_17_13_01_2025,0.58,-7.41,-6.43,0.00,-0.00,-0.00
1710,-0.13,0,-0.00,640,3,53762,21_37_17_13_01_2025,0.49,-7.39,-6.43,0.00,-0.00,-0.00
1893,-0.14,0,-0.00,640,3,53854,21_37_17_13_01_2025,0.49,-7.35,-6.46,0.01,-0.00,-0.00
1831,-0.14,0,-0.00,640,3,53945,21_37_17_13_01_2025,0.49,-7.39,-6.42,0.01,-0.00,-0.00
1829,-0.14,0,-0.00,640,3,53987,21_37_17_13_01_2025,0.54,-7.43,-6.42,0.01,-0.00,-0.00
1938,-0.15,0,-0.00,640,3,54053,21_37_17_13_01_2025,0.56,-7.33,-6.45,0.00,-0.00,0.00
1817,-0.14,0,-0.00,640,3,54145,21_37_17_13_01_2025,0.46,-7.32,-6.47,0.01,-0.00,-0.00
2068,-0.16,0,-0.00,641,3,54185,21_37_17_13_01_2025,0.56,-7.37,-6.44,0.01,-0.00,-0.00
1909,-0.14,0,-0.00,640,3,54254,21_37_17_13_01_2025,0.52,-7.41,-6.40,0.01,-0.00,-0.00
1981,-0.15,0,-0.00,641,3,54345,21_37_18_13_01_2025,0.47,-7.35,-6.43,0.02,-0.00,-0.00
1716,-0.13,0,-0.00,640,3,54387,21_37_18_13_01_2025,0.55,-7.45,-6.36,0.01,-0.00,-0.00
1637,-0.12,0,-0.00,640,3,54453,21_37_18_13_01_2025,0.49,-7.38,-6.47,0.01,-0.00,-0.00
1899,-0.14,0,-0.00,640,3,54544,21_37_18_13_01_2025,0.52,-7.39,-6.44,0.01,-0.00,-0.00
1557,-0.12,0,-0.00,640,3,54636,21_37_18_13_01_2025,0.50,-7.38,-6.42,0.01,-0.00,-0.00
1768,-0.13,0,-0.00,641,3,54678,21_37_18_13_01_2025,0.52,-7.42,-6.40,0.01,-0.00,-0.00
1576,-0.12,0,-0.00,640,3,54745,21_37_18_13_01_2025,0.53,-7.40,-6.42,0.01,-0.00,0.00
1798,-0.14,0,-0.00,640,3,54836,21_37_18_13_01_2025,0.51,-7.40,-6.41,0.00,-0.00,-0.00
1838,-0.14,0,-0.00,641,3,54879,21_37_18_13_01_2025,0.54,-7.38,-6.41,0.00,-0.01,0.00
1879,-0.14,0,-0.00,640,3,54945,21_37_18_13_01_2025,0.51,-7.40,-6.43,0.00,-0.00,-0.00
1746,-0.13,0,-0.00,640,3,55036,21_37_18_13_01_2025,0.48,-7.40,-6.41,0.00,-0.00,-0.00
1865,-0.14,0,-0.00,640,3,55077,21_37_18_13_01_2025,0.53,-7.42,-6.40,0.00,-0.00,0.00
1640,-0.12,0,-0.00,640,3,55144,21_37_18_13_01_2025,0.49,-7.31,-6.38,0.00,-0.00,0.00
1835,-0.14,0,-0.00,641,3,55236,21_37_18_13_01_2025,0.50,-7.37,-6.39,0.01,-0.00,-0.00
1721,-0.13,0,-0.00,640,3,55327,21_37_19_13_01_2025,0.52,-7.40,-6.42,0.01,-0.00,-0.00
1743,-0.13,0,-0.00,639,3,55369,21_37_19_13_01_2025,0.51,-7.42,-6.42,0.01,-0.00,-0.00
2050,-0.16,0,-0.00,641,3,55436,21_37_19_13_01_2025,0.56,-7.43,-6.41,0.01,-0.00,-0.00
1987,-0.15,0,-0.00,638,3,55527,21_37_19_13_01_2025,0.50,-7.38,-6.41,0.01,-0.00,-0.00
1728,-0.13,0,-0.00,640,3,55567,21_37_19_13_01_2025,0.52,-7.41,-6.44,0.01,-0.00,-0.00
2038,-0.15,0,-0.00,640,3,55636,21_37_19_13_01_2025,0.51,-7.41,-6.37,0.00,-0.00,-0.00
1808,-0.14,0,-0.00,639,3,55727,21_37_19_13_01_2025,0.53,-7.40,-6.41,0.00,-0.00,0.00
1714,-0.13,0,-0.00,640,3,55768,21_37_19_13_01_2025,0.50,-7.35,-6.36,0.00,-0.00,-0.00
1746,-0.13,0,-0.00,640,3,55836,21_37_19_13_01_2025,0.50,-7.43,-6.43,0.00,-0.00,-0.00
1506,-0.11,0,-0.00,640,3,55927,21_37_19_13_01_2025,0.49,-7.41,-6.42,0.00,-0.00,-0.00
1845,-0.14,0,-0.00,638,3,56019,21_37_19_13_01_2025,0.54,-7.36,-6.43,0.01,-0.00,-0.00
1699,-0.13,0,-0.00,640,3,56060,21_37_19_13_01_2025,0.48,-7.57,-6.55,0.00,-0.01,0.00
1689,-0.13,0,-0.00,640,3,56127,21_37_19_13_01_2025,0.58,-7.27,-6.53,0.00,-0.00,-0.00
1893,-0.14,0,-0.00,640,3,56218,21_37_19_13_01_2025,0.46,-7.39,-6.47,0.00,-0.00,0.00
1634,-0.12,0,-0.00,640,3,56258,21_37_20_13_01_2025,0.54,-7.39,-6.43,0.01,-0.00,-0.00
2055,-0.16,0,-0.00,641,3,56327,21_37_20_13_01_2025,0.47,-7.43,-6.39,0.01,-0.00,-0.00
2055,-0.16,0,-0.00,640,3,56418,21_37_20_13_01_2025,0.55,-7.38,-6.45,0.00,-0.00,-0.00
1666,-0.13,0,-0.00,641,3,56460,21_37_20_13_01_2025,0.48,-7.42,-6.37,0.00,-0.00,0.00
1666,-0.13,0,-0.00,640,3,56526,21_37_20_13_01_2025,0.48,-7.43,-6.41,0.00,-0.00,-0.00
1755,-0.13,0,-0.00,640,3,56617,21_37_20_13_01_2025,0.53,-7.36,-6.42,0.01,-0.00,-0.00
1786,-0.14,0,-0.00,640,3,56710,21_37_20_13_01_2025,0.50,-7.36,-6.39,0.01,-0.00,-0.00
1978,-0.15,0,-0.00,640,3,56751,21_37_20_13_01_2025,0.49,-7.43,-6.34,0.00,-0.00,-0.00
1670,-0.13,0,-0.00,640,3,56817,21_37_20_13_01_2025,0.43,-7.37,-6.45,0.00,-0.00,0.00
1749,-0.13,0,-0.00,640,3,56938,21_37_20_13_01_2025,0.52,-7.41,-6.41,0.00,-0.00,-0.00
1738,-0.13,0,-0.00,638,3,56983,21_37_20_13_01_2025,0.46,-7.36,-6.42,0.01,-0.00,-0.00
1678,-0.13,0,-0.00,640,3,57025,21_37_20_13_01_2025,0.52,-7.37,-6.43,0.01,-0.00,-0.00
1539,-0.12,0,-0.00,641,3,57109,21_37_20_13_01_2025,0.55,-7.42,-6.42,0.01,-0.00,-0.00
1544,-0.12,0,-0.00,640,3,57150,21_37_20_13_01_2025,0.50,-7.39,-6.41,0.01,-0.00,-0.00
1728,-0.13,0,-0.00,641,3,57218,21_37_20_13_01_2025,0.52,-7.42,-6.41,0.01,-0.00,-0.00
1691,-0.13,0,-0.00,640,3,57309,21_37_21_13_01_2025,0.51,-7.38,-6.42,0.01,-0.00,-0.00
1543,-0.12,0,-0.00,640,3,57400,21_37_21_13_01_2025,0.52,-7.44,-6.40,0.00,-0.00,-0.00
1856,-0.14,0,-0.00,640,3,57442,21_37_21_13_01_2025,0.49,-7.38,-6.42,0.00,-0.00,-0.00
1915,-0.15,0,-0.00,640,3,57509,21_37_21_13_01_2025,0.50,-7.40,-6.44,0.01,-0.00,-0.00
1697,-0.13,0,-0.00,640,3,57600,21_37_21_13_01_2025,0.54,-7.40,-6.41,0.00,-0.00,-0.00
1893,-0.14,0,-0.00,640,3,57642,21_37_21_13_01_2025,0.47,-7.41,-6.42,0.00,-0.00,-0.00
1503,-0.11,0,-0.00,641,3,57709,21_37_21_13_01_2025,0.65,-7.35,-6.44,0.00,-0.00,-0.00
1814,-0.14,0,-0.00,640,3,57799,21_37_21_13_01_2025,0.49,-7.40,-6.39,0.01,-0.00,0.00
1808,-0.14,0,-0.00,640,3,57840,21_37_21_13_01_2025,0.51,-7.36,-6.42,0.00,-0.00,-0.00
1904,-0.14,0,-0.00,640,3,57908,21_37_21_13_01_2025,0.57,-7.33,-6.43,0.01,-0.00,-0.00
1900,-0.14,0,-0.00,640,3,58000,21_37_21_13_01_2025,0.43,-7.47,-6.35,0.01,-0.00,-0.00
1669,-0.13,0,-0.00,640,3,58091,21_37_21_13_01_2025,0.58,-7.34,-6.45,0.01,-0.00,-0.00
1805,-0.14,0,-0.00,640,3,58133,21_37_21_13_01_2025,0.51,-7.41,-6.38,0.01,-0.00,-0.00
1830,-0.14,0,-0.00,640,3,58199,21_37_21_13_01_2025,0.51,-7.41,-6.41,0.01,-0.00,-0.00
1588,-0.12,0,-0.00,641,3,58291,21_37_21_13_01_2025,0.54,-7.41,-6.41,0.01,-0.00,-0.00
1940,-0.15,0,-0.00,639,3,58372,21_37_22_13_01_2025,0.51,-7.39,-6.43,0.01,-0.00,-0.00
1933,-0.15,0,-0.00,640,3,58413,21_37_22_13_01_2025,0.50,-7.41,-6.39,0.01,-0.00,-0.00
1810,-0.14,0,-0.00,640,3,58491,21_37_22_13_01_2025,0.51,-7.43,-6.39,0.01,-0.00,-0.00
1863,-0.14,0,-0.00,641,3,58572,21_37_22_13_01_2025,0.48,-7.39,-6.41,0.01,-0.00,-0.00
1713,-0.13,0,-0.00,640,3,58616,21_37_22_13_01_2025,0.49,-7.38,-6.39,0.01,-0.00,-0.00
1727,-0.13,0,-0.00,640,3,58690,21_37_22_13_01_2025,0.51,-7.42,-6.40,0.01,-0.00,-0.00
