23162,-1.75,0,-0.00,644,3,3080,21_47_39_13_01_2025,0.51,-7.32,-6.47,-0.02,-3.90,2.36
-1541,0.12,0,-0.00,644,3,3141,21_47_39_13_01_2025,0.52,-7.36,-6.47,-0.02,0.01,0.03
-1782,0.14,0,-0.00,644,3,3178,21_47_39_13_01_2025,0.54,-7.36,-6.47,0.00,-0.00,-0.00
-1866,0.14,0,-0.00,644,3,3215,21_47_39_13_01_2025,0.53,-7.34,-6.47,0.01,-0.00,-0.00
-1671,0.13,0,-0.00,644,3,3253,21_47_39_13_01_2025,0.51,-7.34,-6.47,0.00,-0.00,-0.00
-1775,0.13,0,-0.00,644,3,3291,21_47_39_13_01_2025,0.52,-7.35,-6.47,0.01,-0.00,-0.00
-1483,0.11,0,-0.00,642,3,3328,21_47_39_13_01_2025,0.53,-7.34,-6.46,0.01,-0.00,-0.00
-1870,0.14,0,-0.00,644,3,3368,21_47_39_13_01_2025,0.53,-7.35,-6.46,0.01,-0.00,0.00
-1743,0.13,0,-0.00,644,3,3406,21_47_39_13_01_2025,0.52,-7.36,-6.47,0.01,-0.00,-0.00
-1825,0.14,0,-0.00,644,3,3444,21_47_39_13_01_2025,0.52,-7.35,-6.45,0.00,-0.00,-0.00
-1624,0.12,0,-0.00,644,3,3481,21_47_40_13_01_2025,0.53,-7.36,-6.46,0.00,-0.00,-0.00
-1908,0.14,0,-0.00,644,3,3521,21_47_40_13_01_2025,0.52,-7.30,-6.48,0.00,-0.00,-0.00
-1686,0.13,0,-0.00,645,3,3559,21_47_40_13_01_2025,0.51,-7.34,-6.44,0.01,-0.00,-0.00
-1790,0.14,0,-0.00,644,3,3599,21_47_40_13_01_2025,0.53,-7.40,-6.49,0.01,-0.00,0.00
-1474,0.11,0,-0.00,644,3,3637,21_47_40_13_01_2025,0.54,-7.35,-6.45,0.01,-0.01,0.00
-1579,0.12,0,-0.00,644,3,3675,21_47_40_13_01_2025,0.52,-7.34,-6.47,0.00,-0.00,-0.00
-1519,0.12,0,-0.00,644,3,3713,21_47_40_13_01_2025,0.50,-7.34,-6.47,0.00,-0.00,-0.00
-1500,0.11,0,-0.00,643,3,3750,21_47_40_13_01_2025,0.53,-7.36,-6.47,0.01,-0.00,-0.00
-1585,0.12,0,-0.00,644,3,3787,21_47_40_13_01_2025,0.53,-7.35,-6.45,0.00,-0.00,-0.00
-1621,0.12,0,-0.00,644,3,3828,21_47_40_13_01_2025,0.52,-7.32,-6.48,0.00,-0.00,-0.00
-1605,0.12,0,-0.00,643,3,3866,21_47_40_13_01_2025,0.51,-7.36,-6.47,0.01,-0.00,0.00
-1414,0.11,0,-0.00,643,3,3903,21_47_40_13_01_2025,0.54,-7.37,-6.48,0.01,-0.00,-0.00
-1543,0.12,0,-0.00,645,3,3941,21_47_40_13_01_2025,0.53,-7.35,-6.45,0.00,-0.00,0.00
-1759,0.13,0,-0.00,644,3,3979,21_47_40_13_01_2025,0.52,-7.36,-6.50,0.00,-0.01,-0.00
-1452,0.11,0,-0.00,644,3,4017,21_47_40_13_01_2025,0.50,-7.32,-6.48,0.01,-0.00,-0.00
-1540,0.12,0,-0.00,642,3,4057,21_47_40_13_01_2025,0.53,-7.34,-6.46,0.01,-0.00,-0.00
-1271,0.10,0,-0.00,644,3,4095,21_47_40_13_01_2025,0.55,-7.35,-6.49,0.00,-0.00,-0.00
-1286,0.10,0,-0.00,642,3,4133,21_47_40_13_01_2025,0.51,-7.35,-6.47,0.01,-0.00,-0.00
-1444,0.11,0,-0.00,644,3,4170,21_47_40_13_01_2025,0.51,-7.35,-6.46,0.00,-0.00,-0.00
-1447,0.11,0,-0.00,643,3,4207,21_47_40_13_01_2025,0.52,-7.36,-6.45,0.01,-0.00,-0.00
-1424,0.11,0,-0.00,644,3,4245,21_47_40_13_01_2025,0.54,-7.33,-6.46,0.01,-0.00,-0.00
-1195,0.09,0,-0.00,644,3,4285,21_47_40_13_01_2025,0.53,-7.35,-6.45,0.00,-0.00,-0.00
-1300,0.10,0,-0.00,644,3,4322,21_47_40_13_01_2025,0.51,-7.36,-6.47,0.01,-0.00,-0.00
-1547,0.12,0,-0.00,644,3,4359,21_47_40_13_01_2025,0.50,-7.35,-6.47,0.00,-0.00,-0.00
-1419,0.11,0,-0.00,644,3,4397,21_47_40_13_01_2025,0.53,-7.33,-6.50,0.01,-0.00,0.00
-1383,0.10,0,-0.00,644,3,4435,21_47_40_13_01_2025,0.53,-7.35,-6.47,0.01,-0.00,-0.00
-1372,0.10,0,-0.00,644,3,4472,21_47_41_13_01_2025,0.50,-7.37,-6.47,0.01,-0.00,-0.00
-1358,0.10,0,-0.00,644,3,4513,21_47_41_13_01_2025,0.53,-7.36,-6.46,0.00,-0.00,-0.00
-1070,0.08,0,-0.00,644,3,4551,21_47_41_13_01_2025,0.55,-7.29,-6.47,0.00,-0.00,-0.00
-1451,0.11,0,-0.00,643,3,4588,21_47_41_13_01_2025,0.50,-7.35,-6.49,0.01,-0.00,-0.00
-992,0.08,0,-0.00,643,3,4626,21_47_41_13_01_2025,0.51,-7.38,-6.47,0.01,-0.01,-0.00
-1256,0.10,0,-0.00,644,3,4664,21_47_41_13_01_2025,0.53,-7.39,-6.46,0.01,-0.00,-0.00
-1132,0.09,0,-0.00,644,3,4702,21_47_41_13_01_2025,0.55,-7.30,-6.47,0.00,-0.00,-0.00
-1203,0.09,0,-0.00,643,3,4742,21_47_41_13_01_2025,0.50,-7.34,-6.49,0.01,-0.00,0.00
-1065,0.08,0,-0.00,644,3,4779,21_47_41_13_01_2025,0.48,-7.34,-6.47,0.01,-0.00,-0.00
-1084,0.08,0,-0.00,644,3,4816,21_47_41_13_01_2025,0.52,-7.38,-6.44,0.01,-0.00,-0.00
-1126,0.09,0,-0.00,644,3,4854,21_47_41_13_01_2025,0.56,-7.35,-6.48,0.01,-0.00,-0.00
-1033,0.08,0,-0.00,644,3,4891,21_47_41_13_01_2025,0.54,-7.34,-6.46,0.00,-0.00,-0.00
-828,0.06,0,-0.00,644,3,4928,21_47_41_13_01_2025,0.49,-7.35,-6.49,0.01,-0.00,-0.00
-1062,0.08,0,-0.00,644,3,4969,21_47_41_13_01_2025,0.50,-7.36,-6.45,0.01,-0.00,-0.00
-820,0.06,0,-0.00,644,3,5006,21_47_41_13_01_2025,0.55,-7.32,-6.47,0.00,-0.00,-0.00
-1016,0.08,0,-0.00,644,3,5043,21_47_41_13_01_2025,0.56,-7.34,-6.48,0.00,-0.01,-0.00
-1198,0.09,0,-0.00,644,3,5080,21_47_41_13_01_2025,0.52,-7.33,-6.47,0.01,-0.00,-0.00
-1156,0.09,0,-0.00,644,3,5118,21_47_41_13_01_2025,0.49,-7.36,-6.46,0.01,-0.00,-0.00
-1222,0.09,0,-0.00,644,3,5155,21_47_41_13_01_2025,0.54,-7.35,-6.47,0.01,-0.00,-0.00
-962,0.07,0,-0.00,644,3,5196,21_47_41_13_01_2025,0.55,-7.35,-6.46,0.00,-0.00,-0.00
-1090,0.08,0,-0.00,644,3,5234,21_47_41_13_01_2025,0.53,-7.33,-6.47,0.00,-0.00,-0.00
-1036,0.08,0,-0.00,644,3,5272,21_47_41_13_01_2025,0.49,-7.34,-6.46,0.00,-0.00,-0.00
-968,0.07,0,-0.00,644,3,5309,21_47_41_13_01_2025,0.51,-7.34,-6.46,0.01,-0.00,-0.00
-1182,0.09,0,-0.00,644,3,5346,21_47_41_13_01_2025,0.55,-7.36,-6.46,0.00,-0.00,-0.00
-1347,0.10,0,-0.00,644,3,5383,21_47_41_13_01_2025,0.54,-7.33,-6.47,0.01,-0.00,-0.00
-869,0.07,0,-0.00,644,3,5424,21_47_41_13_01_2025,0.50,-7.35,-6.47,0.01,-0.01,0.00
-1072,0.08,0,-0.00,644,3,5461,21_47_41_13_01_2025,0.50,-7.35,-6.48,0.01,-0.00,-0.00
-823,0.06,0,-0.00,643,3,5498,21_47_42_13_01_2025,0.54,-7.37,-6.46,0.01,-0.00,-0.00
-786,0.06,0,-0.00,644,3,5536,21_47_42_13_01_2025,0.54,-7.35,-6.47,0.00,-0.00,-0.00
-787,0.06,0,-0.00,644,3,5574,21_47_42_13_01_2025,0.50,-7.37,-6.45,0.00,-0.00,-0.00
-926,0.07,0,-0.00,644,3,5611,21_47_42_13_01_2025,0.50,-7.33,-6.48,0.00,-0.00,-0.00
-971,0.07,0,-0.00,644,3,5652,21_47_42_13_01_2025,0.53,-7.34,-6.47,0.00,-0.00,-0.00
-919,0.07,0,-0.00,644,3,5691,21_47_42_13_01_2025,0.55,-7.35,-6.47,0.01,-0.00,0.00
-766,0.06,0,-0.00,644,3,5729,21_47_42_13_01_2025,0.52,-7.36,-6.45,0.00,-0.00,-0.00
-1021,0.08,0,-0.00,644,3,5767,21_47_42_13_01_2025,0.51,-7.34,-6.47,0.00,-0.00,-0.00
-848,0.06,0,-0.00,644,3,5805,21_47_42_13_01_2025,0.50,-7.35,-6.46,0.00,-0.00,-0.00
-843,0.06,0,-0.00,643,3,5843,21_47_42_13_01_2025,0.54,-7.32,-6.49,0.01,-0.00,-0.00
-868,0.07,0,-0.00,644,3,5884,21_47_42_13_01_2025,0.51,-7.35,-6.46,0.01,-0.00,-0.00
-850,0.06,0,-0.00,644,3,5922,21_47_42_13_01_2025,0.51,-7.36,-6.48,0.01,-0.00,-0.00
-806,0.06,0,-0.00,644,3,5960,21_47_42_13_01_2025,0.52,-7.36,-6.45,0.01,-0.00,-0.00
-950,0.07,0,-0.00,645,3,5999,21_47_42_13_01_2025,0.54,-7.35,-6.49,0.01,-0.00,-0.00
-907,0.07,0,-0.00,644,3,6037,21_47_42_13_01_2025,0.53,-7.33,-6.47,0.00,-0.00,-0.00
-692,0.05,0,-0.00,643,3,6075,21_47_42_13_01_2025,0.52,-7.33,-6.47,0.01,-0.00,-0.00
-791,0.06,0,-0.00,644,3,6115,21_47_42_13_01_2025,0.51,-7.36,-6.47,0.01,-0.00,-0.00
-657,0.05,0,-0.00,643,3,6153,21_47_42_13_01_2025,0.53,-7.35,-6.46,0.01,-0.00,-0.00
-500,0.04,0,-0.00,644,3,6192,21_47_42_13_01_2025,0.52,-7.34,-6.46,0.01,-0.00,0.00
-880,0.07,0,-0.00,644,3,6230,21_47_42_13_01_2025,0.51,-7.36,-6.48,0.01,-0.00,-0.00
-639,0.05,0,-0.00,644,3,6267,21_47_42_13_01_2025,0.53,-7.34,-6.46,0.01,-0.00,-0.00
-627,0.05,0,-0.00,644,3,6305,21_47_42_13_01_2025,0.52,-7.34,-6.47,0.00,-0.00,-0.00
-851,0.06,0,-0.00,643,3,6346,21_47_42_13_01_2025,0.51,-7.32,-6.43,0.00,-0.00,-0.00
-812,0.06,0,-0.00,645,3,6385,21_47_42_13_01_2025,0.54,-7.33,-6.48,0.00,-0.00,-0.00
-542,0.04,0,-0.00,644,3,6422,21_47_42_13_01_2025,0.52,-7.38,-6.47,0.01,-0.00,0.00
-976,0.07,0,-0.00,644,3,6459,21_47_42_13_01_2025,0.51,-7.34,-6.45,0.00,-0.00,-0.00
-900,0.07,0,-0.00,644,3,6498,21_47_43_13_01_2025,0.52,-7.33,-6.46,0.01,-0.01,-0.00
-650,0.05,0,-0.00,644,3,6536,21_47_43_13_01_2025,0.54,-7.34,-6.49,0.01,-0.00,-0.00
-508,0.04,0,-0.00,644,3,6576,21_47_43_13_01_2025,0.52,-7.36,-6.46,0.01,-0.00,0.00
-849,0.06,0,-0.00,644,3,6614,21_47_43_13_01_2025,0.51,-7.36,-6.46,0.00,-0.00,-0.00
-685,0.05,0,-0.00,644,3,6653,21_47_43_13_01_2025,0.55,-7.37,-6.47,0.00,-0.00,-0.00
-812,0.06,0,-0.00,644,3,6690,21_47_43_13_01_2025,0.53,-7.33,-6.47,-0.01,-0.00,-0.00
-546,0.04,0,-0.00,644,3,6729,21_47_43_13_01_2025,0.51,-7.31,-6.47,0.00,-0.00,-0.00
-732,0.06,0,-0.00,644,3,6766,21_47_43_13_01_2025,0.50,-7.31,-6.48,0.00,-0.00,-0.00
-728,0.06,0,-0.00,643,3,6807,21_47_43_13_01_2025,0.53,-7.32,-6.48,0.00,-0.00,-0.00
-843,0.06,0,-0.00,644,3,6845,21_47_43_13_01_2025,0.54,-7.35,-6.48,0.01,-0.00,-0.00
-875,0.07,0,-0.00,644,3,6884,21_47_43_13_01_2025,0.53,-7.34,-6.47,0.00,-0.01,-0.00
-559,0.04,0,-0.00,644,3,6922,21_47_43_13_01_2025,0.50,-7.34,-6.47,0.01,-0.00,-0.00
-841,0.06,0,-0.00,642,3,6960,21_47_43_13_01_2025,0.52,-7.33,-6.48,0.00,-0.00,-0.00
-512,0.04,0,-0.00,644,3,6997,21_47_43_13_01_2025,0.54,-7.32,-6.48,0.00,-0.00,-0.00
-384,0.03,0,-0.00,645,3,7035,21_47_43_13_01_2025,0.54,-7.34,-6.48,0.00,-0.00,-0.00
-690,0.05,0,-0.00,644,3,7076,21_47_43_13_01_2025,0.52,-7.35,-6.48,0.01,-0.00,-0.00
-643,0.05,0,-0.00,644,3,7114,21_47_43_13_01_2025,0.52,-7.33,-6.48,0.00,-0.00,-0.00
-745,0.06,0,-0.00,644,3,7152,21_47_43_13_01_2025,0.54,-7.35,-6.48,0.00,-0.00,-0.00
-616,0.05,0,-0.00,645,3,7191,21_47_43_13_01_2025,0.53,-7.33,-6.49,0.00,-0.00,-0.00
-564,0.04,0,-0.00,644,3,7229,21_47_43_13_01_2025,0.52,-7.34,-6.46,0.00,-0.00,-0.00
-334,0.03,0,-0.00,644,3,7266,21_47_43_13_01_2025,0.51,-7.33,-6.46,0.00,-0.00,-0.00
-438,0.03,0,-0.00,644,3,7308,21_47_43_13_01_2025,0.53,-7.33,-6.46,0.01,-0.00,-0.00
-553,0.04,0,-0.00,644,3,7346,21_47_43_13_01_2025,0.54,-7.34,-6.47,0.00,-0.00,-0.00
-326,0.02,0,-0.00,644,3,7384,21_47_43_13_01_2025,0.52,-7.35,-6.47,0.01,-0.00,-0.00
-494,0.04,0,-0.00,644,3,7422,21_47_43_13_01_2025,0.51,-7.33,-6.49,0.00,-0.00,-0.00
-392,0.03,0,-0.00,645,3,7461,21_47_43_13_01_2025,0.51,-7.34,-6.48,0.01,-0.00,-0.00
-313,0.02,0,-0.00,645,3,7499,21_47_44_13_01_2025,0.54,-7.34,-6.48,0.01,-0.00,-0.00
-278,0.02,0,-0.00,644,3,7539,21_47_44_13_01_2025,0.53,-7.35,-6.47,0.00,-0.00,-0.00
-316,0.02,0,-0.00,644,3,7578,21_47_44_13_01_2025,0.51,-7.32,-6.48,0.00,-0.00,-0.00
-305,0.02,0,-0.00,644,3,7616,21_47_44_13_01_2025,0.51,-7.34,-6.47,0.01,-0.00,-0.00
-100,0.01,0,-0.00,644,3,7655,21_47_44_13_01_2025,0.53,-7.33,-6.49,0.01,-0.00,-0.00
-237,0.02,0,-0.00,644,3,7693,21_47_44_13_01_2025,0.53,-7.35,-6.48,0.01,-0.01,-0.00
-13,0.00,0,-0.00,644,3,7732,21_47_44_13_01_2025,0.52,-7.33,-6.48,0.00,-0.00,-0.00
-165,0.01,0,-0.00,644,3,7773,21_47_44_13_01_2025,0.51,-7.34,-6.48,0.01,-0.00,0.00
-57,0.00,0,-0.00,644,3,7810,21_47_44_13_01_2025,0.53,-7.32,-6.48,0.01,-0.00,-0.00
254,-0.02,0,-0.00,644,3,7850,21_47_44_13_01_2025,0.53,-7.35,-6.47,0.01,-0.00,0.00
124,-0.01,0,-0.00,643,3,7889,21_47_44_13_01_2025,0.53,-7.34,-6.47,0.01,-0.00,-0.00
34,-0.00,0,-0.00,644,3,7928,21_47_44_13_01_2025,0.51,-7.35,-6.45,0.01,-0.00,-0.00
-45,0.00,0,-0.00,643,3,7968,21_47_44_13_01_2025,0.53,-7.31,-6.48,0.00,-0.00,-0.00
-93,0.01,0,-0.00,644,3,8008,21_47_44_13_01_2025,0.51,-7.33,-6.47,0.01,-0.00,-0.00
-59,0.00,0,-0.00,644,3,8046,21_47_44_13_01_2025,0.56,-7.29,-6.50,0.01,0.00,-0.00
-48,0.00,0,-0.00,641,3,8085,21_47_44_13_01_2025,0.51,-7.35,-6.67,-0.08,0.02,-0.28
-335,0.03,0,-0.00,643,3,8123,21_47_44_13_01_2025,0.61,-7.28,-6.66,-0.03,0.01,-0.08
-253,0.02,0,-0.00,644,3,8235,21_47_44_13_01_2025,0.62,-7.40,-6.47,0.02,-0.01,0.00
-189,0.01,0,-0.00,644,3,8274,21_47_44_13_01_2025,0.70,-7.75,-6.40,0.00,-0.00,0.03
-412,0.03,0,-0.00,644,3,8315,21_47_44_13_01_2025,0.56,-7.43,-6.45,0.07,-0.03,0.09
614,-0.05,0,-0.00,644,3,8355,21_47_44_13_01_2025,0.63,-7.40,-6.55,0.02,-0.01,0.03
-157,0.01,0,-0.00,644,3,8394,21_47_44_13_01_2025,0.58,-7.30,-6.50,-0.04,0.01,-0.03
224,-0.02,0,-0.00,644,3,8433,21_47_44_13_01_2025,0.56,-7.26,-6.54,-0.00,-0.00,-0.01
-12,0.00,0,-0.00,644,3,8471,21_47_45_13_01_2025,0.54,-7.30,-6.48,0.00,-0.00,-0.00
-35,0.00,0,-0.00,644,3,8510,21_47_45_13_01_2025,0.57,-7.29,-6.47,0.01,-0.00,-0.00
-113,0.01,0,-0.00,644,3,8550,21_47_45_13_01_2025,0.59,-7.51,-6.41,0.04,-0.01,0.02
-170,0.01,0,-0.00,644,3,8588,21_47_45_13_01_2025,0.61,-7.43,-6.31,0.00,0.03,-0.01
-258,0.02,0,-0.00,644,3,8627,21_47_45_13_01_2025,0.58,-7.47,-6.52,0.03,0.03,0.01
-483,0.04,0,-0.00,644,3,8666,21_47_45_13_01_2025,0.57,-7.30,-6.47,0.00,0.00,-0.00
-230,0.02,0,-0.00,644,3,8703,21_47_45_13_01_2025,0.58,-7.35,-6.47,0.01,0.00,0.00
-311,0.02,0,-0.00,644,3,8741,21_47_45_13_01_2025,0.58,-7.36,-6.48,0.01,-0.00,-0.00
-166,0.01,0,-0.00,644,3,8782,21_47_45_13_01_2025,0.57,-7.33,-6.47,0.01,-0.00,-0.00
-252,0.02,0,-0.00,644,3,8820,21_47_45_13_01_2025,0.58,-7.36,-6.48,0.00,-0.00,-0.00
-220,0.02,0,-0.00,642,3,8858,21_47_45_13_01_2025,0.60,-7.31,-6.48,0.01,0.00,0.00
-209,0.02,0,-0.00,644,3,8896,21_47_45_13_01_2025,0.60,-7.37,-6.45,0.00,0.00,-0.00
-52,0.00,0,-0.00,641,3,8935,21_47_45_13_01_2025,0.67,-8.20,-6.98,0.01,-0.09,-0.02
-144,0.01,0,-0.00,643,3,8973,21_47_45_13_01_2025,0.69,-7.45,-6.15,0.07,0.11,0.05
-380,0.03,0,-0.00,644,3,9011,21_47_45_13_01_2025,0.63,-7.43,-6.54,0.03,0.01,0.01
-233,0.02,0,-0.00,643,3,9052,21_47_45_13_01_2025,0.61,-7.33,-6.49,0.02,-0.01,0.01
-125,0.01,0,-0.00,643,3,9090,21_47_45_13_01_2025,0.60,-7.32,-6.49,0.00,-0.01,-0.00
-140,0.01,0,-0.00,644,3,9128,21_47_45_13_01_2025,0.64,-7.56,-6.83,0.08,-0.04,0.05
-142,0.01,0,-0.00,645,3,9167,21_47_45_13_01_2025,0.78,-7.55,-6.51,0.06,-0.03,0.01
-288,0.02,0,-0.00,644,3,9205,21_47_45_13_01_2025,0.55,-7.58,-6.48,0.03,-0.01,0.02
-191,0.01,0,-0.00,644,3,9243,21_47_45_13_01_2025,0.59,-7.45,-6.43,-0.00,0.01,-0.01
-220,0.02,0,-0.00,644,3,9285,21_47_45_13_01_2025,0.53,-7.21,-6.45,0.01,-0.00,-0.02
-147,0.01,0,-0.00,644,3,9323,21_47_45_13_01_2025,0.57,-7.34,-6.47,0.00,-0.01,-0.01
-191,0.01,0,-0.00,644,3,9362,21_47_45_13_01_2025,0.62,-7.37,-6.43,0.01,-0.00,0.00
-143,0.01,0,-0.00,643,3,9400,21_47_45_13_01_2025,0.62,-7.38,-6.43,0.01,-0.00,0.00
-77,0.01,0,-0.00,644,3,9438,21_47_45_13_01_2025,0.61,-7.34,-6.48,0.00,-0.00,-0.00
-301,0.02,0,-0.00,644,3,9476,21_47_46_13_01_2025,0.59,-7.36,-6.46,0.00,-0.00,0.00
-325,0.02,0,-0.00,644,3,9517,21_47_46_13_01_2025,0.60,-7.32,-6.48,0.01,-0.01,-0.00
120,-0.01,0,-0.00,644,3,9556,21_47_46_13_01_2025,0.62,-7.36,-6.47,0.01,-0.00,0.00
244,-0.02,0,-0.00,644,3,9596,21_47_46_13_01_2025,0.62,-7.34,-6.47,0.01,-0.01,0.00
-222,0.02,0,-0.00,644,3,9634,21_47_46_13_01_2025,0.60,-7.37,-6.42,0.01,-0.00,-0.00
67,-0.01,0,-0.00,642,3,9673,21_47_46_13_01_2025,0.63,-7.34,-6.46,0.01,-0.01,0.00
79,-0.01,0,-0.00,643,3,9713,21_47_46_13_01_2025,0.61,-7.37,-6.43,0.02,-0.01,0.01
16,-0.00,0,-0.00,644,3,9754,21_47_46_13_01_2025,0.60,-7.28,-6.50,0.00,-0.00,-0.00
12,-0.00,0,-0.00,644,3,9794,21_47_46_13_01_2025,0.59,-7.30,-6.36,-0.01,0.01,-0.01
43,-0.00,0,-0.00,644,3,9836,21_47_46_13_01_2025,0.62,-7.36,-6.43,-0.00,-0.00,-0.01
316,-0.02,0,-0.00,645,3,9875,21_47_46_13_01_2025,0.62,-7.42,-6.46,0.02,-0.01,0.01
196,-0.01,0,-0.00,644,3,9945,21_47_46_13_01_2025,0.62,-7.36,-6.47,-0.00,-0.01,-0.00
-162,0.01,0,-0.00,644,3,10035,21_47_46_13_01_2025,0.62,-7.72,-6.38,0.03,0.04,0.03
-87,0.01,0,-0.00,644,3,10077,21_47_46_13_01_2025,0.62,-7.49,-6.43,-0.00,0.00,-0.00
51,-0.00,0,-0.00,644,3,10142,21_47_46_13_01_2025,0.51,-7.26,-6.62,0.00,-0.01,-0.00
542,-0.04,0,-0.00,644,3,10233,21_47_46_13_01_2025,0.60,-7.17,-6.65,-0.03,0.16,0.00
447,-0.03,0,-0.00,644,3,10273,21_47_46_13_01_2025,0.70,-7.48,-6.26,-0.03,0.08,0.01
676,-0.05,0,-0.00,644,3,10342,21_47_46_13_01_2025,0.70,-7.26,-6.49,0.01,-0.01,-0.02
539,-0.04,0,-0.00,644,3,10433,21_47_46_13_01_2025,0.74,-7.26,-6.54,0.00,0.01,-0.01
742,-0.06,0,-0.00,643,3,10475,21_47_47_13_01_2025,0.75,-7.32,-6.45,0.01,-0.00,-0.01
918,-0.07,0,-0.00,644,3,10542,21_47_47_13_01_2025,0.76,-7.28,-6.52,0.02,-0.01,-0.02
873,-0.07,0,-0.00,644,3,10635,21_47_47_13_01_2025,0.77,-7.38,-6.54,0.00,-0.01,-0.00
625,-0.05,0,-0.00,644,3,10724,21_47_47_13_01_2025,0.80,-7.38,-6.61,0.01,-0.02,0.00
920,-0.07,0,-0.00,644,3,10764,21_47_47_13_01_2025,0.76,-7.29,-6.47,0.00,-0.01,-0.02
1194,-0.09,0,-0.00,644,3,10833,21_47_47_13_01_2025,0.80,-7.22,-6.45,0.00,-0.02,-0.01
1050,-0.08,0,-0.00,644,3,10924,21_47_47_13_01_2025,0.77,-7.32,-6.49,0.01,-0.01,-0.00
950,-0.07,0,-0.00,644,3,10965,21_47_47_13_01_2025,0.76,-7.29,-6.45,0.03,-0.03,-0.01
1074,-0.08,0,-0.00,644,3,11034,21_47_47_13_01_2025,0.76,-7.29,-6.51,0.01,-0.01,-0.00
895,-0.07,0,-0.00,644,3,11125,21_47_47_13_01_2025,0.77,-7.30,-6.47,0.01,-0.02,-0.01
824,-0.06,0,-0.00,644,3,11164,21_47_47_13_01_2025,0.63,-7.09,-6.82,0.08,-0.10,-0.01
1041,-0.08,0,-0.00,645,3,11234,21_47_47_13_01_2025,0.73,-7.45,-6.59,0.04,-0.00,0.02
694,-0.05,0,-0.00,644,3,11325,21_47_47_13_01_2025,0.73,-7.44,-6.32,-0.01,-0.05,-0.02
841,-0.06,0,-0.00,641,3,11416,21_47_47_13_01_2025,0.64,-7.28,-6.24,0.05,-0.04,0.05
768,-0.06,0,-0.00,645,3,11456,21_47_47_13_01_2025,0.60,-7.38,-6.55,0.03,-0.04,-0.03
542,-0.04,0,-0.00,644,3,11525,21_47_48_13_01_2025,0.61,-7.63,-6.17,-0.00,0.01,-0.05
558,-0.04,0,-0.00,645,3,11616,21_47_48_13_01_2025,0.47,-7.23,-6.54,0.01,0.00,-0.00
440,-0.03,0,-0.00,644,3,11656,21_47_48_13_01_2025,1.07,-7.25,-6.42,-0.08,0.10,-0.04
296,-0.02,0,-0.00,643,3,11725,21_47_48_13_01_2025,0.76,-7.38,-6.33,-0.05,0.05,-0.02
74,-0.01,0,-0.00,643,3,11816,21_47_48_13_01_2025,0.54,-7.25,-6.73,-0.02,0.04,0.03
200,-0.02,0,-0.00,644,3,11855,21_47_48_13_01_2025,0.81,-7.23,-6.58,-0.01,-0.01,-0.02
94,-0.01,0,-0.00,644,3,11925,21_47_48_13_01_2025,0.67,-7.38,-6.42,0.00,-0.03,-0.01
-77,0.01,0,-0.00,644,3,12016,21_47_48_13_01_2025,0.77,-7.34,-6.61,0.01,0.00,0.02
2,-0.00,0,-0.00,644,3,12106,21_47_48_13_01_2025,0.66,-7.35,-6.39,0.00,-0.02,0.00
-29,0.00,0,-0.00,644,3,12146,21_47_48_13_01_2025,0.80,-7.17,-6.72,-0.00,-0.10,-0.03
117,-0.01,0,-0.00,644,3,12213,21_47_48_13_01_2025,0.74,-7.25,-6.66,-0.03,0.04,-0.03
259,-0.02,0,-0.00,644,3,12305,21_47_48_13_01_2025,0.70,-7.20,-6.45,0.01,-0.11,-0.02
377,-0.03,0,-0.00,644,3,12345,21_47_48_13_01_2025,0.70,-7.33,-6.37,0.00,-0.01,-0.01
133,-0.01,0,-0.00,644,3,12414,21_47_48_13_01_2025,0.72,-7.27,-6.64,-0.00,-0.06,-0.02
-736,0.06,0,-0.00,644,3,12503,21_47_48_13_01_2025,0.54,-7.13,-6.86,-0.06,0.08,-0.03
497,-0.04,0,-0.00,644,3,12542,21_47_49_13_01_2025,0.79,-7.32,-6.66,0.02,0.03,-0.02
-392,0.03,0,-0.00,642,3,12611,21_47_49_13_01_2025,0.76,-7.17,-6.55,0.02,0.01,0.01
-66,0.00,0,-0.00,642,3,12701,21_47_49_13_01_2025,0.71,-7.19,-6.53,0.01,0.03,0.01
-229,0.02,0,-0.00,644,3,12740,21_47_49_13_01_2025,0.77,-7.15,-6.84,-0.05,0.01,0.04
-21,0.00,0,-0.00,644,3,12807,21_47_49_13_01_2025,0.82,-7.33,-6.53,0.05,-0.04,0.02
126,-0.01,0,-0.00,644,3,12900,21_47_49_13_01_2025,0.77,-7.26,-6.57,0.00,0.01,0.00
-82,0.01,0,-0.00,644,3,12938,21_47_49_13_01_2025,0.75,-7.23,-6.54,0.01,0.00,0.00
2,-0.00,0,-0.00,644,3,13006,21_47_49_13_01_2025,0.80,-7.29,-6.55,0.05,-0.01,0.03
-112,0.01,0,-0.00,644,3,13096,21_47_49_13_01_2025,0.88,-7.09,-6.68,0.03,0.07,0.06
-274,0.02,0,-0.00,644,3,13134,21_47_49_13_01_2025,0.77,-7.22,-6.63,0.00,-0.00,-0.01
-122,0.01,0,-0.00,645,3,13202,21_47_49_13_01_2025,0.77,-7.25,-6.55,-0.00,0.00,-0.01
-420,0.03,0,-0.00,644,3,13292,21_47_49_13_01_2025,0.77,-7.25,-6.56,0.02,-0.00,0.00
-220,0.02,0,-0.00,644,3,13329,21_47_49_13_01_2025,0.75,-7.20,-6.56,-0.00,-0.01,-0.00
-534,0.04,0,-0.00,644,3,13399,21_47_49_13_01_2025,0.78,-7.26,-6.55,0.02,-0.01,0.01
-482,0.04,0,-0.00,644,3,13489,21_47_49_13_01_2025,0.76,-7.25,-6.50,0.02,-0.00,0.00
-620,0.05,0,-0.00,644,3,13528,21_47_50_13_01_2025,0.76,-7.22,-6.51,0.00,-0.01,-0.00
-426,0.03,0,-0.00,644,3,13595,21_47_50_13_01_2025,0.75,-7.28,-6.58,0.01,-0.01,0.00
-711,0.05,0,-0.00,644,3,13633,21_47_50_13_01_2025,0.76,-7.24,-6.53,-0.01,0.00,-0.01
-624,0.05,0,-0.00,644,3,13700,21_47_50_13_01_2025,0.76,-7.26,-6.53,-0.00,-0.00,-0.00
-530,0.04,0,-0.00,644,3,13791,21_47_50_13_01_2025,0.74,-7.24,-6.55,0.00,0.00,-0.00
-534,0.04,0,-0.00,642,3,13829,21_47_50_13_01_2025,0.82,-7.24,-6.51,0.01,0.00,-0.00
-932,0.07,0,-0.00,644,3,13896,21_47_50_13_01_2025,0.77,-7.26,-6.55,0.02,0.01,0.00
-785,0.06,0,-0.00,644,3,13986,21_47_50_13_01_2025,0.85,-7.25,-6.56,0.03,0.06,0.01
-974,0.07,0,-0.00,644,3,14025,21_47_50_13_01_2025,0.72,-7.23,-6.44,0.01,-0.02,0.02
-822,0.06,0,-0.00,643,3,14093,21_47_50_13_01_2025,0.48,-7.31,-6.67,0.02,-0.04,0.05
-1134,0.09,0,-0.00,644,3,14183,21_47_50_13_01_2025,0.81,-7.27,-6.43,0.00,0.00,-0.01
-1153,0.09,0,-0.00,644,3,14221,21_47_50_13_01_2025,0.79,-7.39,-6.37,-0.01,0.00,0.02
-913,0.07,0,-0.00,642,3,14288,21_47_50_13_01_2025,0.72,-7.29,-6.58,0.00,-0.02,0.01
-1019,0.08,0,-0.00,644,3,14379,21_47_50_13_01_2025,0.55,-7.08,-7.03,-0.08,0.07,-0.03
-1316,0.10,0,-0.00,644,3,14417,21_47_50_13_01_2025,0.87,-7.09,-6.60,0.02,-0.04,-0.02
-1142,0.09,0,-0.00,644,3,14485,21_47_50_13_01_2025,0.69,-7.20,-6.40,-0.02,0.02,0.00
-1009,0.08,0,-0.00,644,3,14576,21_47_51_13_01_2025,0.97,-7.37,-6.54,0.01,0.03,0.01
-1104,0.08,0,-0.00,644,3,14614,21_47_51_13_01_2025,0.74,-7.26,-6.55,-0.03,0.04,0.01
-1167,0.09,0,-0.00,644,3,14681,21_47_51_13_01_2025,0.77,-7.28,-6.49,0.04,-0.04,-0.00
-976,0.07,0,-0.00,644,3,14773,21_47_51_13_01_2025,1.14,-7.12,-6.37,0.05,-0.02,0.08
-871,0.07,0,-0.00,643,3,14813,21_47_51_13_01_2025,0.68,-7.23,-6.56,0.04,-0.05,-0.02
-1265,0.10,0,-0.00,644,3,14877,21_47_51_13_01_2025,0.71,-7.19,-6.58,0.08,-0.12,0.02
-1324,0.10,0,-0.00,644,3,14918,21_47_51_13_01_2025,0.81,-7.11,-6.68,-0.10,0.07,-0.05
-1144,0.09,0,-0.00,644,3,14985,21_47_51_13_01_2025,0.67,-7.14,-6.59,-0.03,0.02,-0.03
-1196,0.09,0,-0.00,644,3,15075,21_47_51_13_01_2025,0.72,-7.27,-6.46,0.05,-0.04,0.02
-1255,0.10,0,-0.00,645,3,15114,21_47_51_13_01_2025,0.78,-7.23,-6.66,0.03,-0.04,0.01
-1065,0.08,0,-0.00,644,3,15180,21_47_51_13_01_2025,0.71,-7.28,-6.53,0.01,-0.00,0.00
-1127,0.09,0,-0.00,644,3,15270,21_47_51_13_01_2025,0.72,-7.35,-6.66,0.01,-0.00,0.00
-1094,0.08,0,-0.00,643,3,15310,21_47_51_13_01_2025,0.72,-7.29,-6.51,0.02,-0.02,0.01
-1298,0.10,0,-0.00,644,3,15376,21_47_51_13_01_2025,0.70,-7.26,-6.56,0.01,-0.01,0.00
-1196,0.09,0,-0.00,645,3,15467,21_47_51_13_01_2025,0.65,-7.29,-6.41,-0.02,0.09,0.06
-1229,0.09,0,-0.00,644,3,15506,21_47_52_13_01_2025,0.73,-7.28,-6.54,0.02,-0.02,0.01
-1259,0.10,0,-0.00,644,3,15572,21_47_52_13_01_2025,0.60,-7.40,-6.51,0.06,-0.06,0.02
-1268,0.10,0,-0.00,644,3,15662,21_47_52_13_01_2025,0.63,-7.27,-6.50,-0.02,0.03,-0.01
-1269,0.10,0,-0.00,644,3,15703,21_47_52_13_01_2025,0.66,-7.22,-6.53,-0.01,0.01,-0.00
-1176,0.09,0,-0.00,644,3,15770,21_47_52_13_01_2025,0.67,-7.28,-6.53,0.02,-0.01,0.00
-1001,0.08,0,-0.00,644,3,15858,21_47_52_13_01_2025,0.66,-7.29,-6.53,-0.01,0.02,0.00
-1323,0.10,0,-0.00,644,3,15898,21_47_52_13_01_2025,0.71,-7.16,-6.66,-0.03,0.06,0.02
-1093,0.08,0,-0.00,644,3,15964,21_47_52_13_01_2025,0.54,-7.35,-6.49,0.02,-0.01,0.00
-1130,0.09,0,-0.00,642,3,16056,21_47_52_13_01_2025,0.66,-7.28,-6.44,0.02,-0.00,0.01
-1310,0.10,0,-0.00,644,3,16098,21_47_52_13_01_2025,0.66,-7.26,-6.50,-0.01,0.01,-0.01
-967,0.07,0,-0.00,644,3,16162,21_47_52_13_01_2025,0.66,-7.25,-6.54,0.03,-0.02,0.01
-1039,0.08,0,-0.00,643,3,16200,21_47_52_13_01_2025,0.59,-7.29,-6.52,0.02,-0.02,0.00
-983,0.07,0,-0.00,644,3,16267,21_47_52_13_01_2025,0.71,-7.24,-6.47,0.01,-0.07,-0.01
-895,0.07,0,-0.00,644,3,16357,21_47_52_13_01_2025,0.62,-7.31,-6.61,0.01,-0.00,0.00
-1297,0.10,0,-0.00,642,3,16396,21_47_52_13_01_2025,0.65,-7.28,-6.53,0.00,0.00,-0.00
-909,0.07,0,-0.00,644,3,16464,21_47_52_13_01_2025,0.64,-7.28,-6.53,0.00,0.01,0.00
-1073,0.08,0,-0.00,644,3,16553,21_47_53_13_01_2025,0.62,-7.27,-6.50,0.01,-0.00,0.00
-1026,0.08,0,-0.00,644,3,16591,21_47_53_13_01_2025,0.64,-7.29,-6.52,0.01,-0.00,0.01
-1014,0.08,0,-0.00,644,3,16660,21_47_53_13_01_2025,0.65,-7.29,-6.55,-0.00,0.00,-0.00
-1102,0.08,0,-0.00,644,3,16750,21_47_53_13_01_2025,0.61,-7.28,-6.51,0.01,-0.01,0.00
-990,0.08,0,-0.00,644,3,16789,21_47_53_13_01_2025,0.63,-7.29,-6.56,0.01,-0.00,0.00
-1030,0.08,0,-0.00,644,3,16856,21_47_53_13_01_2025,0.63,-7.29,-6.53,0.00,-0.00,-0.00
-1229,0.09,0,-0.00,644,3,16946,21_47_53_13_01_2025,0.63,-7.30,-6.51,0.02,-0.01,0.00
-690,0.05,0,-0.00,644,3,16984,21_47_53_13_01_2025,0.63,-7.31,-6.53,0.00,0.00,0.00
-1012,0.08,0,-0.00,645,3,17052,21_47_53_13_01_2025,0.61,-7.28,-6.51,0.00,0.00,-0.00
-872,0.07,0,-0.00,644,3,17142,21_47_53_13_01_2025,0.63,-7.26,-6.50,0.00,0.00,0.00
-742,0.06,0,-0.00,644,3,17181,21_47_53_13_01_2025,0.61,-7.29,-6.54,0.00,0.00,0.00
-912,0.07,0,-0.00,643,3,17248,21_47_53_13_01_2025,0.64,-7.32,-6.49,0.00,0.01,0.01
-950,0.07,0,-0.00,644,3,17339,21_47_53_13_01_2025,0.62,-7.29,-6.53,0.00,-0.00,0.01
-563,0.04,0,-0.00,644,3,17377,21_47_53_13_01_2025,0.62,-7.28,-6.53,0.01,-0.01,0.01
-452,0.03,0,-0.00,644,3,17444,21_47_53_13_01_2025,0.63,-7.30,-6.52,0.00,0.00,-0.00
-682,0.05,0,-0.00,644,3,17483,21_47_54_13_01_2025,0.63,-7.30,-6.53,0.01,-0.01,0.01
-403,0.03,0,-0.00,644,3,17550,21_47_54_13_01_2025,0.60,-7.27,-6.53,0.01,-0.01,0.00
-716,0.05,0,-0.00,643,3,17641,21_47_54_13_01_2025,0.63,-7.29,-6.51,0.00,-0.00,-0.00
-321,0.02,0,-0.00,644,3,17679,21_47_54_13_01_2025,0.62,-7.31,-6.53,0.01,-0.01,0.00
-410,0.03,0,-0.00,644,3,17747,21_47_54_13_01_2025,0.59,-7.29,-6.53,0.00,0.00,-0.00
-527,0.04,0,-0.00,644,3,17838,21_47_54_13_01_2025,0.61,-7.31,-6.53,0.00,-0.00,0.00
-573,0.04,0,-0.00,644,3,17877,21_47_54_13_01_2025,0.60,-7.31,-6.51,0.01,0.00,0.00
-59,0.00,0,-0.00,644,3,17943,21_47_54_13_01_2025,0.59,-7.29,-6.52,0.01,-0.00,0.00
-200,0.02,0,-0.00,644,3,18034,21_47_54_13_01_2025,0.61,-7.29,-6.52,0.01,-0.00,0.00
-188,0.01,0,-0.00,644,3,18072,21_47_54_13_01_2025,0.60,-7.30,-6.50,0.01,-0.00,0.01
-552,0.04,0,-0.00,644,3,18140,21_47_54_13_01_2025,0.59,-7.29,-6.48,0.00,-0.00,-0.00
-513,0.04,0,-0.00,643,3,18229,21_47_54_13_01_2025,0.59,-7.31,-6.54,0.02,-0.01,0.01
-331,0.03,0,-0.00,644,3,18268,21_47_54_13_01_2025,0.58,-7.30,-6.50,0.02,-0.01,0.01
-116,0.01,0,-0.00,645,3,18336,21_47_54_13_01_2025,0.58,-7.32,-6.52,0.01,-0.00,0.01
-145,0.01,0,-0.00,644,3,18426,21_47_54_13_01_2025,0.58,-7.32,-6.50,0.00,-0.00,0.00
32,-0.00,0,-0.00,643,3,18462,21_47_54_13_01_2025,0.58,-7.32,-6.52,0.01,-0.00,0.00
-4,0.00,0,-0.00,644,3,18534,21_47_55_13_01_2025,0.57,-7.32,-6.51,0.00,0.00,-0.00
-48,0.00,0,-0.00,644,3,18623,21_47_55_13_01_2025,0.57,-7.31,-6.51,0.01,-0.01,0.00
336,-0.03,0,-0.00,644,3,18662,21_47_55_13_01_2025,0.57,-7.31,-6.49,0.01,-0.00,-0.00
265,-0.02,0,-0.00,644,3,18732,21_47_55_13_01_2025,0.57,-7.31,-6.51,0.01,-0.00,0.00
141,-0.01,0,-0.00,644,3,18823,21_47_55_13_01_2025,0.57,-7.31,-6.50,0.01,-0.00,0.00
455,-0.03,0,-0.00,644,3,18866,21_47_55_13_01_2025,0.58,-7.31,-6.50,0.00,0.00,-0.00
380,-0.03,0,-0.00,644,3,18931,21_47_55_13_01_2025,0.58,-7.32,-6.51,0.01,-0.01,0.00
375,-0.03,0,-0.00,644,3,19023,21_47_55_13_01_2025,0.57,-7.30,-6.49,0.00,0.00,-0.00
472,-0.04,0,-0.00,644,3,19061,21_47_55_13_01_2025,0.57,-7.31,-6.50,0.01,-0.00,0.00
357,-0.03,0,-0.00,642,3,19132,21_47_55_13_01_2025,0.57,-7.29,-6.48,0.00,-0.00,0.00
262,-0.02,0,-0.00,644,3,19223,21_47_55_13_01_2025,0.57,-7.31,-6.53,0.00,-0.00,-0.00
428,-0.03,0,-0.00,644,3,19314,21_47_55_13_01_2025,0.58,-7.33,-6.52,0.01,-0.01,0.00
483,-0.04,0,-0.00,643,3,19353,21_47_55_13_01_2025,0.57,-7.31,-6.51,0.01,-0.01,0.00
296,-0.02,0,-0.00,644,3,19423,21_47_55_13_01_2025,0.55,-7.31,-6.49,0.01,0.00,0.01
257,-0.02,0,-0.00,644,3,19514,21_47_55_13_01_2025,0.58,-7.35,-6.53,0.01,-0.01,-0.00
141,-0.01,0,-0.00,642,3,19554,21_47_56_13_01_2025,0.56,-7.31,-6.46,0.01,-0.02,-0.01
-3,0.00,0,-0.00,643,3,19621,21_47_56_13_01_2025,0.56,-7.33,-6.49,0.02,-0.04,-0.01
39,-0.00,0,-0.00,644,3,19712,21_47_56_13_01_2025,0.61,-7.27,-6.43,-0.02,-0.01,-0.04
162,-0.01,0,-0.00,644,3,19751,21_47_56_13_01_2025,0.57,-7.31,-6.48,-0.02,0.03,-0.03
380,-0.03,0,-0.00,645,3,19822,21_47_56_13_01_2025,0.62,-7.43,-6.42,-0.00,0.03,-0.04
514,-0.04,0,-0.00,644,3,19913,21_47_56_13_01_2025,0.54,-7.30,-6.53,0.06,-0.07,-0.07
75,-0.01,0,-0.00,644,3,20005,21_47_56_13_01_2025,0.56,-7.31,-6.55,0.07,-0.11,0.01
325,-0.02,0,-0.00,644,3,20044,21_47_56_13_01_2025,0.49,-7.40,-6.56,0.02,-0.10,-0.02
468,-0.04,0,-0.00,644,3,20113,21_47_56_13_01_2025,0.53,-7.27,-6.52,0.00,0.00,-0.00
532,-0.04,0,-0.00,644,3,20204,21_47_56_13_01_2025,0.52,-7.27,-6.38,-0.01,0.05,-0.02
1438,-0.11,0,-0.00,644,3,20244,21_47_56_13_01_2025,0.38,-7.08,-7.74,0.05,0.18,0.03
1520,-0.12,0,-0.00,644,3,20313,21_47_56_13_01_2025,1.16,-7.54,-4.73,-0.03,-0.03,-0.07
1541,-0.12,0,-0.00,644,3,20404,21_47_56_13_01_2025,0.69,-7.29,-6.43,-0.01,-0.01,-0.02
1775,-0.13,0,-0.00,644,3,20443,21_47_56_13_01_2025,0.63,-7.28,-6.50,0.00,-0.00,0.01
1710,-0.13,0,-0.00,645,3,20513,21_47_57_13_01_2025,0.69,-7.28,-6.52,0.01,-0.02,0.01
2009,-0.15,0,-0.00,644,3,20604,21_47_57_13_01_2025,0.65,-7.28,-6.53,0.01,-0.01,0.01
2027,-0.15,0,-0.00,644,3,20697,21_47_57_13_01_2025,0.69,-7.36,-6.48,0.01,0.01,0.00
2207,-0.17,0,-0.00,644,3,20735,21_47_57_13_01_2025,0.65,-7.27,-6.50,0.01,-0.00,-0.00
2520,-0.19,0,-0.00,642,3,20804,21_47_57_13_01_2025,0.65,-7.31,-6.53,0.01,-0.00,-0.00
1911,-0.14,0,-0.00,644,3,20896,21_47_57_13_01_2025,0.77,-7.12,-6.96,0.05,0.05,-0.00
2167,-0.16,0,-0.00,644,3,20939,21_47_57_13_01_2025,0.67,-7.31,-6.47,0.02,0.01,0.01
2291,-0.17,0,-0.00,644,3,21004,21_47_57_13_01_2025,0.69,-7.33,-6.59,0.02,0.02,0.00
2104,-0.16,0,-0.00,644,3,21095,21_47_57_13_01_2025,0.67,-7.22,-6.90,0.03,0.13,0.04
2435,-0.18,0,-0.00,645,3,21134,21_47_57_13_01_2025,0.53,-7.20,-6.29,0.04,0.01,-0.01
2045,-0.15,0,-0.00,645,3,21205,21_47_57_13_01_2025,0.69,-7.34,-6.47,0.01,-0.00,0.01
2243,-0.17,0,-0.00,644,3,21295,21_47_57_13_01_2025,0.70,-7.28,-6.44,0.01,-0.00,-0.03
2250,-0.17,0,-0.00,644,3,21388,21_47_57_13_01_2025,0.73,-7.34,-6.42,-0.03,0.02,-0.02
2285,-0.17,0,-0.00,645,3,21427,21_47_57_13_01_2025,0.72,-7.34,-6.53,-0.01,0.01,-0.00
2168,-0.16,0,-0.00,644,3,21496,21_47_57_13_01_2025,0.80,-7.28,-6.49,-0.02,0.02,0.01
2089,-0.16,0,-0.00,645,3,21587,21_47_58_13_01_2025,0.75,-7.28,-6.51,0.00,-0.00,-0.01
2073,-0.16,0,-0.00,644,3,21627,21_47_58_13_01_2025,0.76,-7.30,-6.51,0.01,-0.00,-0.00
2165,-0.16,0,-0.00,644,3,21695,21_47_58_13_01_2025,0.73,-7.30,-6.49,0.00,-0.00,-0.00
2126,-0.16,0,-0.00,644,3,21786,21_47_58_13_01_2025,0.64,-7.23,-6.58,0.00,-0.00,0.01
2221,-0.17,0,-0.00,643,3,21825,21_47_58_13_01_2025,0.73,-7.32,-6.53,0.00,0.00,0.01
2211,-0.17,0,-0.00,644,3,21896,21_47_58_13_01_2025,0.77,-7.29,-6.53,0.01,0.03,0.02
2212,-0.17,0,-0.00,644,3,21986,21_47_58_13_01_2025,0.75,-7.35,-6.55,0.01,-0.00,0.00
2367,-0.18,0,-0.00,644,3,22079,21_47_58_13_01_2025,0.77,-7.25,-6.59,0.01,-0.02,0.00
2564,-0.19,0,-0.00,644,3,22118,21_47_58_13_01_2025,0.76,-7.32,-6.45,-0.00,-0.01,-0.01
2192,-0.17,0,-0.00,645,3,22186,21_47_58_13_01_2025,0.75,-7.25,-6.51,-0.00,-0.01,-0.01
2136,-0.16,0,-0.00,644,3,22278,21_47_58_13_01_2025,0.58,-7.24,-6.72,0.10,-0.18,0.09
2194,-0.17,0,-0.00,645,3,22318,21_47_58_13_01_2025,0.71,-7.26,-6.48,-0.01,0.02,-0.04
1792,-0.14,0,-0.00,644,3,22385,21_47_58_13_01_2025,0.75,-7.35,-6.45,0.02,-0.04,0.01
134,-0.01,0,-0.00,644,3,22478,21_47_58_13_01_2025,0.68,-7.46,-6.34,-0.07,0.03,-0.03
-26,0.00,0,-0.00,644,3,22518,21_47_59_13_01_2025,0.79,-6.86,-6.80,0.02,0.02,0.02
-429,0.03,0,-0.00,644,3,22585,21_47_59_13_01_2025,0.80,-7.29,-6.43,-0.01,0.01,-0.01
-892,0.07,0,-0.00,644,3,22674,21_47_59_13_01_2025,0.82,-7.33,-6.53,0.03,0.04,0.02
-809,0.06,0,-0.00,642,3,22712,21_47_59_13_01_2025,0.61,-7.08,-6.68,0.11,-0.00,0.05
-880,0.07,0,-0.00,645,3,22779,21_47_59_13_01_2025,0.91,-7.52,-6.30,0.10,0.18,0.03
-1314,0.10,0,-0.00,644,3,22895,21_47_59_13_01_2025,0.80,-7.30,-6.49,-0.01,0.01,-0.02
-1451,0.11,0,-0.00,644,3,22934,21_47_59_13_01_2025,0.86,-7.29,-6.48,0.03,0.00,0.01
-1493,0.11,0,-0.00,645,3,22977,21_47_59_13_01_2025,0.89,-7.33,-6.39,0.05,-0.02,0.03
-1578,0.12,0,-0.00,645,3,23066,21_47_59_13_01_2025,0.79,-7.34,-6.45,0.02,0.07,0.01
-2102,0.16,0,-0.00,644,3,23104,21_47_59_13_01_2025,0.77,-7.34,-6.17,0.11,0.05,-0.00
-2630,0.20,0,-0.00,644,3,23172,21_47_59_13_01_2025,1.00,-7.49,-6.45,-0.00,-0.00,0.03
-2620,0.20,0,-0.00,644,3,23263,21_47_59_13_01_2025,1.02,-7.53,-6.46,-0.02,0.03,-0.02
-3004,0.23,0,-0.00,644,3,23302,21_47_59_13_01_2025,0.95,-7.46,-6.34,-0.09,-0.03,0.03
-3227,0.24,0,-0.00,644,3,23368,21_47_59_13_01_2025,0.86,-7.25,-6.53,-0.14,-0.03,0.03
63872,-4.84,0,-0.00,645,3,23461,21_47_59_13_01_2025,0.96,-7.28,-6.40,0.04,0.02,0.01
4672,-0.35,0,-0.00,644,3,23500,21_48_00_13_01_2025,0.71,-7.11,-6.60,0.15,0.10,-0.00
4493,-0.34,0,-0.00,644,3,23570,21_48_00_13_01_2025,1.06,-7.59,-6.23,-0.03,0.00,-0.01
3830,-0.29,0,-0.00,644,3,23660,21_48_00_13_01_2025,0.98,-7.25,-6.48,0.03,-0.02,0.01
3444,-0.26,0,-0.00,643,3,23700,21_48_00_13_01_2025,0.95,-7.25,-6.53,-0.02,-0.03,-0.02
3524,-0.27,0,-0.00,644,3,23768,21_48_00_13_01_2025,0.99,-7.45,-6.21,0.04,0.04,-0.02
3342,-0.25,0,-0.00,644,3,23860,21_48_00_13_01_2025,1.01,-7.48,-6.20,0.05,0.01,-0.05
2507,-0.19,0,-0.00,644,3,23900,21_48_00_13_01_2025,1.02,-7.26,-6.38,-0.11,-0.07,0.02
2549,-0.19,0,-0.00,644,3,23969,21_48_00_13_01_2025,1.02,-7.36,-6.68,0.05,0.03,-0.01
2367,-0.18,0,-0.00,644,3,24060,21_48_00_13_01_2025,0.95,-7.33,-6.59,-0.05,-0.05,0.01
2154,-0.16,0,-0.00,642,3,24152,21_48_00_13_01_2025,0.98,-7.18,-6.13,-0.15,-0.11,0.02
1353,-0.10,0,-0.00,644,3,24202,21_48_00_13_01_2025,1.05,-7.13,-6.38,0.05,0.01,-0.02
1050,-0.08,0,-0.00,643,3,24261,21_48_00_13_01_2025,0.97,-7.31,-6.69,-0.05,-0.04,0.00
1231,-0.09,0,-0.00,644,3,24351,21_48_00_13_01_2025,1.01,-7.30,-6.69,0.04,0.01,-0.01
305,-0.02,0,-0.00,644,3,24393,21_48_00_13_01_2025,1.03,-7.31,-6.53,-0.10,-0.04,0.02
349,-0.03,0,-0.00,644,3,24460,21_48_00_13_01_2025,1.04,-7.39,-6.54,0.03,-0.01,-0.02
-23,0.00,0,-0.00,644,3,24550,21_48_01_13_01_2025,0.87,-6.88,-6.45,-0.12,-0.10,-0.01
-323,0.02,0,-0.00,644,3,24593,21_48_01_13_01_2025,1.37,-7.80,-6.06,-0.18,0.02,0.01
119,-0.01,0,-0.00,644,3,24658,21_48_01_13_01_2025,0.94,-7.33,-5.88,0.07,0.13,-0.03
-184,0.01,0,-0.00,644,3,24747,21_48_01_13_01_2025,0.83,-6.91,-6.69,-0.01,-0.02,0.01
-531,0.04,0,-0.00,643,3,24788,21_48_01_13_01_2025,1.09,-7.30,-6.61,0.02,-0.04,0.00
-286,0.02,0,-0.00,644,3,24853,21_48_01_13_01_2025,0.87,-7.15,-7.03,0.02,-0.02,0.00
18,-0.00,0,-0.00,645,3,24945,21_48_01_13_01_2025,0.74,-6.95,-6.93,-0.04,-0.03,-0.03
1619,-0.12,0,-0.00,644,3,24990,21_48_01_13_01_2025,0.83,-7.17,-7.04,0.13,0.01,0.08
934,-0.07,0,-0.00,644,3,25053,21_48_01_13_01_2025,0.54,-7.27,-6.54,0.13,-0.02,0.08
1284,-0.10,0,-0.00,644,3,25145,21_48_01_13_01_2025,0.95,-7.33,-6.51,-0.00,-0.01,-0.02
978,-0.07,0,-0.00,644,3,25186,21_48_01_13_01_2025,0.92,-7.23,-6.50,-0.01,0.01,-0.02
832,-0.06,0,-0.00,644,3,25254,21_48_01_13_01_2025,0.87,-7.25,-6.58,0.01,-0.01,0.00
685,-0.05,0,-0.00,644,3,25345,21_48_01_13_01_2025,0.88,-7.24,-6.54,0.00,-0.01,-0.01
282,-0.02,0,-0.00,644,3,25436,21_48_01_13_01_2025,0.88,-7.15,-6.63,0.01,-0.03,-0.00
165,-0.01,0,-0.00,644,3,25477,21_48_02_13_01_2025,0.86,-7.14,-6.50,-0.02,0.03,-0.01
-319,0.02,0,-0.00,644,3,25543,21_48_02_13_01_2025,0.91,-7.26,-6.59,0.04,-0.02,0.02
-305,0.02,0,-0.00,642,3,25634,21_48_02_13_01_2025,0.90,-7.25,-6.62,-0.00,0.00,-0.00
-602,0.05,0,-0.00,644,3,25675,21_48_02_13_01_2025,0.91,-7.24,-6.55,0.01,-0.01,0.00
-486,0.04,0,-0.00,644,3,25739,21_48_02_13_01_2025,0.88,-7.22,-6.49,0.01,-0.02,0.00
-935,0.07,0,-0.00,644,3,25831,21_48_02_13_01_2025,0.88,-7.22,-6.56,0.02,-0.01,0.00
-790,0.06,0,-0.00,644,3,25871,21_48_02_13_01_2025,0.90,-7.27,-6.62,0.01,-0.00,-0.00
-777,0.06,0,-0.00,644,3,25936,21_48_02_13_01_2025,0.90,-7.27,-6.57,-0.01,0.06,0.00
-1236,0.09,0,-0.00,644,3,25977,21_48_02_13_01_2025,0.90,-7.21,-6.58,0.01,-0.01,0.00
-1639,0.12,0,-0.00,644,3,26042,21_48_02_13_01_2025,0.89,-7.24,-6.50,0.01,0.02,0.01
-19611,1.49,0,-0.00,644,3,26132,21_48_02_13_01_2025,0.89,-7.23,-6.56,0.02,-0.01,0.01
-633,0.05,0,-0.00,645,3,26175,21_48_02_13_01_2025,1.04,-7.18,-6.52,-0.00,0.09,0.07
-510,0.04,0,-0.00,645,3,26239,21_48_02_13_01_2025,0.55,-7.62,-6.31,0.04,0.13,0.10
-771,0.06,0,-0.00,644,3,26329,21_48_02_13_01_2025,0.88,-7.37,-6.53,0.07,-0.02,0.05
-1245,0.09,0,-0.00,643,3,26370,21_48_02_13_01_2025,0.84,-7.20,-6.55,-0.02,0.02,-0.02
-413,0.03,0,-0.00,645,3,26434,21_48_02_13_01_2025,0.82,-7.14,-6.46,0.04,-0.04,0.02
-848,0.06,0,-0.00,644,3,26524,21_48_03_13_01_2025,0.88,-7.28,-6.71,-0.00,-0.02,-0.01
-643,0.05,0,-0.00,644,3,26569,21_48_03_13_01_2025,0.68,-7.35,-6.70,-0.04,0.07,-0.04
-961,0.07,0,-0.00,644,3,26631,21_48_03_13_01_2025,0.95,-7.38,-6.17,-0.04,-0.02,-0.03
-749,0.06,0,-0.00,644,3,26721,21_48_03_13_01_2025,1.17,-6.89,-7.05,-0.13,0.05,-0.00
-744,0.06,0,-0.00,644,3,26762,21_48_03_13_01_2025,1.21,-7.19,-6.33,0.10,0.24,-0.16
-789,0.06,0,-0.00,644,3,26827,21_48_03_13_01_2025,1.06,-7.68,-6.88,0.23,0.31,-0.26
-427,0.03,0,-0.00,644,3,26917,21_48_03_13_01_2025,1.22,-6.50,-5.31,-0.09,-0.08,-0.00
-643,0.05,0,-0.00,644,3,26961,21_48_03_13_01_2025,2.04,-6.58,-8.18,0.08,-0.05,0.07
175,-0.01,0,-0.00,644,3,27025,21_48_03_13_01_2025,0.90,-7.51,-6.15,-0.05,0.17,-0.03
1080,-0.08,0,-0.00,644,3,27116,21_48_03_13_01_2025,0.99,-7.32,-5.84,-0.14,0.08,-0.03
3379,-0.26,0,-0.00,644,3,27157,21_48_03_13_01_2025,0.68,-7.17,-7.04,0.05,0.02,0.08
2911,-0.22,0,-0.00,644,3,27225,21_48_03_13_01_2025,0.75,-7.13,-6.56,-0.02,0.04,-0.01
2350,-0.18,0,-0.00,644,3,27316,21_48_03_13_01_2025,0.79,-7.30,-6.72,0.03,-0.05,0.00
2225,-0.17,0,-0.00,644,3,27360,21_48_03_13_01_2025,0.72,-7.45,-5.75,-0.02,0.02,0.02
800,-0.06,0,-0.00,644,3,27424,21_48_03_13_01_2025,1.13,-7.10,-6.31,0.09,-0.31,-0.02
2409,-0.18,0,-0.00,643,3,27515,21_48_03_13_01_2025,1.05,-7.21,-7.04,-0.05,0.08,-0.02
2827,-0.21,0,-0.00,644,3,27608,21_48_04_13_01_2025,0.74,-7.23,-6.47,0.02,-0.03,0.01
3164,-0.24,0,-0.00,644,3,27650,21_48_04_13_01_2025,0.69,-7.32,-6.53,0.08,-0.06,0.02
2947,-0.22,0,-0.00,644,3,27716,21_48_04_13_01_2025,0.69,-7.29,-6.58,0.01,0.01,0.01
644,-0.05,0,-0.00,644,3,27807,21_48_04_13_01_2025,0.69,-7.19,-6.44,-0.01,0.01,-0.01
479,-0.04,0,-0.00,645,3,27848,21_48_04_13_01_2025,0.76,-7.35,-6.57,0.04,-0.07,-0.02
143,-0.01,0,-0.00,644,3,27915,21_48_04_13_01_2025,0.73,-7.21,-6.72,-0.03,0.04,-0.00
107,-0.01,0,-0.00,644,3,28007,21_48_04_13_01_2025,0.72,-7.10,-6.53,0.02,-0.01,0.01
253,-0.02,0,-0.00,644,3,28049,21_48_04_13_01_2025,0.78,-7.31,-6.51,0.00,-0.01,0.00
285,-0.02,0,-0.00,644,3,28115,21_48_04_13_01_2025,0.72,-7.17,-6.61,-0.01,0.01,-0.04
342,-0.03,0,-0.00,644,3,28207,21_48_04_13_01_2025,0.88,-7.32,-6.54,0.01,-0.00,-0.01
429,-0.03,0,-0.00,643,3,28300,21_48_04_13_01_2025,0.53,-7.54,-6.58,0.07,-0.08,0.04
-527,0.04,0,-0.00,644,3,28341,21_48_04_13_01_2025,0.65,-7.30,-6.59,0.00,0.01,-0.00
-197,0.01,0,-0.00,644,3,28405,21_48_04_13_01_2025,0.69,-7.28,-6.51,-0.00,0.02,0.01
-337,0.03,0,-0.00,643,3,28445,21_48_04_13_01_2025,0.70,-7.28,-6.58,0.01,-0.01,-0.00
-139,0.01,0,-0.00,644,3,28510,21_48_05_13_01_2025,0.73,-7.27,-6.61,-0.03,0.04,0.00
-572,0.04,0,-0.00,645,3,28600,21_48_05_13_01_2025,0.69,-7.15,-6.79,-0.00,0.03,0.01
-902,0.07,0,-0.00,644,3,28642,21_48_05_13_01_2025,0.65,-7.11,-6.83,0.00,-0.06,-0.05
-546,0.04,0,-0.00,643,3,28707,21_48_05_13_01_2025,0.62,-7.16,-6.89,0.02,-0.01,0.01
-741,0.06,0,-0.00,645,3,28797,21_48_05_13_01_2025,0.73,-7.27,-6.46,-0.01,0.04,0.02
-641,0.05,0,-0.00,644,3,28837,21_48_05_13_01_2025,0.73,-7.22,-6.61,-0.02,0.01,-0.01
-785,0.06,0,-0.00,644,3,28903,21_48_05_13_01_2025,0.69,-7.18,-6.58,-0.01,0.01,-0.01
-916,0.07,0,-0.00,644,3,28993,21_48_05_13_01_2025,0.75,-7.29,-6.59,0.01,0.00,0.00
-836,0.06,0,-0.00,644,3,29037,21_48_05_13_01_2025,0.73,-7.25,-6.59,0.01,-0.00,-0.00
-1061,0.08,0,-0.00,645,3,29100,21_48_05_13_01_2025,0.65,-7.26,-6.55,0.04,-0.04,0.01
-784,0.06,0,-0.00,644,3,29189,21_48_05_13_01_2025,0.79,-7.33,-6.50,0.03,-0.01,0.02
-1440,0.11,0,-0.00,644,3,29229,21_48_05_13_01_2025,0.68,-7.26,-6.52,0.01,-0.01,-0.00
-1445,0.11,0,-0.00,645,3,29295,21_48_05_13_01_2025,0.70,-7.28,-6.58,0.01,-0.01,-0.00
-1461,0.11,0,-0.00,644,3,29385,21_48_05_13_01_2025,0.70,-7.28,-6.54,0.02,-0.02,-0.00
-2385,0.18,0,-0.00,644,3,29429,21_48_05_13_01_2025,0.70,-7.26,-6.50,0.01,-0.00,-0.00
-2690,0.20,0,-0.00,644,3,29492,21_48_06_13_01_2025,0.69,-7.26,-6.55,0.01,-0.01,0.00
-2057,0.16,0,-0.00,644,3,29583,21_48_06_13_01_2025,0.70,-7.26,-6.52,-0.01,0.01,-0.01
-1807,0.14,0,-0.00,644,3,29623,21_48_06_13_01_2025,0.71,-7.33,-6.49,-0.02,0.04,-0.01
-1962,0.15,0,-0.00,642,3,29689,21_48_06_13_01_2025,0.89,-6.97,-7.09,0.04,0.09,0.01
-2240,0.17,0,-0.00,644,3,29729,21_48_06_13_01_2025,0.77,-7.32,-6.25,0.03,-0.03,0.01
-2329,0.18,0,-0.00,644,3,29795,21_48_06_13_01_2025,0.59,-7.28,-6.94,0.09,-0.35,0.03
-2226,0.17,0,-0.00,644,3,29885,21_48_06_13_01_2025,0.88,-7.37,-7.51,0.15,-0.06,0.05
-2438,0.18,0,-0.00,644,3,29925,21_48_06_13_01_2025,0.70,-7.46,-5.27,-0.01,0.28,0.03
-1371,0.10,0,-0.00,644,3,29991,21_48_06_13_01_2025,0.35,-7.32,-5.74,-0.04,-0.38,0.08
-1522,0.12,0,-0.00,644,3,30081,21_48_06_13_01_2025,1.34,-6.49,-7.21,-0.05,0.03,-0.11
-2470,0.19,0,-0.00,644,3,30122,21_48_06_13_01_2025,0.51,-7.55,-5.96,0.07,-0.16,0.04
-2126,0.16,0,-0.00,644,3,30187,21_48_06_13_01_2025,0.48,-7.46,-7.16,0.08,-0.06,-0.02
-2809,0.21,0,-0.00,644,3,30277,21_48_06_13_01_2025,0.04,-7.34,-6.40,-0.06,0.15,0.04
-3015,0.23,0,-0.00,644,3,30316,21_48_06_13_01_2025,0.63,-7.20,-6.83,-0.01,-0.07,-0.01
-2781,0.21,0,-0.00,644,3,30383,21_48_06_13_01_2025,0.61,-7.31,-6.39,-0.00,0.09,0.01
-2837,0.21,0,-0.00,644,3,30473,21_48_06_13_01_2025,0.64,-7.32,-6.56,0.02,-0.03,-0.01
-3166,0.24,0,-0.00,643,3,30514,21_48_07_13_01_2025,0.65,-7.32,-6.53,0.02,-0.01,0.02
-3432,0.26,0,-0.00,644,3,30579,21_48_07_13_01_2025,0.62,-7.29,-6.52,-0.00,-0.00,-0.00
1272,-0.10,0,-0.00,644,3,30670,21_48_07_13_01_2025,0.61,-7.30,-6.54,0.02,-0.02,0.01
-17661,1.34,0,-0.00,644,3,30711,21_48_07_13_01_2025,0.64,-7.31,-6.52,0.01,-0.03,0.01
1578,-0.12,0,-0.00,644,3,30779,21_48_07_13_01_2025,0.58,-7.32,-6.56,0.01,-0.03,-0.00
2637,-0.20,0,-0.00,644,3,30870,21_48_07_13_01_2025,0.60,-7.31,-6.48,0.03,-0.02,0.01
2701,-0.20,0,-0.00,644,3,30914,21_48_07_13_01_2025,0.59,-7.32,-6.47,0.01,-0.00,0.00
2788,-0.21,0,-0.00,642,3,30978,21_48_07_13_01_2025,0.57,-7.29,-6.52,0.02,-0.00,0.00
2805,-0.21,0,-0.00,644,3,31069,21_48_07_13_01_2025,0.61,-7.32,-6.48,-0.00,0.00,-0.01
2381,-0.18,0,-0.00,644,3,31111,21_48_07_13_01_2025,0.58,-7.30,-6.53,0.00,-0.00,-0.00
2846,-0.22,0,-0.00,644,3,31177,21_48_07_13_01_2025,0.60,-7.34,-6.47,0.01,-0.01,-0.00
2921,-0.22,0,-0.00,644,3,31269,21_48_07_13_01_2025,0.63,-7.31,-6.49,0.00,-0.02,-0.00
3262,-0.25,0,-0.00,644,3,31360,21_48_07_13_01_2025,0.57,-7.34,-6.47,0.02,-0.01,0.00
3260,-0.25,0,-0.00,645,3,31402,21_48_07_13_01_2025,0.59,-7.32,-6.48,0.00,0.00,0.00
3257,-0.25,0,-0.00,644,3,31469,21_48_07_13_01_2025,0.59,-7.34,-6.50,-0.01,0.00,-0.02
3358,-0.25,0,-0.00,642,3,31560,21_48_08_13_01_2025,0.60,-7.34,-6.45,0.02,-0.02,0.01
3341,-0.25,0,-0.00,644,3,31601,21_48_08_13_01_2025,0.56,-7.33,-6.52,0.02,-0.01,0.01
3162,-0.24,0,-0.00,644,3,31669,21_48_08_13_01_2025,0.57,-7.34,-6.46,0.00,0.00,-0.00
3249,-0.25,0,-0.00,644,3,31762,21_48_08_13_01_2025,0.58,-7.35,-6.52,-0.00,0.01,-0.00
3435,-0.26,0,-0.00,644,3,31804,21_48_08_13_01_2025,0.58,-7.33,-6.51,0.02,-0.03,0.00
3706,-0.28,0,-0.00,645,3,31868,21_48_08_13_01_2025,0.58,-7.34,-6.50,0.01,-0.01,0.00
3511,-0.27,0,-0.00,644,3,31960,21_48_08_13_01_2025,0.55,-7.30,-6.50,0.02,-0.00,0.01
3951,-0.30,0,-0.00,644,3,32051,21_48_08_13_01_2025,0.58,-7.33,-6.45,0.00,0.00,-0.00
3690,-0.28,0,-0.00,644,3,32093,21_48_08_13_01_2025,0.56,-7.41,-6.43,0.03,-0.01,0.00
3990,-0.30,0,-0.00,644,3,32161,21_48_08_13_01_2025,0.60,-7.17,-6.29,0.07,-0.06,0.03
3850,-0.29,0,-0.00,644,3,32252,21_48_08_13_01_2025,0.47,-7.29,-6.27,0.13,-0.16,0.10
3995,-0.30,0,-0.00,644,3,32293,21_48_08_13_01_2025,0.34,-7.43,-6.40,0.07,-0.09,0.04
4211,-0.32,0,-0.00,645,3,32360,21_48_08_13_01_2025,0.29,-7.43,-6.29,0.06,0.02,0.06
3580,-0.27,0,-0.00,644,3,32453,21_48_08_13_01_2025,0.50,-7.40,-6.33,-0.05,0.06,-0.03
3012,-0.23,0,-0.00,644,3,32495,21_48_09_13_01_2025,0.44,-7.47,-6.27,0.00,0.02,-0.03
2808,-0.21,0,-0.00,644,3,32560,21_48_09_13_01_2025,0.42,-7.37,-6.28,0.01,-0.02,-0.02
2607,-0.20,0,-0.00,644,3,32651,21_48_09_13_01_2025,0.37,-7.44,-6.43,0.00,-0.06,-0.02
2747,-0.21,0,-0.00,644,3,32743,21_48_09_13_01_2025,0.40,-7.45,-6.38,0.00,-0.01,-0.01
2807,-0.21,0,-0.00,644,3,32785,21_48_09_13_01_2025,0.18,-7.29,-6.56,-0.02,0.12,-0.15
1896,-0.14,0,-0.00,644,3,32852,21_48_09_13_01_2025,0.41,-7.34,-6.41,-0.01,0.03,-0.05
2431,-0.18,0,-0.00,645,3,32943,21_48_09_13_01_2025,0.56,-7.37,-6.36,0.00,0.01,-0.00
2297,-0.17,0,-0.00,645,3,32986,21_48_09_13_01_2025,0.44,-7.37,-6.50,0.01,0.06,-0.01
2533,-0.19,0,-0.00,644,3,33051,21_48_09_13_01_2025,0.47,-7.42,-6.62,-0.01,0.11,0.05
2755,-0.21,0,-0.00,644,3,33144,21_48_09_13_01_2025,0.56,-7.39,-6.41,-0.04,0.01,-0.04
2758,-0.21,0,-0.00,644,3,33186,21_48_09_13_01_2025,0.56,-7.42,-6.33,0.05,-0.04,0.01
2687,-0.20,0,-0.00,644,3,33251,21_48_09_13_01_2025,0.79,-7.36,-6.69,0.04,-0.09,-0.02
3039,-0.23,0,-0.00,644,3,33343,21_48_09_13_01_2025,0.59,-7.45,-6.39,-0.02,0.00,0.01
2862,-0.22,0,-0.00,644,3,33434,21_48_09_13_01_2025,0.71,-7.46,-6.52,-0.04,0.05,-0.01
4000,-0.30,0,-0.00,644,3,33476,21_48_10_13_01_2025,0.79,-7.34,-6.61,0.02,0.01,0.03
4759,-0.36,0,-0.00,645,3,33543,21_48_10_13_01_2025,0.37,-7.50,-6.36,0.05,0.04,0.08
6524,-0.49,0,-0.00,644,3,33634,21_48_10_13_01_2025,0.55,-7.38,-6.43,0.06,-0.06,0.08
8126,-0.62,0,-0.00,644,3,33676,21_48_10_13_01_2025,0.48,-7.42,-6.35,0.03,-0.01,0.01
8305,-0.63,0,-0.00,644,3,33743,21_48_10_13_01_2025,0.49,-7.44,-6.32,0.04,-0.03,0.02
9361,-0.71,0,-0.00,644,3,33834,21_48_10_13_01_2025,0.48,-7.42,-6.38,0.06,-0.01,0.03
9760,-0.74,0,-0.00,644,3,33878,21_48_10_13_01_2025,0.46,-7.44,-6.36,0.04,-0.01,0.02
6700,-0.51,0,-0.00,644,3,33942,21_48_10_13_01_2025,0.52,-7.41,-6.49,0.06,0.01,0.02
9521,-0.72,0,-0.00,644,3,34033,21_48_10_13_01_2025,0.34,-7.81,-5.81,0.09,0.03,0.10
8717,-0.66,0,-0.00,644,3,34125,21_48_10_13_01_2025,0.46,-7.44,-6.37,0.05,-0.03,0.02
10325,-0.78,0,-0.00,644,3,34167,21_48_10_13_01_2025,0.30,-7.51,-6.23,0.09,-0.05,0.01
