-7276,2.82,0,2.27,641,3,2674,09_47_37_14_01_2025,0.92,-8.64,-4.63,0.03,-1.26,0.70
-7080,2.81,0,2.27,642,3,2729,09_47_37_14_01_2025,0.91,-8.63,-4.64,0.00,-0.01,0.00
-7137,2.81,0,2.27,642,3,2769,09_47_37_14_01_2025,0.92,-8.65,-4.65,0.00,-0.00,-0.00
-7218,2.82,0,2.27,642,3,2809,09_47_38_14_01_2025,0.91,-8.63,-4.63,0.00,-0.01,0.00
-7182,2.82,0,2.27,641,3,2848,09_47_38_14_01_2025,0.89,-8.63,-4.67,0.00,-0.01,0.00
-7298,2.83,0,2.27,642,3,2889,09_47_38_14_01_2025,0.88,-8.61,-4.66,0.00,-0.01,0.00
-7291,2.83,0,2.27,641,3,2928,09_47_38_14_01_2025,0.89,-8.63,-4.63,0.00,-0.00,-0.00
-7249,2.82,0,2.27,641,3,2971,09_47_38_14_01_2025,0.91,-8.66,-4.62,0.00,-0.00,-0.00
-7336,2.83,0,2.27,641,3,3012,09_47_38_14_01_2025,0.90,-8.64,-4.65,0.00,-0.01,0.00
-7233,2.82,0,2.27,642,3,3052,09_47_38_14_01_2025,0.91,-8.65,-4.65,0.01,-0.00,-0.00
-7185,2.82,0,2.27,642,3,3092,09_47_38_14_01_2025,0.88,-8.63,-4.63,0.00,-0.00,0.00
-7246,2.82,0,2.27,642,3,3133,09_47_38_14_01_2025,0.89,-8.63,-4.64,0.00,-0.00,0.00
-7222,2.82,0,2.27,642,3,3173,09_47_38_14_01_2025,0.89,-8.64,-4.66,0.00,-0.00,0.00
-6993,2.80,0,2.27,642,3,3219,09_47_38_14_01_2025,0.88,-8.62,-4.64,0.01,-0.01,0.00
-7151,2.81,0,2.27,642,3,3260,09_47_38_14_01_2025,0.91,-8.63,-4.65,0.00,-0.00,-0.00
-7263,2.82,0,2.27,640,3,3303,09_47_38_14_01_2025,0.90,-8.64,-4.64,0.00,-0.00,0.00
-7189,2.82,0,2.27,642,3,3344,09_47_38_14_01_2025,0.89,-8.63,-4.63,0.01,-0.00,0.00
-7228,2.82,0,2.27,642,3,3384,09_47_38_14_01_2025,0.87,-8.63,-4.65,0.00,-0.01,0.00
-7215,2.82,0,2.27,642,3,3424,09_47_38_14_01_2025,0.89,-8.64,-4.63,0.00,-0.00,-0.00
-7250,2.82,0,2.27,642,3,3467,09_47_38_14_01_2025,0.86,-8.62,-4.64,0.00,-0.00,-0.00
-7153,2.81,0,2.27,642,3,3507,09_47_38_14_01_2025,0.89,-8.63,-4.63,0.00,-0.00,-0.00
-7207,2.82,0,2.27,642,3,3548,09_47_38_14_01_2025,0.91,-8.64,-4.67,0.00,-0.00,0.00
-7240,2.82,0,2.27,642,3,3587,09_47_38_14_01_2025,0.86,-8.44,-4.48,0.01,0.00,-0.00
-7154,2.81,0,2.27,642,3,3627,09_47_38_14_01_2025,1.00,-8.69,-4.68,-0.00,-0.00,0.01
-7210,2.82,0,2.27,642,3,3668,09_47_38_14_01_2025,0.83,-8.55,-4.67,0.00,-0.01,0.00
-7209,2.82,0,2.27,642,3,3711,09_47_38_14_01_2025,0.89,-8.64,-4.64,0.00,-0.00,-0.01
-7310,2.83,0,2.27,642,3,3751,09_47_38_14_01_2025,0.94,-8.66,-4.66,0.01,0.00,-0.01
-7260,2.82,0,2.27,642,3,3791,09_47_39_14_01_2025,0.87,-8.63,-4.62,0.00,-0.00,0.00
-7304,2.83,0,2.27,642,3,3831,09_47_39_14_01_2025,0.91,-8.62,-4.59,0.01,0.00,-0.00
-7226,2.82,0,2.27,641,3,3871,09_47_39_14_01_2025,0.86,-8.66,-4.67,0.01,-0.00,0.00
-7196,2.82,0,2.27,642,3,3912,09_47_39_14_01_2025,0.86,-8.57,-4.62,0.01,-0.01,0.00
-7361,2.83,0,2.27,642,3,3954,09_47_39_14_01_2025,0.95,-8.67,-4.61,0.00,-0.00,-0.00
-7271,2.82,0,2.27,641,3,3995,09_47_39_14_01_2025,0.91,-8.64,-4.63,0.00,-0.01,0.00
-7218,2.82,0,2.27,642,3,4035,09_47_39_14_01_2025,0.86,-8.60,-4.64,0.00,-0.00,0.00
-6990,2.80,0,2.27,642,3,4075,09_47_39_14_01_2025,0.89,-8.64,-4.66,0.01,-0.00,-0.01
-7189,2.82,0,2.27,641,3,4116,09_47_39_14_01_2025,0.91,-8.64,-4.63,0.00,-0.00,-0.00
-7271,2.82,0,2.27,642,3,4155,09_47_39_14_01_2025,0.91,-8.64,-4.62,0.00,-0.00,-0.00
-7188,2.82,0,2.27,642,3,4199,09_47_39_14_01_2025,0.88,-8.64,-4.64,0.00,-0.00,-0.00
-7147,2.81,0,2.27,642,3,4239,09_47_39_14_01_2025,0.87,-8.63,-4.64,0.00,-0.00,-0.00
-7209,2.82,0,2.27,642,3,4279,09_47_39_14_01_2025,0.90,-8.63,-4.62,0.00,-0.00,-0.00
-7206,2.82,0,2.27,642,3,4320,09_47_39_14_01_2025,0.90,-8.65,-4.62,0.01,-0.00,-0.00
-7207,2.82,0,2.27,642,3,4360,09_47_39_14_01_2025,0.89,-8.63,-4.63,0.00,-0.00,0.00
-7112,2.81,0,2.27,642,3,4402,09_47_39_14_01_2025,0.88,-8.60,-4.62,0.00,-0.00,-0.00
-7126,2.81,0,2.27,642,3,4446,09_47_39_14_01_2025,0.91,-8.66,-4.63,0.00,-0.00,-0.00
-7333,2.83,0,2.27,642,3,4485,09_47_39_14_01_2025,0.89,-8.65,-4.64,0.00,-0.01,0.00
-7145,2.81,0,2.27,642,3,4525,09_47_39_14_01_2025,0.89,-8.62,-4.62,0.00,-0.00,0.00
-7244,2.82,0,2.27,641,3,4566,09_47_39_14_01_2025,0.90,-8.63,-4.62,0.00,-0.00,-0.00
-7154,2.81,0,2.27,641,3,4605,09_47_39_14_01_2025,0.88,-8.65,-4.62,0.00,-0.00,-0.00
-7127,2.81,0,2.27,641,3,4645,09_47_39_14_01_2025,0.87,-8.62,-4.63,0.01,-0.00,-0.00
-7219,2.82,0,2.27,642,3,4686,09_47_39_14_01_2025,0.89,-8.64,-4.64,0.00,-0.00,-0.00
-7337,2.83,0,2.27,642,3,4729,09_47_39_14_01_2025,0.91,-8.64,-4.60,0.01,-0.00,-0.00
-7203,2.82,0,2.27,642,3,4769,09_47_39_14_01_2025,0.88,-8.63,-4.65,0.00,-0.00,-0.00
-7082,2.81,0,2.27,642,3,4809,09_47_40_14_01_2025,0.93,-8.65,-4.63,0.00,-0.00,-0.00
-7234,2.82,0,2.27,642,3,4849,09_47_40_14_01_2025,0.89,-8.65,-4.62,0.00,-0.00,-0.00
-7157,2.81,0,2.27,643,3,4889,09_47_40_14_01_2025,0.88,-8.62,-4.62,0.00,-0.00,0.00
-7251,2.82,0,2.27,642,3,4930,09_47_40_14_01_2025,0.91,-8.65,-4.62,0.01,-0.00,-0.00
-7138,2.81,0,2.27,641,3,4972,09_47_40_14_01_2025,0.89,-8.65,-4.63,0.00,-0.01,0.00
-7160,2.82,0,2.27,642,3,5013,09_47_40_14_01_2025,0.89,-8.61,-4.62,0.00,-0.00,-0.00
-7189,2.82,0,2.27,642,3,5054,09_47_40_14_01_2025,0.90,-8.63,-4.64,0.00,-0.00,-0.00
-7141,2.81,0,2.27,642,3,5094,09_47_40_14_01_2025,0.90,-8.65,-4.61,0.00,-0.00,0.00
-7272,2.82,0,2.27,642,3,5134,09_47_40_14_01_2025,0.90,-8.63,-4.63,0.00,-0.00,-0.00
-7296,2.83,0,2.27,641,3,5174,09_47_40_14_01_2025,0.88,-8.62,-4.63,0.00,-0.00,-0.00
-7146,2.81,0,2.27,642,3,5217,09_47_40_14_01_2025,0.91,-8.67,-4.63,0.00,-0.00,-0.00
-7177,2.82,0,2.27,642,3,5258,09_47_40_14_01_2025,0.88,-8.62,-4.61,0.00,-0.00,-0.00
-7341,2.83,0,2.27,642,3,5297,09_47_40_14_01_2025,0.91,-8.61,-4.62,0.00,-0.00,-0.00
-7120,2.81,0,2.27,641,3,5337,09_47_40_14_01_2025,0.89,-8.62,-4.63,0.01,-0.00,-0.00
-7352,2.83,0,2.27,642,3,5378,09_47_40_14_01_2025,0.90,-8.65,-4.63,0.00,-0.00,0.00
-7097,2.81,0,2.27,642,3,5418,09_47_40_14_01_2025,0.90,-8.62,-4.63,0.01,-0.00,0.00
-7170,2.82,0,2.27,641,3,5462,09_47_40_14_01_2025,0.91,-8.62,-4.60,0.00,-0.00,0.00
-7149,2.81,0,2.27,642,3,5503,09_47_40_14_01_2025,0.90,-8.62,-4.62,0.00,-0.00,-0.00
-7244,2.82,0,2.27,642,3,5543,09_47_40_14_01_2025,0.89,-8.65,-4.64,0.00,-0.00,-0.00
-7263,2.82,0,2.27,642,3,5585,09_47_40_14_01_2025,0.90,-8.62,-4.63,0.00,-0.00,-0.00
-7264,2.82,0,2.27,642,3,5626,09_47_40_14_01_2025,0.89,-8.63,-4.62,0.00,-0.00,-0.00
-7169,2.82,0,2.27,642,3,5666,09_47_40_14_01_2025,0.90,-8.64,-4.64,0.00,-0.00,-0.00
-7215,2.82,0,2.27,642,3,5710,09_47_40_14_01_2025,0.90,-8.63,-4.62,0.00,-0.00,0.00
-7146,2.81,0,2.27,641,3,5750,09_47_40_14_01_2025,0.90,-8.64,-4.62,0.00,-0.00,-0.00
-7258,2.82,0,2.27,642,3,5790,09_47_40_14_01_2025,0.88,-8.64,-4.61,0.00,-0.00,0.00
-7287,2.82,0,2.27,643,3,5830,09_47_41_14_01_2025,0.88,-8.63,-4.62,0.00,-0.00,-0.00
-7183,2.82,0,2.27,642,3,5871,09_47_41_14_01_2025,0.88,-8.63,-4.63,0.00,-0.00,-0.00
-7120,2.81,0,2.27,643,3,5912,09_47_41_14_01_2025,0.90,-8.63,-4.63,0.00,-0.01,-0.00
-7150,2.81,0,2.27,642,3,5955,09_47_41_14_01_2025,0.90,-8.64,-4.61,0.00,-0.00,-0.00
-7236,2.82,0,2.27,642,3,5995,09_47_41_14_01_2025,0.89,-8.63,-4.62,0.00,-0.00,-0.00
-7264,2.82,0,2.27,642,3,6037,09_47_41_14_01_2025,0.89,-8.64,-4.61,0.00,-0.00,-0.00
-7386,2.83,0,2.27,641,3,6078,09_47_41_14_01_2025,0.89,-8.63,-4.63,0.00,-0.00,-0.00
-7298,2.83,0,2.27,642,3,6118,09_47_41_14_01_2025,0.90,-8.64,-4.63,0.00,-0.00,-0.00
-7181,2.82,0,2.27,642,3,6159,09_47_41_14_01_2025,0.91,-8.64,-4.61,0.00,-0.00,0.00
-7201,2.82,0,2.27,642,3,6202,09_47_41_14_01_2025,0.89,-8.62,-4.62,0.01,-0.00,-0.00
-7143,2.81,0,2.27,642,3,6243,09_47_41_14_01_2025,0.90,-8.65,-4.63,0.00,-0.00,-0.00
-7252,2.82,0,2.27,642,3,6284,09_47_41_14_01_2025,0.88,-8.65,-4.63,0.00,-0.00,0.00
-7010,2.80,0,2.27,642,3,6324,09_47_41_14_01_2025,0.89,-8.63,-4.61,0.00,-0.00,0.00
-7025,2.80,0,2.27,642,3,6365,09_47_41_14_01_2025,0.90,-8.64,-4.60,0.00,-0.00,-0.00
-7186,2.82,0,2.27,642,3,6405,09_47_41_14_01_2025,0.86,-8.62,-4.62,0.00,-0.00,-0.00
-7241,2.82,0,2.27,642,3,6448,09_47_41_14_01_2025,0.89,-8.64,-4.62,0.01,-0.00,-0.00
-7226,2.82,0,2.27,642,3,6490,09_47_41_14_01_2025,0.90,-8.64,-4.62,0.00,-0.00,-0.00
-7269,2.82,0,2.27,642,3,6530,09_47_41_14_01_2025,0.89,-8.63,-4.62,0.00,-0.00,-0.00
-7091,2.81,0,2.27,642,3,6571,09_47_41_14_01_2025,0.89,-8.63,-4.63,0.00,-0.00,-0.00
-7128,2.81,0,2.27,642,3,6612,09_47_41_14_01_2025,0.91,-8.66,-4.63,0.00,-0.00,-0.00
-7444,2.84,0,2.27,642,3,6653,09_47_41_14_01_2025,0.89,-8.64,-4.61,0.00,-0.01,0.00
-7213,2.82,0,2.27,642,3,6697,09_47_41_14_01_2025,0.89,-8.63,-4.61,0.01,-0.00,0.00
-7340,2.83,0,2.27,641,3,6737,09_47_41_14_01_2025,0.89,-8.64,-4.64,0.00,-0.00,-0.00
-7207,2.82,0,2.27,642,3,6778,09_47_41_14_01_2025,0.90,-8.64,-4.63,0.01,-0.00,0.00
-7311,2.83,0,2.27,642,3,6821,09_47_42_14_01_2025,0.89,-8.64,-4.62,0.00,-0.00,-0.00
-7240,2.82,0,2.27,642,3,6863,09_47_42_14_01_2025,0.89,-8.64,-4.62,0.01,-0.01,0.00
-7361,2.83,0,2.27,642,3,6906,09_47_42_14_01_2025,0.90,-8.63,-4.62,0.00,-0.00,0.00
-7281,2.82,0,2.27,642,3,6946,09_47_42_14_01_2025,0.90,-8.64,-4.62,0.00,-0.00,-0.00
-7340,2.83,0,2.27,642,3,6990,09_47_42_14_01_2025,0.90,-8.63,-4.62,0.00,-0.00,0.00
-7313,2.83,0,2.27,642,3,7031,09_47_42_14_01_2025,0.89,-8.65,-4.64,0.00,-0.00,0.00
-7283,2.82,0,2.27,642,3,7071,09_47_42_14_01_2025,0.90,-8.63,-4.60,0.00,-0.00,-0.00
-7063,2.81,0,2.27,642,3,7112,09_47_42_14_01_2025,0.85,-8.63,-4.65,0.00,-0.01,0.00
-7201,2.82,0,2.27,642,3,7154,09_47_42_14_01_2025,0.92,-8.64,-4.62,0.00,-0.00,0.00
-7147,2.81,0,2.27,641,3,7194,09_47_42_14_01_2025,0.88,-8.64,-4.59,0.00,-0.00,0.00
-7247,2.82,0,2.27,642,3,7238,09_47_42_14_01_2025,0.87,-8.64,-4.62,0.01,-0.00,0.00
-7107,2.81,0,2.27,642,3,7278,09_47_42_14_01_2025,0.90,-8.66,-4.61,0.00,-0.00,0.00
-7107,2.81,0,2.27,641,3,7319,09_47_42_14_01_2025,0.90,-8.64,-4.62,0.00,-0.01,0.00
-7235,2.82,0,2.27,642,3,7360,09_47_42_14_01_2025,0.85,-8.58,-4.57,0.01,-0.01,0.00
-7165,2.82,0,2.27,642,3,7401,09_47_42_14_01_2025,0.88,-8.67,-4.69,0.00,-0.00,-0.00
-7208,2.82,0,2.27,642,3,7441,09_47_42_14_01_2025,0.89,-8.62,-4.65,0.00,-0.00,0.00
-7194,2.82,0,2.27,642,3,7485,09_47_42_14_01_2025,0.88,-8.61,-4.59,0.00,-0.00,-0.01
-7209,2.82,0,2.27,642,3,7525,09_47_42_14_01_2025,0.88,-8.70,-4.67,0.00,0.00,0.00
-7159,2.82,0,2.27,642,3,7566,09_47_42_14_01_2025,0.90,-8.61,-4.62,0.01,-0.01,0.00
-7029,2.81,0,2.27,642,3,7606,09_47_42_14_01_2025,0.85,-8.71,-4.64,0.00,-0.00,0.00
-7350,2.83,0,2.27,642,3,7647,09_47_42_14_01_2025,0.94,-8.64,-4.58,0.01,-0.01,0.00
-7205,2.82,0,2.27,642,3,7688,09_47_42_14_01_2025,0.83,-8.58,-4.58,0.01,-0.00,-0.01
-7133,2.81,0,2.27,642,3,7732,09_47_42_14_01_2025,0.90,-8.71,-4.64,0.00,-0.01,0.01
-7110,2.81,0,2.27,642,3,7773,09_47_42_14_01_2025,0.89,-8.60,-4.62,0.00,-0.01,0.01
-7133,2.81,0,2.27,642,3,7814,09_47_43_14_01_2025,0.83,-8.61,-4.62,0.01,-0.00,-0.00
-7327,2.83,0,2.27,641,3,7854,09_47_43_14_01_2025,0.87,-8.63,-4.63,0.01,-0.01,-0.01
-7266,2.82,0,2.27,641,3,7896,09_47_43_14_01_2025,0.90,-8.65,-4.60,0.01,-0.00,-0.01
-7183,2.82,0,2.27,641,3,7936,09_47_43_14_01_2025,0.89,-8.65,-4.62,0.00,-0.00,0.00
-7132,2.81,0,2.27,642,3,7982,09_47_43_14_01_2025,0.88,-8.63,-4.63,0.00,-0.01,0.00
-7079,2.81,0,2.27,642,3,8030,09_47_43_14_01_2025,0.87,-8.62,-4.62,0.00,-0.00,-0.00
-7018,2.80,0,2.27,642,3,8071,09_47_43_14_01_2025,0.90,-8.65,-4.63,0.00,-0.00,-0.00
-7137,2.81,0,2.27,642,3,8112,09_47_43_14_01_2025,0.90,-8.66,-4.64,0.01,-0.00,-0.00
-7087,2.81,0,2.27,642,3,8153,09_47_43_14_01_2025,0.88,-8.64,-4.62,0.00,-0.00,0.00
-7109,2.81,0,2.27,642,3,8194,09_47_43_14_01_2025,0.87,-8.61,-4.60,0.00,-0.00,0.00
-7218,2.82,0,2.27,642,3,8238,09_47_43_14_01_2025,0.87,-8.62,-4.64,0.00,-0.00,-0.01
-7161,2.82,0,2.27,642,3,8278,09_47_43_14_01_2025,0.89,-8.64,-4.62,0.00,-0.00,-0.00
-7220,2.82,0,2.27,642,3,8319,09_47_43_14_01_2025,0.88,-8.63,-4.61,0.00,-0.00,-0.00
-7166,2.82,0,2.27,642,3,8360,09_47_43_14_01_2025,0.87,-8.63,-4.62,0.00,-0.00,-0.00
-7325,2.83,0,2.27,642,3,8401,09_47_43_14_01_2025,0.87,-8.64,-4.63,0.01,-0.00,-0.00
-7106,2.81,0,2.27,642,3,8443,09_47_43_14_01_2025,0.89,-8.65,-4.62,0.00,-0.00,-0.00
-7056,2.81,0,2.27,642,3,8486,09_47_43_14_01_2025,0.91,-8.65,-4.61,0.01,-0.00,-0.00
-7213,2.82,0,2.27,642,3,8526,09_47_43_14_01_2025,0.86,-8.62,-4.61,0.00,-0.00,0.00
-6927,2.80,0,2.27,642,3,8567,09_47_43_14_01_2025,0.88,-8.65,-4.62,0.00,-0.00,-0.00
-7161,2.82,0,2.27,642,3,8607,09_47_43_14_01_2025,0.88,-8.64,-4.62,0.00,-0.00,-0.00
-7283,2.82,0,2.27,642,3,8648,09_47_43_14_01_2025,0.90,-8.64,-4.61,0.00,-0.00,-0.00
-7113,2.81,0,2.27,642,3,8689,09_47_43_14_01_2025,0.89,-8.63,-4.63,0.00,-0.00,-0.00
-7228,2.82,0,2.27,642,3,8729,09_47_43_14_01_2025,0.89,-8.63,-4.61,0.00,-0.00,0.00
-7101,2.81,0,2.27,642,3,8772,09_47_43_14_01_2025,0.89,-8.63,-4.63,0.00,-0.00,-0.00
-7181,2.82,0,2.27,642,3,8812,09_47_44_14_01_2025,0.89,-8.65,-4.62,0.01,-0.00,-0.00
-7309,2.83,0,2.27,641,3,8853,09_47_44_14_01_2025,0.90,-8.65,-4.62,0.01,-0.00,0.00
-7189,2.82,0,2.27,642,3,8894,09_47_44_14_01_2025,0.89,-8.63,-4.61,0.00,-0.00,-0.00
-7180,2.82,0,2.27,642,3,8934,09_47_44_14_01_2025,0.88,-8.62,-4.62,0.00,-0.00,-0.00
-7094,2.81,0,2.27,642,3,8975,09_47_44_14_01_2025,0.88,-8.66,-4.62,0.00,-0.00,0.00
-7275,2.82,0,2.27,642,3,9018,09_47_44_14_01_2025,0.89,-8.62,-4.64,0.00,-0.01,0.00
-7190,2.82,0,2.27,642,3,9058,09_47_44_14_01_2025,0.90,-8.62,-4.62,0.00,-0.00,0.00
-1,2.27,0,2.27,642,3,9099,09_47_44_14_01_2025,0.88,-8.62,-4.60,0.00,-0.00,-0.00
-7292,2.83,0,2.27,641,3,9140,09_47_44_14_01_2025,0.88,-8.64,-4.63,0.00,-0.00,-0.00
-7290,2.83,0,2.27,642,3,9183,09_47_44_14_01_2025,0.88,-8.64,-4.63,0.01,-0.00,-0.00
-7345,2.83,0,2.27,642,3,9225,09_47_44_14_01_2025,0.89,-8.64,-4.60,0.01,-0.00,0.00
-7282,2.82,0,2.27,642,3,9271,09_47_44_14_01_2025,0.86,-8.65,-4.58,0.00,-0.00,-0.00
-7055,2.81,0,2.27,641,3,9313,09_47_44_14_01_2025,0.90,-8.65,-4.63,0.01,-0.01,-0.00
-7077,2.81,0,2.27,642,3,9353,09_47_44_14_01_2025,0.90,-8.63,-4.62,0.00,-0.01,-0.00
-7243,2.82,0,2.27,642,3,9394,09_47_44_14_01_2025,0.88,-8.63,-4.64,0.00,-0.01,0.00
-7225,2.82,0,2.27,642,3,9436,09_47_44_14_01_2025,0.89,-8.64,-4.61,0.00,-0.00,0.00
-7209,2.82,0,2.27,642,3,9476,09_47_44_14_01_2025,0.88,-8.64,-4.61,0.00,-0.00,-0.00
-7274,2.82,0,2.27,641,3,9520,09_47_44_14_01_2025,0.89,-8.63,-4.62,0.00,-0.00,-0.00
-7123,2.81,0,2.27,642,3,9560,09_47_44_14_01_2025,0.88,-8.64,-4.62,0.00,-0.00,0.00
-7050,2.81,0,2.27,642,3,9601,09_47_44_14_01_2025,0.87,-8.63,-4.60,0.00,-0.00,-0.00
-7133,2.81,0,2.27,642,3,9642,09_47_44_14_01_2025,0.88,-8.63,-4.64,0.01,-0.00,-0.00
-7321,2.83,0,2.27,642,3,9683,09_47_44_14_01_2025,0.88,-8.65,-4.62,0.00,-0.00,-0.00
-7250,2.82,0,2.27,641,3,9725,09_47_44_14_01_2025,0.93,-8.64,-4.59,0.00,-0.00,-0.00
-7328,2.83,0,2.27,642,3,9768,09_47_44_14_01_2025,0.85,-8.66,-4.66,0.00,-0.00,0.00
-7160,2.82,0,2.27,641,3,9808,09_47_45_14_01_2025,0.89,-8.62,-4.61,0.00,-0.00,-0.00
-7120,2.81,0,2.27,642,3,9849,09_47_45_14_01_2025,0.90,-8.66,-4.60,0.00,-0.00,-0.00
-7178,2.82,0,2.27,642,3,9889,09_47_45_14_01_2025,0.86,-8.64,-4.64,0.00,-0.00,0.00
-7205,2.82,0,2.27,642,3,9930,09_47_45_14_01_2025,0.89,-8.62,-4.62,0.00,-0.00,-0.00
-7144,2.81,0,2.27,642,3,9971,09_47_45_14_01_2025,0.90,-8.63,-4.59,0.00,-0.00,0.00
-7290,2.83,0,2.27,642,3,10014,09_47_45_14_01_2025,0.86,-8.62,-4.62,0.00,-0.00,-0.00
-7110,2.81,0,2.27,642,3,10055,09_47_45_14_01_2025,0.91,-8.64,-4.61,0.00,-0.00,0.00
-7256,2.82,0,2.27,642,3,10096,09_47_45_14_01_2025,0.88,-8.63,-4.62,0.00,-0.00,0.00
-7226,2.82,0,2.27,642,3,10136,09_47_45_14_01_2025,0.88,-8.64,-4.61,0.00,-0.00,-0.00
-7206,2.82,0,2.27,642,3,10177,09_47_45_14_01_2025,0.89,-8.65,-4.62,0.00,-0.00,-0.00
-7344,2.83,0,2.27,642,3,10218,09_47_45_14_01_2025,0.92,-8.63,-4.64,0.00,-0.00,-0.00
-7215,2.82,0,2.27,642,3,10262,09_47_45_14_01_2025,0.87,-8.65,-4.61,0.00,-0.01,0.00
-7231,2.82,0,2.27,642,3,10303,09_47_45_14_01_2025,0.88,-8.60,-4.60,0.00,-0.00,-0.00
-7012,2.80,0,2.27,642,3,10344,09_47_45_14_01_2025,0.87,-8.66,-4.63,0.00,-0.00,-0.00
-7010,2.80,0,2.27,642,3,10388,09_47_45_14_01_2025,0.91,-8.62,-4.61,0.00,-0.01,0.00
-7271,2.82,0,2.27,642,3,10431,09_47_45_14_01_2025,0.88,-8.64,-4.61,0.00,-0.00,-0.00
-7281,2.82,0,2.27,642,3,10472,09_47_45_14_01_2025,0.88,-8.64,-4.62,0.00,-0.00,-0.00
-7044,2.81,0,2.27,642,3,10516,09_47_45_14_01_2025,0.85,-8.62,-4.62,0.00,-0.00,-0.00
-7178,2.82,0,2.27,642,3,10556,09_47_45_14_01_2025,0.90,-8.66,-4.62,0.00,-0.00,-0.00
-7107,2.81,0,2.27,642,3,10597,09_47_45_14_01_2025,0.86,-8.63,-4.61,0.00,-0.00,0.00
-7244,2.82,0,2.27,642,3,10637,09_47_45_14_01_2025,0.89,-8.64,-4.62,0.00,-0.00,-0.00
-7267,2.82,0,2.27,642,3,10678,09_47_45_14_01_2025,0.87,-8.63,-4.61,0.01,-0.00,0.00
-7287,2.82,0,2.27,642,3,10719,09_47_45_14_01_2025,0.88,-8.63,-4.64,0.00,-0.00,-0.00
-7216,2.82,0,2.27,642,3,10762,09_47_45_14_01_2025,0.91,-8.66,-4.61,0.00,-0.00,-0.00
-7036,2.81,0,2.27,642,3,10803,09_47_46_14_01_2025,0.86,-8.65,-4.61,0.00,-0.01,0.00
-7030,2.81,0,2.27,643,3,10844,09_47_46_14_01_2025,0.88,-8.63,-4.62,0.00,-0.00,-0.00
-7241,2.82,0,2.27,642,3,10884,09_47_46_14_01_2025,0.92,-8.66,-4.58,0.00,-0.00,0.00
-7159,2.82,0,2.27,642,3,10925,09_47_46_14_01_2025,0.86,-8.61,-4.62,0.00,-0.00,-0.00
-7236,2.82,0,2.27,641,3,10966,09_47_46_14_01_2025,0.90,-8.65,-4.64,0.00,-0.00,-0.00
-7465,2.84,0,2.27,642,3,11009,09_47_46_14_01_2025,0.89,-8.64,-4.61,0.01,-0.00,0.00
-7138,2.81,0,2.27,641,3,11050,09_47_46_14_01_2025,0.87,-8.62,-4.62,0.00,-0.00,-0.00
-7201,2.82,0,2.27,642,3,11090,09_47_46_14_01_2025,0.90,-8.66,-4.61,0.01,-0.00,-0.00
-7257,2.82,0,2.27,642,3,11131,09_47_46_14_01_2025,0.89,-8.64,-4.62,0.00,-0.00,-0.00
-7134,2.81,0,2.27,642,3,11172,09_47_46_14_01_2025,0.88,-8.65,-4.61,0.00,-0.01,0.00
-7394,2.83,0,2.27,642,3,11212,09_47_46_14_01_2025,0.85,-8.62,-4.61,0.00,-0.01,0.00
-7280,2.82,0,2.27,642,3,11256,09_47_46_14_01_2025,0.89,-8.65,-4.64,0.00,-0.00,-0.00
-7200,2.82,0,2.27,642,3,11297,09_47_46_14_01_2025,0.89,-8.64,-4.61,0.00,-0.00,0.00
-7255,2.82,0,2.27,642,3,11337,09_47_46_14_01_2025,0.89,-8.63,-4.63,0.00,-0.00,-0.00
-7211,2.82,0,2.27,642,3,11378,09_47_46_14_01_2025,0.88,-8.65,-4.60,0.00,-0.00,0.00
-7237,2.82,0,2.27,642,3,11419,09_47_46_14_01_2025,0.87,-8.62,-4.61,0.01,-0.00,-0.00
-7223,2.82,0,2.27,642,3,11500,09_47_46_14_01_2025,0.89,-8.65,-4.62,0.00,-0.00,-0.00
-7082,2.81,0,2.27,642,3,11541,09_47_46_14_01_2025,0.88,-8.63,-4.63,0.01,-0.00,-0.00
-7152,2.81,0,2.27,642,3,11607,09_47_46_14_01_2025,0.88,-8.65,-4.62,0.00,-0.00,0.00
-7272,2.82,0,2.27,642,3,11696,09_47_46_14_01_2025,0.90,-8.65,-4.61,0.00,-0.00,-0.00
-7319,2.83,0,2.27,642,3,11738,09_47_46_14_01_2025,0.88,-8.62,-4.61,0.00,-0.00,0.00
-7179,2.82,0,2.27,642,3,11802,09_47_46_14_01_2025,0.90,-8.67,-4.66,0.00,-0.00,-0.00
-7369,2.83,0,2.27,642,3,11893,09_47_47_14_01_2025,0.87,-8.61,-4.60,0.00,-0.00,0.00
-7117,2.81,0,2.27,641,3,11933,09_47_47_14_01_2025,0.87,-8.64,-4.63,0.00,-0.00,-0.00
-7265,2.82,0,2.27,642,3,11999,09_47_47_14_01_2025,0.87,-8.63,-4.60,0.01,-0.00,0.00
-7315,2.83,0,2.27,642,3,12090,09_47_47_14_01_2025,0.88,-8.64,-4.61,0.00,-0.00,-0.00
-7189,2.82,0,2.27,642,3,12132,09_47_47_14_01_2025,0.87,-8.64,-4.61,0.00,-0.01,-0.00
-7195,2.82,0,2.27,642,3,12194,09_47_47_14_01_2025,0.88,-8.63,-4.62,0.00,-0.00,0.00
-7208,2.82,0,2.27,641,3,12235,09_47_47_14_01_2025,0.90,-8.65,-4.63,0.00,-0.00,-0.01
-7244,2.82,0,2.27,642,3,12301,09_47_47_14_01_2025,0.87,-8.62,-4.63,0.00,-0.00,0.00
-7172,2.82,0,2.27,642,3,12391,09_47_47_14_01_2025,0.89,-8.67,-4.62,0.00,-0.00,-0.00
-7188,2.82,0,2.27,642,3,12433,09_47_47_14_01_2025,0.89,-8.66,-4.61,0.00,-0.00,-0.00
-7234,2.82,0,2.27,642,3,12498,09_47_47_14_01_2025,0.87,-8.62,-4.62,0.00,-0.00,-0.00
-7138,2.81,0,2.27,642,3,12588,09_47_47_14_01_2025,0.88,-8.63,-4.61,0.01,-0.00,0.00
-7116,2.81,0,2.27,641,3,12628,09_47_47_14_01_2025,0.90,-8.64,-4.61,0.00,-0.00,-0.00
-7091,2.81,0,2.27,642,3,12694,09_47_47_14_01_2025,0.87,-8.63,-4.61,0.00,-0.00,0.00
-7222,2.82,0,2.27,643,3,12785,09_47_47_14_01_2025,0.88,-8.62,-4.60,0.00,-0.00,0.00
-7146,2.81,0,2.27,642,3,12825,09_47_48_14_01_2025,0.86,-8.63,-4.63,0.00,-0.00,0.00
-7235,2.82,0,2.27,642,3,12890,09_47_48_14_01_2025,0.89,-8.63,-4.62,0.00,-0.00,-0.00
-7155,2.81,0,2.27,642,3,12980,09_47_48_14_01_2025,0.88,-8.61,-4.59,0.01,-0.00,0.00
-7111,2.81,0,2.27,642,3,13021,09_47_48_14_01_2025,0.90,-8.65,-4.62,0.01,-0.00,-0.00
-7193,2.82,0,2.27,642,3,13087,09_47_48_14_01_2025,0.90,-8.64,-4.61,0.00,-0.01,0.00
-7225,2.82,0,2.27,642,3,13176,09_47_48_14_01_2025,0.90,-8.63,-4.62,0.00,-0.00,-0.00
-7270,2.82,0,2.27,642,3,13216,09_47_48_14_01_2025,0.88,-8.62,-4.61,0.00,-0.00,-0.00
-7084,2.81,0,2.27,642,3,13282,09_47_48_14_01_2025,0.89,-8.64,-4.62,0.00,-0.00,-0.00
-7089,2.81,0,2.27,642,3,13373,09_47_48_14_01_2025,0.89,-8.63,-4.60,0.00,-0.00,-0.00
-7231,2.82,0,2.27,642,3,13414,09_47_48_14_01_2025,0.88,-8.64,-4.62,0.01,-0.00,-0.00
-7404,2.83,0,2.27,642,3,13479,09_47_48_14_01_2025,0.88,-8.63,-4.61,0.00,-0.00,-0.00
-7234,2.82,0,2.27,642,3,13524,09_47_48_14_01_2025,0.90,-8.65,-4.62,0.01,-0.00,-0.00
-7263,2.82,0,2.27,642,3,13584,09_47_48_14_01_2025,0.88,-8.63,-4.60,0.00,-0.00,0.00
-7061,2.81,0,2.27,643,3,13674,09_47_48_14_01_2025,0.89,-8.63,-4.62,0.00,-0.00,-0.00
-7133,2.81,0,2.27,642,3,13715,09_47_48_14_01_2025,0.89,-8.62,-4.62,0.00,-0.00,0.00
-7239,2.82,0,2.27,643,3,13781,09_47_48_14_01_2025,0.90,-8.64,-4.60,0.00,-0.00,-0.00
-7161,2.82,0,2.27,642,3,13871,09_47_49_14_01_2025,0.88,-8.64,-4.63,0.00,-0.00,-0.00
-7325,2.83,0,2.27,641,3,13913,09_47_49_14_01_2025,0.89,-8.64,-4.60,0.01,-0.00,0.00
-7436,2.84,0,2.27,641,3,13977,09_47_49_14_01_2025,0.89,-8.63,-4.61,0.00,-0.00,-0.00
-7363,2.83,0,2.27,642,3,14067,09_47_49_14_01_2025,0.91,-8.65,-4.61,0.00,-0.00,-0.00
-7260,2.82,0,2.27,642,3,14108,09_47_49_14_01_2025,0.88,-8.62,-4.61,0.00,-0.00,-0.00
-6952,2.80,0,2.27,642,3,14173,09_47_49_14_01_2025,0.89,-8.65,-4.64,0.00,-0.00,-0.00
-7291,2.83,0,2.27,642,3,14263,09_47_49_14_01_2025,0.89,-8.64,-4.61,0.00,-0.00,-0.00
-7152,2.81,0,2.27,642,3,14307,09_47_49_14_01_2025,0.89,-8.64,-4.61,0.01,-0.00,-0.00
-7084,2.81,0,2.27,642,3,14369,09_47_49_14_01_2025,0.89,-8.64,-4.62,0.00,-0.00,-0.00
-7116,2.81,0,2.27,642,3,14459,09_47_49_14_01_2025,0.89,-8.63,-4.62,0.00,-0.00,0.00
-7476,2.84,0,2.27,642,3,14500,09_47_49_14_01_2025,0.89,-8.64,-4.62,0.00,-0.00,-0.00
-7036,2.81,0,2.27,642,3,14565,09_47_49_14_01_2025,0.90,-8.65,-4.61,0.00,-0.00,-0.00
-7154,2.81,0,2.27,642,3,14657,09_47_49_14_01_2025,0.88,-8.64,-4.61,0.00,-0.00,0.00
-7230,2.82,0,2.27,642,3,14700,09_47_49_14_01_2025,0.91,-8.65,-4.61,0.00,-0.00,-0.00
-7292,2.83,0,2.27,643,3,14763,09_47_49_14_01_2025,0.88,-8.65,-4.61,0.00,-0.00,0.00
-7177,2.82,0,2.27,640,3,14804,09_47_50_14_01_2025,0.91,-8.64,-4.61,0.00,-0.00,-0.00
-7240,2.82,0,2.27,643,3,14867,09_47_50_14_01_2025,0.86,-8.63,-4.60,0.00,-0.00,0.00
-7262,2.82,0,2.27,642,3,14957,09_47_50_14_01_2025,0.90,-8.64,-4.63,0.01,-0.00,-0.00
-7206,2.82,0,2.27,642,3,14998,09_47_50_14_01_2025,0.87,-8.64,-4.60,0.00,-0.00,-0.00
-7031,2.81,0,2.27,642,3,15064,09_47_50_14_01_2025,0.90,-8.63,-4.63,0.00,-0.00,-0.00
-7305,2.83,0,2.27,642,3,15155,09_47_50_14_01_2025,0.91,-8.65,-4.62,0.00,-0.01,0.00
-7074,2.81,0,2.27,642,3,15197,09_47_50_14_01_2025,0.87,-8.64,-4.60,0.00,-0.00,-0.01
-7124,2.81,0,2.27,642,3,15260,09_47_50_14_01_2025,0.92,-8.67,-4.62,0.00,-0.00,-0.00
-7144,2.81,0,2.27,642,3,15350,09_47_50_14_01_2025,0.88,-8.61,-4.61,0.00,-0.00,-0.00
-7147,2.81,0,2.27,642,3,15393,09_47_50_14_01_2025,0.89,-8.63,-4.63,0.00,-0.00,-0.00
-7297,2.83,0,2.27,643,3,15457,09_47_50_14_01_2025,0.91,-8.63,-4.64,0.00,-0.00,-0.00
-7108,2.81,0,2.27,642,3,15547,09_47_50_14_01_2025,0.89,-8.62,-4.61,0.01,-0.00,0.00
-7248,2.82,0,2.27,642,3,15587,09_47_50_14_01_2025,0.90,-8.66,-4.62,0.00,-0.00,0.00
-7179,2.82,0,2.27,642,3,15652,09_47_50_14_01_2025,0.87,-8.62,-4.61,0.00,-0.01,0.00
-7341,2.83,0,2.27,642,3,15742,09_47_50_14_01_2025,0.90,-8.62,-4.60,0.00,-0.01,-0.00
-7171,2.82,0,2.27,642,3,15784,09_47_50_14_01_2025,0.89,-8.67,-4.64,0.00,-0.00,0.00
-7130,2.81,0,2.27,642,3,15849,09_47_51_14_01_2025,0.84,-8.62,-4.60,0.00,-0.01,0.00
-7376,2.83,0,2.27,642,3,15940,09_47_51_14_01_2025,0.91,-8.62,-4.58,0.00,-0.00,0.00
-7452,2.84,0,2.27,642,3,15980,09_47_51_14_01_2025,0.80,-8.61,-4.63,0.00,-0.01,0.00
-7214,2.82,0,2.27,642,3,16044,09_47_51_14_01_2025,0.84,-8.63,-4.63,0.00,-0.01,0.01
-7068,2.81,0,2.27,642,3,16086,09_47_51_14_01_2025,0.75,-8.34,-4.60,0.00,-0.01,0.01
-7276,2.82,0,2.27,641,3,16152,09_47_51_14_01_2025,1.06,-8.81,-4.53,0.01,0.01,-0.04
-7313,2.83,0,2.27,642,3,16241,09_47_51_14_01_2025,0.91,-8.63,-4.58,0.00,-0.00,-0.01
-7109,2.81,0,2.27,642,3,16281,09_47_51_14_01_2025,0.82,-8.58,-4.60,0.00,-0.01,0.00
-7201,2.82,0,2.27,643,3,16347,09_47_51_14_01_2025,0.86,-8.63,-4.62,0.00,-0.01,-0.01
-7262,2.82,0,2.27,642,3,16437,09_47_51_14_01_2025,0.89,-8.65,-4.63,0.00,-0.01,-0.00
-7133,2.81,0,2.27,643,3,16478,09_47_51_14_01_2025,0.86,-8.61,-4.67,0.00,-0.01,-0.00
-7294,2.83,0,2.27,642,3,16544,09_47_51_14_01_2025,0.88,-8.63,-4.66,0.00,-0.00,-0.00
-6993,2.80,0,2.27,642,3,16636,09_47_51_14_01_2025,0.90,-8.61,-4.67,0.00,-0.00,-0.00
-7121,2.81,0,2.27,643,3,16676,09_47_51_14_01_2025,0.89,-8.65,-4.59,0.00,-0.00,0.00
-7361,2.83,0,2.27,642,3,16740,09_47_51_14_01_2025,0.86,-8.64,-4.59,0.01,-0.00,0.00
-7322,2.83,0,2.27,642,3,16830,09_47_51_14_01_2025,0.87,-8.62,-4.63,0.01,-0.00,0.00
-7236,2.82,0,2.27,643,3,16871,09_47_52_14_01_2025,0.91,-8.65,-4.64,0.00,-0.00,0.00
-7059,2.81,0,2.27,642,3,16935,09_47_52_14_01_2025,0.94,-8.63,-4.63,0.01,-0.00,0.00
-7218,2.82,0,2.27,642,3,17026,09_47_52_14_01_2025,0.84,-8.59,-4.63,0.01,-0.00,0.01
-7151,2.81,0,2.27,641,3,17066,09_47_52_14_01_2025,0.92,-8.68,-4.57,0.01,0.00,-0.00
-7133,2.81,0,2.27,642,3,17132,09_47_52_14_01_2025,0.85,-8.56,-4.63,-0.00,-0.02,0.03
-7238,2.82,0,2.27,643,3,17224,09_47_52_14_01_2025,0.83,-8.68,-4.68,0.01,-0.03,0.03
-7182,2.82,0,2.27,642,3,17267,09_47_52_14_01_2025,0.87,-8.64,-4.67,0.01,-0.00,-0.01
-7288,2.82,0,2.27,643,3,17328,09_47_52_14_01_2025,0.96,-8.54,-4.83,-0.00,-0.01,-0.00
-7234,2.82,0,2.27,642,3,17372,09_47_52_14_01_2025,1.17,-8.37,-4.43,0.00,-0.08,0.04
-7176,2.82,0,2.27,642,3,17435,09_47_52_14_01_2025,0.30,-8.74,-4.36,0.00,0.17,0.37
-7126,2.81,0,2.27,642,3,17526,09_47_52_14_01_2025,0.83,-8.47,-4.73,-0.00,0.43,0.31
-7059,2.81,0,2.27,642,3,17566,09_47_52_14_01_2025,0.86,-9.15,-4.59,-0.59,0.38,0.07
-7228,2.82,0,2.27,642,3,17631,09_47_52_14_01_2025,0.97,-8.71,-5.21,-0.90,0.46,0.17
-7119,2.81,0,2.27,641,3,17721,09_47_52_14_01_2025,0.89,-8.23,-5.36,-1.04,0.28,0.03
-7224,2.82,0,2.27,642,3,17765,09_47_52_14_01_2025,0.88,-7.26,-6.06,-0.94,0.04,0.05
-7185,2.82,0,2.27,642,3,17827,09_47_53_14_01_2025,0.84,-7.05,-6.39,-0.56,0.06,0.05
-7155,2.81,0,2.27,642,3,17917,09_47_53_14_01_2025,0.69,-7.12,-6.60,-0.62,-0.02,0.06
-7284,2.82,0,2.27,642,3,17958,09_47_53_14_01_2025,0.87,-6.40,-7.00,-0.52,0.00,0.01
-7156,2.81,0,2.27,642,3,18023,09_47_53_14_01_2025,0.89,-6.54,-7.36,-0.28,0.20,0.00
-7213,2.82,0,2.27,642,3,18113,09_47_53_14_01_2025,1.11,-6.50,-7.22,-0.03,0.03,-0.02
-7303,2.83,0,2.27,643,3,18157,09_47_53_14_01_2025,1.04,-6.62,-7.32,-0.08,0.02,0.01
-7161,2.82,0,2.27,642,3,18220,09_47_53_14_01_2025,1.18,-6.30,-7.28,-0.09,0.09,-0.01
-7002,2.80,0,2.27,642,3,18309,09_47_53_14_01_2025,1.20,-6.36,-7.32,-0.03,0.02,-0.01
-7048,2.81,0,2.27,643,3,18349,09_47_53_14_01_2025,1.13,-6.35,-7.37,0.00,0.00,0.00
-7222,2.82,0,2.27,642,3,18416,09_47_53_14_01_2025,1.14,-6.40,-7.37,-0.01,0.01,0.03
-7122,2.81,0,2.27,642,3,18506,09_47_53_14_01_2025,1.24,-6.33,-7.35,-0.01,0.01,-0.02
-7055,2.81,0,2.27,642,3,18548,09_47_53_14_01_2025,1.17,-6.35,-7.37,0.04,0.01,-0.04
-7176,2.82,0,2.27,642,3,18612,09_47_53_14_01_2025,1.23,-6.29,-7.34,0.17,0.01,-0.06
-7278,2.82,0,2.27,643,3,18652,09_47_53_14_01_2025,1.18,-6.64,-7.29,0.29,0.04,0.02
-7286,2.82,0,2.27,642,3,18717,09_47_53_14_01_2025,1.12,-6.57,-7.15,0.16,0.04,-0.01
-7285,2.82,0,2.27,642,3,18808,09_47_53_14_01_2025,1.18,-6.78,-7.12,0.26,0.05,-0.03
-7131,2.81,0,2.27,642,3,18849,09_47_54_14_01_2025,1.38,-6.95,-6.93,0.19,0.02,-0.06
-7323,2.83,0,2.27,642,3,18915,09_47_54_14_01_2025,1.32,-6.88,-6.95,0.33,-0.02,-0.07
-7373,2.83,0,2.27,641,3,19004,09_47_54_14_01_2025,1.53,-7.13,-6.66,0.49,-0.04,-0.05
-7227,2.82,0,2.27,642,3,19046,09_47_54_14_01_2025,1.22,-7.24,-6.34,0.34,-0.10,-0.04
-7278,2.82,0,2.27,642,3,19110,09_47_54_14_01_2025,1.29,-7.33,-6.31,0.53,-0.04,0.05
-7061,2.81,0,2.27,642,3,19200,09_47_54_14_01_2025,1.36,-7.46,-6.09,1.02,-0.01,0.19
-7363,2.83,0,2.27,642,3,19242,09_47_54_14_01_2025,1.33,-8.23,-5.52,0.26,0.07,0.07
-7299,2.83,0,2.27,642,3,19307,09_47_54_14_01_2025,1.29,-8.02,-5.41,0.24,0.00,0.07
-7277,2.82,0,2.27,643,3,19397,09_47_54_14_01_2025,1.20,-8.36,-5.36,0.20,-0.01,0.03
-7039,2.81,0,2.27,642,3,19437,09_47_54_14_01_2025,1.12,-8.36,-5.19,0.27,0.01,-0.01
-7285,2.82,0,2.27,642,3,19504,09_47_54_14_01_2025,1.14,-8.51,-5.09,0.17,0.00,-0.02
-7351,2.83,0,2.27,642,3,19594,09_47_54_14_01_2025,1.14,-8.25,-5.03,0.07,-0.01,0.00
-7138,2.81,0,2.27,642,3,19635,09_47_54_14_01_2025,1.13,-8.31,-5.35,0.28,-0.05,0.02
-6945,2.80,0,2.27,642,3,19699,09_47_54_14_01_2025,0.95,-8.46,-4.86,0.36,-0.00,-0.01
-7053,2.81,0,2.27,642,3,19790,09_47_54_14_01_2025,1.14,-8.82,-4.63,0.05,0.03,-0.05
-7155,2.81,0,2.27,642,3,19831,09_47_55_14_01_2025,1.14,-8.56,-4.61,0.01,0.02,-0.00
-7250,2.82,0,2.27,642,3,19895,09_47_55_14_01_2025,1.19,-8.53,-4.68,-0.00,0.02,-0.02
-7180,2.82,0,2.27,643,3,19936,09_47_55_14_01_2025,1.21,-8.64,-4.66,-0.00,0.01,0.00
-7144,2.81,0,2.27,642,3,20001,09_47_55_14_01_2025,1.14,-8.51,-4.62,-0.06,0.02,-0.02
-7348,2.83,0,2.27,642,3,20091,09_47_55_14_01_2025,1.19,-8.39,-4.69,-0.18,0.08,-0.05
-7240,2.82,0,2.27,642,3,20135,09_47_55_14_01_2025,1.29,-8.29,-4.83,-0.14,0.08,-0.04
-7277,2.82,0,2.27,643,3,20198,09_47_55_14_01_2025,1.29,-8.46,-4.95,-0.03,0.04,-0.02
-7220,2.82,0,2.27,642,3,20288,09_47_55_14_01_2025,1.30,-8.48,-4.96,-0.00,0.08,0.04
-7149,2.81,0,2.27,642,3,20328,09_47_55_14_01_2025,1.19,-8.52,-4.87,0.15,-0.04,0.02
-7128,2.81,0,2.27,643,3,20393,09_47_55_14_01_2025,1.23,-8.46,-4.75,0.28,-0.00,0.02
-7077,2.81,0,2.27,642,3,20484,09_47_55_14_01_2025,1.24,-8.58,-4.66,-0.03,-0.06,0.05
-7170,2.82,0,2.27,642,3,20528,09_47_55_14_01_2025,1.08,-8.65,-4.67,-0.02,-0.12,0.12
-7313,2.83,0,2.27,642,3,20590,09_47_55_14_01_2025,1.16,-8.56,-4.76,0.01,0.02,-0.01
-7183,2.82,0,2.27,642,3,20680,09_47_55_14_01_2025,1.14,-8.55,-4.66,0.01,-0.02,0.06
-7240,2.82,0,2.27,642,3,20721,09_47_55_14_01_2025,1.13,-8.70,-4.62,0.02,0.04,-0.03
-7252,2.82,0,2.27,642,3,20786,09_47_55_14_01_2025,1.00,-8.66,-4.53,0.00,0.00,0.03
-7293,2.83,0,2.27,642,3,20877,09_47_56_14_01_2025,0.79,-8.57,-4.71,-0.03,0.06,-0.01
-7092,2.81,0,2.27,643,3,20922,09_47_56_14_01_2025,1.21,-8.59,-4.60,0.01,-0.02,0.00
-7233,2.82,0,2.27,642,3,20982,09_47_56_14_01_2025,1.17,-8.60,-4.69,0.01,0.00,-0.07
-7039,2.81,0,2.27,642,3,21073,09_47_56_14_01_2025,1.31,-8.49,-4.76,0.05,0.06,-0.13
-7271,2.82,0,2.27,642,3,21114,09_47_56_14_01_2025,1.59,-8.46,-4.49,0.04,0.05,-0.32
-7359,2.83,0,2.27,642,3,21179,09_47_56_14_01_2025,1.44,-8.66,-4.62,0.03,-0.02,-0.17
-7444,2.84,0,2.27,642,3,21220,09_47_56_14_01_2025,1.38,-8.72,-4.53,0.02,0.00,-0.27
-7407,2.83,0,2.27,642,3,21285,09_47_56_14_01_2025,2.16,-8.45,-4.70,0.01,0.02,-0.28
-7291,2.83,0,2.27,643,3,21374,09_47_56_14_01_2025,1.60,-8.55,-4.64,0.03,0.00,-0.14
-7324,2.83,0,2.27,642,3,21415,09_47_56_14_01_2025,1.86,-8.53,-4.90,0.04,0.04,-0.23
-7319,2.83,0,2.27,642,3,21480,09_47_56_14_01_2025,2.10,-8.51,-4.59,0.20,0.11,-0.10
-7313,2.83,0,2.27,643,3,21571,09_47_56_14_01_2025,1.99,-8.61,-4.50,0.01,0.02,-0.05
-7231,2.82,0,2.27,642,3,21612,09_47_56_14_01_2025,2.24,-8.51,-4.43,0.02,-0.01,-0.07
-7184,2.82,0,2.27,642,3,21677,09_47_56_14_01_2025,2.16,-8.54,-4.45,0.01,0.01,-0.14
-7288,2.82,0,2.27,642,3,21767,09_47_56_14_01_2025,2.31,-8.08,-3.70,0.21,0.01,-0.23
-7236,2.82,0,2.27,642,3,21808,09_47_57_14_01_2025,2.15,-8.62,-4.35,0.14,-0.04,-0.09
-7233,2.82,0,2.27,642,3,21873,09_47_57_14_01_2025,2.43,-8.49,-4.21,0.24,-0.04,-0.17
-7363,2.83,0,2.27,642,3,21964,09_47_57_14_01_2025,2.34,-8.52,-3.87,0.47,0.07,-0.11
-7224,2.82,0,2.27,643,3,22005,09_47_57_14_01_2025,2.66,-8.76,-3.50,0.27,-0.01,-0.17
-7213,2.82,0,2.27,642,3,22069,09_47_57_14_01_2025,2.65,-8.75,-3.55,0.30,0.04,0.06
-7344,2.83,0,2.27,642,3,22160,09_47_57_14_01_2025,2.62,-8.80,-3.42,-0.09,0.01,0.14
-7239,2.82,0,2.27,641,3,22201,09_47_57_14_01_2025,2.54,-8.72,-3.21,0.29,0.05,-0.01
-7184,2.82,0,2.27,642,3,22267,09_47_57_14_01_2025,2.54,-9.04,-3.21,0.25,0.03,-0.01
-7356,2.83,0,2.27,642,3,22356,09_47_57_14_01_2025,2.61,-8.97,-3.19,-0.08,-0.03,0.02
-7186,2.82,0,2.27,642,3,22398,09_47_57_14_01_2025,2.49,-9.16,-3.20,0.14,0.05,0.05
-7350,2.83,0,2.27,643,3,22462,09_47_57_14_01_2025,2.60,-8.93,-3.05,0.12,-0.01,-0.01
-7171,2.82,0,2.27,642,3,22503,09_47_57_14_01_2025,2.65,-9.28,-2.98,0.14,0.03,-0.04
-7166,2.82,0,2.27,642,3,22568,09_47_57_14_01_2025,2.51,-8.78,-3.06,-0.00,0.06,0.02
-7227,2.82,0,2.27,642,3,22659,09_47_57_14_01_2025,2.49,-9.02,-3.23,-0.12,-0.03,0.04
-7230,2.82,0,2.27,642,3,22699,09_47_57_14_01_2025,2.48,-8.89,-3.13,0.06,0.01,-0.02
-7305,2.83,0,2.27,642,3,22764,09_47_57_14_01_2025,2.55,-9.09,-3.12,0.01,-0.00,-0.01
-7197,2.82,0,2.27,643,3,22855,09_47_58_14_01_2025,2.52,-9.03,-3.04,-0.02,-0.01,-0.01
-7057,2.81,0,2.27,643,3,22900,09_47_58_14_01_2025,2.52,-8.97,-2.96,0.07,0.01,-0.00
-7234,2.82,0,2.27,642,3,22961,09_47_58_14_01_2025,2.63,-9.16,-3.06,0.01,-0.00,-0.03
-7260,2.82,0,2.27,642,3,23050,09_47_58_14_01_2025,2.60,-9.05,-3.08,-0.02,-0.01,0.01
-7245,2.82,0,2.27,642,3,23092,09_47_58_14_01_2025,2.55,-9.01,-3.02,0.03,-0.00,-0.01
-7336,2.83,0,2.27,641,3,23157,09_47_58_14_01_2025,2.55,-9.04,-3.02,-0.01,-0.01,0.01
-7238,2.82,0,2.27,642,3,23246,09_47_58_14_01_2025,2.56,-8.98,-2.99,0.01,-0.01,0.01
-7328,2.83,0,2.27,643,3,23290,09_47_58_14_01_2025,2.55,-8.91,-3.17,-0.02,-0.02,0.00
-7257,2.82,0,2.27,642,3,23354,09_47_58_14_01_2025,2.52,-9.12,-3.14,0.09,-0.01,0.01
-7275,2.82,0,2.27,642,3,23443,09_47_58_14_01_2025,2.51,-9.03,-3.03,-0.03,-0.01,0.01
-7260,2.82,0,2.27,643,3,23485,09_47_58_14_01_2025,2.51,-8.96,-3.01,-0.10,-0.02,0.08
-7344,2.83,0,2.27,642,3,23548,09_47_58_14_01_2025,2.49,-9.01,-3.06,-0.17,-0.03,0.08
-7104,2.81,0,2.27,642,3,23640,09_47_58_14_01_2025,2.41,-8.86,-3.23,-0.40,-0.05,0.16
-7271,2.82,0,2.27,642,3,23684,09_47_58_14_01_2025,2.11,-9.23,-3.87,-0.51,0.08,0.25
-7320,2.83,0,2.27,642,3,23745,09_47_58_14_01_2025,2.21,-8.91,-4.15,-0.25,0.03,0.05
-7099,2.81,0,2.27,642,3,23787,09_47_58_14_01_2025,2.25,-8.66,-4.14,-0.19,0.00,0.02
-7264,2.82,0,2.27,642,3,23851,09_47_59_14_01_2025,2.21,-8.64,-4.17,-0.01,0.01,0.00
-7322,2.83,0,2.27,642,3,23941,09_47_59_14_01_2025,2.12,-8.89,-4.35,-0.21,0.05,-0.04
-7345,2.83,0,2.27,642,3,23985,09_47_59_14_01_2025,2.20,-8.62,-4.27,-0.01,0.07,0.02
-7168,2.82,0,2.27,642,3,24048,09_47_59_14_01_2025,2.25,-8.67,-4.20,-0.05,0.09,0.02
-7368,2.83,0,2.27,642,3,24137,09_47_59_14_01_2025,1.77,-8.89,-4.55,-0.09,0.08,-0.05
-7267,2.82,0,2.27,641,3,24180,09_47_59_14_01_2025,2.53,-8.70,-4.58,-0.13,0.05,-0.04
-7102,2.81,0,2.27,642,3,24244,09_47_59_14_01_2025,2.46,-8.22,-4.46,-0.25,0.05,0.02
-7227,2.82,0,2.27,641,3,24335,09_47_59_14_01_2025,2.53,-8.21,-4.71,-0.31,0.05,0.01
-7209,2.82,0,2.27,643,3,24378,09_47_59_14_01_2025,2.40,-8.38,-4.91,-0.13,0.09,-0.06
-7167,2.82,0,2.27,642,3,24440,09_47_59_14_01_2025,2.71,-7.92,-4.94,-0.49,0.17,0.02
-7210,2.82,0,2.27,642,3,24530,09_47_59_14_01_2025,2.61,-7.83,-5.37,-0.42,0.15,-0.04
-7314,2.83,0,2.27,642,3,24575,09_47_59_14_01_2025,2.49,-7.66,-5.16,-0.28,0.09,-0.07
-7234,2.82,0,2.27,642,3,24636,09_47_59_14_01_2025,2.84,-7.69,-5.68,-0.16,0.07,0.01
-7043,2.81,0,2.27,642,3,24726,09_47_59_14_01_2025,2.84,-7.38,-5.52,-0.38,0.07,-0.09
-7293,2.83,0,2.27,643,3,24769,09_47_59_14_01_2025,2.81,-7.44,-5.69,0.04,-0.02,0.04
-7296,2.83,0,2.27,643,3,24833,09_48_00_14_01_2025,2.65,-7.56,-5.77,0.10,-0.03,0.07
-7233,2.82,0,2.27,642,3,24923,09_48_00_14_01_2025,2.89,-7.29,-5.58,0.21,-0.07,0.11
-7150,2.81,0,2.27,642,3,24967,09_48_00_14_01_2025,2.52,-7.98,-5.63,0.04,-0.10,0.02
-7123,2.81,0,2.27,642,3,25030,09_48_00_14_01_2025,2.67,-7.89,-5.48,-0.14,0.02,-0.07
-7234,2.82,0,2.27,643,3,25072,09_48_00_14_01_2025,2.67,-8.35,-5.62,-0.33,-0.01,-0.13
-7249,2.82,0,2.27,642,3,25135,09_48_00_14_01_2025,2.77,-7.14,-5.78,-0.44,0.05,-0.13
-7360,2.83,0,2.27,642,3,25225,09_48_00_14_01_2025,2.81,-7.42,-5.91,-0.25,0.08,-0.06
-7330,2.83,0,2.27,642,3,25269,09_48_00_14_01_2025,2.86,-7.28,-6.02,-0.36,0.04,-0.07
-7348,2.83,0,2.27,642,3,25331,09_48_00_14_01_2025,2.98,-6.98,-6.20,-0.32,0.04,-0.02
-7319,2.83,0,2.27,642,3,25421,09_48_00_14_01_2025,3.03,-6.88,-6.27,-0.22,0.00,-0.08
-7262,2.82,0,2.27,642,3,25463,09_48_00_14_01_2025,2.91,-7.02,-6.28,-0.12,0.01,-0.06
-7184,2.82,0,2.27,642,3,25527,09_48_00_14_01_2025,3.06,-6.76,-6.33,0.02,-0.06,0.01
-7076,2.81,0,2.27,642,3,25618,09_48_00_14_01_2025,2.96,-6.98,-6.43,0.09,-0.04,0.10
-7349,2.83,0,2.27,642,3,25661,09_48_00_14_01_2025,3.01,-6.85,-6.28,0.01,-0.00,0.00
-7234,2.82,0,2.27,642,3,25724,09_48_00_14_01_2025,2.92,-7.08,-6.20,0.01,-0.02,0.00
-7228,2.82,0,2.27,642,3,25814,09_48_00_14_01_2025,2.85,-6.98,-6.40,-0.11,-0.01,-0.03
-7225,2.82,0,2.27,642,3,25856,09_48_01_14_01_2025,3.05,-6.83,-5.58,0.28,-0.14,-0.00
-7133,2.81,0,2.27,642,3,25920,09_48_01_14_01_2025,2.91,-6.82,-6.20,0.02,-0.00,0.00
-7159,2.82,0,2.27,642,3,26009,09_48_01_14_01_2025,3.08,-7.05,-6.41,-0.08,0.05,-0.10
-7342,2.83,0,2.27,642,3,26052,09_48_01_14_01_2025,2.90,-7.02,-6.36,-0.44,0.06,-0.11
-7142,2.81,0,2.27,643,3,26116,09_48_01_14_01_2025,3.21,-6.49,-6.54,-0.24,0.13,0.11
-7330,2.83,0,2.27,642,3,26207,09_48_01_14_01_2025,3.07,-6.53,-6.75,-0.01,-0.02,-0.03
-7250,2.82,0,2.27,642,3,26250,09_48_01_14_01_2025,3.08,-6.36,-6.69,-0.22,0.02,-0.06
-7249,2.82,0,2.27,642,3,26312,09_48_01_14_01_2025,3.23,-6.58,-6.82,-0.24,0.01,-0.10
-7255,2.82,0,2.27,642,3,26358,09_48_01_14_01_2025,3.13,-6.23,-6.82,-0.19,-0.04,-0.08
-7287,2.82,0,2.27,642,3,26419,09_48_01_14_01_2025,2.94,-5.96,-6.89,-0.12,0.04,-0.06
-7309,2.83,0,2.27,642,3,26508,09_48_01_14_01_2025,3.25,-6.36,-6.89,-0.00,-0.01,-0.01
-7102,2.81,0,2.27,643,3,26551,09_48_01_14_01_2025,2.87,-5.86,-7.13,-0.13,0.04,-0.12
-7108,2.81,0,2.27,642,3,26614,09_48_01_14_01_2025,3.84,-6.01,-7.01,-0.14,-0.09,-0.24
-7253,2.82,0,2.27,643,3,26705,09_48_01_14_01_2025,3.22,-5.87,-7.20,0.05,-0.07,-0.41
-7168,2.82,0,2.27,643,3,26751,09_48_01_14_01_2025,3.48,-5.83,-7.05,0.01,0.04,-0.09
-7242,2.82,0,2.27,642,3,26810,09_48_01_14_01_2025,3.35,-5.96,-7.08,0.01,0.03,-0.05
-7373,2.83,0,2.27,642,3,26901,09_48_02_14_01_2025,3.41,-5.75,-7.09,0.02,0.06,-0.16
-7220,2.82,0,2.27,642,3,26943,09_48_02_14_01_2025,3.58,-5.78,-7.21,-0.04,0.03,-0.12
-7368,2.83,0,2.27,642,3,27008,09_48_02_14_01_2025,3.84,-5.55,-7.05,-0.07,0.05,-0.11
-7326,2.83,0,2.27,642,3,27098,09_48_02_14_01_2025,3.70,-5.78,-7.18,-0.01,-0.00,-0.03
-7224,2.82,0,2.27,643,3,27143,09_48_02_14_01_2025,3.64,-5.73,-7.01,-0.04,0.04,0.01
-7327,2.83,0,2.27,642,3,27203,09_48_02_14_01_2025,3.69,-5.60,-7.18,-0.06,0.02,0.01
-7274,2.82,0,2.27,642,3,27293,09_48_02_14_01_2025,3.66,-5.55,-7.50,-0.24,0.12,0.01
-6921,2.80,0,2.27,643,3,27337,09_48_02_14_01_2025,3.77,-5.44,-7.18,-0.10,0.05,-0.04
-7286,2.82,0,2.27,643,3,27399,09_48_02_14_01_2025,3.90,-5.39,-7.25,-0.09,0.08,-0.02
-7170,2.82,0,2.27,643,3,27491,09_48_02_14_01_2025,3.80,-5.42,-7.26,-0.06,0.04,-0.02
-7167,2.82,0,2.27,643,3,27536,09_48_02_14_01_2025,3.90,-5.35,-7.26,-0.06,0.04,0.02
-7221,2.82,0,2.27,642,3,27595,09_48_02_14_01_2025,4.01,-5.34,-7.29,-0.06,0.05,-0.00
-7173,2.82,0,2.27,642,3,27638,09_48_02_14_01_2025,3.97,-5.14,-7.20,-0.14,0.06,0.02
-7282,2.82,0,2.27,643,3,27702,09_48_02_14_01_2025,4.11,-5.23,-7.27,-0.11,0.09,0.05
-7290,2.83,0,2.27,643,3,27792,09_48_02_14_01_2025,3.99,-5.17,-7.57,-0.13,0.08,-0.10
-7192,2.82,0,2.27,642,3,27835,09_48_03_14_01_2025,3.92,-5.08,-7.30,-0.02,-0.03,0.00
-7453,2.84,0,2.27,642,3,27898,09_48_03_14_01_2025,4.15,-5.12,-7.27,0.01,0.02,-0.05
-7049,2.81,0,2.27,642,3,27988,09_48_03_14_01_2025,4.08,-5.02,-7.30,-0.03,-0.02,-0.03
-7398,2.83,0,2.27,642,3,28032,09_48_03_14_01_2025,4.13,-5.07,-7.35,0.01,-0.01,0.00
-7227,2.82,0,2.27,641,3,28094,09_48_03_14_01_2025,4.11,-5.05,-7.31,0.01,-0.01,0.01
-7103,2.81,0,2.27,643,3,28184,09_48_03_14_01_2025,4.10,-5.07,-7.38,0.00,-0.00,0.00
-7249,2.82,0,2.27,642,3,28226,09_48_03_14_01_2025,4.06,-5.05,-7.30,0.03,-0.03,0.02
-7141,2.81,0,2.27,642,3,28290,09_48_03_14_01_2025,4.11,-5.04,-7.36,0.01,-0.02,0.00
-7188,2.82,0,2.27,643,3,28380,09_48_03_14_01_2025,4.03,-5.08,-7.35,0.07,-0.05,0.07
-7142,2.81,0,2.27,643,3,28425,09_48_03_14_01_2025,3.99,-5.19,-7.31,0.09,-0.07,0.03
-7092,2.81,0,2.27,642,3,28486,09_48_03_14_01_2025,3.97,-5.11,-7.34,0.10,-0.07,0.05
-7256,2.82,0,2.27,642,3,28577,09_48_03_14_01_2025,3.98,-5.24,-7.29,0.14,-0.11,0.11
-7066,2.81,0,2.27,642,3,28620,09_48_03_14_01_2025,3.57,-5.64,-7.32,0.38,-0.20,0.11
-7288,2.82,0,2.27,642,3,28682,09_48_03_14_01_2025,3.71,-5.46,-7.08,0.35,-0.16,0.03
-7303,2.83,0,2.27,642,3,28774,09_48_03_14_01_2025,3.28,-6.27,-7.23,0.54,0.05,0.00
-7282,2.82,0,2.27,642,3,28817,09_48_04_14_01_2025,3.60,-6.03,-6.48,1.22,-0.00,0.03
-7239,2.82,0,2.27,642,3,28881,09_48_04_14_01_2025,2.95,-7.21,-6.25,0.84,-0.25,0.28
-7388,2.83,0,2.27,643,3,28923,09_48_04_14_01_2025,3.40,-7.12,-5.76,0.48,-0.04,0.39
-7308,2.83,0,2.27,642,3,28984,09_48_04_14_01_2025,3.04,-7.39,-5.95,0.27,-0.08,0.30
-7176,2.82,0,2.27,643,3,29075,09_48_04_14_01_2025,3.13,-7.11,-5.76,0.11,-0.05,0.18
-7147,2.81,0,2.27,642,3,29119,09_48_04_14_01_2025,3.17,-7.72,-5.70,0.28,-0.00,0.08
-7293,2.83,0,2.27,642,3,29181,09_48_04_14_01_2025,3.15,-7.45,-5.12,0.04,-0.01,0.24
-7347,2.83,0,2.27,642,3,29272,09_48_04_14_01_2025,2.87,-7.13,-5.55,0.80,0.12,0.37
-7123,2.81,0,2.27,642,3,29314,09_48_04_14_01_2025,2.46,-9.23,-4.84,0.37,0.05,0.51
-7380,2.83,0,2.27,643,3,29378,09_48_04_14_01_2025,2.35,-8.25,-4.83,-0.04,0.03,0.04
-7390,2.83,0,2.27,642,3,29468,09_48_04_14_01_2025,2.36,-8.35,-4.67,0.02,-0.00,0.02
-7357,2.83,0,2.27,642,3,29510,09_48_04_14_01_2025,2.36,-8.30,-4.70,0.04,-0.01,0.04
-7195,2.82,0,2.27,643,3,29573,09_48_04_14_01_2025,2.35,-8.36,-4.71,0.00,0.00,0.02
-7299,2.83,0,2.27,642,3,29664,09_48_04_14_01_2025,2.36,-8.27,-4.74,0.02,-0.01,0.02
-7400,2.83,0,2.27,643,3,29708,09_48_04_14_01_2025,2.32,-8.28,-4.75,0.01,-0.01,0.01
-7320,2.83,0,2.27,642,3,29771,09_48_04_14_01_2025,2.33,-8.35,-4.70,0.01,-0.01,0.01
-7264,2.82,0,2.27,641,3,29860,09_48_05_14_01_2025,2.27,-8.05,-4.67,0.18,-0.02,0.13
-7125,2.81,0,2.27,642,3,29901,09_48_05_14_01_2025,2.04,-8.45,-4.54,0.07,-0.18,-0.09
-7207,2.82,0,2.27,642,3,29966,09_48_05_14_01_2025,1.93,-8.46,-4.63,0.06,-0.13,-0.04
-7354,2.83,0,2.27,642,3,30057,09_48_05_14_01_2025,2.20,-8.37,-4.60,0.02,0.01,-0.00
-7461,2.84,0,2.27,643,3,30101,09_48_05_14_01_2025,1.98,-8.50,-4.36,0.07,-0.17,-0.09
-7379,2.83,0,2.27,643,3,30163,09_48_05_14_01_2025,2.22,-8.35,-4.60,0.12,-0.41,-0.18
-7133,2.81,0,2.27,642,3,30206,09_48_05_14_01_2025,2.07,-8.49,-4.65,0.17,-0.31,-0.18
-7236,2.82,0,2.27,643,3,30268,09_48_05_14_01_2025,1.89,-8.42,-4.30,0.25,-0.31,-0.17
-7330,2.83,0,2.27,643,3,30358,09_48_05_14_01_2025,2.08,-8.51,-4.15,0.67,-0.14,-0.16
-7377,2.83,0,2.27,642,3,30402,09_48_05_14_01_2025,2.19,-8.36,-4.15,0.75,-0.10,-0.30
-7285,2.82,0,2.27,643,3,30465,09_48_05_14_01_2025,2.22,-9.34,-3.46,1.20,-0.57,0.20
-7264,2.82,0,2.27,642,3,30555,09_48_05_14_01_2025,1.88,-9.63,-2.59,0.97,-0.31,0.54
-7508,2.84,0,2.27,642,3,30597,09_48_05_14_01_2025,2.01,-9.43,-1.88,0.87,0.15,0.10
-7262,2.82,0,2.27,642,3,30661,09_48_05_14_01_2025,1.26,-8.83,-1.72,1.17,-0.15,-0.34
-7280,2.82,0,2.27,642,3,30751,09_48_05_14_01_2025,1.87,-9.83,-0.82,0.86,0.15,0.02
-7251,2.82,0,2.27,642,3,30794,09_48_05_14_01_2025,1.93,-9.65,-0.56,0.52,-0.13,0.09
-7366,2.83,0,2.27,642,3,30858,09_48_06_14_01_2025,1.93,-9.82,-0.59,0.32,-0.01,-0.05
-7343,2.83,0,2.27,643,3,30947,09_48_06_14_01_2025,2.08,-9.44,-0.20,0.05,0.01,0.02
-7244,2.82,0,2.27,642,3,30989,09_48_06_14_01_2025,2.04,-9.65,-0.45,-0.06,-0.02,0.01
-7452,2.84,0,2.27,642,3,31053,09_48_06_14_01_2025,2.11,-9.73,-0.28,-0.18,-0.01,0.04
-7178,2.82,0,2.27,642,3,31143,09_48_06_14_01_2025,1.97,-9.54,-0.33,-0.06,-0.01,-0.04
-7160,2.82,0,2.27,642,3,31187,09_48_06_14_01_2025,2.01,-9.80,-0.72,0.05,-0.00,-0.00
-7264,2.82,0,2.27,642,3,31250,09_48_06_14_01_2025,2.12,-9.64,-0.76,0.10,0.03,0.02
-7333,2.83,0,2.27,643,3,31341,09_48_06_14_01_2025,1.96,-9.77,-0.34,0.09,0.03,0.01
-7481,2.84,0,2.27,642,3,31384,09_48_06_14_01_2025,1.98,-9.68,-0.35,0.07,0.05,0.00
-7444,2.84,0,2.27,642,3,31445,09_48_06_14_01_2025,2.10,-9.74,-0.43,0.03,0.01,-0.00
-7439,2.84,0,2.27,642,3,31489,09_48_06_14_01_2025,2.07,-9.77,-0.36,-0.05,0.07,-0.01
-7253,2.82,0,2.27,642,3,31552,09_48_06_14_01_2025,2.03,-9.18,-0.28,0.01,0.00,-0.00
-7233,2.82,0,2.27,642,3,31642,09_48_06_14_01_2025,2.14,-9.46,-0.80,0.38,0.21,0.04
-7198,2.82,0,2.27,642,3,31685,09_48_06_14_01_2025,2.02,-9.77,-0.09,0.07,-0.29,-0.03
-7317,2.83,0,2.27,642,3,31749,09_48_06_14_01_2025,2.01,-9.70,-0.36,-0.12,-0.23,0.03
-7233,2.82,0,2.27,643,3,31838,09_48_06_14_01_2025,2.04,-9.99,-0.50,0.07,-0.06,-0.00
-7452,2.84,0,2.27,642,3,31881,09_48_07_14_01_2025,2.09,-9.68,-0.37,-0.26,-0.14,0.01
-7380,2.83,0,2.27,642,3,31944,09_48_07_14_01_2025,1.99,-9.55,-0.53,0.02,-0.02,0.01
-7323,2.83,0,2.27,642,3,32034,09_48_07_14_01_2025,2.13,-9.65,-0.41,0.03,-0.00,-0.00
-7283,2.82,0,2.27,643,3,32077,09_48_07_14_01_2025,1.88,-9.76,-0.49,-0.10,-0.04,0.01
-7297,2.83,0,2.27,642,3,32141,09_48_07_14_01_2025,1.97,-9.62,-0.65,0.04,-0.07,-0.02
-7225,2.82,0,2.27,642,3,32231,09_48_07_14_01_2025,2.05,-9.63,-0.37,0.18,-0.03,0.01
-7329,2.83,0,2.27,642,3,32273,09_48_07_14_01_2025,2.06,-9.48,-0.03,0.43,-0.08,-0.01
-7191,2.82,0,2.27,642,3,32336,09_48_07_14_01_2025,2.14,-9.59,-0.08,0.16,-0.06,0.01
-7312,2.83,0,2.27,643,3,32426,09_48_07_14_01_2025,1.96,-9.71,0.09,-0.02,0.04,0.02
-7144,2.81,0,2.27,642,3,32469,09_48_07_14_01_2025,2.28,-9.54,0.13,0.12,-0.09,-0.01
-7401,2.83,0,2.27,643,3,32533,09_48_07_14_01_2025,2.06,-10.02,-0.19,0.14,-0.01,-0.06
-7205,2.82,0,2.27,642,3,32624,09_48_07_14_01_2025,2.14,-9.76,0.19,0.19,0.19,-0.26
-7332,2.83,0,2.27,642,3,32667,09_48_07_14_01_2025,2.10,-9.98,0.11,-0.01,-0.02,-0.17
-7338,2.83,0,2.27,642,3,32729,09_48_07_14_01_2025,2.44,-9.58,0.13,0.05,-0.01,0.12
-7204,2.82,0,2.27,643,3,32772,09_48_07_14_01_2025,2.51,-9.45,0.22,-0.31,-0.31,0.42
-7281,2.82,0,2.27,642,3,32835,09_48_08_14_01_2025,1.36,-9.70,0.01,-0.67,-0.38,0.28
-7249,2.82,0,2.27,642,3,32925,09_48_08_14_01_2025,2.61,-9.30,-0.73,-0.21,0.12,0.21
-7219,2.82,0,2.27,642,3,32970,09_48_08_14_01_2025,1.95,-9.66,-0.39,0.21,-0.30,0.26
-7318,2.83,0,2.27,643,3,33031,09_48_08_14_01_2025,1.70,-9.92,-0.08,0.28,0.55,-0.25
-7332,2.83,0,2.27,643,3,33121,09_48_08_14_01_2025,1.56,-9.25,-0.46,0.05,-0.21,-0.14
-7258,2.82,0,2.27,643,3,33165,09_48_08_14_01_2025,2.08,-9.74,-0.04,0.24,0.14,0.01
-7093,2.81,0,2.27,643,3,33228,09_48_08_14_01_2025,2.06,-9.58,-0.20,0.17,-0.08,0.04
-7295,2.83,0,2.27,642,3,33318,09_48_08_14_01_2025,1.78,-9.68,0.00,-0.06,-0.09,-0.08
-7490,2.84,0,2.27,642,3,33363,09_48_08_14_01_2025,1.87,-9.84,-0.05,-0.04,-0.12,-0.05
-7389,2.83,0,2.27,642,3,33424,09_48_08_14_01_2025,2.00,-9.69,-0.16,-0.06,-0.09,-0.09
-7307,2.83,0,2.27,642,3,33513,09_48_08_14_01_2025,1.97,-9.67,0.02,-0.04,0.04,-0.00
-7190,2.82,0,2.27,642,3,33557,09_48_08_14_01_2025,2.16,-9.70,-0.22,0.12,-0.22,0.11
-7241,2.82,0,2.27,642,3,33620,09_48_08_14_01_2025,2.05,-9.73,-0.08,0.11,0.04,0.15
-7302,2.83,0,2.27,643,3,33710,09_48_08_14_01_2025,1.95,-10.01,0.46,0.27,0.01,0.02
-7284,2.82,0,2.27,643,3,33756,09_48_08_14_01_2025,2.04,-10.10,0.17,-0.27,0.22,-0.05
-7257,2.82,0,2.27,643,3,33816,09_48_09_14_01_2025,1.67,-9.48,-0.07,-0.05,-0.01,-0.08
-7201,2.82,0,2.27,642,3,33908,09_48_09_14_01_2025,1.86,-9.88,-0.13,-0.22,-0.11,0.05
-7254,2.82,0,2.27,643,3,33953,09_48_09_14_01_2025,0.79,-9.82,-0.38,0.25,-0.13,-0.02
-7346,2.83,0,2.27,643,3,34012,09_48_09_14_01_2025,2.80,-9.90,-0.01,0.21,-0.19,0.08
-7277,2.82,0,2.27,643,3,34055,09_48_09_14_01_2025,1.51,-9.88,0.00,0.09,-0.12,-0.03
-7227,2.82,0,2.27,642,3,34119,09_48_09_14_01_2025,1.75,-9.72,0.24,-0.25,-0.08,-0.04
-7334,2.83,0,2.27,642,3,34209,09_48_09_14_01_2025,1.93,-9.70,-0.26,-0.45,0.03,-0.02
-7211,2.82,0,2.27,642,3,34252,09_48_09_14_01_2025,1.87,-9.60,-0.50,-0.13,0.07,0.00
-7358,2.83,0,2.27,643,3,34315,09_48_09_14_01_2025,1.98,-9.76,-0.45,-0.31,0.02,-0.01
-7335,2.83,0,2.27,643,3,34405,09_48_09_14_01_2025,1.94,-9.50,-0.73,-0.59,-0.14,-0.00
-7164,2.82,0,2.27,642,3,34449,09_48_09_14_01_2025,2.33,-9.16,-1.06,-0.46,-0.82,0.28
-7354,2.83,0,2.27,642,3,34511,09_48_09_14_01_2025,1.20,-10.14,-1.95,-0.44,-0.47,0.09
-7330,2.83,0,2.27,642,3,34601,09_48_09_14_01_2025,1.76,-9.93,-1.17,-0.06,0.02,-0.01
-7227,2.82,0,2.27,642,3,34644,09_48_09_14_01_2025,1.50,-9.59,-1.01,0.60,-0.09,-0.08
-7201,2.82,0,2.27,643,3,34707,09_48_09_14_01_2025,1.46,-9.64,-0.65,0.01,-0.28,-0.10
-7182,2.82,0,2.27,642,3,34797,09_48_09_14_01_2025,1.85,-9.90,-1.11,-0.31,-0.10,-0.18
-7374,2.83,0,2.27,643,3,34840,09_48_10_14_01_2025,1.97,-9.57,-0.96,0.34,0.01,0.00
-7479,2.84,0,2.27,642,3,34904,09_48_10_14_01_2025,1.62,-9.55,-0.69,0.36,0.02,0.02
-7380,2.83,0,2.27,642,3,34993,09_48_10_14_01_2025,1.86,-9.72,-0.67,-0.28,-0.16,-0.01
-7280,2.82,0,2.27,642,3,35036,09_48_10_14_01_2025,2.08,-9.92,-0.98,0.11,0.01,0.06
-7211,2.82,0,2.27,642,3,35100,09_48_10_14_01_2025,1.70,-9.76,-0.83,0.24,0.02,-0.00
-7407,2.83,0,2.27,643,3,35191,09_48_10_14_01_2025,1.60,-9.67,-0.44,0.09,-0.01,0.02
-7264,2.82,0,2.27,641,3,35234,09_48_10_14_01_2025,1.64,-9.95,-1.25,0.30,-0.00,-0.03
-7479,2.84,0,2.27,641,3,35296,09_48_10_14_01_2025,2.86,-9.72,-0.62,0.86,0.04,0.02
-7324,2.83,0,2.27,642,3,35338,09_48_10_14_01_2025,0.87,-9.61,0.48,0.31,-0.04,0.31
-7116,2.81,0,2.27,642,3,35401,09_48_10_14_01_2025,1.31,-9.67,0.44,-0.18,-0.10,-0.15
-7482,2.84,0,2.27,643,3,35492,09_48_10_14_01_2025,2.20,-9.58,-0.46,-0.69,0.01,0.03
-7228,2.82,0,2.27,643,3,35535,09_48_10_14_01_2025,1.65,-9.84,-0.73,-0.63,0.19,-0.00
-7267,2.82,0,2.27,642,3,35598,09_48_10_14_01_2025,1.67,-9.70,-0.93,-0.19,0.10,-0.02
-7422,2.84,0,2.27,642,3,35688,09_48_10_14_01_2025,1.80,-9.58,-1.45,-0.37,-0.11,0.00
-7318,2.83,0,2.27,642,3,35733,09_48_10_14_01_2025,1.80,-9.54,-1.57,-0.07,-0.05,-0.01
-7227,2.82,0,2.27,642,3,35794,09_48_10_14_01_2025,1.73,-9.71,-1.76,-0.04,0.02,0.02
-7400,2.83,0,2.27,643,3,35884,09_48_11_14_01_2025,1.70,-9.40,-1.30,0.01,0.02,-0.00
-7140,2.81,0,2.27,643,3,35927,09_48_11_14_01_2025,1.70,-9.67,-1.55,-0.29,-0.06,-0.02
-7411,2.83,0,2.27,643,3,35990,09_48_11_14_01_2025,1.86,-9.73,-1.74,-0.18,0.01,-0.00
-7223,2.82,0,2.27,642,3,36080,09_48_11_14_01_2025,1.67,-9.65,-2.10,0.70,0.08,-0.06
-7388,2.83,0,2.27,643,3,36123,09_48_11_14_01_2025,2.03,-10.48,-1.58,0.21,0.06,0.01
-7233,2.82,0,2.27,642,3,36186,09_48_11_14_01_2025,2.23,-9.86,-0.22,0.30,0.09,-0.01
-7137,2.81,0,2.27,642,3,36277,09_48_11_14_01_2025,2.52,-9.70,-1.58,0.17,0.03,-0.07
-7324,2.83,0,2.27,642,3,36320,09_48_11_14_01_2025,1.59,-9.85,-0.74,0.29,-0.26,-0.01
-7203,2.82,0,2.27,643,3,36383,09_48_11_14_01_2025,1.63,-9.42,-0.87,0.52,-0.23,-0.07
-7263,2.82,0,2.27,642,3,36474,09_48_11_14_01_2025,1.96,-9.60,-0.64,-0.14,0.19,0.04
-7366,2.83,0,2.27,643,3,36525,09_48_11_14_01_2025,1.67,-9.77,-0.58,0.24,0.15,0.20
-7303,2.83,0,2.27,643,3,36579,09_48_11_14_01_2025,1.03,-9.77,-0.39,0.07,-0.05,0.00
-7199,2.82,0,2.27,642,3,36623,09_48_11_14_01_2025,1.84,-9.71,-0.60,0.03,-0.10,-0.00
-7311,2.83,0,2.27,643,3,36685,09_48_11_14_01_2025,2.03,-9.75,-0.49,0.08,-0.11,0.03
-7479,2.84,0,2.27,643,3,36775,09_48_11_14_01_2025,1.15,-9.65,-0.34,0.05,0.06,0.00
-7174,2.82,0,2.27,643,3,36819,09_48_12_14_01_2025,1.58,-9.52,-0.59,-0.16,-0.14,-0.05
-7247,2.82,0,2.27,642,3,36882,09_48_12_14_01_2025,1.89,-9.81,-0.54,-0.66,-0.16,-0.05
-7267,2.82,0,2.27,643,3,36972,09_48_12_14_01_2025,1.74,-9.72,-0.98,-0.52,-0.04,0.07
-7237,2.82,0,2.27,643,3,37015,09_48_12_14_01_2025,1.18,-9.59,-1.49,-0.77,0.06,0.13
-7241,2.82,0,2.27,643,3,37077,09_48_12_14_01_2025,1.50,-9.80,-2.29,-0.49,-0.11,0.07
-7222,2.82,0,2.27,642,3,37168,09_48_12_14_01_2025,1.59,-9.47,-1.94,-0.08,-0.06,-0.02
-7245,2.82,0,2.27,642,3,37211,09_48_12_14_01_2025,1.63,-9.43,-2.30,-0.37,-0.05,-0.15
-7251,2.82,0,2.27,642,3,37275,09_48_12_14_01_2025,1.84,-10.75,-1.57,-3.02,0.50,-0.29
-7341,2.83,0,2.27,643,3,37364,09_48_12_14_01_2025,1.58,-9.83,-3.22,0.06,0.22,0.41
-7381,2.83,0,2.27,642,3,37406,09_48_12_14_01_2025,1.65,-9.05,-3.56,0.06,-0.04,0.21
-7169,2.82,0,2.27,643,3,37469,09_48_12_14_01_2025,1.72,-9.10,-3.55,-0.02,0.01,0.01
-7112,2.81,0,2.27,642,3,37560,09_48_12_14_01_2025,1.81,-8.75,-3.40,-0.07,0.12,0.15
-7284,2.82,0,2.27,643,3,37607,09_48_12_14_01_2025,1.50,-8.89,-3.73,0.01,0.03,-0.01
-7393,2.83,0,2.27,642,3,37666,09_48_12_14_01_2025,1.50,-9.01,-3.68,-0.01,0.01,0.04
-7319,2.83,0,2.27,643,3,37758,09_48_12_14_01_2025,1.56,-8.96,-3.77,-0.02,0.00,0.02
-7357,2.83,0,2.27,642,3,37800,09_48_13_14_01_2025,1.52,-9.00,-3.76,-0.01,-0.04,0.08
-7288,2.82,0,2.27,642,3,37863,09_48_13_14_01_2025,1.40,-8.96,-3.75,-0.00,-0.04,0.04
-7168,2.82,0,2.27,642,3,37906,09_48_13_14_01_2025,1.50,-8.96,-3.78,0.00,-0.03,0.03
-7179,2.82,0,2.27,642,3,37970,09_48_13_14_01_2025,1.47,-8.90,-3.89,0.00,-0.02,0.00
-7315,2.83,0,2.27,642,3,38059,09_48_13_14_01_2025,1.54,-8.97,-3.81,-0.00,0.00,-0.01
-7139,2.81,0,2.27,643,3,38101,09_48_13_14_01_2025,1.48,-8.93,-3.85,-0.00,-0.01,-0.01
-7251,2.82,0,2.27,643,3,38165,09_48_13_14_01_2025,1.40,-8.91,-3.87,0.00,-0.01,-0.00
-7299,2.83,0,2.27,643,3,38255,09_48_13_14_01_2025,1.51,-8.96,-3.84,0.00,-0.01,0.00
-7195,2.82,0,2.27,643,3,38299,09_48_13_14_01_2025,1.50,-8.92,-3.94,0.00,-0.01,0.00
-1,2.27,0,2.27,642,3,38361,09_48_13_14_01_2025,1.51,-8.90,-3.97,0.01,0.00,0.01
-7267,2.82,0,2.27,642,3,38451,09_48_13_14_01_2025,1.55,-8.96,-3.91,0.01,0.00,0.01
-7267,2.82,0,2.27,642,3,38493,09_48_13_14_01_2025,1.45,-8.93,-3.81,0.01,0.01,0.01
-7302,2.83,0,2.27,643,3,38557,09_48_13_14_01_2025,1.46,-8.95,-3.69,-0.01,0.02,-0.01
-7239,2.82,0,2.27,643,3,38647,09_48_13_14_01_2025,1.51,-9.00,-3.82,0.00,0.00,-0.01
-7196,2.82,0,2.27,643,3,38691,09_48_13_14_01_2025,1.54,-9.03,-3.86,0.01,-0.01,0.00
-7007,2.80,0,2.27,642,3,38754,09_48_13_14_01_2025,1.57,-8.92,-3.90,-0.01,-0.01,-0.01
-7102,2.81,0,2.27,642,3,38844,09_48_14_14_01_2025,1.55,-8.92,-3.90,0.00,0.00,-0.00
-7192,2.82,0,2.27,642,3,38887,09_48_14_14_01_2025,1.42,-8.90,-3.87,-0.03,0.01,0.01
-7174,2.82,0,2.27,642,3,38951,09_48_14_14_01_2025,1.44,-8.95,-3.92,-0.20,0.03,0.03
-7284,2.82,0,2.27,643,3,39041,09_48_14_14_01_2025,1.63,-9.00,-3.92,-0.01,-0.00,-0.01
-7232,2.82,0,2.27,643,3,39084,09_48_14_14_01_2025,1.47,-8.90,-4.07,0.00,-0.01,0.01
-7346,2.83,0,2.27,643,3,39146,09_48_14_14_01_2025,1.55,-8.88,-3.94,0.01,-0.00,0.00
-7337,2.83,0,2.27,643,3,39192,09_48_14_14_01_2025,1.42,-8.88,-4.00,0.00,0.00,0.00
-7283,2.82,0,2.27,642,3,39253,09_48_14_14_01_2025,1.45,-8.89,-3.91,0.00,0.00,0.00
-7234,2.82,0,2.27,641,3,39343,09_48_14_14_01_2025,1.47,-8.88,-3.94,0.00,-0.00,-0.00
-7358,2.83,0,2.27,643,3,39385,09_48_14_14_01_2025,1.52,-8.90,-3.96,0.00,-0.01,0.00
-7155,2.81,0,2.27,643,3,39448,09_48_14_14_01_2025,1.48,-8.89,-3.97,0.00,-0.00,0.00
-7030,2.81,0,2.27,644,3,39538,09_48_14_14_01_2025,1.49,-8.93,-3.96,0.00,-0.00,-0.00
-7374,2.83,0,2.27,643,3,39585,09_48_14_14_01_2025,1.49,-8.89,-3.91,-0.00,-0.00,-0.00
-7374,2.83,0,2.27,643,3,39645,09_48_14_14_01_2025,1.44,-8.86,-3.93,-0.01,0.00,-0.00
-7249,2.82,0,2.27,643,3,39735,09_48_14_14_01_2025,1.38,-8.86,-4.02,-0.03,0.00,0.00
-7352,2.83,0,2.27,642,3,39777,09_48_14_14_01_2025,1.62,-8.94,-3.89,-0.01,0.00,0.00
-7136,2.81,0,2.27,643,3,39841,09_48_15_14_01_2025,1.47,-8.88,-3.93,-0.15,0.02,0.00
-7377,2.83,0,2.27,642,3,39931,09_48_15_14_01_2025,1.45,-8.83,-4.12,0.00,-0.00,0.00
-7367,2.83,0,2.27,642,3,39977,09_48_15_14_01_2025,1.50,-8.88,-4.04,-0.00,-0.01,0.00
-7271,2.82,0,2.27,643,3,40037,09_48_15_14_01_2025,1.40,-8.81,-4.03,0.00,0.00,0.00
-7170,2.82,0,2.27,642,3,40128,09_48_15_14_01_2025,1.48,-8.87,-4.04,0.00,-0.00,0.00
-7341,2.83,0,2.27,642,3,40170,09_48_15_14_01_2025,1.51,-8.88,-4.05,0.00,-0.01,0.00
-7355,2.83,0,2.27,643,3,40233,09_48_15_14_01_2025,1.45,-8.84,-4.02,0.00,-0.00,0.00
-7112,2.81,0,2.27,642,3,40325,09_48_15_14_01_2025,1.49,-8.86,-4.03,0.00,0.00,0.00
-7200,2.82,0,2.27,642,3,40371,09_48_15_14_01_2025,1.46,-8.84,-4.03,0.00,-0.00,0.00
-7150,2.81,0,2.27,642,3,40430,09_48_15_14_01_2025,1.42,-8.84,-4.07,0.00,-0.01,-0.00
-7271,2.82,0,2.27,642,3,40473,09_48_15_14_01_2025,1.53,-8.84,-4.02,0.00,-0.00,-0.00
-7135,2.81,0,2.27,642,3,40535,09_48_15_14_01_2025,1.57,-8.93,-4.05,-0.00,-0.00,-0.00
-7143,2.81,0,2.27,642,3,40626,09_48_15_14_01_2025,1.40,-8.81,-4.03,0.00,0.00,-0.00
-7265,2.82,0,2.27,643,3,40669,09_48_15_14_01_2025,1.52,-8.84,-4.00,-0.00,0.00,-0.01
-7401,2.83,0,2.27,642,3,40733,09_48_15_14_01_2025,1.53,-8.89,-4.06,-0.00,0.00,-0.01
-7454,2.84,0,2.27,642,3,40822,09_48_15_14_01_2025,1.47,-8.80,-4.04,-0.01,-0.00,-0.00
-7167,2.82,0,2.27,642,3,40865,09_48_16_14_01_2025,1.55,-8.86,-4.03,-0.04,0.02,-0.07
-7304,2.83,0,2.27,642,3,40929,09_48_16_14_01_2025,1.69,-8.93,-3.90,-0.02,0.02,-0.06
-7142,2.81,0,2.27,642,3,41019,09_48_16_14_01_2025,1.58,-8.80,-4.16,-0.03,0.08,-0.03
-7253,2.82,0,2.27,642,3,41062,09_48_16_14_01_2025,1.66,-8.83,-4.26,-0.02,0.01,-0.01
-7422,2.84,0,2.27,641,3,41127,09_48_16_14_01_2025,1.63,-8.73,-4.13,-0.03,0.01,0.00
-7242,2.82,0,2.27,643,3,41215,09_48_16_14_01_2025,1.59,-8.87,-4.13,-0.01,0.01,0.01
-7325,2.83,0,2.27,643,3,41260,09_48_16_14_01_2025,1.65,-8.80,-4.12,0.00,-0.01,-0.00
-7046,2.81,0,2.27,642,3,41322,09_48_16_14_01_2025,1.66,-8.76,-4.21,0.00,-0.01,-0.00
-7194,2.82,0,2.27,643,3,41411,09_48_16_14_01_2025,1.52,-8.78,-4.17,0.00,-0.05,-0.02
-7197,2.82,0,2.27,642,3,41454,09_48_16_14_01_2025,1.62,-8.76,-4.14,0.00,0.01,0.00
