21541,-1.63,0,-0.00,635,3,3230,09_42_42_14_01_2025,-6.68,-7.12,-0.91,0.03,-1.23,0.65
-7544,0.57,0,-0.00,635,3,3289,09_42_42_14_01_2025,-6.73,-7.15,-1.01,-0.01,-0.01,0.00
-7531,0.57,0,-0.00,635,3,3327,09_42_42_14_01_2025,-6.67,-7.12,-0.95,0.00,-0.00,-0.00
-7547,0.57,0,-0.00,635,3,3365,09_42_42_14_01_2025,-6.75,-7.08,-0.99,-0.00,0.00,0.00
-7517,0.57,0,-0.00,635,3,3403,09_42_42_14_01_2025,-6.72,-7.11,-0.93,0.01,0.00,0.00
-7649,0.58,0,-0.00,635,3,3441,09_42_42_14_01_2025,-6.71,-7.14,-0.92,0.00,-0.00,0.00
-7455,0.56,0,-0.00,635,3,3478,09_42_42_14_01_2025,-6.69,-7.09,-0.94,0.00,-0.00,0.00
-7429,0.56,0,-0.00,635,3,3520,09_42_42_14_01_2025,-6.68,-7.05,-0.89,0.00,-0.00,0.00
-7491,0.57,0,-0.00,635,3,3557,09_42_42_14_01_2025,-6.67,-7.08,-0.94,0.00,-0.00,-0.01
-7551,0.57,0,-0.00,635,3,3594,09_42_42_14_01_2025,-6.70,-7.12,-0.93,0.00,-0.00,-0.00
-7506,0.57,0,-0.00,635,3,3632,09_42_42_14_01_2025,-6.68,-7.06,-0.92,0.00,-0.01,-0.00
-7421,0.56,0,-0.00,635,3,3670,09_42_42_14_01_2025,-6.73,-7.07,-0.91,0.00,-0.01,-0.00
-7359,0.56,0,-0.00,635,3,3711,09_42_42_14_01_2025,-6.72,-7.11,-0.92,0.00,-0.01,0.00
-7497,0.57,0,-0.00,636,3,3749,09_42_42_14_01_2025,-6.69,-7.12,-0.90,-0.00,0.00,-0.00
-7475,0.57,0,-0.00,635,3,3787,09_42_42_14_01_2025,-6.80,-7.11,-0.86,0.01,-0.01,0.01
-7593,0.58,0,-0.00,635,3,3825,09_42_42_14_01_2025,-6.62,-7.09,-0.89,0.01,-0.01,-0.00
-7429,0.56,0,-0.00,635,3,3862,09_42_42_14_01_2025,-6.60,-7.32,-0.81,0.05,0.02,-0.02
-7201,0.55,0,-0.00,635,3,3901,09_42_42_14_01_2025,-6.78,-7.12,-0.96,0.01,-0.00,0.00
-7318,0.55,0,-0.00,635,3,3942,09_42_42_14_01_2025,-6.75,-7.09,-0.94,-0.00,-0.01,0.01
-7435,0.56,0,-0.00,635,3,3979,09_42_42_14_01_2025,-6.65,-7.11,-0.93,0.00,-0.00,-0.01
-7425,0.56,0,-0.00,635,3,4017,09_42_42_14_01_2025,-6.69,-7.10,-0.92,0.00,0.00,-0.01
-7450,0.56,0,-0.00,635,3,4058,09_42_42_14_01_2025,-6.75,-7.10,-0.93,0.00,-0.00,0.00
-7566,0.57,0,-0.00,635,3,4097,09_42_42_14_01_2025,-6.70,-7.10,-0.92,0.00,-0.01,0.00
-7498,0.57,0,-0.00,635,3,4136,09_42_43_14_01_2025,-6.71,-7.11,-0.94,-0.00,-0.01,0.00
-7413,0.56,0,-0.00,634,3,4177,09_42_43_14_01_2025,-6.69,-7.11,-0.93,0.00,-0.00,-0.00
-7569,0.57,0,-0.00,635,3,4215,09_42_43_14_01_2025,-6.74,-7.09,-0.92,0.00,-0.01,-0.00
-7509,0.57,0,-0.00,635,3,4253,09_42_43_14_01_2025,-6.64,-7.29,-0.88,0.02,0.00,0.00
-7491,0.57,0,-0.00,635,3,4291,09_42_43_14_01_2025,-6.76,-7.12,-0.95,0.00,-0.00,0.01
-7495,0.57,0,-0.00,635,3,4329,09_42_43_14_01_2025,-6.68,-7.10,-0.92,0.00,-0.00,0.00
-7401,0.56,0,-0.00,635,3,4366,09_42_43_14_01_2025,-6.71,-7.11,-0.92,0.00,-0.00,-0.00
-7591,0.58,0,-0.00,635,3,4408,09_42_43_14_01_2025,-6.72,-7.11,-0.92,0.00,-0.01,-0.00
-7466,0.57,0,-0.00,635,3,4446,09_42_43_14_01_2025,-6.73,-7.09,-0.94,0.00,-0.00,0.00
-7377,0.56,0,-0.00,635,3,4484,09_42_43_14_01_2025,-6.70,-7.11,-0.93,0.00,-0.00,-0.00
-7280,0.55,0,-0.00,635,3,4521,09_42_43_14_01_2025,-6.71,-7.11,-0.93,0.00,-0.00,-0.00
-7420,0.56,0,-0.00,633,3,4559,09_42_43_14_01_2025,-6.70,-7.09,-0.94,0.00,-0.00,-0.00
-7256,0.55,0,-0.00,635,3,4597,09_42_43_14_01_2025,-6.70,-7.10,-0.92,0.00,-0.00,-0.00
-7583,0.57,0,-0.00,635,3,4637,09_42_43_14_01_2025,-6.71,-7.11,-0.95,0.00,-0.00,-0.00
-7385,0.56,0,-0.00,634,3,4674,09_42_43_14_01_2025,-6.71,-7.09,-0.93,0.00,-0.00,-0.00
-7447,0.56,0,-0.00,635,3,4712,09_42_43_14_01_2025,-6.72,-7.12,-0.92,0.00,-0.00,0.00
-7449,0.56,0,-0.00,635,3,4750,09_42_43_14_01_2025,-6.72,-7.10,-0.92,0.00,-0.01,0.00
-7493,0.57,0,-0.00,635,3,4787,09_42_43_14_01_2025,-6.68,-7.11,-0.92,0.01,-0.00,-0.00
-7300,0.55,0,-0.00,635,3,4824,09_42_43_14_01_2025,-6.71,-7.10,-0.95,0.00,-0.00,-0.00
-7418,0.56,0,-0.00,635,3,4865,09_42_43_14_01_2025,-6.71,-7.07,-0.93,0.00,-0.00,0.00
-7233,0.55,0,-0.00,635,3,4903,09_42_43_14_01_2025,-6.70,-7.10,-0.94,0.00,-0.00,-0.00
-7541,0.57,0,-0.00,635,3,4940,09_42_43_14_01_2025,-6.71,-7.10,-0.92,0.00,-0.00,-0.00
-7454,0.56,0,-0.00,635,3,4977,09_42_43_14_01_2025,-6.72,-7.11,-0.93,0.00,-0.00,-0.00
-7364,0.56,0,-0.00,635,3,5016,09_42_43_14_01_2025,-6.71,-7.11,-0.93,0.00,-0.00,-0.00
-7591,0.58,0,-0.00,635,3,5054,09_42_43_14_01_2025,-6.72,-7.11,-0.93,0.00,-0.00,0.00
-7324,0.55,0,-0.00,636,3,5094,09_42_43_14_01_2025,-6.70,-7.11,-0.93,0.00,-0.00,-0.00
-7489,0.57,0,-0.00,635,3,5132,09_42_44_14_01_2025,-6.73,-7.12,-0.94,0.00,-0.00,0.00
-7507,0.57,0,-0.00,634,3,5173,09_42_44_14_01_2025,-6.72,-7.08,-0.93,0.00,-0.00,-0.00
-7325,0.55,0,-0.00,635,3,5212,09_42_44_14_01_2025,-6.73,-7.10,-0.93,0.00,-0.00,0.00
-7502,0.57,0,-0.00,635,3,5249,09_42_44_14_01_2025,-6.71,-7.10,-0.92,0.00,-0.00,-0.00
-7489,0.57,0,-0.00,635,3,5287,09_42_44_14_01_2025,-6.71,-7.13,-0.92,0.00,-0.00,-0.00
-7265,0.55,0,-0.00,633,3,5327,09_42_44_14_01_2025,-6.70,-7.13,-0.93,0.00,-0.00,0.00
-7328,0.56,0,-0.00,635,3,5365,09_42_44_14_01_2025,-6.71,-7.10,-0.92,0.00,-0.00,0.00
-7352,0.56,0,-0.00,635,3,5403,09_42_44_14_01_2025,-6.74,-7.11,-0.95,-0.00,-0.01,0.00
-7244,0.55,0,-0.00,635,3,5441,09_42_44_14_01_2025,-6.72,-7.14,-0.94,0.01,-0.01,0.00
-7594,0.58,0,-0.00,635,3,5479,09_42_44_14_01_2025,-6.78,-7.08,-0.95,0.02,0.01,0.00
-7450,0.56,0,-0.00,633,3,5516,09_42_44_14_01_2025,-6.80,-7.08,-0.94,0.00,-0.00,0.02
-7434,0.56,0,-0.00,635,3,5557,09_42_44_14_01_2025,-6.71,-7.13,-0.91,0.00,-0.00,0.00
-7403,0.56,0,-0.00,633,3,5595,09_42_44_14_01_2025,-6.72,-7.11,-0.95,0.00,-0.00,-0.00
-7435,0.56,0,-0.00,635,3,5633,09_42_44_14_01_2025,-6.73,-7.10,-0.95,0.00,-0.00,-0.00
-7547,0.57,0,-0.00,633,3,5672,09_42_44_14_01_2025,-6.71,-7.11,-0.93,0.00,-0.00,0.00
-7426,0.56,0,-0.00,635,3,5710,09_42_44_14_01_2025,-6.71,-7.09,-0.93,0.00,-0.00,-0.00
-7329,0.56,0,-0.00,635,3,5748,09_42_44_14_01_2025,-6.72,-7.07,-0.92,0.01,-0.00,-0.00
-7435,0.56,0,-0.00,635,3,5789,09_42_44_14_01_2025,-6.73,-7.12,-0.92,0.00,-0.00,0.00
-7385,0.56,0,-0.00,635,3,5827,09_42_44_14_01_2025,-6.71,-7.08,-0.93,0.00,-0.00,0.00
-7493,0.57,0,-0.00,635,3,5866,09_42_44_14_01_2025,-6.70,-7.06,-0.95,0.00,0.00,-0.00
-7436,0.56,0,-0.00,635,3,5904,09_42_44_14_01_2025,-6.72,-7.12,-0.93,0.00,-0.00,-0.00
-7401,0.56,0,-0.00,635,3,5942,09_42_44_14_01_2025,-6.73,-7.11,-0.93,0.00,-0.00,-0.00
-7406,0.56,0,-0.00,635,3,5981,09_42_44_14_01_2025,-6.67,-7.08,-0.92,0.01,-0.00,-0.00
-7346,0.56,0,-0.00,635,3,6022,09_42_44_14_01_2025,-6.69,-7.14,-0.93,0.01,-0.00,-0.01
-7468,0.57,0,-0.00,635,3,6060,09_42_44_14_01_2025,-6.73,-7.10,-0.93,0.00,-0.00,0.00
-7404,0.56,0,-0.00,635,3,6098,09_42_44_14_01_2025,-6.72,-7.11,-0.93,0.00,-0.00,0.00
-7444,0.56,0,-0.00,635,3,6136,09_42_45_14_01_2025,-6.71,-7.10,-0.93,0.00,-0.00,-0.00
-7484,0.57,0,-0.00,635,3,6174,09_42_45_14_01_2025,-6.72,-7.10,-0.92,0.00,-0.00,0.00
-7268,0.55,0,-0.00,633,3,6212,09_42_45_14_01_2025,-6.72,-7.09,-0.94,0.00,-0.01,0.00
-7320,0.55,0,-0.00,635,3,6255,09_42_45_14_01_2025,-6.69,-7.11,-0.90,0.01,-0.01,-0.00
-7203,0.55,0,-0.00,635,3,6293,09_42_45_14_01_2025,-6.70,-7.11,-0.93,0.00,-0.00,-0.00
-7353,0.56,0,-0.00,635,3,6334,09_42_45_14_01_2025,-6.72,-7.11,-0.94,0.00,-0.00,0.00
-7368,0.56,0,-0.00,635,3,6382,09_42_45_14_01_2025,-6.71,-7.09,-0.94,0.00,-0.00,0.00
-7484,0.57,0,-0.00,635,3,6419,09_42_45_14_01_2025,-6.72,-7.10,-0.93,0.00,-0.00,-0.00
-7442,0.56,0,-0.00,635,3,6458,09_42_45_14_01_2025,-6.71,-7.11,-0.94,0.00,-0.01,0.00
-7462,0.57,0,-0.00,635,3,6498,09_42_45_14_01_2025,-6.72,-7.10,-0.94,0.00,-0.00,-0.00
-7468,0.57,0,-0.00,635,3,6536,09_42_45_14_01_2025,-6.72,-7.11,-0.92,0.00,-0.00,-0.00
-7359,0.56,0,-0.00,635,3,6575,09_42_45_14_01_2025,-6.72,-7.09,-0.93,0.00,-0.00,-0.00
-7461,0.57,0,-0.00,635,3,6613,09_42_45_14_01_2025,-6.70,-7.08,-0.92,0.00,-0.00,-0.00
-7517,0.57,0,-0.00,635,3,6652,09_42_45_14_01_2025,-6.71,-7.08,-0.91,0.00,-0.00,-0.00
-7388,0.56,0,-0.00,635,3,6689,09_42_45_14_01_2025,-6.74,-7.12,-0.93,0.00,-0.00,-0.00
-7389,0.56,0,-0.00,635,3,6731,09_42_45_14_01_2025,-6.72,-7.10,-0.93,0.00,-0.00,0.00
-7481,0.57,0,-0.00,635,3,6769,09_42_45_14_01_2025,-6.72,-7.10,-0.93,0.00,-0.00,-0.00
-7334,0.56,0,-0.00,633,3,6807,09_42_45_14_01_2025,-6.71,-7.10,-0.93,0.00,-0.00,-0.00
-7420,0.56,0,-0.00,635,3,6845,09_42_45_14_01_2025,-6.72,-7.10,-0.93,0.00,-0.00,-0.00
-7384,0.56,0,-0.00,635,3,6884,09_42_45_14_01_2025,-6.72,-7.08,-0.94,0.00,-0.01,0.00
-7387,0.56,0,-0.00,635,3,6921,09_42_45_14_01_2025,-6.73,-7.09,-0.94,0.00,-0.00,0.00
-7302,0.55,0,-0.00,635,3,6962,09_42_45_14_01_2025,-6.71,-7.09,-0.92,0.00,-0.00,-0.00
-7451,0.56,0,-0.00,635,3,7001,09_42_45_14_01_2025,-6.72,-7.10,-0.92,0.00,-0.00,0.00
-7446,0.56,0,-0.00,635,3,7039,09_42_45_14_01_2025,-6.72,-7.10,-0.94,0.00,-0.00,0.00
-7621,0.58,0,-0.00,635,3,7077,09_42_45_14_01_2025,-6.71,-7.09,-0.94,0.00,-0.01,-0.00
-7559,0.57,0,-0.00,635,3,7116,09_42_46_14_01_2025,-6.70,-7.10,-0.93,0.00,-0.00,-0.00
-7356,0.56,0,-0.00,635,3,7155,09_42_46_14_01_2025,-6.72,-7.12,-0.94,0.00,-0.00,-0.00
-7584,0.57,0,-0.00,635,3,7195,09_42_46_14_01_2025,-6.72,-7.10,-0.93,0.00,-0.00,-0.00
-7283,0.55,0,-0.00,635,3,7233,09_42_46_14_01_2025,-6.71,-7.10,-0.93,0.00,-0.00,-0.00
-7257,0.55,0,-0.00,636,3,7272,09_42_46_14_01_2025,-6.72,-7.10,-0.94,0.00,-0.00,-0.00
-7650,0.58,0,-0.00,635,3,7310,09_42_46_14_01_2025,-6.72,-7.10,-0.93,0.00,-0.00,-0.00
-7418,0.56,0,-0.00,633,3,7348,09_42_46_14_01_2025,-6.72,-7.10,-0.93,0.00,-0.00,0.00
-7360,0.56,0,-0.00,635,3,7387,09_42_46_14_01_2025,-6.72,-7.09,-0.93,0.00,-0.00,-0.00
-7593,0.58,0,-0.00,635,3,7430,09_42_46_14_01_2025,-6.71,-7.11,-0.94,0.00,-0.00,-0.00
-7428,0.56,0,-0.00,635,3,7472,09_42_46_14_01_2025,-6.72,-7.11,-0.94,0.00,-0.00,-0.00
-7529,0.57,0,-0.00,635,3,7511,09_42_46_14_01_2025,-6.72,-7.10,-0.94,0.00,-0.00,-0.00
-7574,0.57,0,-0.00,635,3,7549,09_42_46_14_01_2025,-6.72,-7.11,-0.94,0.00,-0.00,-0.00
-7264,0.55,0,-0.00,636,3,7587,09_42_46_14_01_2025,-6.71,-7.09,-0.94,0.00,-0.00,-0.00
-7559,0.57,0,-0.00,635,3,7625,09_42_46_14_01_2025,-6.69,-7.11,-0.91,0.01,-0.01,-0.00
-7471,0.57,0,-0.00,635,3,7667,09_42_46_14_01_2025,-6.72,-7.08,-0.94,0.00,-0.00,0.00
-7434,0.56,0,-0.00,635,3,7704,09_42_46_14_01_2025,-6.72,-7.09,-0.93,0.00,-0.00,0.00
-7422,0.56,0,-0.00,635,3,7743,09_42_46_14_01_2025,-6.70,-7.10,-0.93,0.00,-0.00,-0.00
-7561,0.57,0,-0.00,635,3,7781,09_42_46_14_01_2025,-6.71,-7.11,-0.93,0.00,-0.00,-0.00
-7310,0.55,0,-0.00,635,3,7819,09_42_46_14_01_2025,-6.72,-7.10,-0.91,0.00,-0.00,0.00
-7522,0.57,0,-0.00,635,3,7857,09_42_46_14_01_2025,-6.72,-7.07,-0.94,0.01,-0.00,-0.00
-7302,0.55,0,-0.00,635,3,7899,09_42_46_14_01_2025,-6.74,-7.11,-0.95,0.00,-0.00,0.00
-7355,0.56,0,-0.00,635,3,7937,09_42_46_14_01_2025,-6.74,-7.13,-0.94,0.01,-0.01,-0.00
-7541,0.57,0,-0.00,635,3,7975,09_42_46_14_01_2025,-6.73,-7.13,-0.93,0.00,-0.01,-0.00
-7434,0.56,0,-0.00,635,3,8013,09_42_46_14_01_2025,-6.72,-7.12,-0.93,0.00,-0.00,-0.00
-7192,0.54,0,-0.00,636,3,8052,09_42_46_14_01_2025,-6.71,-7.09,-0.94,0.00,-0.00,0.00
-7623,0.58,0,-0.00,635,3,8089,09_42_46_14_01_2025,-6.73,-7.04,-0.99,0.00,-0.00,0.00
-7475,0.57,0,-0.00,635,3,8129,09_42_47_14_01_2025,-6.72,-7.10,-0.93,0.00,-0.01,0.00
-7326,0.56,0,-0.00,636,3,8168,09_42_47_14_01_2025,-6.70,-7.10,-0.94,0.00,-0.00,-0.00
-7373,0.56,0,-0.00,635,3,8206,09_42_47_14_01_2025,-6.71,-7.09,-0.94,0.00,-0.00,-0.00
-7621,0.58,0,-0.00,636,3,8244,09_42_47_14_01_2025,-6.72,-7.10,-0.92,0.00,-0.00,0.00
-7563,0.57,0,-0.00,634,3,8283,09_42_47_14_01_2025,-6.70,-7.09,-0.94,0.00,-0.00,-0.00
-7580,0.57,0,-0.00,635,3,8321,09_42_47_14_01_2025,-6.72,-7.08,-0.93,0.00,-0.00,-0.00
-7301,0.55,0,-0.00,635,3,8362,09_42_47_14_01_2025,-6.72,-7.13,-0.92,0.00,-0.01,-0.00
-7459,0.57,0,-0.00,635,3,8400,09_42_47_14_01_2025,-6.72,-7.14,-0.95,-0.01,-0.00,0.04
-7449,0.56,0,-0.00,635,3,8439,09_42_47_14_01_2025,-6.71,-7.11,-0.94,0.01,0.00,-0.01
-7541,0.57,0,-0.00,636,3,8477,09_42_47_14_01_2025,-6.77,-7.10,-0.95,0.00,-0.00,0.00
-7427,0.56,0,-0.00,635,3,8516,09_42_47_14_01_2025,-6.72,-7.07,-0.93,0.00,-0.00,0.00
-7499,0.57,0,-0.00,636,3,8556,09_42_47_14_01_2025,-6.73,-7.08,-0.93,0.00,-0.00,-0.00
-7383,0.56,0,-0.00,635,3,8599,09_42_47_14_01_2025,-6.74,-7.02,-0.94,0.00,0.00,0.01
-7441,0.56,0,-0.00,633,3,8637,09_42_47_14_01_2025,-6.74,-7.06,-0.92,0.01,-0.00,0.00
-7315,0.55,0,-0.00,635,3,8675,09_42_47_14_01_2025,-6.73,-7.08,-0.94,0.00,-0.00,0.00
-7421,0.56,0,-0.00,635,3,8714,09_42_47_14_01_2025,-6.74,-7.09,-0.93,0.00,-0.00,0.00
-7334,0.56,0,-0.00,636,3,8752,09_42_47_14_01_2025,-6.74,-7.08,-0.95,0.00,-0.00,0.00
-7539,0.57,0,-0.00,635,3,8790,09_42_47_14_01_2025,-6.72,-7.08,-0.92,0.00,-0.00,-0.00
-7458,0.56,0,-0.00,635,3,8831,09_42_47_14_01_2025,-6.74,-7.09,-0.93,0.00,-0.01,-0.00
-7316,0.55,0,-0.00,636,3,8869,09_42_47_14_01_2025,-6.73,-7.08,-0.93,0.00,-0.00,0.00
-7531,0.57,0,-0.00,635,3,8906,09_42_47_14_01_2025,-6.74,-7.09,-0.95,0.00,-0.00,0.00
-7449,0.56,0,-0.00,636,3,8945,09_42_47_14_01_2025,-6.75,-7.12,-0.94,0.00,-0.00,0.00
-7426,0.56,0,-0.00,635,3,8983,09_42_47_14_01_2025,-6.73,-7.07,-0.95,-0.00,-0.00,-0.00
-7248,0.55,0,-0.00,635,3,9021,09_42_47_14_01_2025,-6.73,-7.09,-0.94,0.00,-0.00,-0.00
-7331,0.56,0,-0.00,635,3,9062,09_42_47_14_01_2025,-6.74,-7.07,-0.94,0.00,-0.00,-0.00
-7442,0.56,0,-0.00,635,3,9100,09_42_47_14_01_2025,-6.73,-7.08,-0.94,0.00,-0.01,-0.00
-7213,0.55,0,-0.00,635,3,9138,09_42_48_14_01_2025,-6.75,-7.03,-0.96,0.00,0.00,0.00
-7288,0.55,0,-0.00,635,3,9176,09_42_48_14_01_2025,-6.75,-7.03,-0.93,0.00,-0.00,0.00
-7475,0.57,0,-0.00,634,3,9214,09_42_48_14_01_2025,-6.72,-7.13,-0.90,0.00,-0.01,-0.00
-7503,0.57,0,-0.00,635,3,9253,09_42_48_14_01_2025,-6.73,-7.13,-0.94,0.00,-0.00,-0.00
-7292,0.55,0,-0.00,635,3,9293,09_42_48_14_01_2025,-6.74,-7.10,-0.92,0.00,-0.01,-0.00
-7309,0.55,0,-0.00,633,3,9331,09_42_48_14_01_2025,-6.73,-7.06,-0.94,0.00,-0.00,-0.00
-7487,0.57,0,-0.00,635,3,9369,09_42_48_14_01_2025,-6.74,-7.07,-0.95,0.00,-0.01,-0.00
-7280,0.55,0,-0.00,635,3,9408,09_42_48_14_01_2025,-6.73,-7.08,-0.94,0.01,-0.00,-0.00
-7401,0.56,0,-0.00,635,3,9446,09_42_48_14_01_2025,-6.75,-7.10,-0.95,0.00,-0.00,-0.00
-7511,0.57,0,-0.00,636,3,9484,09_42_48_14_01_2025,-6.73,-7.08,-0.93,0.00,-0.00,0.00
-7450,0.56,0,-0.00,635,3,9525,09_42_48_14_01_2025,-6.74,-7.10,-0.92,0.00,-0.00,0.00
-7570,0.57,0,-0.00,635,3,9563,09_42_48_14_01_2025,-6.74,-7.07,-0.97,0.00,-0.00,0.00
-7358,0.56,0,-0.00,635,3,9601,09_42_48_14_01_2025,-6.73,-7.06,-0.96,0.00,-0.00,0.00
-7716,0.58,0,-0.00,635,3,9642,09_42_48_14_01_2025,-6.75,-7.08,-0.94,0.00,-0.01,0.00
-7556,0.57,0,-0.00,634,3,9681,09_42_48_14_01_2025,-6.74,-7.09,-0.93,0.00,-0.00,0.00
-7576,0.57,0,-0.00,636,3,9721,09_42_48_14_01_2025,-6.74,-7.11,-0.92,0.01,-0.00,-0.00
-7380,0.56,0,-0.00,635,3,9762,09_42_48_14_01_2025,-6.74,-7.09,-0.93,0.00,-0.00,-0.00
-7359,0.56,0,-0.00,636,3,9800,09_42_48_14_01_2025,-6.74,-7.08,-0.95,0.00,-0.00,-0.00
-7527,0.57,0,-0.00,635,3,9838,09_42_48_14_01_2025,-6.74,-7.08,-0.94,0.00,-0.00,0.00
-7296,0.55,0,-0.00,635,3,9877,09_42_48_14_01_2025,-6.74,-7.07,-0.94,0.00,-0.00,0.00
-7536,0.57,0,-0.00,635,3,9915,09_42_48_14_01_2025,-6.73,-7.08,-0.95,0.00,-0.00,0.00
-7382,0.56,0,-0.00,636,3,9952,09_42_48_14_01_2025,-6.72,-7.03,-0.95,0.00,-0.01,-0.00
-7488,0.57,0,-0.00,635,3,9994,09_42_48_14_01_2025,-6.74,-7.11,-0.94,0.01,-0.01,0.00
-7391,0.56,0,-0.00,633,3,10033,09_42_48_14_01_2025,-6.74,-7.07,-0.95,0.00,-0.00,0.00
-7526,0.57,0,-0.00,636,3,10071,09_42_48_14_01_2025,-6.72,-7.05,-0.94,0.00,-0.00,-0.00
-7339,0.56,0,-0.00,635,3,10108,09_42_49_14_01_2025,-6.74,-7.08,-0.93,0.00,-0.00,-0.00
-7437,0.56,0,-0.00,635,3,10147,09_42_49_14_01_2025,-6.75,-7.07,-0.93,0.01,-0.00,-0.00
-7390,0.56,0,-0.00,635,3,10185,09_42_49_14_01_2025,-6.75,-7.03,-0.97,0.00,0.00,0.00
-7635,0.58,0,-0.00,635,3,10226,09_42_49_14_01_2025,-6.76,-7.05,-0.94,0.00,-0.00,0.00
-7285,0.55,0,-0.00,636,3,10265,09_42_49_14_01_2025,-6.73,-7.08,-0.93,0.00,-0.00,-0.00
-7355,0.56,0,-0.00,635,3,10303,09_42_49_14_01_2025,-6.73,-7.07,-0.94,0.00,-0.00,-0.00
-7623,0.58,0,-0.00,636,3,10341,09_42_49_14_01_2025,-6.76,-7.09,-0.93,0.00,-0.00,-0.00
-7300,0.55,0,-0.00,635,3,10378,09_42_49_14_01_2025,-6.75,-7.06,-0.94,0.00,-0.00,0.00
-7380,0.56,0,-0.00,635,3,10417,09_42_49_14_01_2025,-6.74,-7.08,-0.92,0.00,-0.00,-0.00
-7469,0.57,0,-0.00,634,3,10458,09_42_49_14_01_2025,-6.75,-7.07,-0.93,0.00,-0.00,-0.00
-7453,0.56,0,-0.00,633,3,10495,09_42_49_14_01_2025,-6.75,-7.08,-0.94,0.00,-0.00,-0.00
-7382,0.56,0,-0.00,635,3,10534,09_42_49_14_01_2025,-6.75,-7.08,-0.95,0.00,-0.00,0.00
-7439,0.56,0,-0.00,635,3,10573,09_42_49_14_01_2025,-6.74,-7.08,-0.93,0.00,-0.00,-0.00
-7484,0.57,0,-0.00,633,3,10610,09_42_49_14_01_2025,-6.74,-7.07,-0.95,0.00,-0.00,-0.00
-7450,0.56,0,-0.00,636,3,10648,09_42_49_14_01_2025,-6.74,-7.08,-0.93,0.00,-0.00,0.00
-7477,0.57,0,-0.00,636,3,10689,09_42_49_14_01_2025,-6.78,-7.04,-0.98,0.00,-0.00,0.01
-7386,0.56,0,-0.00,636,3,10728,09_42_49_14_01_2025,-6.72,-7.09,-0.95,0.00,-0.01,0.00
-7428,0.56,0,-0.00,634,3,10767,09_42_49_14_01_2025,-6.73,-7.03,-0.95,0.01,-0.01,-0.01
-7465,0.57,0,-0.00,635,3,10823,09_42_49_14_01_2025,-6.76,-7.08,-0.93,0.01,-0.00,-0.01
-7537,0.57,0,-0.00,635,3,10864,09_42_49_14_01_2025,-6.74,-7.08,-0.94,0.00,-0.00,0.00
-7522,0.57,0,-0.00,633,3,10929,09_42_49_14_01_2025,-6.75,-7.08,-0.94,0.00,-0.00,-0.00
-7360,0.56,0,-0.00,635,3,11018,09_42_49_14_01_2025,-6.76,-7.08,-0.95,0.00,-0.00,-0.00
-7727,0.59,0,-0.00,635,3,11057,09_42_49_14_01_2025,-6.75,-7.05,-0.97,0.00,-0.01,-0.00
-7414,0.56,0,-0.00,635,3,11125,09_42_49_14_01_2025,-6.75,-7.12,-0.94,0.00,-0.01,-0.00
-7593,0.58,0,-0.00,635,3,11215,09_42_50_14_01_2025,-6.75,-7.06,-0.97,0.00,-0.01,0.00
-7445,0.56,0,-0.00,635,3,11254,09_42_50_14_01_2025,-6.75,-7.08,-0.93,0.00,-0.00,-0.00
-7707,0.58,0,-0.00,633,3,11322,09_42_50_14_01_2025,-6.75,-7.07,-0.94,0.00,-0.00,0.00
-7275,0.55,0,-0.00,635,3,11411,09_42_50_14_01_2025,-6.74,-7.07,-0.94,0.00,-0.00,-0.00
-7467,0.57,0,-0.00,636,3,11449,09_42_50_14_01_2025,-6.75,-7.06,-0.94,0.00,-0.00,-0.00
-7312,0.55,0,-0.00,635,3,11518,09_42_50_14_01_2025,-6.75,-7.02,-0.96,0.00,0.00,0.00
-7203,0.55,0,-0.00,636,3,11608,09_42_50_14_01_2025,-6.77,-7.10,-0.96,0.00,-0.00,0.01
-7436,0.56,0,-0.00,635,3,11647,09_42_50_14_01_2025,-6.76,-7.09,-0.92,0.00,-0.00,-0.00
-7532,0.57,0,-0.00,636,3,11714,09_42_50_14_01_2025,-6.78,-7.09,-0.95,0.00,-0.00,0.00
-7606,0.58,0,-0.00,635,3,11755,09_42_50_14_01_2025,-6.74,-7.12,-0.97,-0.00,-0.00,0.00
-7477,0.57,0,-0.00,635,3,11820,09_42_50_14_01_2025,-6.73,-7.06,-0.96,0.00,-0.00,-0.00
-7247,0.55,0,-0.00,636,3,11910,09_42_50_14_01_2025,-6.75,-7.07,-0.94,0.00,-0.01,0.00
-7416,0.56,0,-0.00,634,3,11949,09_42_50_14_01_2025,-6.75,-7.07,-0.95,0.00,-0.00,0.00
-7182,0.54,0,-0.00,636,3,12016,09_42_50_14_01_2025,-6.75,-7.07,-0.95,0.00,-0.00,0.00
-7425,0.56,0,-0.00,635,3,12107,09_42_50_14_01_2025,-6.77,-7.03,-0.95,0.00,0.00,0.00
-7495,0.57,0,-0.00,635,3,12147,09_42_51_14_01_2025,-6.75,-7.06,-0.96,0.00,-0.00,0.00
-7491,0.57,0,-0.00,635,3,12212,09_42_51_14_01_2025,-6.75,-7.05,-0.96,0.00,-0.00,-0.00
-7512,0.57,0,-0.00,635,3,12303,09_42_51_14_01_2025,-6.75,-7.07,-0.93,0.00,-0.01,-0.00
-7431,0.56,0,-0.00,635,3,12341,09_42_51_14_01_2025,-6.74,-7.04,-0.96,0.00,-0.01,-0.00
-7480,0.57,0,-0.00,635,3,12408,09_42_51_14_01_2025,-6.73,-7.08,-0.95,0.00,-0.00,0.00
-7601,0.58,0,-0.00,635,3,12499,09_42_51_14_01_2025,-6.75,-7.05,-0.95,0.00,-0.00,0.00
-7405,0.56,0,-0.00,635,3,12536,09_42_51_14_01_2025,-6.75,-7.06,-0.94,0.00,-0.00,-0.00
-7372,0.56,0,-0.00,635,3,12605,09_42_51_14_01_2025,-6.73,-7.04,-0.95,0.00,-0.00,-0.00
-7548,0.57,0,-0.00,636,3,12696,09_42_51_14_01_2025,-6.76,-7.09,-0.92,0.00,-0.00,0.00
-7572,0.57,0,-0.00,636,3,12734,09_42_51_14_01_2025,-6.74,-7.11,-0.93,0.01,-0.01,-0.01
-7468,0.57,0,-0.00,635,3,12801,09_42_51_14_01_2025,-6.77,-7.09,-0.95,0.00,-0.00,-0.00
-7506,0.57,0,-0.00,636,3,12893,09_42_51_14_01_2025,-6.73,-7.08,-0.97,0.00,-0.00,-0.00
-7345,0.56,0,-0.00,635,3,12930,09_42_51_14_01_2025,-6.77,-7.06,-0.96,0.01,-0.01,0.00
-7309,0.55,0,-0.00,636,3,12998,09_42_51_14_01_2025,-6.76,-7.04,-0.95,0.00,-0.00,0.01
-7286,0.55,0,-0.00,635,3,13036,09_42_51_14_01_2025,-6.76,-7.05,-0.98,0.00,-0.00,0.00
-7443,0.56,0,-0.00,635,3,13104,09_42_51_14_01_2025,-6.74,-7.03,-0.94,0.00,-0.00,0.00
-7544,0.57,0,-0.00,635,3,13194,09_42_52_14_01_2025,-6.75,-7.06,-0.95,0.00,-0.01,0.00
-7397,0.56,0,-0.00,636,3,13234,09_42_52_14_01_2025,-6.75,-7.05,-0.95,0.00,-0.00,-0.00
-7462,0.57,0,-0.00,635,3,13300,09_42_52_14_01_2025,-6.75,-7.06,-0.95,0.00,-0.01,0.00
-7275,0.55,0,-0.00,635,3,13392,09_42_52_14_01_2025,-6.76,-7.06,-0.94,0.00,-0.00,0.00
-7403,0.56,0,-0.00,636,3,13430,09_42_52_14_01_2025,-6.75,-7.06,-0.94,0.00,-0.00,0.00
-7479,0.57,0,-0.00,635,3,13496,09_42_52_14_01_2025,-6.75,-7.06,-0.95,0.00,-0.00,-0.00
-7495,0.57,0,-0.00,635,3,13587,09_42_52_14_01_2025,-6.76,-7.07,-0.94,0.00,-0.00,0.00
-7323,0.55,0,-0.00,635,3,13628,09_42_52_14_01_2025,-6.75,-7.06,-0.95,0.00,-0.00,0.00
-7285,0.55,0,-0.00,636,3,13694,09_42_52_14_01_2025,-6.75,-7.06,-0.95,0.00,-0.00,-0.00
-7418,0.56,0,-0.00,636,3,13783,09_42_52_14_01_2025,-6.76,-7.05,-0.95,0.00,-0.00,-0.00
-7372,0.56,0,-0.00,635,3,13821,09_42_52_14_01_2025,-6.74,-7.05,-0.94,0.00,-0.00,-0.00
-7406,0.56,0,-0.00,636,3,13889,09_42_52_14_01_2025,-6.76,-7.06,-0.93,0.01,-0.00,-0.00
-7524,0.57,0,-0.00,636,3,13979,09_42_52_14_01_2025,-6.76,-7.07,-0.93,0.00,-0.01,-0.00
-7382,0.56,0,-0.00,635,3,14020,09_42_52_14_01_2025,-6.75,-7.01,-0.95,0.00,-0.00,0.00
-7441,0.56,0,-0.00,636,3,14085,09_42_52_14_01_2025,-6.77,-7.03,-0.95,0.00,-0.00,0.00
-7509,0.57,0,-0.00,633,3,14176,09_42_53_14_01_2025,-6.75,-7.05,-0.95,0.00,-0.00,0.00
-7433,0.56,0,-0.00,635,3,14214,09_42_53_14_01_2025,-6.73,-7.01,-0.94,0.00,-0.00,-0.00
-7456,0.56,0,-0.00,636,3,14281,09_42_53_14_01_2025,-6.75,-7.05,-0.90,0.00,-0.00,-0.00
-7414,0.56,0,-0.00,635,3,14320,09_42_53_14_01_2025,-6.69,-7.06,-0.88,0.00,0.00,0.00
-7454,0.56,0,-0.00,635,3,14388,09_42_53_14_01_2025,-6.80,-7.01,-0.95,0.01,-0.00,-0.00
-7399,0.56,0,-0.00,635,3,14478,09_42_53_14_01_2025,-6.78,-7.09,-0.98,0.00,-0.00,0.01
-7529,0.57,0,-0.00,636,3,14518,09_42_53_14_01_2025,-6.71,-7.07,-0.92,0.01,-0.00,-0.01
-7441,0.56,0,-0.00,635,3,14584,09_42_53_14_01_2025,-6.78,-7.05,-0.93,0.01,-0.00,-0.00
-7290,0.55,0,-0.00,635,3,14675,09_42_53_14_01_2025,-6.75,-7.11,-0.97,0.00,-0.01,-0.00
-7467,0.57,0,-0.00,636,3,14713,09_42_53_14_01_2025,-6.76,-7.06,-0.93,0.01,-0.00,-0.00
-7397,0.56,0,-0.00,635,3,14780,09_42_53_14_01_2025,-6.77,-7.06,-0.94,0.00,-0.00,0.00
-7583,0.57,0,-0.00,635,3,14871,09_42_53_14_01_2025,-6.76,-7.06,-0.95,0.00,-0.00,-0.00
-7634,0.58,0,-0.00,635,3,14908,09_42_53_14_01_2025,-6.75,-7.05,-0.96,0.00,-0.00,0.00
-7461,0.57,0,-0.00,636,3,14977,09_42_53_14_01_2025,-6.76,-7.06,-0.95,0.00,-0.00,-0.00
-7534,0.57,0,-0.00,635,3,15067,09_42_53_14_01_2025,-6.75,-7.05,-0.94,0.00,-0.00,-0.00
-7356,0.56,0,-0.00,635,3,15105,09_42_53_14_01_2025,-6.76,-7.06,-0.95,0.00,-0.00,-0.00
-7595,0.58,0,-0.00,635,3,15173,09_42_54_14_01_2025,-6.77,-7.05,-0.94,0.00,-0.00,-0.00
-7361,0.56,0,-0.00,635,3,15263,09_42_54_14_01_2025,-6.77,-7.06,-0.95,0.00,-0.00,-0.00
-7532,0.57,0,-0.00,636,3,15300,09_42_54_14_01_2025,-6.77,-7.06,-0.95,0.00,-0.00,-0.00
-7480,0.57,0,-0.00,636,3,15369,09_42_54_14_01_2025,-6.78,-7.06,-0.95,0.00,-0.00,0.00
-7545,0.57,0,-0.00,636,3,15460,09_42_54_14_01_2025,-6.78,-7.05,-0.95,0.00,-0.01,-0.00
-7504,0.57,0,-0.00,636,3,15498,09_42_54_14_01_2025,-6.76,-7.05,-0.94,0.00,-0.00,-0.00
-7479,0.57,0,-0.00,635,3,15566,09_42_54_14_01_2025,-6.76,-7.05,-0.94,0.00,-0.00,-0.00
-7528,0.57,0,-0.00,636,3,15603,09_42_54_14_01_2025,-6.76,-7.06,-0.95,0.00,-0.00,0.00
-7334,0.56,0,-0.00,636,3,15672,09_42_54_14_01_2025,-6.75,-7.06,-0.96,0.00,-0.00,-0.00
-7345,0.56,0,-0.00,635,3,15762,09_42_54_14_01_2025,-6.76,-7.06,-0.94,0.00,-0.00,-0.00
-7422,0.56,0,-0.00,636,3,15801,09_42_54_14_01_2025,-6.76,-7.09,-0.93,0.01,-0.01,-0.01
-7412,0.56,0,-0.00,636,3,15868,09_42_54_14_01_2025,-6.76,-7.06,-0.95,0.00,-0.00,-0.00
-7391,0.56,0,-0.00,636,3,15958,09_42_54_14_01_2025,-6.77,-7.03,-0.96,0.00,-0.00,-0.00
-7546,0.57,0,-0.00,636,3,15996,09_42_54_14_01_2025,-6.77,-7.05,-0.95,0.00,-0.00,0.00
-7376,0.56,0,-0.00,636,3,16065,09_42_54_14_01_2025,-6.76,-7.05,-0.95,0.00,-0.00,0.00
-7585,0.57,0,-0.00,636,3,16155,09_42_54_14_01_2025,-6.79,-7.05,-0.96,0.00,-0.00,0.00
-7445,0.56,0,-0.00,636,3,16192,09_42_55_14_01_2025,-6.77,-7.05,-0.94,0.00,-0.00,0.00
-7492,0.57,0,-0.00,636,3,16260,09_42_55_14_01_2025,-6.76,-7.05,-0.96,0.00,-0.00,-0.00
-7619,0.58,0,-0.00,636,3,16351,09_42_55_14_01_2025,-6.77,-7.05,-0.95,0.00,-0.00,0.00
-7679,0.58,0,-0.00,636,3,16392,09_42_55_14_01_2025,-6.75,-7.03,-0.95,0.00,-0.00,-0.00
-7459,0.57,0,-0.00,635,3,16457,09_42_55_14_01_2025,-6.76,-7.07,-0.94,0.00,-0.00,-0.00
-7502,0.57,0,-0.00,635,3,16547,09_42_55_14_01_2025,-6.77,-7.06,-0.94,0.00,-0.00,-0.00
-7522,0.57,0,-0.00,636,3,16584,09_42_55_14_01_2025,-6.77,-7.04,-0.95,0.00,-0.00,-0.00
-7320,0.55,0,-0.00,636,3,16654,09_42_55_14_01_2025,-6.77,-7.05,-0.96,0.00,-0.00,-0.00
-7433,0.56,0,-0.00,636,3,16744,09_42_55_14_01_2025,-6.77,-7.05,-0.95,0.00,-0.00,0.00
-7277,0.55,0,-0.00,635,3,16783,09_42_55_14_01_2025,-6.77,-7.05,-0.95,0.00,-0.00,0.00
-7461,0.57,0,-0.00,636,3,16850,09_42_55_14_01_2025,-6.76,-7.05,-0.95,0.00,-0.00,0.00
-7494,0.57,0,-0.00,636,3,16887,09_42_55_14_01_2025,-6.78,-7.05,-0.95,0.00,-0.00,0.00
-7402,0.56,0,-0.00,636,3,16956,09_42_55_14_01_2025,-6.76,-7.05,-0.95,0.00,-0.00,0.00
-7550,0.57,0,-0.00,636,3,17046,09_42_55_14_01_2025,-6.78,-7.05,-0.95,0.00,-0.00,-0.00
-7661,0.58,0,-0.00,636,3,17085,09_42_55_14_01_2025,-6.76,-7.05,-0.94,0.00,-0.00,-0.00
-7386,0.56,0,-0.00,636,3,17151,09_42_56_14_01_2025,-6.76,-7.05,-0.96,0.00,-0.00,-0.00
-7359,0.56,0,-0.00,635,3,17242,09_42_56_14_01_2025,-6.77,-7.05,-0.95,0.00,-0.00,-0.00
-7437,0.56,0,-0.00,636,3,17280,09_42_56_14_01_2025,-6.76,-7.05,-0.95,0.00,-0.00,0.00
-7388,0.56,0,-0.00,636,3,17349,09_42_56_14_01_2025,-6.77,-7.05,-0.95,0.00,-0.00,0.00
-7602,0.58,0,-0.00,636,3,17440,09_42_56_14_01_2025,-6.77,-7.06,-0.95,0.00,-0.00,0.00
-7323,0.55,0,-0.00,636,3,17478,09_42_56_14_01_2025,-6.77,-7.05,-0.95,0.00,-0.00,-0.00
-7588,0.57,0,-0.00,635,3,17545,09_42_56_14_01_2025,-6.76,-7.05,-0.95,0.00,-0.00,-0.00
-7313,0.55,0,-0.00,635,3,17634,09_42_56_14_01_2025,-6.77,-7.04,-0.94,0.00,-0.00,-0.00
-7385,0.56,0,-0.00,636,3,17672,09_42_56_14_01_2025,-6.77,-7.05,-0.95,0.00,-0.00,-0.00
-7429,0.56,0,-0.00,636,3,17741,09_42_56_14_01_2025,-6.77,-7.05,-0.95,0.00,-0.00,-0.00
-7448,0.56,0,-0.00,635,3,17832,09_42_56_14_01_2025,-6.76,-7.05,-0.95,0.00,-0.00,-0.00
-7401,0.56,0,-0.00,635,3,17870,09_42_56_14_01_2025,-6.76,-7.04,-0.94,0.00,-0.00,-0.00
-7413,0.56,0,-0.00,635,3,17937,09_42_56_14_01_2025,-6.77,-7.05,-0.95,0.00,-0.00,-0.00
-7359,0.56,0,-0.00,636,3,18029,09_42_56_14_01_2025,-6.77,-7.05,-0.94,0.00,-0.00,-0.00
-7314,0.55,0,-0.00,636,3,18066,09_42_56_14_01_2025,-6.76,-7.05,-0.95,0.00,-0.00,-0.00
-7411,0.56,0,-0.00,635,3,18135,09_42_56_14_01_2025,-6.79,-7.07,-0.95,0.00,-0.00,0.00
-7451,0.56,0,-0.00,635,3,18178,09_42_57_14_01_2025,-6.77,-7.04,-0.96,0.00,-0.00,0.00
-7538,0.57,0,-0.00,636,3,18239,09_42_57_14_01_2025,-6.77,-7.04,-0.95,0.00,-0.00,0.00
-7439,0.56,0,-0.00,635,3,18330,09_42_57_14_01_2025,-6.76,-7.06,-0.94,0.00,-0.00,-0.00
-7383,0.56,0,-0.00,636,3,18368,09_42_57_14_01_2025,-6.76,-7.04,-0.95,0.00,-0.00,-0.00
-7564,0.57,0,-0.00,635,3,18437,09_42_57_14_01_2025,-6.78,-7.04,-0.95,0.00,-0.00,-0.00
-7502,0.57,0,-0.00,636,3,18527,09_42_57_14_01_2025,-6.77,-7.04,-0.96,0.00,-0.00,-0.00
-7459,0.57,0,-0.00,635,3,18567,09_42_57_14_01_2025,-6.76,-7.05,-0.96,0.00,-0.00,0.00
-7335,0.56,0,-0.00,636,3,18632,09_42_57_14_01_2025,-6.77,-7.04,-0.95,0.00,-0.00,0.00
-7373,0.56,0,-0.00,636,3,18722,09_42_57_14_01_2025,-6.77,-7.05,-0.97,0.00,-0.00,-0.00
-7597,0.58,0,-0.00,636,3,18760,09_42_57_14_01_2025,-6.77,-7.04,-0.96,0.00,-0.00,-0.00
-7519,0.57,0,-0.00,635,3,18830,09_42_57_14_01_2025,-6.78,-7.04,-0.96,0.00,-0.01,0.00
-7450,0.56,0,-0.00,636,3,18919,09_42_57_14_01_2025,-6.77,-7.05,-0.94,0.00,-0.00,-0.00
-7452,0.56,0,-0.00,636,3,18959,09_42_57_14_01_2025,-6.77,-7.04,-0.95,0.00,-0.00,-0.00
-7315,0.55,0,-0.00,636,3,19025,09_42_57_14_01_2025,-6.77,-7.05,-0.94,0.00,-0.00,-0.00
-7462,0.57,0,-0.00,636,3,19115,09_42_57_14_01_2025,-6.77,-7.05,-0.95,0.00,-0.00,0.00
-7323,0.55,0,-0.00,635,3,19154,09_42_58_14_01_2025,-6.78,-7.05,-0.96,0.00,-0.00,0.00
-7375,0.56,0,-0.00,635,3,19221,09_42_58_14_01_2025,-6.78,-7.04,-0.95,0.00,-0.01,0.00
-7379,0.56,0,-0.00,636,3,19313,09_42_58_14_01_2025,-6.77,-7.04,-0.95,0.00,-0.00,-0.00
-7299,0.55,0,-0.00,636,3,19353,09_42_58_14_01_2025,-6.78,-7.05,-0.95,0.00,-0.00,-0.00
-7406,0.56,0,-0.00,636,3,19418,09_42_58_14_01_2025,-6.78,-7.04,-0.96,0.00,-0.00,-0.00
-7500,0.57,0,-0.00,636,3,19456,09_42_58_14_01_2025,-6.78,-7.03,-0.95,0.00,-0.00,0.00
-7582,0.57,0,-0.00,635,3,19524,09_42_58_14_01_2025,-6.76,-7.05,-0.96,0.00,-0.00,-0.00
-7307,0.55,0,-0.00,636,3,19614,09_42_58_14_01_2025,-6.76,-7.04,-0.95,0.00,-0.00,0.00
-7547,0.57,0,-0.00,636,3,19651,09_42_58_14_01_2025,-6.75,-7.04,-0.95,0.00,-0.00,-0.00
-7563,0.57,0,-0.00,634,3,19721,09_42_58_14_01_2025,-6.78,-7.04,-0.94,0.00,-0.00,-0.00
-7318,0.55,0,-0.00,636,3,19811,09_42_58_14_01_2025,-6.76,-7.05,-0.96,0.00,-0.01,0.00
-7414,0.56,0,-0.00,636,3,19849,09_42_58_14_01_2025,-6.77,-7.05,-0.95,0.00,-0.00,-0.00
-7681,0.58,0,-0.00,636,3,19916,09_42_58_14_01_2025,-6.78,-7.04,-0.96,0.00,-0.00,-0.00
-7336,0.56,0,-0.00,636,3,20006,09_42_58_14_01_2025,-6.77,-7.05,-0.96,0.00,-0.00,-0.00
-7157,0.54,0,-0.00,636,3,20046,09_42_58_14_01_2025,-6.77,-7.00,-0.95,0.00,-0.00,0.00
-7359,0.56,0,-0.00,635,3,20114,09_42_58_14_01_2025,-6.78,-7.05,-0.94,0.00,-0.00,-0.00
-7371,0.56,0,-0.00,635,3,20203,09_42_59_14_01_2025,-6.78,-7.02,-0.95,0.00,-0.00,0.00
-7437,0.56,0,-0.00,634,3,20241,09_42_59_14_01_2025,-6.77,-7.05,-0.95,0.00,-0.00,-0.00
-7634,0.58,0,-0.00,635,3,20309,09_42_59_14_01_2025,-6.78,-7.01,-0.96,0.00,-0.00,0.00
-7309,0.55,0,-0.00,636,3,20399,09_42_59_14_01_2025,-6.77,-7.04,-0.95,0.00,-0.00,-0.00
-7378,0.56,0,-0.00,636,3,20437,09_42_59_14_01_2025,-6.78,-7.03,-0.95,0.00,-0.00,-0.00
-7499,0.57,0,-0.00,635,3,20506,09_42_59_14_01_2025,-6.78,-7.04,-0.96,0.00,-0.00,-0.00
-7388,0.56,0,-0.00,636,3,20596,09_42_59_14_01_2025,-6.77,-7.04,-0.95,0.00,-0.00,-0.00
-7443,0.56,0,-0.00,636,3,20635,09_42_59_14_01_2025,-6.78,-7.04,-0.95,0.00,-0.00,-0.00
-7561,0.57,0,-0.00,635,3,20702,09_42_59_14_01_2025,-6.78,-7.03,-0.96,0.00,-0.00,-0.00
-7472,0.57,0,-0.00,636,3,20741,09_42_59_14_01_2025,-6.78,-7.04,-0.94,0.00,-0.00,-0.00
-7454,0.56,0,-0.00,636,3,20808,09_42_59_14_01_2025,-6.78,-7.04,-0.95,0.00,-0.00,-0.00
-7337,0.56,0,-0.00,636,3,20898,09_42_59_14_01_2025,-6.78,-7.04,-0.95,0.00,-0.00,0.00
-7320,0.55,0,-0.00,636,3,20936,09_42_59_14_01_2025,-6.77,-7.04,-0.95,0.00,-0.00,-0.00
-7340,0.56,0,-0.00,635,3,21004,09_42_59_14_01_2025,-6.78,-7.04,-0.94,0.00,-0.00,-0.00
-7316,0.55,0,-0.00,636,3,21094,09_42_59_14_01_2025,-6.78,-7.04,-0.96,0.00,-0.00,0.00
-7562,0.57,0,-0.00,636,3,21133,09_43_00_14_01_2025,-6.77,-7.04,-0.96,0.00,-0.00,-0.00
-7177,0.54,0,-0.00,635,3,21201,09_43_00_14_01_2025,-6.78,-7.04,-0.95,0.00,-0.00,0.00
-7421,0.56,0,-0.00,636,3,21290,09_43_00_14_01_2025,-6.78,-7.04,-0.95,0.00,-0.00,0.00
-7333,0.56,0,-0.00,635,3,21328,09_43_00_14_01_2025,-6.78,-7.04,-0.95,0.00,-0.00,-0.00
-7437,0.56,0,-0.00,635,3,21397,09_43_00_14_01_2025,-6.77,-7.04,-0.96,0.00,-0.00,0.00
-7477,0.57,0,-0.00,635,3,21487,09_43_00_14_01_2025,-6.78,-7.04,-0.95,0.00,-0.00,-0.00
-7321,0.55,0,-0.00,635,3,21525,09_43_00_14_01_2025,-6.78,-7.04,-0.95,0.00,-0.00,0.00
-7544,0.57,0,-0.00,636,3,21593,09_43_00_14_01_2025,-6.77,-7.03,-0.96,0.00,-0.00,0.00
-7535,0.57,0,-0.00,636,3,21684,09_43_00_14_01_2025,-6.78,-7.03,-0.97,0.00,-0.00,-0.00
-7591,0.58,0,-0.00,634,3,21721,09_43_00_14_01_2025,-6.78,-7.04,-0.95,0.00,-0.01,0.00
-7435,0.56,0,-0.00,636,3,21789,09_43_00_14_01_2025,-6.78,-7.05,-0.96,0.00,-0.00,-0.00
-7349,0.56,0,-0.00,634,3,21881,09_43_00_14_01_2025,-6.77,-7.03,-0.95,0.00,-0.00,-0.00
-7491,0.57,0,-0.00,636,3,21921,09_43_00_14_01_2025,-6.78,-7.04,-0.94,0.00,-0.00,0.00
-7354,0.56,0,-0.00,636,3,21986,09_43_00_14_01_2025,-6.76,-7.03,-0.96,0.00,-0.00,-0.00
-7338,0.56,0,-0.00,636,3,22024,09_43_00_14_01_2025,-6.78,-7.06,-0.94,0.00,-0.00,-0.00
-7505,0.57,0,-0.00,636,3,22092,09_43_00_14_01_2025,-6.79,-7.03,-0.96,0.00,-0.00,0.00
-7510,0.57,0,-0.00,636,3,22183,09_43_01_14_01_2025,-6.77,-7.04,-0.96,0.00,-0.00,-0.00
-7390,0.56,0,-0.00,636,3,22222,09_43_01_14_01_2025,-6.77,-7.03,-0.96,0.00,-0.00,-0.00
-7369,0.56,0,-0.00,636,3,22288,09_43_01_14_01_2025,-6.78,-7.04,-0.96,0.00,-0.00,-0.00
-7457,0.56,0,-0.00,636,3,22378,09_43_01_14_01_2025,-6.77,-7.03,-0.95,0.00,-0.00,-0.00
-7586,0.57,0,-0.00,636,3,22416,09_43_01_14_01_2025,-6.79,-7.04,-0.95,0.00,-0.00,-0.00
-7422,0.56,0,-0.00,636,3,22485,09_43_01_14_01_2025,-6.78,-7.04,-0.97,0.00,-0.00,-0.00
-7412,0.56,0,-0.00,636,3,22576,09_43_01_14_01_2025,-6.77,-7.03,-0.96,0.00,-0.00,-0.00
-7402,0.56,0,-0.00,636,3,22615,09_43_01_14_01_2025,-6.76,-7.04,-0.95,0.00,-0.00,-0.00
-7385,0.56,0,-0.00,636,3,22681,09_43_01_14_01_2025,-6.78,-7.04,-0.96,0.00,-0.00,-0.00
-7385,0.56,0,-0.00,636,3,22771,09_43_01_14_01_2025,-6.77,-7.03,-0.95,0.00,-0.00,-0.00
-7519,0.57,0,-0.00,636,3,22811,09_43_01_14_01_2025,-6.78,-7.02,-0.95,0.00,-0.00,0.00
-7357,0.56,0,-0.00,636,3,22878,09_43_01_14_01_2025,-6.78,-7.03,-0.95,0.00,-0.00,0.00
-7255,0.55,0,-0.00,635,3,22967,09_43_01_14_01_2025,-6.77,-7.04,-0.95,0.00,-0.00,0.00
-7367,0.56,0,-0.00,635,3,23007,09_43_01_14_01_2025,-6.79,-7.03,-0.95,0.00,-0.00,0.00
-7309,0.55,0,-0.00,636,3,23074,09_43_01_14_01_2025,-6.78,-7.04,-0.95,0.00,-0.00,-0.00
-7531,0.57,0,-0.00,632,3,23165,09_43_02_14_01_2025,-6.77,-7.02,-0.95,0.00,-0.01,-0.00
-7362,0.56,0,-0.00,636,3,23206,09_43_02_14_01_2025,-6.77,-7.03,-0.96,0.00,-0.00,0.00
-7318,0.55,0,-0.00,636,3,23271,09_43_02_14_01_2025,-6.78,-7.05,-0.96,0.00,-0.00,-0.00
-7404,0.56,0,-0.00,636,3,23310,09_43_02_14_01_2025,-6.78,-7.05,-0.94,0.00,-0.00,-0.00
-7497,0.57,0,-0.00,634,3,23376,09_43_02_14_01_2025,-6.77,-7.07,-0.92,0.00,-0.01,0.00
-7317,0.55,0,-0.00,636,3,23466,09_43_02_14_01_2025,-6.80,-7.01,-0.98,0.00,-0.00,0.00
-7377,0.56,0,-0.00,636,3,23510,09_43_02_14_01_2025,-6.79,-7.03,-0.95,0.00,-0.00,0.00
-7354,0.56,0,-0.00,636,3,23573,09_43_02_14_01_2025,-6.78,-7.07,-0.97,0.00,-0.01,0.00
-7283,0.55,0,-0.00,636,3,23662,09_43_02_14_01_2025,-6.79,-7.05,-0.95,0.00,-0.00,-0.00
-7504,0.57,0,-0.00,636,3,23704,09_43_02_14_01_2025,-6.78,-7.04,-0.96,0.00,-0.00,0.00
-7580,0.57,0,-0.00,636,3,23768,09_43_02_14_01_2025,-6.78,-7.02,-0.96,0.00,-0.00,0.00
-7486,0.57,0,-0.00,635,3,23859,09_43_02_14_01_2025,-6.77,-7.04,-0.94,0.01,-0.00,-0.00
-7323,0.55,0,-0.00,636,3,23903,09_43_02_14_01_2025,-6.78,-7.03,-0.94,0.00,-0.00,-0.00
-7440,0.56,0,-0.00,636,3,23965,09_43_02_14_01_2025,-6.78,-7.03,-0.95,0.00,-0.00,-0.00
-7378,0.56,0,-0.00,636,3,24055,09_43_02_14_01_2025,-6.79,-7.04,-0.96,0.00,-0.00,0.00
-7509,0.57,0,-0.00,636,3,24095,09_43_02_14_01_2025,-6.80,-7.07,-0.95,0.00,-0.00,0.00
-7274,0.55,0,-0.00,636,3,24161,09_43_03_14_01_2025,-6.78,-7.02,-0.95,0.00,-0.00,0.00
-7418,0.56,0,-0.00,636,3,24252,09_43_03_14_01_2025,-6.77,-7.03,-0.96,0.00,-0.00,-0.00
-7275,0.55,0,-0.00,636,3,24296,09_43_03_14_01_2025,-6.78,-7.02,-0.97,0.00,-0.00,0.00
-7364,0.56,0,-0.00,633,3,24358,09_43_03_14_01_2025,-6.78,-7.04,-0.96,0.00,-0.00,-0.00
-7478,0.57,0,-0.00,636,3,24449,09_43_03_14_01_2025,-6.76,-7.01,-0.96,0.00,-0.01,-0.00
-7354,0.56,0,-0.00,636,3,24489,09_43_03_14_01_2025,-6.78,-7.05,-0.95,0.00,-0.00,-0.00
-7359,0.56,0,-0.00,636,3,24554,09_43_03_14_01_2025,-6.78,-7.04,-0.95,0.01,-0.00,-0.00
-7480,0.57,0,-0.00,636,3,24595,09_43_03_14_01_2025,-6.78,-7.05,-0.97,0.00,-0.01,-0.00
-7560,0.57,0,-0.00,636,3,24660,09_43_03_14_01_2025,-6.77,-7.03,-0.96,0.00,-0.00,-0.00
-7353,0.56,0,-0.00,636,3,24750,09_43_03_14_01_2025,-6.78,-7.04,-0.95,0.00,-0.00,0.00
-7440,0.56,0,-0.00,635,3,24790,09_43_03_14_01_2025,-6.81,-7.06,-0.95,0.00,-0.00,0.00
-7421,0.56,0,-0.00,636,3,24857,09_43_03_14_01_2025,-6.75,-7.00,-0.97,0.00,-0.00,0.00
-7461,0.57,0,-0.00,636,3,24947,09_43_03_14_01_2025,-6.81,-7.03,-0.93,0.01,-0.00,0.00
-7374,0.56,0,-0.00,636,3,24988,09_43_03_14_01_2025,-6.79,-7.02,-0.94,0.00,-0.00,-0.00
-7298,0.55,0,-0.00,636,3,25052,09_43_03_14_01_2025,-6.78,-7.04,-0.96,0.00,-0.00,-0.00
-7272,0.55,0,-0.00,636,3,25144,09_43_03_14_01_2025,-6.78,-7.04,-0.96,0.00,-0.00,-0.00
-7409,0.56,0,-0.00,636,3,25184,09_43_04_14_01_2025,-6.77,-7.04,-0.96,0.00,-0.00,0.00
-7488,0.57,0,-0.00,636,3,25250,09_43_04_14_01_2025,-6.77,-7.03,-0.96,0.00,-0.00,-0.00
-7472,0.57,0,-0.00,635,3,25340,09_43_04_14_01_2025,-6.77,-7.07,-0.96,0.00,-0.00,-0.00
-7383,0.56,0,-0.00,636,3,25382,09_43_04_14_01_2025,-6.79,-7.04,-0.95,0.00,-0.01,-0.00
-7370,0.56,0,-0.00,636,3,25446,09_43_04_14_01_2025,-6.78,-7.02,-0.96,0.00,-0.00,-0.00
-7476,0.57,0,-0.00,636,3,25536,09_43_04_14_01_2025,-6.79,-7.03,-0.96,0.00,-0.00,-0.00
-7319,0.55,0,-0.00,636,3,25579,09_43_04_14_01_2025,-6.79,-7.03,-0.95,0.00,-0.00,-0.00
-7405,0.56,0,-0.00,636,3,25644,09_43_04_14_01_2025,-6.78,-7.03,-0.95,0.00,-0.00,-0.00
-7533,0.57,0,-0.00,635,3,25733,09_43_04_14_01_2025,-6.78,-7.04,-0.96,0.00,-0.00,-0.00
-7524,0.57,0,-0.00,636,3,25776,09_43_04_14_01_2025,-6.77,-7.03,-0.96,0.00,-0.00,-0.00
-7500,0.57,0,-0.00,636,3,25838,09_43_04_14_01_2025,-6.79,-7.03,-0.95,0.00,-0.00,0.00
-7398,0.56,0,-0.00,636,3,25879,09_43_04_14_01_2025,-6.78,-7.02,-0.96,0.00,-0.00,0.00
-7549,0.57,0,-0.00,636,3,25945,09_43_04_14_01_2025,-6.79,-7.04,-0.96,0.00,-0.00,0.00
-7367,0.56,0,-0.00,636,3,26034,09_43_04_14_01_2025,-6.79,-7.04,-0.95,0.00,-0.00,-0.00
-7407,0.56,0,-0.00,636,3,26074,09_43_04_14_01_2025,-6.78,-7.03,-0.95,0.00,-0.00,0.00
-7485,0.57,0,-0.00,635,3,26140,09_43_05_14_01_2025,-6.78,-7.03,-0.95,0.00,-0.00,-0.00
-7463,0.57,0,-0.00,636,3,26231,09_43_05_14_01_2025,-6.77,-7.01,-0.96,0.00,-0.00,-0.00
-7435,0.56,0,-0.00,636,3,26272,09_43_05_14_01_2025,-6.78,-7.05,-0.95,0.00,-0.00,0.00
-7290,0.55,0,-0.00,636,3,26337,09_43_05_14_01_2025,-6.78,-7.04,-0.96,0.00,-0.00,-0.00
-7370,0.56,0,-0.00,636,3,26428,09_43_05_14_01_2025,-6.78,-7.04,-0.96,0.00,-0.00,0.00
-7379,0.56,0,-0.00,636,3,26468,09_43_05_14_01_2025,-6.79,-7.02,-0.95,0.00,-0.00,0.00
-7138,0.54,0,-0.00,636,3,26533,09_43_05_14_01_2025,-6.76,-7.05,-0.94,0.00,-0.01,-0.00
-7348,0.56,0,-0.00,636,3,26623,09_43_05_14_01_2025,-6.78,-7.04,-0.95,0.00,-0.00,-0.00
-7438,0.56,0,-0.00,636,3,26664,09_43_05_14_01_2025,-6.77,-7.03,-0.96,0.00,-0.00,-0.00
-7276,0.55,0,-0.00,636,3,26730,09_43_05_14_01_2025,-6.78,-7.04,-0.96,0.00,-0.00,-0.00
-7353,0.56,0,-0.00,635,3,26820,09_43_05_14_01_2025,-6.79,-7.05,-0.95,0.00,-0.00,-0.00
-7247,0.55,0,-0.00,636,3,26860,09_43_05_14_01_2025,-6.80,-7.03,-0.97,0.00,-0.00,0.00
-7373,0.56,0,-0.00,636,3,26927,09_43_05_14_01_2025,-6.77,-7.02,-0.97,0.00,-0.00,-0.00
-7407,0.56,0,-0.00,636,3,27018,09_43_05_14_01_2025,-6.79,-7.02,-0.95,0.00,-0.01,-0.00
-7455,0.56,0,-0.00,636,3,27059,09_43_05_14_01_2025,-6.78,-7.02,-0.95,0.00,-0.00,-0.00
-7455,0.56,0,-0.00,636,3,27122,09_43_05_14_01_2025,-6.77,-7.03,-0.96,0.00,-0.00,-0.00
-7482,0.57,0,-0.00,636,3,27162,09_43_06_14_01_2025,-6.79,-7.03,-0.96,0.00,-0.00,0.00
-7593,0.58,0,-0.00,636,3,27229,09_43_06_14_01_2025,-6.78,-7.02,-0.96,0.00,-0.01,0.00
-7411,0.56,0,-0.00,636,3,27320,09_43_06_14_01_2025,-6.79,-7.04,-0.96,0.00,-0.00,-0.00
-7268,0.55,0,-0.00,636,3,27363,09_43_06_14_01_2025,-6.78,-7.01,-0.96,0.00,-0.00,0.00
-7352,0.56,0,-0.00,636,3,27425,09_43_06_14_01_2025,-6.80,-7.04,-0.97,0.00,-0.00,-0.00
-7606,0.58,0,-0.00,636,3,27516,09_43_06_14_01_2025,-6.79,-7.03,-0.97,0.00,-0.00,-0.00
-7509,0.57,0,-0.00,636,3,27556,09_43_06_14_01_2025,-6.79,-7.03,-0.97,0.00,-0.00,-0.00
-7535,0.57,0,-0.00,636,3,27622,09_43_06_14_01_2025,-6.78,-7.03,-0.97,0.00,-0.00,0.00
-7422,0.56,0,-0.00,636,3,27712,09_43_06_14_01_2025,-6.78,-7.03,-0.95,0.00,-0.00,-0.00
-7188,0.54,0,-0.00,636,3,27752,09_43_06_14_01_2025,-6.78,-7.03,-0.95,0.00,-0.00,-0.00
-7397,0.56,0,-0.00,636,3,27817,09_43_06_14_01_2025,-6.79,-7.03,-0.96,0.00,-0.00,-0.00
-7336,0.56,0,-0.00,636,3,27908,09_43_06_14_01_2025,-6.79,-7.03,-0.95,0.00,-0.01,-0.00
-7566,0.57,0,-0.00,636,3,27949,09_43_06_14_01_2025,-6.78,-7.04,-0.96,0.00,-0.00,-0.00
-7372,0.56,0,-0.00,636,3,28014,09_43_06_14_01_2025,-6.78,-7.03,-0.95,0.00,-0.00,-0.00
-7466,0.57,0,-0.00,636,3,28104,09_43_06_14_01_2025,-6.79,-7.03,-0.95,0.00,-0.01,-0.00
-7356,0.56,0,-0.00,636,3,28144,09_43_07_14_01_2025,-6.78,-7.04,-0.96,0.00,-0.00,-0.00
-7343,0.56,0,-0.00,636,3,28210,09_43_07_14_01_2025,-6.78,-7.03,-0.95,0.00,-0.00,-0.00
-7536,0.57,0,-0.00,635,3,28301,09_43_07_14_01_2025,-6.79,-7.03,-0.97,0.00,-0.00,0.00
-7492,0.57,0,-0.00,636,3,28342,09_43_07_14_01_2025,-6.78,-7.03,-0.96,0.00,-0.00,-0.00
-7491,0.57,0,-0.00,634,3,28407,09_43_07_14_01_2025,-6.78,-7.03,-0.95,0.00,-0.01,-0.00
-7319,0.55,0,-0.00,635,3,28450,09_43_07_14_01_2025,-6.80,-7.03,-0.96,0.00,-0.00,0.00
-7528,0.57,0,-0.00,636,3,28513,09_43_07_14_01_2025,-6.78,-7.03,-0.95,0.00,-0.00,-0.00
-7678,0.58,0,-0.00,635,3,28603,09_43_07_14_01_2025,-6.78,-7.03,-0.96,0.00,-0.00,-0.00
-7322,0.55,0,-0.00,635,3,28644,09_43_07_14_01_2025,-6.79,-7.03,-0.95,0.00,-0.00,-0.00
-7571,0.57,0,-0.00,636,3,28709,09_43_07_14_01_2025,-6.79,-7.03,-0.95,0.00,-0.00,0.00
-7462,0.57,0,-0.00,636,3,28800,09_43_07_14_01_2025,-6.78,-7.03,-0.95,0.00,-0.00,-0.00
-7245,0.55,0,-0.00,636,3,28844,09_43_07_14_01_2025,-6.78,-7.02,-0.95,0.00,-0.00,-0.00
-7518,0.57,0,-0.00,636,3,28906,09_43_07_14_01_2025,-6.79,-7.03,-0.95,0.00,-0.00,0.00
-7424,0.56,0,-0.00,636,3,28996,09_43_07_14_01_2025,-6.78,-7.02,-0.96,0.00,-0.00,-0.00
-7335,0.56,0,-0.00,636,3,29037,09_43_07_14_01_2025,-6.78,-7.03,-0.96,0.00,-0.00,-0.00
-7397,0.56,0,-0.00,636,3,29102,09_43_07_14_01_2025,-6.79,-7.03,-0.96,0.00,-0.00,-0.00
-7630,0.58,0,-0.00,636,3,29193,09_43_08_14_01_2025,-6.78,-7.03,-0.95,0.00,-0.00,0.00
-7491,0.57,0,-0.00,636,3,29236,09_43_08_14_01_2025,-6.77,-7.03,-0.96,0.00,-0.00,-0.00
-7467,0.57,0,-0.00,635,3,29299,09_43_08_14_01_2025,-6.79,-7.03,-0.96,0.00,-0.00,-0.00
-7458,0.56,0,-0.00,636,3,29389,09_43_08_14_01_2025,-6.79,-7.04,-0.94,0.00,-0.00,-0.00
-7445,0.56,0,-0.00,636,3,29431,09_43_08_14_01_2025,-6.79,-7.03,-0.96,0.00,-0.00,-0.00
-7510,0.57,0,-0.00,636,3,29495,09_43_08_14_01_2025,-6.78,-7.03,-0.95,0.00,-0.00,0.00
-7381,0.56,0,-0.00,636,3,29585,09_43_08_14_01_2025,-6.78,-7.02,-0.96,0.00,-0.00,-0.00
-7432,0.56,0,-0.00,636,3,29626,09_43_08_14_01_2025,-6.79,-7.06,-0.95,0.00,-0.00,0.00
-7326,0.56,0,-0.00,637,3,29691,09_43_08_14_01_2025,-6.77,-7.01,-0.95,0.00,-0.00,0.00
-7621,0.58,0,-0.00,636,3,29732,09_43_08_14_01_2025,-6.77,-7.06,-0.95,0.00,-0.00,-0.00
-7405,0.56,0,-0.00,637,3,29797,09_43_08_14_01_2025,-6.79,-7.04,-0.94,0.00,-0.00,-0.00
-7236,0.55,0,-0.00,636,3,29887,09_43_08_14_01_2025,-6.78,-7.03,-0.96,0.00,-0.00,-0.00
-7307,0.55,0,-0.00,636,3,29931,09_43_08_14_01_2025,-6.79,-7.03,-0.95,0.00,-0.00,-0.00
-7354,0.56,0,-0.00,636,3,29994,09_43_08_14_01_2025,-6.79,-7.04,-0.95,0.00,-0.00,-0.00
-7415,0.56,0,-0.00,636,3,30085,09_43_08_14_01_2025,-6.78,-7.03,-0.96,0.00,-0.00,-0.00
-7417,0.56,0,-0.00,636,3,30125,09_43_09_14_01_2025,-6.79,-7.03,-0.95,0.00,-0.00,0.00
-7373,0.56,0,-0.00,636,3,30190,09_43_09_14_01_2025,-6.78,-7.04,-0.96,0.00,-0.00,0.00
-7436,0.56,0,-0.00,635,3,30280,09_43_09_14_01_2025,-6.80,-7.03,-0.96,0.00,-0.00,0.00
-7190,0.54,0,-0.00,636,3,30324,09_43_09_14_01_2025,-6.78,-7.02,-0.96,0.00,-0.00,-0.00
-7552,0.57,0,-0.00,636,3,30387,09_43_09_14_01_2025,-6.79,-7.05,-0.96,0.00,-0.01,-0.00
-7405,0.56,0,-0.00,636,3,30476,09_43_09_14_01_2025,-6.78,-7.02,-0.96,0.00,-0.01,-0.00
-7342,0.56,0,-0.00,636,3,30517,09_43_09_14_01_2025,-6.78,-7.03,-0.96,0.00,-0.00,0.00
-7356,0.56,0,-0.00,636,3,30582,09_43_09_14_01_2025,-6.78,-7.03,-0.95,0.00,-0.00,-0.00
-7467,0.57,0,-0.00,636,3,30673,09_43_09_14_01_2025,-6.78,-7.04,-0.96,0.00,-0.00,-0.00
-7449,0.56,0,-0.00,636,3,30716,09_43_09_14_01_2025,-6.79,-7.00,-0.98,0.01,-0.00,-0.00
-7367,0.56,0,-0.00,636,3,30779,09_43_09_14_01_2025,-6.80,-7.03,-0.95,0.00,-0.00,-0.00
-7340,0.56,0,-0.00,636,3,30870,09_43_09_14_01_2025,-6.77,-7.02,-0.97,0.01,-0.00,-0.01
-7276,0.55,0,-0.00,637,3,30910,09_43_09_14_01_2025,-6.78,-7.03,-0.95,0.00,-0.01,-0.00
-7496,0.57,0,-0.00,636,3,30976,09_43_09_14_01_2025,-6.78,-7.03,-0.95,0.00,-0.00,-0.00
-7526,0.57,0,-0.00,635,3,31018,09_43_09_14_01_2025,-6.79,-7.02,-0.96,0.00,-0.00,-0.00
-7518,0.57,0,-0.00,636,3,31082,09_43_09_14_01_2025,-6.79,-7.07,-0.95,0.01,-0.01,0.00
-7436,0.56,0,-0.00,636,3,31172,09_43_10_14_01_2025,-6.77,-7.05,-0.94,0.00,-0.00,-0.00
-7265,0.55,0,-0.00,636,3,31212,09_43_10_14_01_2025,-6.77,-7.05,-0.97,0.00,-0.00,-0.00
-7410,0.56,0,-0.00,636,3,31278,09_43_10_14_01_2025,-6.79,-7.04,-0.95,0.00,-0.00,-0.00
-7444,0.56,0,-0.00,637,3,31368,09_43_10_14_01_2025,-6.76,-7.05,-0.94,0.01,-0.00,-0.00
-7441,0.56,0,-0.00,636,3,31409,09_43_10_14_01_2025,-6.78,-7.04,-0.95,0.00,-0.00,-0.00
-7190,0.54,0,-0.00,636,3,31474,09_43_10_14_01_2025,-6.79,-7.03,-0.96,0.00,-0.00,-0.00
-7374,0.56,0,-0.00,636,3,31564,09_43_10_14_01_2025,-6.77,-7.04,-0.96,0.00,-0.00,-0.00
-7629,0.58,0,-0.00,637,3,31604,09_43_10_14_01_2025,-6.78,-7.03,-0.96,0.00,-0.00,-0.00
-7470,0.57,0,-0.00,636,3,31670,09_43_10_14_01_2025,-6.80,-7.02,-0.96,0.00,-0.00,0.00
-7450,0.56,0,-0.00,636,3,31761,09_43_10_14_01_2025,-6.78,-7.03,-0.95,0.00,-0.00,-0.00
-7243,0.55,0,-0.00,636,3,31802,09_43_10_14_01_2025,-6.79,-7.00,-0.95,0.00,-0.00,-0.00
-7268,0.55,0,-0.00,636,3,31867,09_43_10_14_01_2025,-6.80,-7.02,-0.95,0.00,-0.01,-0.00
-7443,0.56,0,-0.00,637,3,31957,09_43_10_14_01_2025,-6.80,-7.04,-0.98,0.00,-0.00,0.00
-7339,0.56,0,-0.00,636,3,31997,09_43_10_14_01_2025,-6.77,-7.03,-0.97,0.00,-0.00,-0.01
-7318,0.55,0,-0.00,636,3,32064,09_43_10_14_01_2025,-6.77,-7.02,-0.97,0.00,-0.00,-0.00
-7471,0.57,0,-0.00,636,3,32154,09_43_10_14_01_2025,-6.80,-7.03,-0.97,0.00,-0.00,0.00
-7500,0.57,0,-0.00,636,3,32194,09_43_11_14_01_2025,-6.80,-7.04,-0.95,0.00,-0.00,-0.00
-7489,0.57,0,-0.00,636,3,32259,09_43_11_14_01_2025,-6.80,-7.04,-0.95,0.00,-0.00,-0.00
-7419,0.56,0,-0.00,636,3,32299,09_43_11_14_01_2025,-6.78,-7.06,-0.94,0.00,-0.00,-0.00
-7439,0.56,0,-0.00,636,3,32367,09_43_11_14_01_2025,-6.78,-7.03,-0.94,0.00,-0.00,-0.00
-7441,0.56,0,-0.00,636,3,32456,09_43_11_14_01_2025,-6.77,-7.03,-0.95,0.00,-0.00,-0.00
-7460,0.57,0,-0.00,635,3,32496,09_43_11_14_01_2025,-6.81,-7.03,-0.94,0.00,-0.00,-0.00
-7484,0.57,0,-0.00,636,3,32562,09_43_11_14_01_2025,-6.80,-7.00,-0.96,0.00,-0.00,-0.00
-7298,0.55,0,-0.00,636,3,32652,09_43_11_14_01_2025,-6.77,-7.04,-0.98,0.00,-0.00,-0.00
-7482,0.57,0,-0.00,636,3,32693,09_43_11_14_01_2025,-6.80,-7.02,-0.96,0.00,-0.00,-0.00
-7438,0.56,0,-0.00,636,3,32759,09_43_11_14_01_2025,-6.80,-7.01,-0.96,0.00,-0.00,0.00
-7487,0.57,0,-0.00,637,3,32848,09_43_11_14_01_2025,-6.77,-7.03,-0.96,0.00,-0.00,0.00
-7531,0.57,0,-0.00,636,3,32890,09_43_11_14_01_2025,-6.79,-7.03,-0.95,0.00,-0.00,-0.00
-7361,0.56,0,-0.00,636,3,32955,09_43_11_14_01_2025,-6.78,-7.03,-0.97,0.00,-0.00,0.00
-7468,0.57,0,-0.00,637,3,33046,09_43_11_14_01_2025,-6.76,-7.02,-0.96,0.00,-0.00,-0.00
-7512,0.57,0,-0.00,636,3,33086,09_43_11_14_01_2025,-6.79,-7.04,-0.95,0.00,-0.00,-0.00
-7449,0.56,0,-0.00,636,3,33151,09_43_12_14_01_2025,-6.79,-7.02,-0.94,0.00,-0.00,-0.00
-7482,0.57,0,-0.00,636,3,33241,09_43_12_14_01_2025,-6.75,-7.03,-0.94,0.01,-0.00,-0.00
-7357,0.56,0,-0.00,636,3,33281,09_43_12_14_01_2025,-6.80,-7.03,-0.97,0.00,-0.00,-0.00
-7281,0.55,0,-0.00,636,3,33347,09_43_12_14_01_2025,-6.81,-7.03,-0.98,0.00,-0.00,-0.00
-7499,0.57,0,-0.00,637,3,33438,09_43_12_14_01_2025,-6.78,-7.04,-0.96,0.00,-0.00,-0.00
-7381,0.56,0,-0.00,636,3,33479,09_43_12_14_01_2025,-6.78,-7.03,-0.96,0.00,-0.00,0.00
-7223,0.55,0,-0.00,636,3,33544,09_43_12_14_01_2025,-6.81,-7.05,-0.97,0.00,-0.00,-0.00
-7477,0.57,0,-0.00,636,3,33584,09_43_12_14_01_2025,-6.80,-7.02,-0.96,0.00,-0.00,-0.00
-7477,0.57,0,-0.00,637,3,33650,09_43_12_14_01_2025,-6.78,-7.04,-0.95,0.00,-0.00,-0.00
-7397,0.56,0,-0.00,636,3,33740,09_43_12_14_01_2025,-6.77,-7.02,-0.93,0.01,-0.00,0.00
-7516,0.57,0,-0.00,636,3,33781,09_43_12_14_01_2025,-6.75,-7.05,-0.93,0.01,-0.00,-0.00
-7313,0.55,0,-0.00,636,3,33846,09_43_12_14_01_2025,-6.75,-7.03,-0.95,0.01,0.00,-0.00
-7398,0.56,0,-0.00,636,3,33936,09_43_12_14_01_2025,-6.76,-7.01,-0.96,0.00,-0.00,-0.00
-7490,0.57,0,-0.00,636,3,33976,09_43_12_14_01_2025,-6.79,-7.03,-0.96,0.00,-0.00,-0.00
-7454,0.56,0,-0.00,636,3,34044,09_43_12_14_01_2025,-6.81,-7.02,-0.95,0.00,-0.00,0.00
-7606,0.58,0,-0.00,636,3,34134,09_43_12_14_01_2025,-6.77,-7.05,-0.93,0.00,-0.00,-0.00
-7192,0.54,0,-0.00,636,3,34175,09_43_13_14_01_2025,-6.80,-7.02,-0.98,0.00,-0.00,0.00
-7181,0.54,0,-0.00,637,3,34240,09_43_13_14_01_2025,-6.75,-7.09,-0.97,0.00,-0.00,0.00
-7133,0.54,0,-0.00,637,3,34329,09_43_13_14_01_2025,-6.79,-7.03,-0.95,0.01,-0.00,-0.01
-7438,0.56,0,-0.00,637,3,34369,09_43_13_14_01_2025,-6.80,-7.01,-0.95,0.00,-0.00,-0.00
-7408,0.56,0,-0.00,636,3,34437,09_43_13_14_01_2025,-6.78,-7.03,-0.94,0.00,-0.00,0.00
-7393,0.56,0,-0.00,637,3,34526,09_43_13_14_01_2025,-6.80,-7.02,-0.96,0.00,-0.00,-0.00
-7541,0.57,0,-0.00,636,3,34567,09_43_13_14_01_2025,-6.82,-7.04,-0.97,0.00,-0.01,0.00
-7316,0.55,0,-0.00,637,3,34632,09_43_13_14_01_2025,-6.80,-7.02,-0.96,0.00,-0.00,0.00
-7460,0.57,0,-0.00,636,3,34723,09_43_13_14_01_2025,-6.79,-7.02,-0.96,0.00,-0.01,-0.00
-7465,0.57,0,-0.00,637,3,34766,09_43_13_14_01_2025,-6.78,-7.03,-0.95,0.00,-0.00,-0.00
-7383,0.56,0,-0.00,636,3,34829,09_43_13_14_01_2025,-6.78,-7.03,-0.96,0.00,-0.00,-0.00
-7485,0.57,0,-0.00,636,3,34872,09_43_13_14_01_2025,-6.77,-7.04,-0.97,0.00,-0.00,-0.00
-7493,0.57,0,-0.00,636,3,34935,09_43_13_14_01_2025,-6.78,-7.02,-0.94,0.00,-0.00,-0.00
-7479,0.57,0,-0.00,637,3,35025,09_43_13_14_01_2025,-6.78,-7.03,-0.98,0.00,-0.01,-0.00
-7359,0.56,0,-0.00,636,3,35065,09_43_13_14_01_2025,-6.80,-7.04,-0.98,0.00,-0.00,-0.00
-7282,0.55,0,-0.00,636,3,35131,09_43_13_14_01_2025,-6.78,-7.03,-0.95,0.00,-0.00,-0.00
-7273,0.55,0,-0.00,637,3,35221,09_43_14_14_01_2025,-6.79,-7.03,-0.95,0.00,-0.00,-0.00
-7489,0.57,0,-0.00,636,3,35264,09_43_14_14_01_2025,-6.81,-7.03,-0.96,0.01,-0.00,-0.00
-7376,0.56,0,-0.00,636,3,35327,09_43_14_14_01_2025,-6.79,-7.05,-0.94,0.01,-0.00,-0.00
-7590,0.57,0,-0.00,636,3,35417,09_43_14_14_01_2025,-6.79,-7.03,-0.96,0.00,-0.01,-0.00
-7225,0.55,0,-0.00,636,3,35458,09_43_14_14_01_2025,-6.80,-7.03,-0.97,0.00,-0.00,-0.00
-7469,0.57,0,-0.00,636,3,35524,09_43_14_14_01_2025,-6.79,-7.05,-0.98,0.00,-0.00,-0.00
-7248,0.55,0,-0.00,636,3,35614,09_43_14_14_01_2025,-6.80,-7.02,-0.96,0.00,-0.00,-0.00
-7462,0.57,0,-0.00,637,3,35657,09_43_14_14_01_2025,-6.80,-7.03,-0.96,0.00,-0.00,-0.00
-7395,0.56,0,-0.00,637,3,35720,09_43_14_14_01_2025,-6.79,-7.03,-0.97,0.00,-0.00,0.00
-7287,0.55,0,-0.00,637,3,35810,09_43_14_14_01_2025,-6.79,-7.03,-0.95,0.00,-0.00,-0.00
-7542,0.57,0,-0.00,637,3,35851,09_43_14_14_01_2025,-6.80,-7.00,-0.97,0.00,-0.00,0.00
-7350,0.56,0,-0.00,636,3,35917,09_43_14_14_01_2025,-6.78,-7.03,-0.95,0.00,-0.00,0.00
-7439,0.56,0,-0.00,636,3,36007,09_43_14_14_01_2025,-6.80,-7.01,-0.96,0.00,-0.00,0.00
-7432,0.56,0,-0.00,637,3,36050,09_43_14_14_01_2025,-6.79,-7.03,-0.95,0.00,-0.00,0.00
-7294,0.55,0,-0.00,637,3,36112,09_43_14_14_01_2025,-6.79,-7.02,-0.96,0.00,-0.00,-0.00
-7539,0.57,0,-0.00,637,3,36153,09_43_15_14_01_2025,-6.79,-7.03,-0.95,0.00,-0.00,-0.00
-7391,0.56,0,-0.00,636,3,36220,09_43_15_14_01_2025,-6.79,-7.05,-0.96,0.00,-0.01,-0.00
-7539,0.57,0,-0.00,636,3,36310,09_43_15_14_01_2025,-6.80,-7.04,-0.96,0.00,-0.01,-0.00
-7437,0.56,0,-0.00,637,3,36349,09_43_15_14_01_2025,-6.76,-6.99,-0.98,0.00,-0.01,-0.00
-7369,0.56,0,-0.00,636,3,36416,09_43_15_14_01_2025,-6.78,-7.05,-0.94,0.00,-0.00,0.00
-7398,0.56,0,-0.00,636,3,36507,09_43_15_14_01_2025,-6.81,-7.02,-0.96,0.00,-0.00,0.00
-7372,0.56,0,-0.00,636,3,36547,09_43_15_14_01_2025,-6.80,-7.04,-0.95,0.00,-0.00,0.00
-7492,0.57,0,-0.00,636,3,36611,09_43_15_14_01_2025,-6.79,-7.06,-0.93,0.00,-0.00,0.00
-7415,0.56,0,-0.00,637,3,36702,09_43_15_14_01_2025,-6.78,-7.02,-0.97,0.00,-0.00,0.00
-7580,0.57,0,-0.00,636,3,36742,09_43_15_14_01_2025,-6.78,-7.03,-0.95,0.00,-0.00,-0.00
-7421,0.56,0,-0.00,637,3,36809,09_43_15_14_01_2025,-6.80,-7.03,-0.98,0.00,-0.00,-0.00
-7356,0.56,0,-0.00,637,3,36898,09_43_15_14_01_2025,-6.78,-7.01,-0.97,0.01,-0.00,-0.00
-7254,0.55,0,-0.00,636,3,36939,09_43_15_14_01_2025,-6.78,-7.02,-0.95,0.00,-0.00,-0.00
-7573,0.57,0,-0.00,636,3,37004,09_43_15_14_01_2025,-6.79,-7.04,-0.94,0.00,-0.00,-0.00
-7368,0.56,0,-0.00,637,3,37095,09_43_15_14_01_2025,-6.79,-7.03,-0.95,0.00,-0.00,-0.00
-7453,0.56,0,-0.00,636,3,37138,09_43_16_14_01_2025,-6.80,-7.03,-0.95,0.00,-0.01,-0.00
-7421,0.56,0,-0.00,636,3,37201,09_43_16_14_01_2025,-6.79,-7.03,-0.96,0.00,-0.00,0.00
-7449,0.56,0,-0.00,636,3,37292,09_43_16_14_01_2025,-6.81,-7.03,-0.96,0.01,-0.00,-0.00
-7377,0.56,0,-0.00,636,3,37332,09_43_16_14_01_2025,-6.79,-7.03,-0.95,0.00,-0.00,-0.00
-7338,0.56,0,-0.00,637,3,37397,09_43_16_14_01_2025,-6.79,-7.03,-0.95,0.00,-0.00,-0.00
-7454,0.56,0,-0.00,636,3,37438,09_43_16_14_01_2025,-6.78,-7.03,-0.97,0.00,-0.00,-0.00
-7354,0.56,0,-0.00,636,3,37504,09_43_16_14_01_2025,-6.78,-7.04,-0.95,0.00,-0.01,-0.00
-7479,0.57,0,-0.00,637,3,37594,09_43_16_14_01_2025,-6.78,-7.04,-0.95,0.00,-0.00,-0.00
-7290,0.55,0,-0.00,636,3,37634,09_43_16_14_01_2025,-6.78,-7.02,-0.96,0.00,-0.00,-0.00
-7321,0.55,0,-0.00,637,3,37700,09_43_16_14_01_2025,-6.78,-7.03,-0.95,0.00,-0.00,-0.00
-7637,0.58,0,-0.00,636,3,37790,09_43_16_14_01_2025,-6.78,-7.04,-0.96,0.00,-0.00,0.00
-7632,0.58,0,-0.00,637,3,37830,09_43_16_14_01_2025,-6.79,-7.03,-0.96,0.00,-0.00,-0.00
-7371,0.56,0,-0.00,637,3,37898,09_43_16_14_01_2025,-6.79,-7.04,-0.95,0.00,-0.00,-0.00
-7416,0.56,0,-0.00,634,3,37986,09_43_16_14_01_2025,-6.78,-7.01,-0.95,0.00,-0.00,0.00
-7350,0.56,0,-0.00,636,3,38025,09_43_16_14_01_2025,-6.78,-7.03,-0.94,0.00,-0.00,0.00
-7535,0.57,0,-0.00,636,3,38093,09_43_16_14_01_2025,-6.79,-7.02,-0.96,0.00,-0.00,-0.00
-7397,0.56,0,-0.00,637,3,38183,09_43_17_14_01_2025,-6.78,-7.03,-0.96,0.00,-0.00,-0.00
-7278,0.55,0,-0.00,637,3,38224,09_43_17_14_01_2025,-6.79,-7.03,-0.96,0.00,-0.00,-0.00
-7479,0.57,0,-0.00,637,3,38289,09_43_17_14_01_2025,-6.79,-7.02,-0.96,0.00,-0.00,-0.00
-7483,0.57,0,-0.00,637,3,38379,09_43_17_14_01_2025,-6.79,-7.03,-0.95,0.00,-0.00,-0.00
-7544,0.57,0,-0.00,636,3,38419,09_43_17_14_01_2025,-6.79,-7.02,-0.95,0.00,-0.00,-0.00
-7521,0.57,0,-0.00,636,3,38485,09_43_17_14_01_2025,-6.79,-7.03,-0.95,0.00,-0.00,-0.00
-7406,0.56,0,-0.00,637,3,38576,09_43_17_14_01_2025,-6.78,-7.03,-0.96,0.00,-0.00,-0.00
-7310,0.55,0,-0.00,637,3,38617,09_43_17_14_01_2025,-6.78,-7.03,-0.95,0.00,-0.00,-0.00
-7478,0.57,0,-0.00,636,3,38681,09_43_17_14_01_2025,-6.79,-7.03,-0.96,0.00,-0.00,-0.00
-7252,0.55,0,-0.00,636,3,38721,09_43_17_14_01_2025,-6.79,-7.02,-0.96,0.00,-0.00,-0.00
-7286,0.55,0,-0.00,637,3,38788,09_43_17_14_01_2025,-6.79,-7.05,-0.95,0.00,-0.01,0.00
-7541,0.57,0,-0.00,636,3,38879,09_43_17_14_01_2025,-6.79,-7.03,-0.95,0.00,-0.00,0.00
-7301,0.55,0,-0.00,637,3,38920,09_43_17_14_01_2025,-6.79,-7.03,-0.96,0.00,-0.00,-0.00
-7224,0.55,0,-0.00,636,3,38984,09_43_17_14_01_2025,-6.79,-7.04,-0.95,0.00,-0.00,-0.00
-7321,0.55,0,-0.00,637,3,39074,09_43_17_14_01_2025,-6.79,-7.03,-0.95,0.00,-0.00,-0.00
-7419,0.56,0,-0.00,635,3,39114,09_43_17_14_01_2025,-6.78,-7.02,-0.95,0.00,-0.00,-0.00
-7401,0.56,0,-0.00,637,3,39181,09_43_18_14_01_2025,-6.79,-7.03,-0.95,0.00,-0.00,0.00
-7459,0.57,0,-0.00,637,3,39271,09_43_18_14_01_2025,-6.78,-7.03,-0.96,0.00,-0.00,-0.00
-7498,0.57,0,-0.00,637,3,39312,09_43_18_14_01_2025,-6.81,-7.02,-0.96,0.00,-0.00,-0.00
-7185,0.54,0,-0.00,636,3,39377,09_43_18_14_01_2025,-6.80,-7.02,-0.96,0.00,-0.00,-0.00
-7322,0.55,0,-0.00,637,3,39468,09_43_18_14_01_2025,-6.78,-7.04,-0.96,0.00,-0.00,-0.00
-7436,0.56,0,-0.00,636,3,39507,09_43_18_14_01_2025,-6.79,-7.04,-0.95,0.00,-0.00,-0.00
-7563,0.57,0,-0.00,636,3,39574,09_43_18_14_01_2025,-6.80,-7.02,-0.95,0.00,-0.00,0.00
-7449,0.56,0,-0.00,637,3,39664,09_43_18_14_01_2025,-6.79,-7.03,-0.95,0.00,-0.00,-0.00
-7461,0.57,0,-0.00,636,3,39704,09_43_18_14_01_2025,-6.78,-7.03,-0.96,0.00,-0.00,-0.00
-7389,0.56,0,-0.00,637,3,39770,09_43_18_14_01_2025,-6.79,-7.02,-0.96,0.00,-0.00,0.00
-7314,0.55,0,-0.00,637,3,39861,09_43_18_14_01_2025,-6.77,-7.03,-0.95,0.00,-0.00,-0.00
-7444,0.56,0,-0.00,636,3,39902,09_43_18_14_01_2025,-6.79,-7.02,-0.96,0.00,-0.00,-0.00
-7261,0.55,0,-0.00,637,3,39967,09_43_18_14_01_2025,-6.80,-7.03,-0.96,0.00,-0.00,0.00
-7332,0.56,0,-0.00,636,3,40006,09_43_18_14_01_2025,-6.78,-7.02,-0.95,0.00,-0.00,-0.00
-7354,0.56,0,-0.00,637,3,40072,09_43_18_14_01_2025,-6.81,-7.03,-0.96,0.00,-0.00,-0.00
-7468,0.57,0,-0.00,637,3,40163,09_43_18_14_01_2025,-6.78,-7.04,-0.95,0.00,-0.00,-0.00
-7422,0.56,0,-0.00,636,3,40206,09_43_19_14_01_2025,-6.79,-7.04,-0.95,0.00,-0.00,-0.00
-7499,0.57,0,-0.00,636,3,40270,09_43_19_14_01_2025,-6.79,-7.03,-0.95,0.00,-0.00,0.00
-7309,0.55,0,-0.00,636,3,40359,09_43_19_14_01_2025,-6.79,-7.03,-0.96,0.00,-0.00,-0.00
-7600,0.58,0,-0.00,636,3,40400,09_43_19_14_01_2025,-6.79,-7.03,-0.96,0.00,-0.00,0.00
-7580,0.57,0,-0.00,636,3,40465,09_43_19_14_01_2025,-6.78,-7.04,-0.95,0.00,-0.00,-0.00
-7293,0.55,0,-0.00,637,3,40556,09_43_19_14_01_2025,-6.79,-7.02,-0.96,0.00,-0.01,-0.00
-7360,0.56,0,-0.00,636,3,40599,09_43_19_14_01_2025,-6.77,-7.02,-0.96,0.00,-0.01,-0.00
-7523,0.57,0,-0.00,636,3,40662,09_43_19_14_01_2025,-6.78,-7.04,-0.96,0.00,-0.00,-0.00
-7315,0.55,0,-0.00,636,3,40751,09_43_19_14_01_2025,-6.79,-7.03,-0.96,0.00,-0.00,-0.00
-7393,0.56,0,-0.00,636,3,40792,09_43_19_14_01_2025,-6.78,-7.03,-0.96,0.00,-0.00,-0.00
-7503,0.57,0,-0.00,636,3,40858,09_43_19_14_01_2025,-6.80,-7.03,-0.96,0.00,-0.00,-0.00
-7284,0.55,0,-0.00,637,3,40948,09_43_19_14_01_2025,-6.79,-7.02,-0.96,0.00,-0.00,-0.00
-7365,0.56,0,-0.00,634,3,40989,09_43_19_14_01_2025,-6.79,-7.02,-0.96,0.00,-0.00,-0.00
-7238,0.55,0,-0.00,637,3,41054,09_43_19_14_01_2025,-6.79,-7.03,-0.94,0.00,-0.00,-0.00
-7335,0.56,0,-0.00,636,3,41146,09_43_19_14_01_2025,-6.79,-7.02,-0.95,0.00,-0.00,-0.00
-7370,0.56,0,-0.00,637,3,41185,09_43_20_14_01_2025,-6.79,-7.02,-0.96,0.00,-0.00,-0.00
-7355,0.56,0,-0.00,636,3,41251,09_43_20_14_01_2025,-6.78,-7.03,-0.97,0.00,-0.00,-0.00
-7269,0.55,0,-0.00,637,3,41295,09_43_20_14_01_2025,-6.80,-7.03,-0.96,0.00,-0.00,-0.00
-7500,0.57,0,-0.00,637,3,41357,09_43_20_14_01_2025,-6.79,-7.03,-0.96,0.00,-0.00,-0.00
-7496,0.57,0,-0.00,637,3,41447,09_43_20_14_01_2025,-6.80,-7.03,-0.95,0.00,-0.00,0.00
-7552,0.57,0,-0.00,636,3,41487,09_43_20_14_01_2025,-6.80,-7.03,-0.95,0.00,-0.00,0.00
-7287,0.55,0,-0.00,637,3,41554,09_43_20_14_01_2025,-6.78,-7.03,-0.96,0.00,-0.00,0.00
-7304,0.55,0,-0.00,636,3,41644,09_43_20_14_01_2025,-6.80,-7.02,-0.96,0.00,-0.00,-0.00
-7652,0.58,0,-0.00,636,3,41687,09_43_20_14_01_2025,-6.80,-7.02,-0.95,0.00,-0.00,0.00
-7539,0.57,0,-0.00,636,3,41750,09_43_20_14_01_2025,-6.79,-7.02,-0.96,0.00,-0.00,-0.00
-7419,0.56,0,-0.00,636,3,41840,09_43_20_14_01_2025,-6.80,-7.03,-0.96,0.00,-0.00,-0.00
-7498,0.57,0,-0.00,637,3,41881,09_43_20_14_01_2025,-6.80,-7.03,-0.96,0.00,-0.00,-0.00
-7393,0.56,0,-0.00,636,3,41947,09_43_20_14_01_2025,-6.79,-7.03,-0.96,0.00,-0.00,-0.00
-7428,0.56,0,-0.00,636,3,42036,09_43_20_14_01_2025,-6.79,-7.03,-0.96,0.00,-0.00,0.00
-7300,0.55,0,-0.00,635,3,42079,09_43_20_14_01_2025,-6.79,-7.03,-0.95,0.00,-0.00,-0.00
-7431,0.56,0,-0.00,637,3,42143,09_43_20_14_01_2025,-6.80,-7.03,-0.96,0.00,-0.00,-0.00
-7443,0.56,0,-0.00,636,3,42233,09_43_21_14_01_2025,-6.79,-7.04,-0.95,0.00,-0.00,-0.00
-7273,0.55,0,-0.00,636,3,42274,09_43_21_14_01_2025,-6.80,-7.02,-0.96,0.00,-0.00,0.00
-7416,0.56,0,-0.00,637,3,42340,09_43_21_14_01_2025,-6.79,-7.02,-0.95,0.00,-0.00,-0.00
-7457,0.56,0,-0.00,636,3,42431,09_43_21_14_01_2025,-6.79,-7.02,-0.96,0.00,-0.00,-0.00
-7287,0.55,0,-0.00,636,3,42474,09_43_21_14_01_2025,-6.79,-7.03,-0.95,0.00,-0.00,-0.00
-7310,0.55,0,-0.00,637,3,42535,09_43_21_14_01_2025,-6.79,-7.02,-0.96,0.00,-0.00,-0.00
-7308,0.55,0,-0.00,636,3,42615,09_43_21_14_01_2025,-6.78,-7.03,-0.95,0.00,-0.00,-0.00
-7310,0.55,0,-0.00,636,3,42655,09_43_21_14_01_2025,-6.79,-7.03,-0.96,0.00,-0.00,-0.00
-7282,0.55,0,-0.00,637,3,42732,09_43_21_14_01_2025,-6.79,-7.03,-0.95,0.00,-0.00,0.00
-7452,0.56,0,-0.00,637,3,42811,09_43_21_14_01_2025,-6.79,-7.02,-0.95,0.00,-0.00,-0.00
-7505,0.57,0,-0.00,636,3,42854,09_43_21_14_01_2025,-6.80,-7.03,-0.95,0.00,-0.00,-0.00
-7395,0.56,0,-0.00,637,3,42928,09_43_21_14_01_2025,-6.80,-7.03,-0.95,0.00,-0.00,-0.00
