-11220,3.12,2097151,-156.60,562,2,21889,13_07_36_28_02_2025,8.76,4.14,1.54,0.13,-1.24,0.66
-11061,3.11,524287,-37.45,563,2,22193,13_07_36_28_02_2025,8.76,4.13,1.52,0.00,0.00,-0.00
-11002,3.11,524287,-37.45,563,2,22240,13_07_36_28_02_2025,8.75,4.14,1.52,0.00,0.00,0.00
-11305,3.13,524287,-37.45,562,2,22287,13_07_36_28_02_2025,8.76,4.14,1.51,0.00,0.00,-0.00
-11235,3.12,524287,-37.45,563,2,22334,13_07_37_28_02_2025,8.75,4.14,1.52,0.00,0.00,0.00
-11181,3.12,524287,-37.45,562,2,22381,13_07_37_28_02_2025,8.75,4.13,1.52,0.00,0.00,0.00
-10973,3.10,524287,-37.45,563,2,22431,13_07_37_28_02_2025,8.74,4.13,1.51,0.00,0.00,0.00
-11124,3.12,524287,-37.45,562,2,22477,13_07_37_28_02_2025,8.75,4.13,1.53,0.00,0.00,-0.00
-11352,3.13,524287,-37.45,563,2,22523,13_07_37_28_02_2025,8.75,4.14,1.52,0.00,0.00,-0.00
-11248,3.12,524287,-37.45,562,2,22570,13_07_37_28_02_2025,8.76,4.14,1.52,0.00,0.00,0.00
-11118,3.12,524287,-37.45,562,2,22617,13_07_37_28_02_2025,8.75,4.15,1.53,-0.00,0.00,0.00
-10941,3.10,524287,-37.45,563,2,22663,13_07_37_28_02_2025,8.75,4.13,1.52,0.00,0.00,0.00
-11099,3.11,524287,-37.45,562,2,22720,13_07_37_28_02_2025,8.75,4.14,1.53,0.00,0.00,-0.00
-11196,3.12,524287,-37.45,562,2,22769,13_07_37_28_02_2025,8.74,4.14,1.52,0.00,0.00,0.00
-10994,3.11,524287,-37.45,562,2,22818,13_07_37_28_02_2025,8.75,4.13,1.53,0.00,0.00,0.00
-11144,3.12,524287,-37.45,562,2,22869,13_07_37_28_02_2025,8.75,4.13,1.53,0.00,0.00,0.00
-11105,3.11,524287,-37.45,563,2,22918,13_07_37_28_02_2025,8.75,4.14,1.52,0.00,0.00,0.00
-11102,3.11,524287,-37.45,563,2,22966,13_07_37_28_02_2025,8.74,4.14,1.52,0.00,0.00,-0.00
-11087,3.11,524287,-37.45,563,2,23018,13_07_37_28_02_2025,8.75,4.14,1.53,0.00,0.00,0.00
-11226,3.12,524287,-37.45,563,2,23067,13_07_37_28_02_2025,8.75,4.14,1.52,0.00,0.00,0.00
-11128,3.12,524287,-37.45,562,2,23116,13_07_37_28_02_2025,8.75,4.14,1.52,0.00,0.00,0.00
-11113,3.11,524287,-37.45,562,2,23164,13_07_37_28_02_2025,8.75,4.14,1.53,-0.00,0.00,0.00
-11331,3.13,524287,-37.45,563,2,23214,13_07_37_28_02_2025,8.75,4.14,1.52,-0.00,0.00,-0.00
-11121,3.12,524287,-37.45,562,2,23275,13_07_37_28_02_2025,8.75,4.13,1.53,-0.00,0.00,0.00
-11139,3.12,524287,-37.45,563,2,23325,13_07_38_28_02_2025,8.75,4.14,1.52,0.00,0.00,0.00
-11279,3.13,524287,-37.45,562,2,23373,13_07_38_28_02_2025,8.75,4.14,1.54,0.00,0.00,-0.00
-11344,3.13,524287,-37.45,562,2,23422,13_07_38_28_02_2025,8.75,4.14,1.53,0.00,0.00,0.00
-11189,3.12,524287,-37.45,563,2,23471,13_07_38_28_02_2025,8.76,4.15,1.51,0.00,0.00,0.00
-11108,3.11,524287,-37.45,562,2,23520,13_07_38_28_02_2025,8.76,4.14,1.53,0.00,0.00,-0.00
-11282,3.13,524287,-37.45,563,2,23572,13_07_38_28_02_2025,8.75,4.14,1.52,0.00,0.00,-0.00
-11123,3.12,524287,-37.45,563,2,23620,13_07_38_28_02_2025,8.76,4.15,1.53,0.00,0.00,0.00
-11183,3.12,524287,-37.45,563,2,23669,13_07_38_28_02_2025,8.75,4.14,1.54,0.00,0.00,-0.00
-11199,3.12,524287,-37.45,562,2,23719,13_07_38_28_02_2025,8.75,4.13,1.53,0.00,0.00,0.00
-11161,3.12,524287,-37.45,562,2,23767,13_07_38_28_02_2025,8.75,4.14,1.54,0.00,0.00,-0.00
-11212,3.12,524287,-37.45,562,2,23816,13_07_38_28_02_2025,8.75,4.14,1.53,0.00,0.00,0.00
-11214,3.12,524287,-37.45,563,2,23876,13_07_38_28_02_2025,8.74,4.14,1.52,0.00,0.00,0.00
-11146,3.12,524287,-37.45,563,2,23925,13_07_38_28_02_2025,8.75,4.14,1.53,0.00,0.00,0.00
-11101,3.11,524287,-37.45,563,2,23974,13_07_38_28_02_2025,8.75,4.14,1.53,0.00,0.00,-0.00
-11225,3.12,524287,-37.45,563,2,24023,13_07_38_28_02_2025,8.76,4.13,1.53,0.00,0.00,0.00
-11126,3.12,524287,-37.45,563,2,24072,13_07_38_28_02_2025,8.75,4.14,1.53,0.00,0.00,0.00
-11334,3.13,524287,-37.45,563,2,24121,13_07_38_28_02_2025,8.74,4.14,1.53,0.00,0.00,-0.00
-11027,3.11,524287,-37.45,562,2,24173,13_07_38_28_02_2025,8.75,4.13,1.53,0.00,0.00,-0.00
-11015,3.11,524287,-37.45,562,2,24224,13_07_38_28_02_2025,8.75,4.14,1.53,0.00,0.00,-0.00
-11143,3.12,524287,-37.45,562,2,24273,13_07_38_28_02_2025,8.75,4.14,1.53,0.00,0.00,0.00
-11061,3.11,524287,-37.45,563,2,24322,13_07_39_28_02_2025,8.75,4.14,1.53,0.00,0.00,0.00
-11208,3.12,524287,-37.45,562,2,24371,13_07_39_28_02_2025,8.76,4.14,1.53,0.00,0.00,-0.00
-11171,3.12,524287,-37.45,562,2,24430,13_07_39_28_02_2025,8.75,4.14,1.53,0.00,0.00,-0.00
-11288,3.13,524287,-37.45,562,2,24480,13_07_39_28_02_2025,8.75,4.13,1.52,0.00,0.00,-0.00
-10928,3.10,524287,-37.45,563,2,24529,13_07_39_28_02_2025,8.75,4.14,1.53,0.00,0.00,0.00
-11144,3.12,524287,-37.45,562,2,24584,13_07_39_28_02_2025,8.75,4.14,1.53,0.00,0.00,-0.00
-11215,3.12,524287,-37.45,563,2,24633,13_07_39_28_02_2025,8.76,4.14,1.53,0.00,0.00,0.00
-11199,3.12,524287,-37.45,562,2,24682,13_07_39_28_02_2025,8.74,4.13,1.53,0.00,0.00,-0.00
-11000,3.11,524287,-37.45,563,2,24734,13_07_39_28_02_2025,8.74,4.14,1.53,0.00,0.00,-0.00
-11101,3.11,524287,-37.45,562,2,24783,13_07_39_28_02_2025,8.76,4.14,1.53,0.00,0.00,-0.00
-11097,3.11,524287,-37.45,563,2,24833,13_07_39_28_02_2025,8.74,4.14,1.54,0.00,0.00,0.00
-11315,3.13,524287,-37.45,562,2,24882,13_07_39_28_02_2025,8.75,4.14,1.53,0.00,0.00,-0.00
-11067,3.11,524287,-37.45,563,2,24930,13_07_39_28_02_2025,8.74,4.13,1.53,0.00,0.00,-0.00
-10961,3.10,524287,-37.45,562,2,24980,13_07_39_28_02_2025,8.74,4.13,1.54,0.00,0.00,0.00
-11118,3.12,524287,-37.45,562,2,25041,13_07_39_28_02_2025,8.74,4.15,1.53,0.00,0.00,-0.00
-11220,3.12,524287,-37.45,562,2,25089,13_07_39_28_02_2025,8.77,4.15,1.53,0.00,0.00,0.00
-11169,3.12,524287,-37.45,562,2,25139,13_07_39_28_02_2025,8.75,4.14,1.54,-0.00,0.00,-0.00
-11207,3.12,524287,-37.45,563,2,25197,13_07_39_28_02_2025,8.74,4.15,1.53,0.00,0.00,-0.00
-11214,3.12,524287,-37.45,562,2,25246,13_07_39_28_02_2025,8.76,4.13,1.53,0.00,0.00,0.00
-11318,3.13,524287,-37.45,562,2,25297,13_07_39_28_02_2025,8.75,4.14,1.53,0.00,0.00,0.00
-10988,3.11,524287,-37.45,562,2,25347,13_07_40_28_02_2025,8.75,4.13,1.53,0.00,0.00,0.00
-11111,3.11,524287,-37.45,562,2,25396,13_07_40_28_02_2025,8.76,4.14,1.53,0.00,0.00,0.00
-11103,3.11,524287,-37.45,562,2,25445,13_07_40_28_02_2025,8.75,4.14,1.55,0.00,0.00,-0.00
-11028,3.11,524287,-37.45,562,2,25494,13_07_40_28_02_2025,8.75,4.14,1.53,0.00,0.00,0.00
-11145,3.12,524287,-37.45,562,2,25543,13_07_40_28_02_2025,8.75,4.14,1.53,0.00,0.00,0.00
-11129,3.12,524287,-37.45,563,2,25607,13_07_40_28_02_2025,8.75,4.14,1.55,0.00,0.00,0.00
-11158,3.12,524287,-37.45,562,2,25656,13_07_40_28_02_2025,8.75,4.13,1.54,0.00,0.00,0.00
-11481,3.14,524287,-37.45,563,2,25705,13_07_40_28_02_2025,8.75,4.13,1.53,0.00,0.00,0.00
-10936,3.10,524287,-37.45,563,2,25754,13_07_40_28_02_2025,8.76,4.13,1.53,0.00,0.00,0.00
-11285,3.13,524287,-37.45,562,2,25803,13_07_40_28_02_2025,8.75,4.13,1.53,0.00,0.00,-0.00
-11214,3.12,524287,-37.45,563,2,25853,13_07_40_28_02_2025,8.76,4.14,1.54,0.00,0.01,0.00
-11382,3.13,524287,-37.45,562,2,25905,13_07_40_28_02_2025,8.74,4.14,1.53,-0.00,0.00,-0.00
-11327,3.13,524287,-37.45,563,2,25954,13_07_40_28_02_2025,8.75,4.14,1.53,0.00,0.00,0.00
-11307,3.13,524287,-37.45,562,2,26003,13_07_40_28_02_2025,8.75,4.13,1.54,0.00,0.00,0.00
-11348,3.13,524287,-37.45,563,2,26052,13_07_40_28_02_2025,8.74,4.13,1.54,0.00,0.00,0.00
-11334,3.13,524287,-37.45,563,2,26101,13_07_40_28_02_2025,8.75,4.13,1.53,0.00,0.00,-0.00
-11314,3.13,524287,-37.45,563,2,26151,13_07_40_28_02_2025,8.74,4.13,1.54,0.00,0.00,-0.00
-11242,3.12,524287,-37.45,563,2,26211,13_07_40_28_02_2025,8.74,4.14,1.53,0.00,0.01,0.00
-11072,3.11,524287,-37.45,563,2,26260,13_07_40_28_02_2025,8.75,4.14,1.53,0.00,0.00,-0.00
-11125,3.12,524287,-37.45,562,2,26310,13_07_40_28_02_2025,8.76,4.14,1.53,-0.00,0.00,0.00
-11021,3.11,524287,-37.45,562,2,26360,13_07_41_28_02_2025,8.75,4.15,1.54,-0.00,0.00,-0.00
-10982,3.10,524287,-37.45,563,2,26409,13_07_41_28_02_2025,8.75,4.14,1.53,0.00,0.00,-0.00
-11142,3.12,524287,-37.45,562,2,26461,13_07_41_28_02_2025,8.74,4.13,1.54,0.01,-0.00,-0.00
-11195,3.12,524287,-37.45,562,2,26511,13_07_41_28_02_2025,8.77,4.14,1.55,0.01,0.00,0.00
-11161,3.12,524287,-37.45,562,2,26560,13_07_41_28_02_2025,8.76,4.13,1.52,-0.00,0.00,-0.00
-11125,3.12,524287,-37.45,563,2,26610,13_07_41_28_02_2025,8.75,4.14,1.54,0.00,0.00,-0.00
-11150,3.12,524287,-37.45,563,2,26660,13_07_41_28_02_2025,8.74,4.14,1.54,-0.00,0.00,0.00
-11302,3.13,524287,-37.45,562,2,26708,13_07_41_28_02_2025,8.74,4.14,1.53,0.00,0.00,0.00
-11200,3.12,524287,-37.45,562,2,26768,13_07_41_28_02_2025,8.76,4.14,1.53,-0.01,0.00,-0.00
-11209,3.12,524287,-37.45,562,2,26817,13_07_41_28_02_2025,8.74,4.14,1.53,0.00,0.00,0.00
-11196,3.12,524287,-37.45,562,2,26869,13_07_41_28_02_2025,8.75,4.14,1.54,0.00,0.00,0.00
-11142,3.12,524287,-37.45,562,2,26920,13_07_41_28_02_2025,8.76,4.14,1.53,0.00,0.00,-0.00
-11312,3.13,524287,-37.45,562,2,26970,13_07_41_28_02_2025,8.75,4.14,1.53,-0.00,0.00,0.00
-10975,3.10,524287,-37.45,562,2,27019,13_07_41_28_02_2025,8.75,4.14,1.53,0.00,0.00,-0.00
-11214,3.12,524287,-37.45,563,2,27072,13_07_41_28_02_2025,8.76,4.15,1.53,0.00,0.00,-0.00
-11050,3.11,524287,-37.45,563,2,27120,13_07_41_28_02_2025,8.75,4.14,1.53,-0.00,0.00,0.00
-11230,3.12,524287,-37.45,562,2,27169,13_07_41_28_02_2025,8.75,4.13,1.53,-0.00,0.00,0.00
-11217,3.12,524287,-37.45,563,2,27218,13_07_41_28_02_2025,8.75,4.14,1.54,0.00,0.00,-0.00
-11207,3.12,524287,-37.45,562,2,27267,13_07_41_28_02_2025,8.75,4.14,1.54,0.00,0.00,0.00
-11158,3.12,524287,-37.45,562,2,27327,13_07_42_28_02_2025,8.75,4.15,1.54,0.00,0.00,0.00
-10971,3.10,524287,-37.45,562,2,27377,13_07_42_28_02_2025,8.75,4.14,1.54,-0.00,0.00,-0.00
-11205,3.12,524287,-37.45,562,2,27425,13_07_42_28_02_2025,8.76,4.14,1.52,-0.00,0.00,0.00
-11153,3.12,524287,-37.45,563,2,27475,13_07_42_28_02_2025,8.75,4.15,1.53,0.00,0.00,-0.00
-11206,3.12,524287,-37.45,563,2,27523,13_07_42_28_02_2025,8.75,4.14,1.54,0.00,0.00,-0.00
-10936,3.10,524287,-37.45,562,2,27572,13_07_42_28_02_2025,8.75,4.14,1.53,-0.00,0.00,0.00
-11174,3.12,524287,-37.45,562,2,27625,13_07_42_28_02_2025,8.75,4.13,1.53,-0.00,0.00,0.00
-11124,3.12,524287,-37.45,562,2,27673,13_07_42_28_02_2025,8.75,4.13,1.54,0.00,0.00,-0.00
-10935,3.10,524287,-37.45,562,2,27720,13_07_42_28_02_2025,8.75,4.15,1.54,0.01,0.00,0.00
-11024,3.11,524287,-37.45,562,2,27769,13_07_42_28_02_2025,8.75,4.15,1.54,0.00,0.00,-0.00
-10912,3.10,524287,-37.45,562,2,27818,13_07_42_28_02_2025,8.75,4.14,1.54,-0.00,0.00,-0.00
-11020,3.11,524287,-37.45,562,2,27867,13_07_42_28_02_2025,8.75,4.14,1.53,0.00,0.00,0.00
-10993,3.11,524287,-37.45,563,2,27927,13_07_42_28_02_2025,8.75,4.13,1.53,0.00,0.00,-0.00
-11092,3.11,524287,-37.45,562,2,27977,13_07_42_28_02_2025,8.76,4.14,1.53,0.00,0.00,0.00
-11182,3.12,524287,-37.45,563,2,28026,13_07_42_28_02_2025,8.76,4.15,1.53,0.00,0.00,0.00
-11226,3.12,524287,-37.45,562,2,28075,13_07_42_28_02_2025,8.76,4.15,1.54,0.00,0.00,-0.00
-10940,3.10,524287,-37.45,562,2,28125,13_07_42_28_02_2025,8.75,4.15,1.52,0.01,0.00,-0.00
-11231,3.12,524287,-37.45,562,2,28176,13_07_42_28_02_2025,8.75,4.14,1.53,-0.00,0.00,0.00
-11096,3.11,524287,-37.45,563,2,28229,13_07_42_28_02_2025,8.75,4.13,1.54,-0.00,0.00,-0.00
-11033,3.11,524287,-37.45,562,2,28279,13_07_42_28_02_2025,8.74,4.14,1.54,0.00,0.00,-0.00
-10889,3.10,524287,-37.45,563,2,28328,13_07_43_28_02_2025,8.75,4.14,1.53,0.00,0.00,0.00
-11105,3.11,524287,-37.45,562,2,28378,13_07_43_28_02_2025,8.76,4.14,1.54,0.00,0.00,0.00
-10980,3.10,524287,-37.45,562,2,28428,13_07_43_28_02_2025,8.76,4.14,1.54,0.00,0.00,0.00
-10944,3.10,524287,-37.45,562,2,28490,13_07_43_28_02_2025,8.75,4.15,1.54,0.00,0.00,0.00
-10937,3.10,524287,-37.45,562,2,28538,13_07_43_28_02_2025,8.74,4.12,1.53,0.00,0.00,0.00
-11262,3.13,524287,-37.45,562,2,28588,13_07_43_28_02_2025,8.76,4.14,1.54,-0.00,0.00,0.00
-10975,3.10,524287,-37.45,562,2,28637,13_07_43_28_02_2025,8.75,4.12,1.53,-0.00,0.00,-0.00
-11321,3.13,524287,-37.45,562,2,28686,13_07_43_28_02_2025,8.76,4.16,1.54,0.00,0.00,0.00
-10923,3.10,524287,-37.45,562,2,28735,13_07_43_28_02_2025,8.75,4.13,1.52,0.00,0.00,-0.00
-10997,3.11,524287,-37.45,562,2,28788,13_07_43_28_02_2025,8.76,4.16,1.53,0.00,0.00,0.00
-11067,3.11,524287,-37.45,562,2,28837,13_07_43_28_02_2025,8.76,4.14,1.53,0.00,0.00,-0.00
-10996,3.11,524287,-37.45,562,2,28886,13_07_43_28_02_2025,8.75,4.14,1.54,0.00,0.00,0.00
-10997,3.11,524287,-37.45,562,2,28936,13_07_43_28_02_2025,8.75,4.13,1.53,-0.00,0.00,-0.00
-10991,3.11,524287,-37.45,563,2,28985,13_07_43_28_02_2025,8.75,4.14,1.54,0.00,0.00,-0.00
-11001,3.11,524287,-37.45,562,2,29035,13_07_43_28_02_2025,8.76,4.13,1.53,0.00,0.00,0.00
-11048,3.11,524287,-37.45,562,2,29095,13_07_43_28_02_2025,8.75,4.13,1.54,0.00,0.00,-0.00
-11120,3.12,524287,-37.45,563,2,29145,13_07_43_28_02_2025,8.74,4.15,1.53,0.00,0.00,0.00
-10956,3.10,524287,-37.45,562,2,29194,13_07_43_28_02_2025,8.75,4.14,1.54,0.00,0.00,-0.00
-10979,3.10,524287,-37.45,562,2,29243,13_07_43_28_02_2025,8.75,4.14,1.54,-0.00,0.00,0.00
-11134,3.12,524287,-37.45,562,2,29292,13_07_43_28_02_2025,8.75,4.14,1.53,0.00,0.00,-0.00
-10937,3.10,524287,-37.45,562,2,29343,13_07_44_28_02_2025,8.74,4.14,1.53,0.00,0.00,0.00
-11046,3.11,524287,-37.45,562,2,29392,13_07_44_28_02_2025,8.76,4.13,1.53,0.00,0.00,-0.00
-11118,3.12,524287,-37.45,562,2,29441,13_07_44_28_02_2025,8.76,4.15,1.53,0.00,0.00,-0.00
-11109,3.11,524287,-37.45,562,2,29490,13_07_44_28_02_2025,8.74,4.14,1.54,0.00,0.00,0.00
-10751,3.09,524287,-37.45,562,2,29539,13_07_44_28_02_2025,8.72,4.08,1.52,0.00,-0.00,0.00
-10297,3.05,524287,-37.45,562,2,29591,13_07_44_28_02_2025,8.92,4.26,1.54,0.03,0.00,0.01
-10580,3.07,524287,-37.45,563,2,29650,13_07_44_28_02_2025,8.75,4.04,1.47,0.00,-0.00,0.04
-10817,3.09,524287,-37.45,562,2,29700,13_07_44_28_02_2025,8.78,4.20,1.32,0.42,-0.01,-0.00
-9923,3.02,524287,-37.45,563,2,29750,13_07_44_28_02_2025,8.80,4.17,1.40,-0.06,-0.06,0.08
-9155,2.97,524287,-37.45,562,2,29799,13_07_44_28_02_2025,8.30,2.94,2.06,-0.15,-0.01,0.34
-9544,3.00,524287,-37.45,562,2,29849,13_07_44_28_02_2025,8.88,4.47,1.48,-0.56,0.01,-0.41
-11583,3.15,524287,-37.45,562,2,29898,13_07_44_28_02_2025,8.94,4.28,1.29,-0.01,-0.01,-0.16
-10681,3.08,524287,-37.45,562,2,29950,13_07_44_28_02_2025,9.01,4.16,1.43,0.20,0.01,0.25
-10532,3.07,524287,-37.45,563,2,29999,13_07_44_28_02_2025,8.90,4.54,1.38,-0.09,0.02,0.09
-10853,3.09,524287,-37.45,563,2,30049,13_07_44_28_02_2025,8.82,4.27,1.37,0.54,-0.01,0.09
-11075,3.11,524287,-37.45,562,2,30098,13_07_44_28_02_2025,9.13,3.95,1.22,0.42,-0.02,-0.07
-10699,3.08,524287,-37.45,562,2,30148,13_07_44_28_02_2025,8.58,3.80,1.35,0.73,-0.03,0.07
-10941,3.10,524287,-37.45,563,2,30209,13_07_44_28_02_2025,8.92,4.05,1.26,0.46,-0.04,-0.20
-11001,3.11,524287,-37.45,562,2,30259,13_07_44_28_02_2025,8.87,4.06,1.33,-0.45,0.02,-0.09
-11135,3.12,524287,-37.45,562,2,30308,13_07_44_28_02_2025,8.74,3.92,1.55,-0.53,0.12,0.23
-10046,3.03,524287,-37.45,563,2,30358,13_07_45_28_02_2025,8.97,3.29,1.09,-0.67,-0.03,-0.33
-10173,3.04,524287,-37.45,563,2,30408,13_07_45_28_02_2025,8.84,3.14,0.78,-1.18,-0.05,0.10
-11895,3.17,524287,-37.45,563,2,30457,13_07_45_28_02_2025,8.91,3.51,0.70,-0.93,-0.23,0.11
-15181,3.42,524287,-37.45,563,2,30510,13_07_45_28_02_2025,9.04,3.23,1.15,-0.16,-0.32,0.17
-12734,3.24,524287,-37.45,562,2,30559,13_07_45_28_02_2025,9.09,3.32,1.53,1.33,-0.31,0.36
-13068,3.26,524287,-37.45,562,2,30609,13_07_45_28_02_2025,9.13,3.37,1.64,1.40,-0.25,0.38
-14459,3.37,524287,-37.45,562,2,30659,13_07_45_28_02_2025,9.08,4.25,1.57,0.28,-0.14,0.29
-14499,3.37,524287,-37.45,562,2,30709,13_07_45_28_02_2025,9.00,4.79,1.27,-0.71,-0.15,-0.13
-14388,3.36,524287,-37.45,563,2,30757,13_07_45_28_02_2025,8.92,4.77,1.20,-0.48,-0.04,-0.15
-14271,3.35,524287,-37.45,562,2,30817,13_07_45_28_02_2025,9.10,3.93,1.44,0.80,0.23,0.46
-15284,3.43,524287,-37.45,562,2,30869,13_07_45_28_02_2025,9.19,3.78,1.63,0.81,0.25,0.11
-16102,3.49,524287,-37.45,562,2,30919,13_07_45_28_02_2025,9.22,3.54,1.42,-0.70,0.27,-0.29
-17586,3.61,524287,-37.45,563,2,30968,13_07_45_28_02_2025,9.23,3.45,1.23,-1.65,0.26,-0.31
-17750,3.62,524287,-37.45,562,2,31017,13_07_45_28_02_2025,9.20,3.22,1.09,-1.37,0.29,0.06
-16934,3.56,524287,-37.45,562,2,31070,13_07_45_28_02_2025,9.19,2.62,0.91,-0.51,0.20,0.16
-15876,3.48,524287,-37.45,563,2,31119,13_07_45_28_02_2025,9.10,2.59,0.97,0.43,0.02,0.02
-15806,3.47,524287,-37.45,562,2,31168,13_07_45_28_02_2025,9.14,2.65,1.19,0.85,-0.10,0.08
-15148,3.42,524287,-37.45,562,2,31218,13_07_45_28_02_2025,9.19,3.15,1.46,0.79,-0.20,-0.02
-15027,3.41,524287,-37.45,562,2,31267,13_07_45_28_02_2025,9.19,3.40,1.51,0.38,-0.22,-0.02
-15641,3.46,524287,-37.45,562,2,31316,13_07_46_28_02_2025,9.06,3.92,1.52,-0.18,-0.19,0.05
-15342,3.43,524287,-37.45,562,2,31377,13_07_46_28_02_2025,9.06,3.62,1.42,-0.38,-0.16,0.03
-15837,3.47,524287,-37.45,562,2,31427,13_07_46_28_02_2025,9.05,3.84,1.27,-0.36,-0.16,-0.11
-15787,3.47,524287,-37.45,563,2,31475,13_07_46_28_02_2025,9.20,3.98,1.27,-0.12,-0.13,-0.01
-16761,3.54,524287,-37.45,562,2,31525,13_07_46_28_02_2025,9.18,3.74,1.37,-0.14,-0.14,-0.25
-17065,3.57,524287,-37.45,563,2,31575,13_07_46_28_02_2025,9.08,3.46,1.55,0.28,-0.08,-0.04
-18778,3.70,524287,-37.45,563,2,31624,13_07_46_28_02_2025,9.14,3.35,1.81,0.76,0.03,0.11
-18078,3.64,524287,-37.45,563,2,31676,13_07_46_28_02_2025,9.02,2.89,1.89,0.65,0.11,0.11
-18211,3.65,524287,-37.45,563,2,31726,13_07_46_28_02_2025,9.26,2.55,1.73,-0.24,0.22,0.03
-17542,3.60,524287,-37.45,563,2,31775,13_07_46_28_02_2025,9.13,2.53,1.47,-1.25,0.27,0.07
-18309,3.66,524287,-37.45,563,2,31825,13_07_46_28_02_2025,9.18,2.97,1.16,-0.95,0.19,-0.09
-18432,3.67,524287,-37.45,562,2,31873,13_07_46_28_02_2025,9.19,3.21,0.96,-0.31,0.15,0.06
-19358,3.74,524287,-37.45,562,2,31933,13_07_46_28_02_2025,9.15,3.55,1.22,0.69,0.09,0.29
-20029,3.79,524287,-37.45,562,2,31982,13_07_46_28_02_2025,9.18,3.33,1.33,0.70,0.02,0.30
-19132,3.72,524287,-37.45,563,2,32032,13_07_46_28_02_2025,9.22,3.25,1.52,0.18,-0.07,-0.09
-18652,3.69,524287,-37.45,562,2,32081,13_07_46_28_02_2025,9.18,3.66,1.44,-0.23,-0.09,0.03
-18548,3.68,524287,-37.45,563,2,32130,13_07_46_28_02_2025,9.17,3.74,1.28,-0.34,-0.14,-0.06
-20639,3.84,524287,-37.45,563,2,32180,13_07_46_28_02_2025,9.23,3.68,1.22,-0.16,-0.17,-0.17
-21856,3.93,524287,-37.45,562,2,32237,13_07_46_28_02_2025,9.31,3.12,1.38,0.53,-0.16,0.07
-21772,3.92,524287,-37.45,562,2,32287,13_07_46_28_02_2025,9.13,2.79,1.66,0.74,-0.16,-0.01
-22024,3.94,524287,-37.45,562,2,32337,13_07_47_28_02_2025,9.23,2.89,1.71,0.28,-0.10,-0.03
-21293,3.89,524287,-37.45,562,2,32386,13_07_47_28_02_2025,9.17,2.93,1.66,-0.70,-0.01,-0.15
-19250,3.73,524287,-37.45,562,2,32435,13_07_47_28_02_2025,9.15,2.96,1.73,-0.34,0.05,-0.06
-21558,3.91,524287,-37.45,562,2,32485,13_07_47_28_02_2025,9.20,2.57,1.58,0.32,0.12,0.25
-21481,3.90,524287,-37.45,562,2,32546,13_07_47_28_02_2025,9.32,2.61,1.37,-0.09,0.12,-0.01
-20429,3.82,524287,-37.45,562,2,32596,13_07_47_28_02_2025,9.18,3.18,1.21,-0.67,0.11,-0.10
-19162,3.72,524287,-37.45,563,2,32645,13_07_47_28_02_2025,9.21,3.42,1.07,-0.37,0.09,0.00
-18055,3.64,524287,-37.45,562,2,32694,13_07_47_28_02_2025,9.23,3.46,1.12,0.47,0.03,0.15
-18204,3.65,524287,-37.45,562,2,32743,13_07_47_28_02_2025,9.21,3.35,1.25,0.40,0.02,0.22
-16552,3.53,524287,-37.45,562,2,32795,13_07_47_28_02_2025,9.19,3.05,1.31,-0.07,-0.08,-0.07
-15519,3.45,524287,-37.45,562,2,32866,13_07_47_28_02_2025,9.20,3.09,1.47,-0.24,-0.09,-0.11
-13532,3.30,524287,-37.45,562,2,32912,13_07_47_28_02_2025,9.28,2.77,1.69,0.08,-0.01,0.32
-17530,3.60,524287,-37.45,563,2,32974,13_07_47_28_02_2025,9.30,2.92,1.83,-0.24,-0.04,-0.07
-17029,3.56,524287,-37.45,562,2,33067,13_07_47_28_02_2025,9.32,2.65,1.32,-0.85,-0.05,-0.18
-37107,5.08,524287,-37.45,562,2,33160,13_07_47_28_02_2025,9.26,2.81,1.39,0.33,-0.03,0.38
-90929,9.16,524287,-37.45,562,2,33220,13_07_47_28_02_2025,9.29,3.23,1.55,0.07,-0.07,-0.17
-127559,11.94,524287,-37.45,562,2,33271,13_07_47_28_02_2025,9.17,3.36,1.61,0.39,-0.05,0.07
-155353,14.04,524287,-37.45,562,2,33365,13_07_48_28_02_2025,9.23,4.23,1.76,0.31,0.01,-0.17
-205118,17.81,524287,-37.45,562,2,33459,13_07_48_28_02_2025,9.21,3.76,1.57,-0.51,0.05,-0.28
-232521,19.89,524287,-37.45,562,2,33509,13_07_48_28_02_2025,9.10,2.97,1.68,0.31,0.20,0.08
-242716,20.66,524287,-37.45,562,2,33571,13_07_48_28_02_2025,9.18,2.63,1.45,-0.69,0.16,-0.26
-242844,20.67,524287,-37.45,562,2,33666,13_07_48_28_02_2025,9.09,2.43,1.29,-0.88,0.12,-0.06
-182520,16.10,524287,-37.45,562,2,33760,13_07_48_28_02_2025,9.15,2.47,1.42,0.83,-0.03,0.26
-182520,16.10,524287,-37.45,563,2,33856,13_07_48_28_02_2025,9.12,3.58,1.58,0.15,-0.12,-0.24
-30930,4.62,524287,-37.45,563,2,33904,13_07_48_28_02_2025,8.88,4.13,1.87,1.04,-0.04,0.02
-17246,3.58,524287,-37.45,562,2,33965,13_07_48_28_02_2025,9.04,3.81,1.71,-0.15,-0.02,0.18
-12919,3.25,524287,-37.45,562,2,34057,13_07_48_28_02_2025,9.13,3.26,1.66,-1.59,0.02,0.03
-12740,3.24,524287,-37.45,563,2,34150,13_07_48_28_02_2025,9.10,2.74,1.29,-0.66,-0.01,-0.07
-12646,3.23,524287,-37.45,562,2,34200,13_07_48_28_02_2025,9.15,2.34,1.58,0.52,-0.09,0.26
-12998,3.26,524287,-37.45,563,2,34261,13_07_48_28_02_2025,9.18,2.45,1.78,0.70,-0.14,0.05
-13398,3.29,524287,-37.45,562,2,34353,13_07_48_28_02_2025,9.22,2.88,1.85,0.30,-0.06,0.21
-13170,3.27,524287,-37.45,562,2,34447,13_07_49_28_02_2025,9.25,3.38,1.74,0.03,0.04,0.14
-13682,3.31,524287,-37.45,563,2,34500,13_07_49_28_02_2025,9.21,3.74,1.68,0.23,0.14,0.06
-13400,3.29,524287,-37.45,562,2,34557,13_07_49_28_02_2025,9.22,3.74,1.60,-0.10,0.14,0.01
-12978,3.26,524287,-37.45,562,2,34649,13_07_49_28_02_2025,9.28,3.42,1.49,-0.67,0.13,-0.11
-12775,3.24,524287,-37.45,563,2,34743,13_07_49_28_02_2025,9.27,2.82,1.35,-0.26,0.06,-0.13
-13048,3.26,524287,-37.45,563,2,34792,13_07_49_28_02_2025,9.21,2.37,1.52,0.25,-0.08,-0.13
-13652,3.31,524287,-37.45,562,2,34853,13_07_49_28_02_2025,9.19,2.25,1.68,0.16,-0.12,-0.01
-23078,4.02,524287,-37.45,562,2,34945,13_07_49_28_02_2025,9.17,2.40,1.68,-0.08,-0.14,0.04
-74978,7.95,524287,-37.45,563,2,35039,13_07_49_28_02_2025,9.23,2.74,1.64,0.28,-0.09,0.17
-150553,13.68,524287,-37.45,562,2,35089,13_07_49_28_02_2025,9.23,4.03,1.92,0.76,-0.02,-0.05
-186807,16.42,524287,-37.45,562,2,35150,13_07_49_28_02_2025,9.14,4.00,1.77,0.93,0.06,0.15
-217426,18.74,524287,-37.45,562,2,35246,13_07_49_28_02_2025,9.16,4.54,1.58,-0.31,0.02,-0.70
-252173,21.38,524287,-37.45,563,2,35338,13_07_49_28_02_2025,9.14,3.64,1.51,-0.75,0.19,-0.04
-281100,23.57,524287,-37.45,563,2,35434,13_07_50_28_02_2025,9.14,3.03,1.49,-0.45,0.13,-0.29
-302010,25.15,524287,-37.45,562,2,35484,13_07_50_28_02_2025,8.97,2.30,1.73,0.43,0.07,0.15
-308091,25.61,524287,-37.45,562,2,35545,13_07_50_28_02_2025,9.00,2.27,1.72,0.02,0.01,0.11
-297432,24.81,524287,-37.45,563,2,35640,13_07_50_28_02_2025,9.06,2.47,1.60,-0.38,-0.07,0.11
-256723,21.72,524287,-37.45,562,2,35734,13_07_50_28_02_2025,9.18,3.66,1.59,0.71,-0.10,0.36
-138205,12.74,524287,-37.45,563,2,35829,13_07_50_28_02_2025,9.10,3.59,1.59,0.60,-0.10,0.10
-35066,4.93,524287,-37.45,563,2,35881,13_07_50_28_02_2025,9.20,3.26,1.83,-0.72,-0.05,0.61
-22361,3.97,524287,-37.45,562,2,35939,13_07_50_28_02_2025,8.68,2.77,2.17,-0.69,0.03,0.83
-17640,3.61,524287,-37.45,563,2,36031,13_07_50_28_02_2025,9.71,0.54,2.04,-2.45,-0.05,0.41
-11364,3.13,524287,-37.45,562,2,36125,13_07_50_28_02_2025,9.43,1.63,1.77,-0.08,-0.19,-0.52
-11802,3.17,524287,-37.45,562,2,36177,13_07_50_28_02_2025,9.77,2.39,2.27,0.83,0.02,1.03
-10956,3.10,524287,-37.45,562,2,36235,13_07_50_28_02_2025,9.77,2.64,2.33,-0.30,-0.08,0.10
-10032,3.03,524287,-37.45,563,2,36329,13_07_50_28_02_2025,9.81,1.69,2.01,-0.88,-0.08,0.15
-7416,2.83,524287,-37.45,562,2,36421,13_07_51_28_02_2025,9.58,1.31,1.97,-1.11,-0.03,-0.00
-8681,2.93,524287,-37.45,563,2,36471,13_07_51_28_02_2025,9.71,1.14,1.94,-0.52,0.01,0.03
-9112,2.96,524287,-37.45,562,2,36531,13_07_51_28_02_2025,9.50,1.04,1.84,0.84,-0.07,-0.01
-8746,2.94,524287,-37.45,562,2,36624,13_07_51_28_02_2025,9.55,0.94,2.07,0.26,-0.04,0.10
-9001,2.95,524287,-37.45,560,2,36716,13_07_51_28_02_2025,9.62,1.18,2.15,0.01,-0.06,-0.11
-8921,2.95,524287,-37.45,562,2,36766,13_07_51_28_02_2025,9.60,0.92,2.10,-0.06,0.01,0.07
-8811,2.94,524287,-37.45,562,2,36827,13_07_51_28_02_2025,9.52,0.78,2.14,0.04,0.00,0.05
-8896,2.95,524287,-37.45,562,2,36920,13_07_51_28_02_2025,9.66,0.83,2.03,-0.09,-0.00,-0.07
-8885,2.95,524287,-37.45,562,2,37013,13_07_51_28_02_2025,9.57,1.05,2.08,0.12,0.03,0.04
-8495,2.92,524287,-37.45,562,2,37062,13_07_51_28_02_2025,9.60,1.03,2.04,-0.11,0.03,0.02
-8637,2.93,524287,-37.45,562,2,37123,13_07_51_28_02_2025,9.59,1.12,2.00,-0.06,0.03,0.01
-8830,2.94,524287,-37.45,562,2,37217,13_07_51_28_02_2025,9.80,1.07,1.88,0.05,0.00,0.03
-9391,2.98,524287,-37.45,562,2,37309,13_07_51_28_02_2025,9.51,1.07,1.88,0.32,-0.04,0.02
-10188,3.04,524287,-37.45,563,2,37358,13_07_52_28_02_2025,9.66,1.49,2.23,0.70,-0.04,-0.07
-9910,3.02,524287,-37.45,562,2,37419,13_07_52_28_02_2025,9.59,1.61,2.29,0.38,0.02,-0.08
-9970,3.03,524287,-37.45,562,2,37511,13_07_52_28_02_2025,9.78,1.83,2.23,-0.49,0.04,-0.19
-9278,2.98,524287,-37.45,562,2,37606,13_07_52_28_02_2025,9.85,2.03,1.86,-0.18,0.09,-0.33
-9552,3.00,524287,-37.45,562,2,37655,13_07_52_28_02_2025,9.58,1.39,2.12,-0.31,0.12,-0.00
-8752,2.94,524287,-37.45,562,2,37715,13_07_52_28_02_2025,9.40,0.92,2.07,0.40,0.04,-0.17
-9069,2.96,524287,-37.45,562,2,37808,13_07_52_28_02_2025,9.58,0.90,2.12,0.48,0.04,-0.07
-9753,3.01,524287,-37.45,562,2,37902,13_07_52_28_02_2025,9.33,1.26,2.63,-0.26,0.07,-0.04
-9867,3.02,524287,-37.45,562,2,37951,13_07_52_28_02_2025,9.46,2.25,2.30,-0.40,0.10,-0.08
-10010,3.03,524287,-37.45,563,2,38011,13_07_52_28_02_2025,9.44,2.41,2.33,0.17,0.12,0.15
-9812,3.02,524287,-37.45,561,2,38104,13_07_52_28_02_2025,9.34,2.49,2.18,0.01,0.07,-0.22
-9254,2.97,524287,-37.45,562,2,38197,13_07_52_28_02_2025,9.47,1.57,2.45,0.34,0.10,0.30
-10001,3.03,524287,-37.45,562,2,38247,13_07_52_28_02_2025,9.31,1.42,2.39,0.08,-0.01,-0.30
-10624,3.08,524287,-37.45,562,2,38308,13_07_52_28_02_2025,9.35,1.58,2.28,-0.12,0.01,-0.04
-10664,3.08,524287,-37.45,562,2,38400,13_07_53_28_02_2025,9.33,1.58,2.43,-0.16,0.01,0.03
-9649,3.00,524287,-37.45,562,2,38493,13_07_53_28_02_2025,9.41,1.99,2.53,0.24,-0.01,-0.01
-8793,2.94,524287,-37.45,562,2,38543,13_07_53_28_02_2025,9.35,2.15,2.57,-0.62,0.05,0.03
-8540,2.92,524287,-37.45,563,2,38612,13_07_53_28_02_2025,9.35,2.01,2.59,-0.30,0.04,-0.01
-9022,2.96,524287,-37.45,562,2,38696,13_07_53_28_02_2025,9.36,1.84,2.48,0.39,0.03,0.04
-9598,3.00,524287,-37.45,562,2,38789,13_07_53_28_02_2025,9.31,2.98,2.59,0.58,0.01,-0.37
-10834,3.09,524287,-37.45,562,2,38839,13_07_53_28_02_2025,9.38,2.58,2.82,0.62,0.14,0.12
-11477,3.14,524287,-37.45,562,2,38900,13_07_53_28_02_2025,9.11,1.47,2.39,0.27,0.09,0.02
-11331,3.13,524287,-37.45,562,2,38993,13_07_53_28_02_2025,9.36,0.96,2.43,-0.23,0.06,0.26
-11224,3.12,524287,-37.45,562,2,39085,13_07_53_28_02_2025,9.37,2.16,2.32,-0.35,-0.03,-0.45
-11452,3.14,524287,-37.45,562,2,39146,13_07_53_28_02_2025,9.08,3.34,2.52,0.98,0.07,0.11
-11363,3.13,524287,-37.45,562,2,39197,13_07_53_28_02_2025,9.24,3.17,2.79,1.03,0.03,0.17
-11665,3.16,524287,-37.45,562,2,39289,13_07_53_28_02_2025,9.27,2.45,2.67,0.18,0.01,0.15
-11160,3.12,524287,-37.45,562,2,39382,13_07_54_28_02_2025,9.19,1.94,2.37,-0.84,0.02,-0.12
-11571,3.15,524287,-37.45,562,2,39430,13_07_54_28_02_2025,9.25,2.45,2.40,0.39,-0.05,-0.08
-11783,3.17,524287,-37.45,562,2,39491,13_07_54_28_02_2025,9.18,2.57,2.51,0.54,-0.05,0.09
-11772,3.16,524287,-37.45,562,2,39586,13_07_54_28_02_2025,9.21,2.54,2.70,-0.03,-0.03,-0.02
-11898,3.17,524287,-37.45,561,2,39678,13_07_54_28_02_2025,9.13,2.55,2.49,-0.07,-0.00,-0.11
-11673,3.16,524287,-37.45,562,2,39725,13_07_54_28_02_2025,9.15,2.66,2.53,0.02,0.01,-0.08
-12517,3.22,524287,-37.45,562,2,39787,13_07_54_28_02_2025,9.20,3.04,2.53,0.26,-0.01,-0.16
-12338,3.21,524287,-37.45,562,2,39880,13_07_54_28_02_2025,9.15,3.02,2.52,0.10,0.03,-0.15
-12203,3.20,524287,-37.45,562,2,39974,13_07_54_28_02_2025,9.04,2.17,2.30,-0.18,0.07,0.11
-11364,3.13,524287,-37.45,563,2,40025,13_07_54_28_02_2025,9.19,2.45,2.24,-0.07,-0.02,-0.14
-11842,3.17,524287,-37.45,561,2,40084,13_07_54_28_02_2025,9.16,2.71,2.46,0.33,-0.02,0.12
-12307,3.21,524287,-37.45,562,2,40176,13_07_54_28_02_2025,9.04,2.78,2.64,0.18,-0.00,0.03
-12907,3.25,524287,-37.45,562,2,40271,13_07_54_28_02_2025,9.12,2.98,2.54,-0.13,0.05,0.05
-12311,3.21,524287,-37.45,562,2,40320,13_07_55_28_02_2025,9.05,3.05,2.58,0.12,0.09,0.03
-12183,3.20,524287,-37.45,562,2,40380,13_07_55_28_02_2025,9.08,3.09,2.48,0.24,0.06,-0.36
-12351,3.21,524287,-37.45,562,2,40472,13_07_55_28_02_2025,9.00,3.56,2.44,0.10,0.06,-0.23
-12161,3.19,524287,-37.45,563,2,40566,13_07_55_28_02_2025,8.95,3.03,2.41,-0.22,0.02,-0.11
-12217,3.20,524287,-37.45,562,2,40616,13_07_55_28_02_2025,9.01,2.49,2.46,0.06,0.02,0.26
-12039,3.18,524287,-37.45,563,2,40677,13_07_55_28_02_2025,8.90,2.25,2.44,0.29,-0.08,-0.04
-12213,3.20,524287,-37.45,562,2,40768,13_07_55_28_02_2025,9.00,2.61,2.54,0.21,-0.09,-0.09
-12439,3.22,524287,-37.45,562,2,40862,13_07_55_28_02_2025,8.90,3.47,2.80,0.17,-0.01,0.12
-12109,3.19,524287,-37.45,563,2,40912,13_07_55_28_02_2025,8.93,3.67,2.40,-0.33,0.02,-0.12
-11854,3.17,524287,-37.45,562,2,40973,13_07_55_28_02_2025,8.90,3.70,2.34,-0.16,0.04,-0.03
-12123,3.19,524287,-37.45,561,2,41065,13_07_55_28_02_2025,8.97,3.54,2.64,0.79,0.08,0.25
-12238,3.20,524287,-37.45,562,2,41158,13_07_55_28_02_2025,8.94,2.88,2.75,-0.57,0.11,-0.05
-12252,3.20,524287,-37.45,562,2,41211,13_07_55_28_02_2025,9.09,2.22,2.48,-0.44,0.09,0.20
-11601,3.15,524287,-37.45,563,2,41269,13_07_55_28_02_2025,8.95,2.31,2.39,-0.13,0.02,0.08
-11225,3.12,524287,-37.45,562,2,41362,13_07_56_28_02_2025,9.11,2.54,2.35,0.08,-0.06,0.07
-11315,3.13,524287,-37.45,563,2,41455,13_07_56_28_02_2025,9.08,3.03,2.50,0.19,-0.14,0.08
-11766,3.16,524287,-37.45,562,2,41504,13_07_56_28_02_2025,9.09,3.39,2.52,0.05,-0.15,0.02
-11677,3.16,524287,-37.45,562,2,41566,13_07_56_28_02_2025,9.08,3.40,2.65,0.50,-0.10,0.01
-11773,3.16,524287,-37.45,562,2,41658,13_07_56_28_02_2025,9.05,3.34,2.83,0.44,-0.05,-0.05
-11914,3.18,524287,-37.45,562,2,41751,13_07_56_28_02_2025,9.04,2.92,2.74,-0.42,0.09,-0.04
-11986,3.18,524287,-37.45,562,2,41800,13_07_56_28_02_2025,9.09,2.35,2.37,-0.54,0.13,0.04
-12175,3.20,524287,-37.45,562,2,41860,13_07_56_28_02_2025,9.11,2.24,2.22,-0.39,0.11,0.02
-12336,3.21,524287,-37.45,562,2,41954,13_07_56_28_02_2025,9.08,2.44,2.26,0.17,0.03,0.06
-12373,3.21,524287,-37.45,562,2,42048,13_07_56_28_02_2025,9.09,3.03,2.43,0.37,-0.09,-0.22
-12397,3.21,524287,-37.45,562,2,42099,13_07_56_28_02_2025,8.94,3.63,2.78,0.49,-0.01,-0.06
-11627,3.15,524287,-37.45,563,2,42157,13_07_56_28_02_2025,8.94,3.73,2.71,0.31,0.02,-0.13
-12309,3.21,524287,-37.45,562,2,42249,13_07_56_28_02_2025,8.97,3.94,2.59,-0.42,0.01,-0.28
-12366,3.21,524287,-37.45,562,2,42343,13_07_56_28_02_2025,8.96,3.40,2.28,-0.55,-0.01,-0.30
-12289,3.20,524287,-37.45,562,2,42392,13_07_57_28_02_2025,8.85,2.43,2.70,0.77,0.00,0.15
-12494,3.22,524287,-37.45,562,2,42453,13_07_57_28_02_2025,8.78,2.03,2.67,0.78,-0.08,-0.06
-12549,3.22,524287,-37.45,562,2,42546,13_07_57_28_02_2025,8.83,2.72,2.71,-0.36,0.04,-0.19
-12417,3.21,524287,-37.45,563,2,42639,13_07_57_28_02_2025,8.92,3.16,2.76,0.05,0.08,0.33
-11481,3.14,524287,-37.45,562,2,42689,13_07_57_28_02_2025,8.96,3.97,2.38,-0.50,0.08,0.09
-12233,3.20,524287,-37.45,562,2,42750,13_07_57_28_02_2025,8.84,4.05,2.53,0.34,0.11,0.11
-11823,3.17,524287,-37.45,562,2,42841,13_07_57_28_02_2025,8.87,4.43,2.42,0.33,0.06,-0.07
-10913,3.10,524287,-37.45,562,2,42936,13_07_57_28_02_2025,8.98,3.58,2.61,-0.25,0.05,0.20
-12231,3.20,524287,-37.45,562,2,42985,13_07_57_28_02_2025,8.85,2.67,3.27,-0.34,0.13,0.10
-10760,3.09,524287,-37.45,562,2,43046,13_07_57_28_02_2025,8.99,2.34,2.94,-0.83,0.11,-0.33
-11352,3.13,524287,-37.45,562,2,43138,13_07_57_28_02_2025,8.95,2.20,2.40,-0.70,0.04,-0.08
-10966,3.10,524287,-37.45,562,2,43231,13_07_57_28_02_2025,8.86,1.61,2.47,0.39,-0.13,0.49
-10803,3.09,524287,-37.45,562,2,43281,13_07_57_28_02_2025,9.20,2.70,2.69,0.38,-0.30,0.01
-10922,3.10,524287,-37.45,562,2,43341,13_07_58_28_02_2025,9.10,3.74,2.81,0.77,-0.22,0.15
-10738,3.09,524287,-37.45,562,2,43435,13_07_58_28_02_2025,9.04,4.09,2.80,0.63,-0.13,0.15
-10010,3.03,524287,-37.45,562,2,43527,13_07_58_28_02_2025,9.06,3.42,3.14,0.17,0.09,0.11
-9738,3.01,524287,-37.45,562,2,43577,13_07_58_28_02_2025,9.16,3.13,2.93,-0.66,0.23,-0.16
-9672,3.01,524287,-37.45,562,2,43638,13_07_58_28_02_2025,9.12,2.76,2.68,-0.86,0.30,-0.04
-9963,3.03,524287,-37.45,562,2,43731,13_07_58_28_02_2025,9.10,2.13,2.28,-0.95,0.26,-0.16
-9669,3.01,524287,-37.45,562,2,43824,13_07_58_28_02_2025,9.01,1.83,2.17,0.16,-0.03,-0.16
-8825,2.94,524287,-37.45,562,2,43873,13_07_58_28_02_2025,9.07,2.71,2.42,0.55,-0.26,-0.18
-8328,2.90,524287,-37.45,562,2,43933,13_07_58_28_02_2025,9.04,2.73,2.66,0.72,-0.27,0.03
-8556,2.92,524287,-37.45,562,2,44027,13_07_58_28_02_2025,8.98,2.91,3.07,0.73,-0.23,0.07
-10738,3.09,524287,-37.45,562,2,44119,13_07_58_28_02_2025,9.00,2.90,2.93,-0.13,-0.09,-0.00
-13386,3.29,524287,-37.45,562,2,44180,13_07_58_28_02_2025,8.91,3.58,2.86,0.10,0.18,-0.04
-13747,3.31,524287,-37.45,562,2,44229,13_07_58_28_02_2025,9.11,3.42,2.74,-0.22,0.24,-0.16
-12483,3.22,524287,-37.45,562,2,44322,13_07_58_28_02_2025,9.14,3.21,2.63,-0.41,0.29,0.24
-10274,3.05,524287,-37.45,562,2,44416,13_07_59_28_02_2025,8.94,2.89,2.16,-1.50,0.12,-0.54
-9605,3.00,524287,-37.45,562,2,44465,13_07_59_28_02_2025,9.06,1.44,2.00,-0.13,-0.07,0.63
-9871,3.02,524287,-37.45,563,2,44526,13_07_59_28_02_2025,8.99,1.80,2.49,0.18,-0.25,-0.14
-10500,3.07,524287,-37.45,562,2,44618,13_07_59_28_02_2025,9.03,2.86,2.95,1.59,-0.37,-0.02
-10744,3.09,524287,-37.45,562,2,44712,13_07_59_28_02_2025,8.95,3.55,3.29,0.50,-0.16,0.00
-10649,3.08,524287,-37.45,562,2,44762,13_07_59_28_02_2025,9.05,3.05,3.14,-0.65,0.11,0.24
-10409,3.06,524287,-37.45,562,2,44822,13_07_59_28_02_2025,8.97,3.01,2.96,-0.86,0.17,0.00
-9897,3.02,524287,-37.45,562,2,44914,13_07_59_28_02_2025,9.30,2.95,2.51,-0.86,0.16,-0.22
-9710,3.01,524287,-37.45,562,2,45007,13_07_59_28_02_2025,8.99,2.14,2.49,-0.26,0.17,0.36
-9141,2.97,524287,-37.45,562,2,45067,13_07_59_28_02_2025,9.12,2.54,2.62,0.81,-0.08,-0.14
-9113,2.96,524287,-37.45,562,2,45118,13_07_59_28_02_2025,9.07,3.03,2.66,0.16,-0.07,0.06
-9315,2.98,524287,-37.45,562,2,45210,13_07_59_28_02_2025,9.08,3.14,2.71,-0.02,-0.09,-0.11
-10168,3.04,524287,-37.45,561,2,45304,13_07_59_28_02_2025,9.20,3.00,2.74,0.08,-0.07,0.12
-9765,3.01,524287,-37.45,562,2,45354,13_08_00_28_02_2025,9.01,2.58,2.89,-0.03,-0.03,-0.28
-9740,3.01,524287,-37.45,562,2,45415,13_08_00_28_02_2025,9.18,2.59,2.63,-0.46,0.01,-0.06
-9347,2.98,524287,-37.45,562,2,45507,13_08_00_28_02_2025,9.04,2.53,2.87,-0.27,0.07,0.23
-8914,2.95,524287,-37.45,562,2,45600,13_08_00_28_02_2025,9.09,2.56,2.56,0.05,0.05,-0.07
-9045,2.96,524287,-37.45,562,2,45650,13_08_00_28_02_2025,9.01,2.61,2.75,0.29,0.04,0.08
-9406,2.99,524287,-37.45,563,2,45711,13_08_00_28_02_2025,9.13,2.86,2.62,0.14,0.03,-0.05
-9163,2.97,524287,-37.45,562,2,45804,13_08_00_28_02_2025,9.14,2.85,2.53,-0.25,0.02,0.07
-9646,3.00,524287,-37.45,562,2,45896,13_08_00_28_02_2025,9.15,2.69,2.49,0.35,-0.05,0.03
-9483,2.99,524287,-37.45,562,2,45947,13_08_00_28_02_2025,9.23,2.78,2.36,0.72,-0.14,-0.02
-9445,2.99,524287,-37.45,562,2,46007,13_08_00_28_02_2025,9.04,2.59,2.42,1.07,-0.11,0.15
-9630,3.00,524287,-37.45,562,2,46100,13_08_00_28_02_2025,9.10,2.90,2.26,1.20,-0.13,-0.04
-9131,2.96,524287,-37.45,562,2,46193,13_08_00_28_02_2025,9.14,3.03,2.16,0.20,0.00,0.13
-9663,3.00,524287,-37.45,563,2,46242,13_08_00_28_02_2025,8.51,2.38,1.90,-0.43,0.10,0.25
-9418,2.99,524287,-37.45,562,2,46302,13_08_00_28_02_2025,9.10,2.75,1.81,-0.12,0.16,0.24
-9194,2.97,524287,-37.45,562,2,46395,13_08_01_28_02_2025,9.16,3.10,1.74,-0.17,0.07,-0.26
-9280,2.98,524287,-37.45,562,2,46489,13_08_01_28_02_2025,9.20,3.17,1.82,0.03,0.05,0.14
-9657,3.00,524287,-37.45,562,2,46538,13_08_01_28_02_2025,9.25,2.75,1.78,-0.07,-0.03,-0.01
-9542,3.00,524287,-37.45,562,2,46598,13_08_01_28_02_2025,9.22,2.62,1.84,-0.12,-0.03,0.08
-9322,2.98,524287,-37.45,562,2,46691,13_08_01_28_02_2025,9.23,2.64,1.85,0.04,-0.08,-0.11
-9532,2.99,524287,-37.45,562,2,46785,13_08_01_28_02_2025,9.20,2.91,1.96,0.19,-0.06,0.02
-9553,3.00,524287,-37.45,562,2,46834,13_08_01_28_02_2025,9.20,2.98,2.07,0.13,-0.00,-0.01
-9248,2.97,524287,-37.45,562,2,46895,13_08_01_28_02_2025,9.21,2.85,2.08,-0.15,0.05,0.05
-9498,2.99,524287,-37.45,563,2,46987,13_08_01_28_02_2025,9.23,2.69,1.92,-0.28,0.07,-0.03
-9374,2.98,524287,-37.45,562,2,47081,13_08_01_28_02_2025,9.22,2.74,1.79,-0.07,0.06,0.04
-9369,2.98,524287,-37.45,562,2,47133,13_08_01_28_02_2025,9.24,2.95,1.83,0.14,0.02,0.00
-9329,2.98,524287,-37.45,562,2,47191,13_08_01_28_02_2025,9.22,2.98,1.87,0.06,0.00,0.02
-9442,2.99,524287,-37.45,562,2,47283,13_08_01_28_02_2025,9.22,2.90,1.87,-0.08,-0.02,-0.03
-9371,2.98,524287,-37.45,562,2,47376,13_08_02_28_02_2025,9.23,2.73,1.86,-0.06,-0.04,-0.01
-9467,2.99,524287,-37.45,562,2,47426,13_08_02_28_02_2025,9.22,2.76,1.95,0.19,-0.05,-0.00
-9376,2.98,524287,-37.45,563,2,47487,13_08_02_28_02_2025,9.21,2.83,2.03,0.18,-0.03,0.01
-9231,2.97,524287,-37.45,563,2,47579,13_08_02_28_02_2025,9.21,2.90,2.05,-0.02,0.01,-0.00
-9518,2.99,524287,-37.45,562,2,47673,13_08_02_28_02_2025,9.22,2.84,1.95,-0.21,0.05,0.01
-9547,3.00,524287,-37.45,562,2,47723,13_08_02_28_02_2025,9.22,2.76,1.83,-0.05,0.05,0.02
-9406,2.99,524287,-37.45,562,2,47783,13_08_02_28_02_2025,9.22,2.78,1.83,0.06,0.03,0.02
-9244,2.97,524287,-37.45,562,2,47875,13_08_02_28_02_2025,9.22,2.85,1.85,0.07,0.01,0.00
-9344,2.98,524287,-37.45,562,2,47969,13_08_02_28_02_2025,9.23,2.92,1.88,-0.04,-0.02,-0.02
-9278,2.98,524287,-37.45,562,2,48022,13_08_02_28_02_2025,9.22,2.81,1.90,0.00,-0.03,-0.01
-9144,2.97,524287,-37.45,562,2,48080,13_08_02_28_02_2025,9.22,2.74,1.93,0.09,-0.04,-0.01
-9628,3.00,524287,-37.45,563,2,48172,13_08_02_28_02_2025,9.22,2.74,1.98,0.11,-0.03,-0.00
-9393,2.98,524287,-37.45,562,2,48265,13_08_02_28_02_2025,9.21,2.85,2.01,-0.01,0.01,0.00
-9425,2.99,524287,-37.45,562,2,48314,13_08_03_28_02_2025,9.22,2.87,1.93,-0.10,0.04,0.01
-9453,2.99,524287,-37.45,562,2,48376,13_08_03_28_02_2025,9.23,2.82,1.87,-0.06,0.04,0.01
-9271,2.98,524287,-37.45,562,2,48468,13_08_03_28_02_2025,9.23,2.78,1.85,-0.01,0.03,0.01
-9466,2.99,524287,-37.45,562,2,48563,13_08_03_28_02_2025,9.22,2.81,1.86,0.01,0.00,0.00
-9371,2.98,524287,-37.45,562,2,48612,13_08_03_28_02_2025,9.22,2.89,1.89,0.01,-0.02,-0.01
-9519,2.99,524287,-37.45,562,2,48671,13_08_03_28_02_2025,9.22,2.87,1.91,0.03,-0.03,-0.01
-9419,2.99,524287,-37.45,562,2,48764,13_08_03_28_02_2025,9.21,2.82,1.94,0.04,-0.03,-0.01
-9399,2.98,524287,-37.45,562,2,48858,13_08_03_28_02_2025,9.22,2.75,1.97,0.02,-0.01,-0.00
-9465,2.99,524287,-37.45,562,2,48907,13_08_03_28_02_2025,9.21,2.82,1.97,-0.02,0.02,0.00
-9563,3.00,524287,-37.45,562,2,48967,13_08_03_28_02_2025,9.21,2.86,1.95,-0.03,0.03,0.01
-9468,2.99,524287,-37.45,562,2,49060,13_08_03_28_02_2025,9.21,2.87,1.91,-0.03,0.03,0.01
-9290,2.98,524287,-37.45,562,2,49153,13_08_03_28_02_2025,9.22,2.81,1.88,-0.03,0.02,0.01
-9526,2.99,524287,-37.45,562,2,49202,13_08_03_28_02_2025,9.22,2.81,1.85,-0.01,-0.01,-0.00
-9563,3.00,524287,-37.45,563,2,49263,13_08_03_28_02_2025,9.22,2.84,1.87,0.03,-0.02,-0.01
-9266,2.97,524287,-37.45,562,2,49356,13_08_04_28_02_2025,9.22,2.87,1.91,0.06,-0.03,-0.01
-9429,2.99,524287,-37.45,562,2,49450,13_08_04_28_02_2025,9.21,2.83,1.96,0.03,-0.02,-0.01
-9628,3.00,524287,-37.45,562,2,49499,13_08_04_28_02_2025,9.21,2.77,1.97,-0.02,0.00,-0.00
-9350,2.98,524287,-37.45,562,2,49560,13_08_04_28_02_2025,9.20,2.80,1.95,-0.02,0.01,0.00
-9396,2.98,524287,-37.45,562,2,49652,13_08_04_28_02_2025,9.22,2.82,1.94,-0.00,0.02,0.01
-9541,3.00,524287,-37.45,561,2,49746,13_08_04_28_02_2025,9.22,2.85,1.92,-0.00,0.02,0.01
-9426,2.99,524287,-37.45,562,2,49796,13_08_04_28_02_2025,9.22,2.83,1.88,-0.04,0.02,0.00
-9359,2.98,524287,-37.45,562,2,49857,13_08_04_28_02_2025,9.23,2.80,1.87,-0.03,0.00,-0.00
-9469,2.99,524287,-37.45,562,2,49948,13_08_04_28_02_2025,9.22,2.82,1.87,0.02,-0.01,-0.01
-9515,2.99,524287,-37.45,562,2,50042,13_08_04_28_02_2025,9.22,2.83,1.93,0.06,-0.02,-0.00
-9441,2.99,524287,-37.45,562,2,50102,13_08_04_28_02_2025,9.21,2.82,1.96,-0.01,-0.01,-0.00
-9397,2.98,524287,-37.45,561,2,50152,13_08_04_28_02_2025,9.21,2.79,1.95,-0.03,0.00,-0.00
-9357,2.98,524287,-37.45,563,2,50244,13_08_04_28_02_2025,9.21,2.79,1.95,-0.03,0.01,0.00
-9382,2.98,524287,-37.45,562,2,50338,13_08_04_28_02_2025,9.21,2.81,1.91,0.01,0.02,0.01
-9358,2.98,524287,-37.45,562,2,50388,13_08_05_28_02_2025,9.22,2.84,1.91,-0.01,0.02,0.00
-9376,2.98,524287,-37.45,562,2,50448,13_08_05_28_02_2025,9.22,2.85,1.90,-0.03,0.01,0.00
-9538,3.00,524287,-37.45,562,2,50541,13_08_05_28_02_2025,9.23,2.83,1.88,-0.02,0.00,-0.00
-9420,2.99,524287,-37.45,562,2,50634,13_08_05_28_02_2025,9.23,2.80,1.90,0.03,-0.01,-0.00
-9311,2.98,524287,-37.45,562,2,50680,13_08_05_28_02_2025,9.21,2.82,1.95,0.04,-0.01,-0.00
-9457,2.99,524287,-37.45,563,2,50744,13_08_05_28_02_2025,9.21,2.83,1.96,0.02,-0.01,-0.00
-9596,3.00,524287,-37.45,562,2,50837,13_08_05_28_02_2025,9.21,2.82,1.95,-0.01,0.00,-0.00
-9517,2.99,524287,-37.45,562,2,50930,13_08_05_28_02_2025,9.23,2.80,1.94,-0.02,0.01,0.00
-9539,3.00,524287,-37.45,562,2,50990,13_08_05_28_02_2025,9.23,2.81,1.92,-0.00,0.02,0.01
-9511,2.99,524287,-37.45,563,2,51040,13_08_05_28_02_2025,9.22,2.83,1.91,-0.01,0.01,0.00
-9302,2.98,524287,-37.45,562,2,51132,13_08_05_28_02_2025,9.22,2.84,1.90,-0.02,0.01,0.00
-9375,2.98,524287,-37.45,562,2,51227,13_08_05_28_02_2025,9.22,2.83,1.89,-0.00,-0.00,-0.00
-9420,2.99,524287,-37.45,562,2,51276,13_08_05_28_02_2025,9.21,2.80,1.92,0.03,-0.01,-0.00
-9406,2.99,524287,-37.45,563,2,51336,13_08_06_28_02_2025,9.22,2.81,1.93,0.03,-0.01,-0.00
-9489,2.99,524287,-37.45,561,2,51428,13_08_06_28_02_2025,9.22,2.81,1.95,0.01,-0.01,-0.00
-9648,3.00,524287,-37.45,562,2,51523,13_08_06_28_02_2025,9.22,2.82,1.95,-0.01,0.00,0.00
-9650,3.00,524287,-37.45,562,2,51574,13_08_06_28_02_2025,9.22,2.81,1.93,-0.01,0.01,0.00
-9467,2.99,524287,-37.45,562,2,51632,13_08_06_28_02_2025,9.22,2.80,1.92,-0.01,0.02,0.00
-9435,2.99,524287,-37.45,562,2,51725,13_08_06_28_02_2025,9.22,2.82,1.90,-0.01,0.01,0.00
-9568,3.00,524287,-37.45,562,2,51818,13_08_06_28_02_2025,9.21,2.83,1.90,0.00,0.00,-0.00
-9420,2.99,524287,-37.45,562,2,51868,13_08_06_28_02_2025,9.22,2.83,1.91,0.01,-0.01,-0.00
-9431,2.99,524287,-37.45,563,2,51929,13_08_06_28_02_2025,9.22,2.82,1.92,0.02,-0.01,-0.00
-9323,2.98,524287,-37.45,562,2,52021,13_08_06_28_02_2025,9.22,2.81,1.93,0.01,-0.01,-0.00
-9414,2.99,524287,-37.45,562,2,52114,13_08_06_28_02_2025,9.21,2.83,1.94,0.01,-0.00,0.00
-9319,2.98,524287,-37.45,562,2,52164,13_08_06_28_02_2025,9.21,2.83,1.94,-0.00,0.01,0.00
-9426,2.99,524287,-37.45,562,2,52225,13_08_06_28_02_2025,9.21,2.82,1.94,-0.01,0.01,0.00
-9528,2.99,524287,-37.45,563,2,52317,13_08_06_28_02_2025,9.22,2.81,1.92,-0.02,0.01,0.00
-9459,2.99,524287,-37.45,562,2,52411,13_08_07_28_02_2025,9.22,2.82,1.90,-0.01,0.01,0.00
-9403,2.99,524287,-37.45,562,2,52461,13_08_07_28_02_2025,9.22,2.84,1.90,0.01,-0.00,-0.00
-9537,3.00,524287,-37.45,562,2,52522,13_08_07_28_02_2025,9.22,2.83,1.92,0.02,-0.00,-0.00
-9467,2.99,524287,-37.45,562,2,52614,13_08_07_28_02_2025,9.21,2.82,1.93,0.01,-0.01,-0.00
-9655,3.00,524287,-37.45,562,2,52706,13_08_07_28_02_2025,9.22,2.80,1.93,0.00,-0.00,-0.00
-9505,2.99,524287,-37.45,562,2,52755,13_08_07_28_02_2025,9.21,2.80,1.95,0.00,0.00,0.00
-9669,3.01,524287,-37.45,562,2,52817,13_08_07_28_02_2025,9.22,2.82,1.94,0.00,0.01,0.00
-9477,2.99,524287,-37.45,562,2,52910,13_08_07_28_02_2025,9.21,2.82,1.94,-0.01,0.01,0.00
-9434,2.99,524287,-37.45,562,2,53003,13_08_07_28_02_2025,9.21,2.82,1.92,-0.02,0.01,0.00
-9555,3.00,524287,-37.45,562,2,53056,13_08_07_28_02_2025,9.22,2.82,1.91,0.00,0.00,0.00
-9403,2.99,524287,-37.45,562,2,53113,13_08_07_28_02_2025,9.22,2.81,1.91,0.01,0.00,-0.00
-9338,2.98,524287,-37.45,562,2,53207,13_08_07_28_02_2025,9.22,2.82,1.91,0.01,-0.01,-0.00
-9635,3.00,524287,-37.45,562,2,53300,13_08_07_28_02_2025,9.22,2.83,1.94,0.00,-0.00,-0.00
-9711,3.01,524287,-37.45,562,2,53349,13_08_08_28_02_2025,9.22,2.81,1.95,-0.00,0.00,0.00
-9317,2.98,524287,-37.45,562,2,53409,13_08_08_28_02_2025,9.21,2.81,1.94,0.00,0.00,0.00
-9444,2.99,524287,-37.45,562,2,53502,13_08_08_28_02_2025,9.22,2.81,1.94,0.00,0.01,0.00
-9366,2.98,524287,-37.45,562,2,53597,13_08_08_28_02_2025,9.22,2.82,1.92,-0.01,0.01,0.00
-9513,2.99,524287,-37.45,562,2,53645,13_08_08_28_02_2025,9.22,2.81,1.91,-0.01,0.01,0.00
-9524,2.99,524287,-37.45,562,2,53705,13_08_08_28_02_2025,9.23,2.82,1.91,-0.00,0.00,-0.00
-9476,2.99,524287,-37.45,562,2,53798,13_08_08_28_02_2025,9.21,2.81,1.92,0.01,-0.00,-0.00
-9430,2.99,524287,-37.45,562,2,53892,13_08_08_28_02_2025,9.22,2.81,1.92,0.01,-0.01,-0.00
-9331,2.98,524287,-37.45,562,2,53944,13_08_08_28_02_2025,9.22,2.82,1.95,0.00,0.00,-0.00
-9736,3.01,524287,-37.45,562,2,54001,13_08_08_28_02_2025,9.23,2.82,1.94,-0.00,0.00,0.00
-9461,2.99,524287,-37.45,562,2,54094,13_08_08_28_02_2025,9.22,2.81,1.94,-0.00,0.00,0.00
-9535,3.00,524287,-37.45,562,2,54188,13_08_08_28_02_2025,9.21,2.81,1.94,-0.00,0.01,0.00
-9290,2.98,524287,-37.45,562,2,54238,13_08_08_28_02_2025,9.21,2.83,1.92,-0.00,0.01,0.00
-9727,3.01,524287,-37.45,562,2,54298,13_08_08_28_02_2025,9.22,2.82,1.92,-0.00,0.00,0.00
-9431,2.99,524287,-37.45,562,2,54390,13_08_09_28_02_2025,9.22,2.82,1.92,0.00,0.00,-0.00
-9344,2.98,524287,-37.45,562,2,54484,13_08_09_28_02_2025,9.22,2.82,1.92,0.01,-0.00,-0.00
-9551,3.00,524287,-37.45,562,2,54533,13_08_09_28_02_2025,9.22,2.81,1.94,0.01,-0.00,-0.00
-9414,2.99,524287,-37.45,562,2,54594,13_08_09_28_02_2025,9.22,2.81,1.94,0.00,0.00,-0.00
-9612,3.00,524287,-37.45,562,2,54686,13_08_09_28_02_2025,9.21,2.81,1.95,-0.00,0.00,0.00
-9290,2.98,524287,-37.45,561,2,54780,13_08_09_28_02_2025,9.21,2.81,1.93,-0.00,0.01,0.00
-9532,2.99,524287,-37.45,563,2,54829,13_08_09_28_02_2025,9.21,2.81,1.92,-0.01,0.01,0.00
-9497,2.99,524287,-37.45,562,2,54891,13_08_09_28_02_2025,9.23,2.82,1.92,-0.01,0.01,0.00
-9595,3.00,524287,-37.45,562,2,54983,13_08_09_28_02_2025,9.22,2.82,1.92,0.00,0.00,0.00
-9565,3.00,524287,-37.45,561,2,55075,13_08_09_28_02_2025,9.21,2.82,1.92,0.00,-0.00,-0.00
-9386,2.98,524287,-37.45,562,2,55124,13_08_09_28_02_2025,9.22,2.82,1.93,0.01,-0.00,-0.00
-9428,2.99,524287,-37.45,562,2,55186,13_08_09_28_02_2025,9.21,2.82,1.93,0.00,-0.00,-0.00
-9663,3.00,524287,-37.45,561,2,55279,13_08_09_28_02_2025,9.21,2.82,1.94,0.01,0.00,-0.00
-9492,2.99,524287,-37.45,561,2,55372,13_08_10_28_02_2025,9.21,2.82,1.93,-0.00,0.00,0.00
-9695,3.01,524287,-37.45,561,2,55421,13_08_10_28_02_2025,9.21,2.81,1.93,-0.01,0.01,0.00
-9444,2.99,524287,-37.45,562,2,55481,13_08_10_28_02_2025,9.22,2.81,1.93,-0.00,0.01,0.00
-9441,2.99,524287,-37.45,562,2,55575,13_08_10_28_02_2025,9.22,2.82,1.91,-0.00,0.01,-0.00
-9688,3.01,524287,-37.45,561,2,55669,13_08_10_28_02_2025,9.23,2.82,1.91,0.00,0.00,0.00
-9688,3.01,524287,-37.45,562,2,55718,13_08_10_28_02_2025,9.21,2.81,1.93,0.00,-0.00,-0.00
-9499,2.99,524287,-37.45,562,2,55778,13_08_10_28_02_2025,9.22,2.81,1.93,0.00,-0.00,-0.00
-9426,2.99,524287,-37.45,562,2,55871,13_08_10_28_02_2025,9.22,2.81,1.95,0.00,-0.00,-0.00
-9589,3.00,524287,-37.45,563,2,55964,13_08_10_28_02_2025,9.22,2.82,1.94,0.00,0.00,0.00
-9495,2.99,524287,-37.45,562,2,56024,13_08_10_28_02_2025,9.22,2.82,1.93,-0.00,0.01,0.00
-9539,3.00,524287,-37.45,562,2,56074,13_08_10_28_02_2025,9.22,2.81,1.92,-0.00,0.01,0.00
-9608,3.00,524287,-37.45,562,2,56166,13_08_10_28_02_2025,9.22,2.82,1.92,-0.00,0.00,0.00
-9482,2.99,524287,-37.45,562,2,56261,13_08_10_28_02_2025,9.22,2.81,1.92,0.00,0.00,0.00
-9524,2.99,524287,-37.45,562,2,56311,13_08_10_28_02_2025,9.22,2.83,1.93,0.00,0.00,0.00
-9357,2.98,524287,-37.45,562,2,56371,13_08_11_28_02_2025,9.22,2.82,1.93,0.01,-0.00,-0.00
-9489,2.99,524287,-37.45,562,2,56462,13_08_11_28_02_2025,9.21,2.82,1.94,0.00,0.00,-0.00
-9755,3.01,524287,-37.45,562,2,56557,13_08_11_28_02_2025,9.22,2.82,1.95,0.00,0.00,0.00
-9539,3.00,524287,-37.45,562,2,56606,13_08_11_28_02_2025,9.21,2.81,1.93,0.00,0.00,0.00
-9316,2.98,524287,-37.45,562,2,56667,13_08_11_28_02_2025,9.22,2.82,1.93,0.00,0.01,0.00
-9547,3.00,524287,-37.45,563,2,56759,13_08_11_28_02_2025,9.21,2.82,1.94,-0.00,0.01,0.00
-9643,3.00,524287,-37.45,562,2,56852,13_08_11_28_02_2025,9.21,2.81,1.92,-0.00,0.00,0.00
-9412,2.99,524287,-37.45,561,2,56912,13_08_11_28_02_2025,9.22,2.81,1.92,0.00,0.00,-0.00
-9568,3.00,524287,-37.45,562,2,56963,13_08_11_28_02_2025,9.22,2.81,1.92,0.00,-0.00,-0.00
-9749,3.01,524287,-37.45,561,2,57056,13_08_11_28_02_2025,9.21,2.81,1.93,0.00,0.00,-0.00
-9490,2.99,524287,-37.45,562,2,57148,13_08_11_28_02_2025,9.21,2.82,1.93,0.00,-0.00,0.00
-9492,2.99,524287,-37.45,562,2,57198,13_08_11_28_02_2025,9.21,2.82,1.94,0.00,0.00,0.00
-9593,3.00,524287,-37.45,561,2,57259,13_08_11_28_02_2025,9.22,2.81,1.94,-0.00,0.00,0.00
-9372,2.98,524287,-37.45,562,2,57352,13_08_11_28_02_2025,9.22,2.82,1.93,-0.00,0.01,0.00
-9682,3.01,524287,-37.45,562,2,57445,13_08_12_28_02_2025,9.22,2.82,1.93,-0.00,0.00,0.00
-9500,2.99,524287,-37.45,562,2,57493,13_08_12_28_02_2025,9.22,2.81,1.92,0.00,0.00,0.00
-9560,3.00,524287,-37.45,562,2,57555,13_08_12_28_02_2025,9.21,2.82,1.92,0.00,-0.00,-0.00
-9535,3.00,524287,-37.45,561,2,57648,13_08_12_28_02_2025,9.22,2.83,1.93,0.00,-0.00,-0.00
-9750,3.01,524287,-37.45,563,2,57741,13_08_12_28_02_2025,9.21,2.81,1.93,0.00,0.00,-0.00
-9494,2.99,524287,-37.45,562,2,57802,13_08_12_28_02_2025,9.22,2.81,1.93,0.00,0.00,0.00
-9425,2.99,524287,-37.45,562,2,57851,13_08_12_28_02_2025,9.22,2.81,1.93,0.00,0.01,0.00
-9599,3.00,524287,-37.45,563,2,57943,13_08_12_28_02_2025,9.22,2.82,1.94,-0.00,0.01,0.00
-9692,3.01,524287,-37.45,562,2,58038,13_08_12_28_02_2025,9.21,2.81,1.93,-0.00,0.01,0.00
-9650,3.00,524287,-37.45,562,2,58087,13_08_12_28_02_2025,9.21,2.82,1.93,0.00,0.00,0.00
-9657,3.00,524287,-37.45,562,2,58147,13_08_12_28_02_2025,9.22,2.82,1.92,0.00,0.00,-0.00
-9486,2.99,524287,-37.45,562,2,58240,13_08_12_28_02_2025,9.21,2.81,1.93,0.00,0.00,0.00
-9362,2.98,524287,-37.45,561,2,58333,13_08_12_28_02_2025,9.22,2.82,1.92,0.00,0.00,-0.00
-9471,2.99,524287,-37.45,562,2,58383,13_08_13_28_02_2025,9.22,2.82,1.94,0.00,-0.00,-0.00
-9660,3.00,524287,-37.45,563,2,58443,13_08_13_28_02_2025,9.22,2.82,1.93,0.00,0.00,-0.00
-9566,3.00,524287,-37.45,562,2,58536,13_08_13_28_02_2025,9.22,2.82,1.94,0.00,0.00,0.00
-9640,3.00,524287,-37.45,562,2,58630,13_08_13_28_02_2025,9.22,2.81,1.93,-0.00,0.00,0.00
-9583,3.00,524287,-37.45,562,2,58679,13_08_13_28_02_2025,9.22,2.82,1.93,0.00,0.00,0.00
-9594,3.00,524287,-37.45,562,2,58740,13_08_13_28_02_2025,9.22,2.82,1.94,0.00,0.00,0.00
-9640,3.00,524287,-37.45,562,2,58831,13_08_13_28_02_2025,9.22,2.82,1.93,0.00,0.00,0.00
-9417,2.99,524287,-37.45,562,2,58925,13_08_13_28_02_2025,9.22,2.81,1.93,0.00,0.00,-0.00
-9306,2.98,524287,-37.45,562,2,58975,13_08_13_28_02_2025,9.21,2.82,1.93,0.00,0.00,-0.00
-9410,2.99,524287,-37.45,562,2,59035,13_08_13_28_02_2025,9.21,2.81,1.94,0.00,0.00,-0.00
-9479,2.99,524287,-37.45,563,2,59128,13_08_13_28_02_2025,9.22,2.82,1.93,0.00,0.00,0.00
-9477,2.99,524287,-37.45,561,2,59221,13_08_13_28_02_2025,9.22,2.82,1.94,0.00,0.01,0.00
-9642,3.00,524287,-37.45,562,2,59271,13_08_13_28_02_2025,9.22,2.81,1.93,0.00,0.00,0.00
-9560,3.00,524287,-37.45,562,2,59332,13_08_14_28_02_2025,9.22,2.82,1.92,0.00,0.00,0.00
-9531,2.99,524287,-37.45,563,2,59425,13_08_14_28_02_2025,9.21,2.82,1.93,0.00,0.00,-0.00
-9446,2.99,524287,-37.45,562,2,59517,13_08_14_28_02_2025,9.22,2.82,1.93,0.00,0.00,-0.00
-9560,3.00,524287,-37.45,561,2,59567,13_08_14_28_02_2025,9.22,2.82,1.93,0.00,0.00,-0.00
-9394,2.98,524287,-37.45,562,2,59628,13_08_14_28_02_2025,9.22,2.82,1.93,0.00,0.00,-0.00
-9615,3.00,524287,-37.45,562,2,59721,13_08_14_28_02_2025,9.21,2.82,1.93,0.00,0.00,-0.00
-9419,2.99,524287,-37.45,562,2,59814,13_08_14_28_02_2025,9.21,2.82,1.93,0.00,0.00,0.00
-9690,3.01,524287,-37.45,562,2,59865,13_08_14_28_02_2025,9.21,2.81,1.93,-0.00,0.00,0.00
-9449,2.99,524287,-37.45,562,2,59923,13_08_14_28_02_2025,9.20,2.81,1.92,-0.00,0.00,0.00
-9517,2.99,524287,-37.45,562,2,60016,13_08_14_28_02_2025,9.21,2.82,1.93,-0.00,0.00,0.00
-9361,2.98,524287,-37.45,562,2,60111,13_08_14_28_02_2025,9.22,2.82,1.93,0.00,0.00,-0.00
-9652,3.00,524287,-37.45,561,2,60159,13_08_14_28_02_2025,9.22,2.81,1.93,0.00,0.00,-0.00
-9690,3.01,524287,-37.45,562,2,60219,13_08_14_28_02_2025,9.21,2.81,1.92,0.00,0.00,-0.00
-9552,3.00,524287,-37.45,562,2,60312,13_08_14_28_02_2025,9.22,2.82,1.93,0.00,-0.00,-0.00
-9513,2.99,524287,-37.45,562,2,60406,13_08_15_28_02_2025,9.21,2.81,1.93,-0.00,0.00,0.00
-9523,2.99,524287,-37.45,562,2,60455,13_08_15_28_02_2025,9.22,2.81,1.94,0.00,0.00,0.00
-9568,3.00,524287,-37.45,562,2,60516,13_08_15_28_02_2025,9.22,2.81,1.93,0.00,0.00,0.00
-9692,3.01,524287,-37.45,562,2,60608,13_08_15_28_02_2025,9.21,2.81,1.93,0.00,0.00,-0.00
-9485,2.99,524287,-37.45,562,2,60702,13_08_15_28_02_2025,9.21,2.82,1.93,0.00,0.00,-0.00
-9557,3.00,524287,-37.45,562,2,60753,13_08_15_28_02_2025,9.22,2.82,1.93,0.00,0.00,0.00
-9508,2.99,524287,-37.45,562,2,60814,13_08_15_28_02_2025,9.22,2.81,1.94,0.00,0.00,-0.00
-9445,2.99,524287,-37.45,562,2,60904,13_08_15_28_02_2025,9.22,2.81,1.93,0.00,0.00,0.00
-9390,2.98,524287,-37.45,561,2,60998,13_08_15_28_02_2025,9.22,2.82,1.93,0.00,0.00,0.00
-9390,2.98,524287,-37.45,562,2,61048,13_08_15_28_02_2025,9.36,2.86,1.93,-0.00,0.00,-0.00
-10635,3.08,524287,-37.45,562,2,61108,13_08_15_28_02_2025,9.37,2.91,1.95,-0.00,0.00,0.00
-9805,3.02,524287,-37.45,562,2,61200,13_08_15_28_02_2025,9.32,2.83,1.95,-0.01,0.01,-0.01
-9576,3.00,524287,-37.45,562,2,61294,13_08_15_28_02_2025,9.26,2.84,1.97,0.00,0.01,-0.01
-9309,2.98,524287,-37.45,562,2,61347,13_08_16_28_02_2025,9.18,2.71,1.92,-0.03,0.00,-0.00
-8680,2.93,524287,-37.45,562,2,61405,13_08_16_28_02_2025,9.17,2.50,2.14,-0.29,0.03,0.07
-10108,3.04,524287,-37.45,562,2,61497,13_08_16_28_02_2025,9.12,2.47,2.05,-0.37,0.04,0.06
-14604,3.38,524287,-37.45,561,2,61590,13_08_16_28_02_2025,9.24,2.57,2.12,0.02,0.02,0.23
-17831,3.62,524287,-37.45,562,2,61640,13_08_16_28_02_2025,9.03,2.69,2.04,0.23,-0.01,-0.11
-15672,3.46,524287,-37.45,563,2,61701,13_08_16_28_02_2025,9.20,2.79,2.06,0.01,0.04,0.08
-13408,3.29,524287,-37.45,562,2,61793,13_08_16_28_02_2025,9.24,2.35,2.10,-0.39,0.07,0.24
-12551,3.22,524287,-37.45,562,2,61887,13_08_16_28_02_2025,9.41,2.39,2.22,-0.57,0.02,-0.00
-11727,3.16,524287,-37.45,562,2,61936,13_08_16_28_02_2025,9.35,2.74,1.99,-0.22,-0.05,-0.06
-15132,3.42,524287,-37.45,562,2,61996,13_08_16_28_02_2025,9.22,2.64,2.09,0.59,-0.06,0.12
-17297,3.58,524287,-37.45,562,2,62090,13_08_16_28_02_2025,9.24,2.71,2.20,0.26,-0.07,-0.18
-9579,3.00,524287,-37.45,562,2,62183,13_08_16_28_02_2025,9.37,2.22,2.33,-0.08,-0.00,0.02
-9142,2.97,524287,-37.45,562,2,62231,13_08_16_28_02_2025,9.32,2.14,2.07,-0.38,0.00,-0.08
-8801,2.94,524287,-37.45,561,2,62292,13_08_16_28_02_2025,9.31,2.32,2.06,0.02,0.02,0.08
-8649,2.93,524287,-37.45,562,2,62385,13_08_17_28_02_2025,9.32,2.54,2.13,0.39,0.01,-0.01
-10495,3.07,524287,-37.45,562,2,62479,13_08_17_28_02_2025,9.31,2.54,2.19,-0.08,0.05,0.06
-12965,3.25,524287,-37.45,562,2,62528,13_08_17_28_02_2025,9.33,2.31,2.03,-0.39,0.03,-0.04
-13182,3.27,524287,-37.45,562,2,62588,13_08_17_28_02_2025,9.36,2.27,1.87,-0.36,0.01,0.05
-12308,3.21,524287,-37.45,562,2,62681,13_08_17_28_02_2025,9.37,2.18,2.02,0.02,-0.03,0.02
-29165,4.48,524287,-37.45,562,2,62775,13_08_17_28_02_2025,9.24,2.42,2.17,0.45,-0.03,-0.05
-41978,5.45,524287,-37.45,562,2,62835,13_08_17_28_02_2025,9.29,2.49,2.31,-0.15,-0.02,-0.05
-59388,6.77,524287,-37.45,562,2,62884,13_08_17_28_02_2025,9.26,2.39,2.11,-0.31,0.01,-0.01
-77632,8.15,524287,-37.45,561,2,62977,13_08_17_28_02_2025,9.31,2.24,2.06,-0.21,0.02,-0.03
-117058,11.14,524287,-37.45,562,2,63072,13_08_17_28_02_2025,9.32,2.24,2.06,0.10,0.01,0.03
-139950,12.88,524287,-37.45,562,2,63168,13_08_17_28_02_2025,9.26,2.54,2.18,0.20,0.02,-0.02
-154865,14.00,524287,-37.45,562,2,63217,13_08_17_28_02_2025,9.31,2.52,2.10,-0.24,0.04,0.02
-160639,14.44,524287,-37.45,562,2,63279,13_08_17_28_02_2025,9.32,2.33,2.01,-0.26,0.03,-0.03
-160842,14.46,524287,-37.45,562,2,63372,13_08_18_28_02_2025,9.29,2.17,1.95,-0.05,0.00,0.03
-160174,14.41,524287,-37.45,563,2,63468,13_08_18_28_02_2025,9.31,2.36,2.07,0.27,-0.04,-0.01
-156809,14.15,524287,-37.45,562,2,63562,13_08_18_28_02_2025,9.29,2.59,2.23,0.04,-0.02,-0.00
-152668,13.84,524287,-37.45,562,2,63611,13_08_18_28_02_2025,9.30,2.43,2.16,-0.20,0.02,-0.01
-148300,13.51,524287,-37.45,562,2,63673,13_08_18_28_02_2025,9.30,2.31,2.07,-0.15,0.02,0.01
-139894,12.87,524287,-37.45,562,2,63768,13_08_18_28_02_2025,9.32,2.23,2.07,0.08,0.01,0.01
-133885,12.42,524287,-37.45,562,2,63862,13_08_18_28_02_2025,9.31,2.44,2.14,0.12,0.01,0.02
-122435,11.55,524287,-37.45,561,2,63957,13_08_18_28_02_2025,9.30,2.59,2.14,-0.08,0.01,-0.01
-110836,10.67,524287,-37.45,562,2,64006,13_08_18_28_02_2025,9.31,2.39,2.05,-0.05,0.00,-0.00
-105173,10.24,524287,-37.45,561,2,64069,13_08_18_28_02_2025,9.31,2.29,2.04,0.01,-0.01,-0.00
-98887,9.76,524287,-37.45,562,2,64161,13_08_18_28_02_2025,9.31,2.28,2.10,0.09,-0.02,-0.00
-88520,8.98,524287,-37.45,562,2,64254,13_08_18_28_02_2025,9.29,2.48,2.17,0.06,-0.02,-0.01
-76797,8.09,524287,-37.45,561,2,64304,13_08_18_28_02_2025,9.28,2.51,2.17,-0.06,0.01,0.00
-78972,8.26,524287,-37.45,562,2,64364,13_08_19_28_02_2025,9.29,2.40,2.13,-0.08,0.02,0.01
-77217,8.12,524287,-37.45,562,2,64458,13_08_19_28_02_2025,9.30,2.30,2.08,-0.03,0.02,0.01
-53675,6.34,524287,-37.45,562,2,64550,13_08_19_28_02_2025,9.30,2.36,2.10,0.03,0.01,0.00
-19157,3.72,524287,-37.45,562,2,64611,13_08_19_28_02_2025,9.31,2.51,2.12,0.00,0.00,0.00
-11316,3.13,524287,-37.45,562,2,64662,13_08_19_28_02_2025,9.32,2.54,2.13,-0.06,0.00,-0.00
-8170,2.89,524287,-37.45,561,2,64753,13_08_19_28_02_2025,9.28,2.39,2.11,-0.07,-0.00,0.00
-6211,2.74,524287,-37.45,563,2,64847,13_08_19_28_02_2025,9.31,2.33,2.03,0.18,-0.02,-0.01
-5034,2.65,524287,-37.45,562,2,64898,13_08_19_28_02_2025,9.34,2.37,2.12,0.07,-0.01,0.02
-6808,2.79,524287,-37.45,562,2,64956,13_08_19_28_02_2025,9.31,2.55,2.18,0.01,0.00,-0.00
-7611,2.85,524287,-37.45,562,2,65049,13_08_19_28_02_2025,9.32,2.48,2.15,-0.02,0.01,-0.01
-9974,3.03,524287,-37.45,562,2,65142,13_08_19_28_02_2025,9.30,2.49,2.07,-0.08,0.02,0.00
-10187,3.04,524287,-37.45,562,2,65193,13_08_19_28_02_2025,9.29,2.43,2.13,-0.04,0.02,-0.03
-10929,3.10,524287,-37.45,562,2,65252,13_08_19_28_02_2025,9.30,2.53,2.01,-0.00,0.02,-0.06
-12757,3.24,524287,-37.45,562,2,65344,13_08_19_28_02_2025,9.35,2.39,2.13,-0.01,0.02,0.01
-15632,3.46,524287,-37.45,562,2,65438,13_08_20_28_02_2025,9.27,2.30,2.14,0.05,0.01,-0.03
-9923,3.02,524287,-37.45,562,2,65490,13_08_20_28_02_2025,9.38,2.27,2.19,-0.23,-0.01,-0.00
-10387,3.06,524287,-37.45,562,2,65550,13_08_20_28_02_2025,9.37,2.16,2.06,-0.23,-0.01,0.03
-11217,3.12,524287,-37.45,562,2,65641,13_08_20_28_02_2025,9.33,2.34,2.19,0.03,-0.00,0.16
-12263,3.20,524287,-37.45,562,2,65735,13_08_20_28_02_2025,9.36,2.68,2.04,-0.11,-0.05,-0.13
-29905,4.54,524287,-37.45,562,2,65787,13_08_20_28_02_2025,9.33,3.07,2.28,0.09,0.06,-0.15
-49171,6.00,524287,-37.45,562,2,65845,13_08_20_28_02_2025,9.35,2.65,2.07,-0.25,-0.01,-0.27
-94245,9.41,524287,-37.45,562,2,65937,13_08_20_28_02_2025,9.40,2.25,2.02,-0.65,0.08,0.32
-157181,14.18,524287,-37.45,562,2,66032,13_08_20_28_02_2025,9.44,1.63,2.12,0.06,-0.03,-0.30
-230140,19.71,524287,-37.45,562,2,66084,13_08_20_28_02_2025,9.19,2.37,2.39,0.18,-0.04,0.00
-253863,21.50,524287,-37.45,562,2,66144,13_08_20_28_02_2025,9.30,2.72,2.31,0.26,-0.05,-0.14
-302197,25.17,524287,-37.45,562,2,66239,13_08_20_28_02_2025,9.32,2.83,2.36,-0.11,0.04,0.09
-317556,26.33,524287,-37.45,562,2,66332,13_08_20_28_02_2025,9.28,2.44,2.16,-0.24,0.05,-0.13
-322541,26.71,524287,-37.45,562,2,66427,13_08_21_28_02_2025,9.27,2.02,2.09,-0.13,0.05,0.09
-220018,18.94,524287,-37.45,562,2,66479,13_08_21_28_02_2025,9.31,2.27,2.10,0.12,-0.03,-0.09
-142532,13.07,524287,-37.45,562,2,66539,13_08_21_28_02_2025,9.17,2.52,2.31,0.32,-0.02,0.05
-58823,6.73,524287,-37.45,562,2,66631,13_08_21_28_02_2025,9.24,2.82,2.24,-0.10,0.00,-0.06
-12592,3.23,524287,-37.45,562,2,66726,13_08_21_28_02_2025,9.33,2.28,2.28,-0.38,0.01,-0.02
-12877,3.25,524287,-37.45,562,2,66819,13_08_21_28_02_2025,9.18,1.90,2.53,0.02,0.06,-0.13
-9720,3.01,524287,-37.45,562,2,66870,13_08_21_28_02_2025,9.33,2.06,2.42,0.02,-0.02,0.16
-9737,3.01,524287,-37.45,562,2,66928,13_08_21_28_02_2025,9.25,2.23,2.35,-0.07,-0.02,-0.02
-9729,3.01,524287,-37.45,561,2,67021,13_08_21_28_02_2025,9.31,2.34,2.26,0.14,-0.01,0.00
-9935,3.03,524287,-37.45,562,2,67115,13_08_21_28_02_2025,9.26,2.38,2.37,0.09,0.00,-0.00
-10242,3.05,524287,-37.45,563,2,67176,13_08_21_28_02_2025,9.31,2.39,2.26,-0.12,0.01,0.07
-10723,3.09,524287,-37.45,561,2,67231,13_08_21_28_02_2025,9.32,2.23,2.29,-0.10,-0.01,-0.07
-10021,3.03,524287,-37.45,562,2,67317,13_08_21_28_02_2025,9.23,2.41,2.32,0.04,-0.01,-0.01
-9278,2.98,524287,-37.45,562,2,67412,13_08_22_28_02_2025,9.28,2.21,2.17,-0.18,-0.05,0.03
-10437,3.06,524287,-37.45,562,2,67464,13_08_22_28_02_2025,9.24,2.33,2.43,0.30,-0.05,-0.08
-11004,3.11,524287,-37.45,562,2,67521,13_08_22_28_02_2025,9.27,2.59,2.39,0.12,0.01,-0.07
-10919,3.10,524287,-37.45,562,2,67614,13_08_22_28_02_2025,9.41,2.64,2.43,-0.06,0.04,0.13
-10684,3.08,524287,-37.45,562,2,67708,13_08_22_28_02_2025,9.30,2.11,2.41,-0.59,0.04,-0.08
-10769,3.09,524287,-37.45,562,2,67760,13_08_22_28_02_2025,9.27,2.30,2.34,0.18,0.02,-0.26
-9621,3.00,524287,-37.45,562,2,67816,13_08_22_28_02_2025,9.11,2.18,2.29,-0.19,-0.01,-0.12
-9851,3.02,524287,-37.45,562,2,67911,13_08_22_28_02_2025,9.24,1.87,2.48,-1.05,0.02,0.16
-11153,3.12,524287,-37.45,562,2,68004,13_08_22_28_02_2025,9.36,1.99,2.66,0.25,-0.08,-0.19
-11093,3.11,524287,-37.45,562,2,68055,13_08_22_28_02_2025,9.25,2.23,2.84,0.20,-0.04,0.00
-10568,3.07,524287,-37.45,561,2,68112,13_08_22_28_02_2025,9.20,2.19,2.94,-0.15,-0.01,0.02
-10564,3.07,524287,-37.45,562,2,68206,13_08_22_28_02_2025,9.25,2.07,2.83,-0.62,0.03,-0.02
-10255,3.05,524287,-37.45,562,2,68300,13_08_22_28_02_2025,9.28,1.58,2.51,-0.30,0.00,0.09
-10334,3.06,524287,-37.45,562,2,68351,13_08_23_28_02_2025,9.32,1.90,2.60,0.43,-0.06,0.03
-10085,3.04,524287,-37.45,561,2,68409,13_08_23_28_02_2025,9.34,2.27,2.59,0.15,-0.08,-0.02
-10273,3.05,524287,-37.45,562,2,68502,13_08_23_28_02_2025,9.21,2.33,2.96,0.18,0.00,0.14
-10868,3.10,524287,-37.45,562,2,68596,13_08_23_28_02_2025,9.27,2.14,2.54,0.03,-0.00,-0.11
-11588,3.15,524287,-37.45,562,2,68647,13_08_23_28_02_2025,9.06,1.89,2.78,-0.12,0.07,-0.21
-10923,3.10,524287,-37.45,562,2,68705,13_08_23_28_02_2025,9.38,1.90,2.60,-0.53,0.10,-0.16
-10137,3.04,524287,-37.45,562,2,68799,13_08_23_28_02_2025,9.26,1.40,2.48,-0.32,0.10,0.16
-9753,3.01,524287,-37.45,562,2,68892,13_08_23_28_02_2025,9.19,1.69,2.80,0.15,-0.03,-0.22
-9229,2.97,524287,-37.45,561,2,68944,13_08_23_28_02_2025,9.20,2.34,2.76,0.24,-0.00,0.18
-9229,2.97,524287,-37.45,562,2,69001,13_08_23_28_02_2025,9.25,2.00,2.87,-0.25,-0.01,0.09
-9888,3.02,524287,-37.45,561,2,69094,13_08_23_28_02_2025,9.19,1.81,2.64,-0.56,-0.01,0.06
-11252,3.13,524287,-37.45,562,2,69188,13_08_23_28_02_2025,9.40,2.05,2.65,0.13,-0.12,-0.25
-9384,2.98,524287,-37.45,562,2,69245,13_08_23_28_02_2025,9.21,1.60,2.87,0.43,-0.03,0.46
-10403,3.06,524287,-37.45,562,2,69299,13_08_23_28_02_2025,9.19,1.69,3.12,-0.32,0.02,-0.01
-10809,3.09,524287,-37.45,562,2,69391,13_08_24_28_02_2025,9.43,1.73,2.67,-0.48,-0.09,-0.33
-11697,3.16,524287,-37.45,562,2,69484,13_08_24_28_02_2025,9.24,1.85,2.76,0.24,0.00,0.33
-11298,3.13,524287,-37.45,562,2,69537,13_08_24_28_02_2025,9.37,1.90,2.74,0.19,-0.01,-0.03
-11009,3.11,524287,-37.45,562,2,69594,13_08_24_28_02_2025,9.25,1.74,2.88,0.05,0.03,0.15
-10665,3.08,524287,-37.45,562,2,69687,13_08_24_28_02_2025,9.36,1.81,2.89,-0.09,0.01,-0.10
-11116,3.11,524287,-37.45,562,2,69780,13_08_24_28_02_2025,9.36,1.73,2.62,-0.48,0.04,0.01
-10788,3.09,524287,-37.45,562,2,69833,13_08_24_28_02_2025,9.32,1.77,2.75,0.29,0.00,-0.01
-10197,3.05,524287,-37.45,562,2,69891,13_08_24_28_02_2025,9.38,1.83,2.82,0.65,-0.03,-0.09
-10715,3.08,524287,-37.45,562,2,69984,13_08_24_28_02_2025,9.32,2.01,2.84,-0.12,0.04,0.05
-11101,3.11,524287,-37.45,562,2,70076,13_08_24_28_02_2025,9.25,1.75,2.67,-0.29,-0.02,-0.23
-11559,3.15,524287,-37.45,562,2,70128,13_08_24_28_02_2025,9.27,1.69,2.67,0.20,-0.01,0.06
-11924,3.18,524287,-37.45,561,2,70186,13_08_24_28_02_2025,9.29,1.84,2.83,0.23,-0.04,-0.07
-11934,3.18,524287,-37.45,562,2,70280,13_08_24_28_02_2025,9.29,1.93,2.81,0.22,-0.01,-0.01
-12227,3.20,524287,-37.45,562,2,70372,13_08_25_28_02_2025,9.26,1.78,2.66,-0.08,-0.01,-0.06
-12119,3.19,524287,-37.45,562,2,70423,13_08_25_28_02_2025,9.22,1.75,2.66,-0.02,0.03,0.14
-12067,3.19,524287,-37.45,562,2,70486,13_08_25_28_02_2025,9.32,2.00,2.57,0.15,-0.00,-0.13
-12045,3.19,524287,-37.45,562,2,70575,13_08_25_28_02_2025,9.28,1.97,2.53,0.54,-0.03,0.11
-11455,3.14,524287,-37.45,562,2,70669,13_08_25_28_02_2025,9.35,2.05,2.63,0.15,-0.04,-0.02
-10773,3.09,524287,-37.45,562,2,70720,13_08_25_28_02_2025,9.30,1.89,2.52,0.32,-0.02,0.05
-10265,3.05,524287,-37.45,562,2,70777,13_08_25_28_02_2025,9.30,1.87,2.52,0.23,-0.02,-0.01
-10292,3.05,524287,-37.45,562,2,70872,13_08_25_28_02_2025,9.31,1.97,2.55,0.16,-0.00,0.04
-11008,3.11,524287,-37.45,563,2,70965,13_08_25_28_02_2025,9.14,2.58,2.61,0.62,0.04,-0.05
-10415,3.06,524287,-37.45,563,2,71016,13_08_25_28_02_2025,9.19,2.52,2.15,0.53,0.09,-0.06
-10788,3.09,524287,-37.45,562,2,71074,13_08_25_28_02_2025,9.29,2.15,2.00,-0.03,0.06,0.14
-10276,3.05,524287,-37.45,562,2,71167,13_08_25_28_02_2025,9.41,2.09,2.22,-0.42,-0.09,0.11
-10052,3.03,524287,-37.45,562,2,71260,13_08_25_28_02_2025,9.26,1.68,2.10,-0.06,-0.09,0.05
-10109,3.04,524287,-37.45,562,2,71322,13_08_26_28_02_2025,9.40,3.18,2.23,0.26,-0.01,-0.18
-10022,3.03,524287,-37.45,562,2,71375,13_08_26_28_02_2025,9.27,3.40,2.28,0.11,-0.02,0.03
-9967,3.03,524287,-37.45,562,2,71463,13_08_26_28_02_2025,9.31,3.09,2.32,-0.18,0.04,0.07
-9811,3.02,524287,-37.45,562,2,71556,13_08_26_28_02_2025,9.40,1.81,2.04,-0.48,0.06,0.04
-9654,3.00,524287,-37.45,562,2,71610,13_08_26_28_02_2025,9.32,1.36,1.92,-0.15,-0.01,-0.03
-9524,2.99,524287,-37.45,562,2,71667,13_08_26_28_02_2025,9.38,1.81,2.00,0.37,-0.07,-0.07
-10028,3.03,524287,-37.45,562,2,71759,13_08_26_28_02_2025,9.36,2.46,2.23,0.51,-0.05,0.01
-10123,3.04,524287,-37.45,562,2,71853,13_08_26_28_02_2025,9.32,2.85,2.35,0.13,-0.00,-0.02
-10394,3.06,524287,-37.45,562,2,71905,13_08_26_28_02_2025,9.34,2.26,2.17,-0.44,0.06,0.03
-10226,3.05,524287,-37.45,562,2,71963,13_08_26_28_02_2025,9.36,1.83,1.99,-0.42,0.05,0.02
-10222,3.05,524287,-37.45,562,2,72056,13_08_26_28_02_2025,9.36,1.71,1.93,-0.08,0.02,0.01
-10182,3.04,524287,-37.45,562,2,72149,13_08_26_28_02_2025,9.36,2.15,2.12,0.41,-0.04,-0.01
-9949,3.03,524287,-37.45,562,2,72213,13_08_26_28_02_2025,9.34,2.63,2.28,-0.05,-0.00,-0.01
-10108,3.04,524287,-37.45,562,2,72266,13_08_26_28_02_2025,9.35,2.48,2.20,-0.21,0.02,-0.01
-10097,3.04,524287,-37.45,562,2,72353,13_08_27_28_02_2025,9.35,2.22,2.10,-0.27,0.02,-0.00
-9919,3.02,524287,-37.45,561,2,72445,13_08_27_28_02_2025,9.36,1.85,2.04,0.01,-0.00,0.02
-9876,3.02,524287,-37.45,562,2,72498,13_08_27_28_02_2025,9.43,2.08,1.98,0.13,-0.06,0.03
-9983,3.03,524287,-37.45,562,2,72554,13_08_27_28_02_2025,9.70,2.33,2.28,0.43,-0.06,0.13
-9792,3.01,524287,-37.45,562,2,72649,13_08_27_28_02_2025,9.46,2.52,2.32,0.31,-0.08,-0.20
-9761,3.01,524287,-37.45,562,2,72741,13_08_27_28_02_2025,9.33,2.56,2.17,-0.29,0.05,0.12
-9837,3.02,524287,-37.45,562,2,72793,13_08_27_28_02_2025,9.40,2.02,1.92,-0.27,0.03,-0.04
-9941,3.03,524287,-37.45,562,2,72850,13_08_27_28_02_2025,9.38,1.75,1.92,-0.07,0.02,0.09
-9943,3.03,524287,-37.45,562,2,72944,13_08_27_28_02_2025,9.37,1.83,2.01,0.23,-0.03,-0.02
-9934,3.03,524287,-37.45,561,2,73039,13_08_27_28_02_2025,9.36,2.39,2.16,0.15,-0.03,0.02
-9938,3.03,524287,-37.45,562,2,73094,13_08_27_28_02_2025,9.36,2.48,2.17,-0.11,0.00,-0.04
-10079,3.04,524287,-37.45,562,2,73149,13_08_27_28_02_2025,9.37,2.22,2.10,-0.19,0.02,0.03
-9913,3.02,524287,-37.45,562,2,73241,13_08_27_28_02_2025,9.37,1.95,2.05,-0.12,0.02,0.01
-9858,3.02,524287,-37.45,562,2,73334,13_08_27_28_02_2025,9.37,1.92,2.03,0.08,-0.00,0.01
-9863,3.02,524287,-37.45,562,2,73385,13_08_28_28_02_2025,9.37,2.32,2.12,0.11,-0.01,-0.02
-9822,3.02,524287,-37.45,562,2,73443,13_08_28_28_02_2025,9.37,2.45,2.15,0.02,0.00,-0.00
-9984,3.03,524287,-37.45,562,2,73536,13_08_28_28_02_2025,9.37,2.37,2.12,-0.08,0.02,0.01
-9767,3.01,524287,-37.45,562,2,73629,13_08_28_28_02_2025,9.38,2.00,2.03,-0.10,0.01,0.01
-9895,3.02,524287,-37.45,562,2,73682,13_08_28_28_02_2025,9.37,2.01,2.04,0.08,-0.02,-0.01
-9809,3.02,524287,-37.45,562,2,73740,13_08_28_28_02_2025,9.37,2.18,2.09,0.13,-0.02,-0.00
-9839,3.02,524287,-37.45,562,2,73832,13_08_28_28_02_2025,9.36,2.34,2.17,0.09,-0.01,-0.00
-9924,3.02,524287,-37.45,561,2,73926,13_08_28_28_02_2025,9.36,2.29,2.15,-0.07,0.01,0.00
-9924,3.02,524287,-37.45,561,2,73979,13_08_28_28_02_2025,9.37,2.03,2.05,-0.10,0.02,0.00
-9815,3.02,524287,-37.45,561,2,74036,13_08_28_28_02_2025,9.38,2.01,2.04,-0.02,0.01,0.01
-9724,3.01,524287,-37.45,562,2,74128,13_08_28_28_02_2025,9.37,2.12,2.07,0.09,-0.00,0.00
-9882,3.02,524287,-37.45,562,2,74222,13_08_28_28_02_2025,9.36,2.30,2.13,0.05,-0.00,0.00
-9930,3.03,524287,-37.45,562,2,74278,13_08_28_28_02_2025,9.37,2.22,2.10,-0.09,0.01,-0.00
-9949,3.03,524287,-37.45,562,2,74332,13_08_29_28_02_2025,9.37,2.12,2.05,-0.08,0.01,-0.00
-9755,3.01,524287,-37.45,562,2,74424,13_08_29_28_02_2025,9.37,2.05,2.05,-0.01,-0.00,-0.00
-9796,3.01,524287,-37.45,562,2,74518,13_08_29_28_02_2025,9.37,2.15,2.11,0.10,-0.01,0.00
-9784,3.01,524287,-37.45,562,2,74570,13_08_29_28_02_2025,9.37,2.27,2.16,-0.00,0.00,-0.00
-9858,3.02,524287,-37.45,562,2,74628,13_08_29_28_02_2025,9.36,2.24,2.13,-0.06,0.01,0.00
-9942,3.03,524287,-37.45,561,2,75705,13_08_29_28_02_2025,9.37,2.14,2.08,-0.07,0.02,0.00
-9869,3.02,524287,-37.45,562,2,78396,13_08_30_28_02_2025,9.36,2.18,2.10,-0.02,0.00,-0.00
-10064,3.04,524287,-37.45,562,2,81084,13_08_33_28_02_2025,9.80,3.23,5.53,-2.06,0.27,1.18
-11466,3.14,524287,-37.45,561,2,83775,13_08_35_28_02_2025,8.17,3.81,3.41,-0.18,0.09,-0.30
-12437,3.21,524287,-37.45,562,2,86461,13_08_38_28_02_2025,5.09,8.86,-0.23,-0.13,-0.86,1.16
