-8817,2.94,-11674,3.16,564,2,8198,11_40_56_28_10_2024,-0.36,9.60,0.41,0.40,0.28,0.68
-8844,2.94,-11410,3.14,565,2,8383,11_40_56_28_10_2024,-0.36,9.60,0.40,0.00,-0.01,-0.01
-8904,2.95,-11490,3.14,565,2,8421,11_40_56_28_10_2024,-0.35,9.60,0.41,0.00,-0.01,-0.01
-8936,2.95,-11369,3.13,564,2,8458,11_40_56_28_10_2024,-0.35,9.61,0.41,-0.00,-0.01,-0.01
-8776,2.94,-11420,3.14,565,2,8498,11_40_56_28_10_2024,-0.35,9.60,0.39,0.00,-0.01,-0.01
-8933,2.95,-11505,3.14,564,2,8536,11_40_56_28_10_2024,-0.36,9.60,0.40,0.00,-0.01,-0.01
-8840,2.94,-11315,3.13,565,2,8576,11_40_56_28_10_2024,-0.35,9.61,0.40,0.00,-0.01,-0.01
-8740,2.93,-11300,3.13,564,2,8614,11_40_56_28_10_2024,-0.36,9.61,0.40,0.00,-0.01,-0.01
-9036,2.96,-11392,3.14,565,2,8651,11_40_56_28_10_2024,-0.35,9.61,0.41,0.00,-0.01,-0.01
-8918,2.95,-11365,3.13,565,2,8689,11_40_56_28_10_2024,-0.35,9.61,0.40,0.00,-0.01,-0.01
-8918,2.95,-11396,3.14,564,2,8726,11_40_56_28_10_2024,-0.35,9.61,0.41,-0.00,-0.01,-0.01
-8972,2.95,-11583,3.15,565,2,8763,11_40_56_28_10_2024,-0.35,9.60,0.40,0.00,-0.01,-0.01
-8709,2.93,-11344,3.13,565,2,8812,11_40_56_28_10_2024,-0.35,9.60,0.40,-0.00,-0.01,-0.01
-8889,2.95,-11227,3.12,565,2,8851,11_40_56_28_10_2024,-0.36,9.60,0.41,0.00,-0.01,-0.01
-8959,2.95,-11433,3.14,565,2,8890,11_40_56_28_10_2024,-0.34,9.60,0.40,0.00,-0.01,-0.01
-8786,2.94,-11067,3.11,565,2,8930,11_40_56_28_10_2024,-0.36,9.60,0.42,0.00,-0.01,-0.01
-8748,2.94,-11400,3.14,565,2,8970,11_40_56_28_10_2024,-0.34,9.61,0.41,0.00,-0.01,-0.01
-8911,2.95,-11323,3.13,565,2,9009,11_40_56_28_10_2024,-0.36,9.60,0.40,0.00,-0.01,-0.01
-8640,2.93,-11554,3.15,565,2,9052,11_40_56_28_10_2024,-0.36,9.61,0.41,0.00,-0.01,-0.01
-8690,2.93,-11326,3.13,565,2,9091,11_40_56_28_10_2024,-0.35,9.61,0.40,0.00,-0.01,-0.01
-8825,2.94,-11412,3.14,565,2,9130,11_40_56_28_10_2024,-0.36,9.61,0.40,0.00,-0.01,-0.01
-8510,2.92,-11274,3.13,565,2,9170,11_40_57_28_10_2024,-0.35,9.61,0.40,-0.00,-0.01,-0.01
-8827,2.94,-11377,3.13,565,2,9210,11_40_57_28_10_2024,-0.35,9.61,0.42,0.00,-0.01,-0.01
-8913,2.95,-11369,3.13,565,2,9249,11_40_57_28_10_2024,-0.35,9.60,0.41,-0.00,-0.01,-0.01
-8628,2.93,-11213,3.12,565,2,9299,11_40_57_28_10_2024,-0.36,9.61,0.41,-0.00,-0.01,-0.01
-8915,2.95,-11450,3.14,565,2,9338,11_40_57_28_10_2024,-0.35,9.61,0.42,0.00,-0.01,-0.01
-9006,2.95,-11315,3.13,564,2,9379,11_40_57_28_10_2024,-0.35,9.62,0.42,0.00,-0.01,-0.01
-8871,2.94,-11525,3.15,565,2,9418,11_40_57_28_10_2024,-0.35,9.60,0.41,0.00,-0.01,-0.01
-8677,2.93,-11227,3.12,565,2,9457,11_40_57_28_10_2024,-0.35,9.61,0.42,-0.00,-0.01,-0.01
-8826,2.94,-11248,3.12,565,2,9498,11_40_57_28_10_2024,-0.34,9.60,0.42,0.00,-0.01,-0.01
-8688,2.93,-11293,3.13,565,2,9540,11_40_57_28_10_2024,-0.36,9.61,0.41,0.00,-0.01,-0.01
-8922,2.95,-11265,3.13,564,2,9581,11_40_57_28_10_2024,-0.36,9.60,0.41,0.00,-0.01,-0.01
-8591,2.92,-11262,3.13,565,2,9622,11_40_57_28_10_2024,-0.36,9.62,0.42,0.00,-0.01,-0.01
-8736,2.93,-11221,3.12,565,2,9661,11_40_57_28_10_2024,-0.35,9.61,0.41,0.00,-0.01,-0.01
-8866,2.94,-11450,3.14,565,2,9701,11_40_57_28_10_2024,-0.35,9.61,0.41,0.00,-0.01,-0.01
-8727,2.93,-11446,3.14,565,2,9751,11_40_57_28_10_2024,-0.36,9.61,0.42,0.00,-0.01,-0.01
-8919,2.95,-11298,3.13,564,2,9790,11_40_57_28_10_2024,-0.35,9.61,0.41,-0.00,-0.01,-0.01
-8848,2.94,-11073,3.11,565,2,9830,11_40_57_28_10_2024,-0.35,9.61,0.41,0.00,-0.01,-0.01
-8954,2.95,-11251,3.13,565,2,9870,11_40_57_28_10_2024,-0.35,9.61,0.41,0.00,-0.01,-0.01
-8978,2.95,-11489,3.14,565,2,9909,11_40_57_28_10_2024,-0.35,9.61,0.41,0.00,-0.01,-0.01
-8769,2.94,-11355,3.13,564,2,9949,11_40_57_28_10_2024,-0.35,9.61,0.41,0.00,-0.01,-0.01
-8770,2.94,-11562,3.15,565,2,9991,11_40_57_28_10_2024,-0.35,9.60,0.42,0.00,-0.01,-0.01
-8569,2.92,-11196,3.12,565,2,10031,11_40_57_28_10_2024,-0.34,9.61,0.41,0.00,-0.01,-0.01
-8865,2.94,-11170,3.12,565,2,10071,11_40_57_28_10_2024,-0.36,9.60,0.41,-0.00,-0.01,-0.01
-8831,2.94,-11173,3.12,565,2,10110,11_40_57_28_10_2024,-0.35,9.61,0.42,0.00,-0.01,-0.01
-8737,2.93,-11401,3.14,565,2,10150,11_40_58_28_10_2024,-0.34,9.60,0.41,0.00,-0.01,-0.01
-8921,2.95,-11219,3.12,564,2,10190,11_40_58_28_10_2024,-0.34,9.61,0.41,0.00,-0.01,-0.01
-8916,2.95,-11114,3.11,565,2,10240,11_40_58_28_10_2024,-0.36,9.61,0.42,0.00,-0.01,-0.01
-8845,2.94,-11189,3.12,565,2,10279,11_40_58_28_10_2024,-0.34,9.61,0.41,0.00,-0.01,-0.01
-8964,2.95,-11192,3.12,565,2,10318,11_40_58_28_10_2024,-0.35,9.61,0.42,0.00,-0.01,-0.01
-8899,2.95,-11092,3.11,565,2,10358,11_40_58_28_10_2024,-0.35,9.60,0.41,0.00,-0.01,-0.01
-8649,2.93,-11035,3.11,565,2,10397,11_40_58_28_10_2024,-0.34,9.61,0.42,0.00,-0.01,-0.01
-8956,2.95,-11299,3.13,565,2,10437,11_40_58_28_10_2024,-0.35,9.62,0.42,0.00,-0.01,-0.01
-8814,2.94,-11314,3.13,565,2,10478,11_40_58_28_10_2024,-0.35,9.61,0.42,0.00,-0.01,-0.01
-8795,2.94,-11135,3.12,565,2,10518,11_40_58_28_10_2024,-0.35,9.61,0.41,0.00,-0.01,-0.01
-8654,2.93,-11219,3.12,565,2,10558,11_40_58_28_10_2024,-0.36,9.60,0.42,0.00,-0.01,-0.01
-8746,2.94,-11153,3.12,565,2,10597,11_40_58_28_10_2024,-0.35,9.61,0.41,0.00,-0.01,-0.01
-8748,2.94,-11214,3.12,565,2,10637,11_40_58_28_10_2024,-0.35,9.60,0.42,-0.00,-0.01,-0.01
-8919,2.95,-11271,3.13,565,2,10689,11_40_58_28_10_2024,-0.36,9.61,0.41,0.00,-0.01,-0.01
-8725,2.93,-11312,3.13,564,2,10730,11_40_58_28_10_2024,-0.36,9.61,0.42,0.00,-0.01,-0.01
-8728,2.93,-11406,3.14,565,2,10769,11_40_58_28_10_2024,-0.36,9.61,0.41,-0.00,-0.01,-0.01
-8839,2.94,-11463,3.14,565,2,10809,11_40_58_28_10_2024,-0.35,9.60,0.41,0.00,-0.01,-0.01
-8753,2.94,-11181,3.12,564,2,10849,11_40_58_28_10_2024,-0.35,9.61,0.42,-0.00,-0.01,-0.01
-8847,2.94,-11314,3.13,564,2,10889,11_40_58_28_10_2024,-0.35,9.61,0.42,-0.00,-0.01,-0.01
-8847,2.94,-11131,3.12,565,2,10931,11_40_58_28_10_2024,-0.34,9.60,0.41,0.00,-0.01,-0.01
-8755,2.94,-11035,3.11,565,2,10972,11_40_58_28_10_2024,-0.36,9.60,0.42,0.00,-0.01,-0.01
-8808,2.94,-11147,3.12,565,2,11011,11_40_58_28_10_2024,-0.35,9.60,0.42,0.00,-0.01,-0.01
-8703,2.93,-11230,3.12,565,2,11051,11_40_58_28_10_2024,-0.35,9.62,0.42,-0.00,-0.01,-0.01
-8648,2.93,-11195,3.12,564,2,11091,11_40_58_28_10_2024,-0.35,9.61,0.42,0.00,-0.01,-0.01
-8553,2.92,-11232,3.12,565,2,11131,11_40_58_28_10_2024,-0.35,9.61,0.42,0.00,-0.01,-0.01
-8646,2.93,-11041,3.11,564,2,11181,11_40_59_28_10_2024,-0.35,9.61,0.41,0.00,-0.01,-0.01
-8683,2.93,-11111,3.11,565,2,11221,11_40_59_28_10_2024,-0.35,9.61,0.41,0.00,-0.01,-0.01
-8668,2.93,-11111,3.11,564,2,11260,11_40_59_28_10_2024,-0.35,9.60,0.41,0.00,-0.01,-0.01
-8746,2.94,-11253,3.13,565,2,11300,11_40_59_28_10_2024,-0.35,9.61,0.41,0.00,-0.01,-0.01
-8652,2.93,-11191,3.12,565,2,11339,11_40_59_28_10_2024,-0.35,9.60,0.42,0.00,-0.01,-0.01
-8976,2.95,-11265,3.13,565,2,11379,11_40_59_28_10_2024,-0.35,9.61,0.42,0.00,-0.01,-0.01
-8907,2.95,-11237,3.12,564,2,11422,11_40_59_28_10_2024,-0.34,9.60,0.40,0.00,-0.01,-0.01
-8630,2.93,-11048,3.11,565,2,11461,11_40_59_28_10_2024,-0.35,9.60,0.42,-0.00,-0.01,-0.01
-8796,2.94,-11184,3.12,565,2,11501,11_40_59_28_10_2024,-0.35,9.61,0.42,0.00,-0.01,-0.01
-8616,2.93,-11317,3.13,565,2,11541,11_40_59_28_10_2024,-0.35,9.61,0.41,0.00,-0.01,-0.01
-8764,2.94,-11274,3.13,564,2,11581,11_40_59_28_10_2024,-0.36,9.61,0.41,0.00,-0.01,-0.01
-8713,2.93,-11180,3.12,565,2,11631,11_40_59_28_10_2024,-0.34,9.61,0.41,0.00,-0.01,-0.01
-8801,2.94,-11296,3.13,565,2,11670,11_40_59_28_10_2024,-0.35,9.60,0.41,0.00,-0.01,-0.01
-8616,2.93,-11097,3.11,565,2,11712,11_40_59_28_10_2024,-0.35,9.61,0.41,0.00,-0.01,-0.01
-8636,2.93,-11185,3.12,565,2,11752,11_40_59_28_10_2024,-0.36,9.61,0.41,0.00,-0.01,-0.01
-8723,2.93,-11188,3.12,565,2,11791,11_40_59_28_10_2024,-0.35,9.61,0.42,-0.00,-0.01,-0.01
-8590,2.92,-11297,3.13,564,2,11830,11_40_59_28_10_2024,-0.35,9.61,0.41,0.00,-0.01,-0.01
-8699,2.93,-11271,3.13,565,2,11873,11_40_59_28_10_2024,-0.35,9.62,0.42,-0.00,-0.01,-0.01
-8642,2.93,-11331,3.13,565,2,11913,11_40_59_28_10_2024,-0.34,9.60,0.41,-0.00,-0.01,-0.01
-8841,2.94,-11266,3.13,565,2,11952,11_40_59_28_10_2024,-0.35,9.60,0.40,-0.00,-0.01,-0.01
-8749,2.94,-11110,3.11,565,2,11992,11_40_59_28_10_2024,-0.35,9.61,0.41,0.00,-0.01,-0.01
-8951,2.95,-11118,3.12,564,2,12031,11_40_59_28_10_2024,-0.35,9.62,0.41,-0.00,-0.01,-0.01
-8755,2.94,-11301,3.13,565,2,12070,11_40_59_28_10_2024,-0.35,9.61,0.41,-0.00,-0.01,-0.01
-8914,2.95,-11014,3.11,565,2,12120,11_40_59_28_10_2024,-0.35,9.61,0.41,-0.00,-0.01,-0.01
-8933,2.95,-11196,3.12,565,2,12160,11_41_00_28_10_2024,-0.35,9.60,0.42,0.00,-0.01,-0.01
-8551,2.92,-11140,3.12,565,2,12200,11_41_00_28_10_2024,-0.35,9.61,0.41,0.00,-0.01,-0.01
-8686,2.93,-11245,3.12,565,2,12239,11_41_00_28_10_2024,-0.35,9.60,0.42,0.00,-0.01,-0.01
-8639,2.93,-11232,3.12,565,2,12279,11_41_00_28_10_2024,-0.35,9.61,0.42,-0.00,-0.01,-0.01
-8823,2.94,-11216,3.12,564,2,12319,11_41_00_28_10_2024,-0.35,9.61,0.41,-0.00,-0.01,-0.01
-8787,2.94,-11262,3.13,564,2,12361,11_41_00_28_10_2024,-0.35,9.61,0.42,0.00,-0.01,-0.01
-8684,2.93,-11216,3.12,564,2,12401,11_41_00_28_10_2024,-0.35,9.61,0.41,0.00,-0.01,-0.01
-8690,2.93,-11299,3.13,565,2,12442,11_41_00_28_10_2024,-0.35,9.61,0.41,0.00,-0.01,-0.01
-8691,2.93,-11158,3.12,565,2,12481,11_41_00_28_10_2024,-0.34,9.61,0.41,0.00,-0.01,-0.01
-8641,2.93,-10974,3.10,565,2,12521,11_41_00_28_10_2024,-0.35,9.60,0.41,0.00,-0.01,-0.01
-8805,2.94,-10920,3.10,565,2,12571,11_41_00_28_10_2024,-0.34,9.60,0.41,0.00,-0.01,-0.01
-8732,2.93,-11239,3.12,565,2,12610,11_41_00_28_10_2024,-0.35,9.61,0.41,-0.00,-0.01,-0.01
-8845,2.94,-11072,3.11,565,2,12650,11_41_00_28_10_2024,-0.35,9.61,0.42,0.00,-0.01,-0.01
-8545,2.92,-11064,3.11,565,2,12690,11_41_00_28_10_2024,-0.35,9.60,0.41,0.00,-0.01,-0.01
-8765,2.94,-11300,3.13,565,2,12729,11_41_00_28_10_2024,-0.34,9.60,0.41,0.00,-0.01,-0.01
-8723,2.93,-10960,3.10,565,2,12770,11_41_00_28_10_2024,-0.35,9.60,0.40,0.00,-0.01,-0.01
-8789,2.94,-11155,3.12,564,2,12814,11_41_00_28_10_2024,-0.35,9.60,0.41,0.00,-0.01,-0.01
-8675,2.93,-11364,3.13,564,2,12854,11_41_00_28_10_2024,-0.36,9.60,0.42,-0.00,-0.01,-0.01
-8639,2.93,-11157,3.12,565,2,12894,11_41_00_28_10_2024,-0.34,9.62,0.41,-0.00,-0.01,-0.01
-8721,2.93,-11292,3.13,565,2,12933,11_41_00_28_10_2024,-0.35,9.61,0.41,0.00,-0.01,-0.01
-8518,2.92,-11309,3.13,564,2,12973,11_41_00_28_10_2024,-0.35,9.61,0.41,0.00,-0.01,-0.01
-8534,2.92,-11126,3.12,565,2,13013,11_41_00_28_10_2024,-0.34,9.61,0.42,0.00,-0.01,-0.01
-8857,2.94,-11179,3.12,565,2,13062,11_41_00_28_10_2024,-0.34,9.61,0.41,0.00,-0.01,-0.01
-8682,2.93,-11065,3.11,564,2,13103,11_41_00_28_10_2024,-0.36,9.61,0.41,0.00,-0.01,-0.01
-8632,2.93,-11155,3.12,565,2,13142,11_41_00_28_10_2024,-0.35,9.61,0.41,0.00,-0.01,-0.01
-8494,2.92,-11170,3.12,565,2,13181,11_41_01_28_10_2024,-0.35,9.60,0.42,0.00,-0.01,-0.01
-8845,2.94,-11194,3.12,565,2,13222,11_41_01_28_10_2024,-0.35,9.61,0.41,0.00,-0.01,-0.01
-8768,2.94,-11281,3.13,565,2,13261,11_41_01_28_10_2024,-0.35,9.61,0.41,0.00,-0.01,-0.01
-8869,2.94,-11291,3.13,564,2,13298,11_41_01_28_10_2024,-0.35,9.62,0.41,0.00,-0.01,-0.01
-8726,2.93,-10932,3.10,564,2,13338,11_41_01_28_10_2024,-0.35,9.61,0.41,0.00,-0.01,-0.01
-8536,2.92,-11033,3.11,564,2,13378,11_41_01_28_10_2024,-0.35,9.61,0.41,-0.00,-0.01,-0.01
-8745,2.94,-11129,3.12,565,2,13417,11_41_01_28_10_2024,-0.35,9.60,0.42,-0.00,-0.01,-0.01
-8644,2.93,-11315,3.13,564,2,13457,11_41_01_28_10_2024,-0.35,9.61,0.41,0.00,-0.01,-0.01
-8478,2.91,-11170,3.12,565,2,13507,11_41_01_28_10_2024,-0.35,9.60,0.41,-0.00,-0.01,-0.01
-8661,2.93,-11197,3.12,564,2,13548,11_41_01_28_10_2024,-0.35,9.61,0.41,0.00,-0.01,-0.01
-8509,2.92,-11372,3.13,564,2,13588,11_41_01_28_10_2024,-0.35,9.61,0.42,0.00,-0.01,-0.01
-8474,2.91,-11148,3.12,565,2,13628,11_41_01_28_10_2024,-0.35,9.61,0.42,0.00,-0.01,-0.01
-8611,2.93,-11221,3.12,565,2,13668,11_41_01_28_10_2024,-0.35,9.61,0.42,-0.00,-0.01,-0.01
-8668,2.93,-11020,3.11,565,2,13708,11_41_01_28_10_2024,-0.35,9.61,0.42,-0.00,-0.01,-0.01
-8800,2.94,-11112,3.11,565,2,13750,11_41_01_28_10_2024,-0.35,9.61,0.41,0.00,-0.01,-0.01
-8607,2.92,-11169,3.12,565,2,13791,11_41_01_28_10_2024,-0.35,9.61,0.41,0.00,-0.01,-0.01
-8839,2.94,-11057,3.11,565,2,13830,11_41_01_28_10_2024,-0.34,9.61,0.41,0.00,-0.01,-0.01
-8854,2.94,-11169,3.12,565,2,13870,11_41_01_28_10_2024,-0.35,9.62,0.41,0.00,-0.01,-0.01
-8654,2.93,-11068,3.11,565,2,13912,11_41_01_28_10_2024,-0.35,9.61,0.41,0.00,-0.01,-0.01
-8805,2.94,-11095,3.11,565,2,13952,11_41_01_28_10_2024,-0.35,9.61,0.41,-0.00,-0.01,-0.01
-8724,2.93,-11010,3.11,564,2,14002,11_41_01_28_10_2024,-0.35,9.61,0.42,0.00,-0.01,-0.01
-8825,2.94,-11259,3.13,565,2,14041,11_41_01_28_10_2024,-0.36,9.61,0.42,-0.00,-0.01,-0.01
-8831,2.94,-11338,3.13,564,2,14081,11_41_01_28_10_2024,-0.33,9.60,0.40,0.00,-0.01,-0.01
-8645,2.93,-11162,3.12,565,2,14121,11_41_01_28_10_2024,-0.35,9.61,0.41,0.00,-0.01,-0.01
-8728,2.93,-11064,3.11,565,2,14160,11_41_02_28_10_2024,-0.34,9.61,0.41,-0.00,-0.01,-0.01
-8715,2.93,-11276,3.13,564,2,14203,11_41_02_28_10_2024,-0.35,9.61,0.41,0.00,-0.01,-0.01
-8685,2.93,-11244,3.12,565,2,14243,11_41_02_28_10_2024,-0.34,9.59,0.39,0.00,-0.01,-0.01
-8647,2.93,-10859,3.10,565,2,14282,11_41_02_28_10_2024,-0.35,9.62,0.41,0.01,-0.01,-0.01
-8698,2.93,-11200,3.12,562,2,14321,11_41_02_28_10_2024,-0.35,9.61,0.41,-0.00,-0.01,-0.01
-8701,2.93,-11119,3.12,565,2,14366,11_41_02_28_10_2024,-0.34,9.60,0.42,0.00,-0.01,-0.01
-8648,2.93,-11006,3.11,565,2,14405,11_41_02_28_10_2024,-0.35,9.61,0.41,-0.00,-0.01,-0.01
-8648,2.93,-11149,3.12,565,2,14456,11_41_02_28_10_2024,-0.35,9.62,0.42,-0.00,-0.01,-0.01
-8713,2.93,-10932,3.10,565,2,14496,11_41_02_28_10_2024,-0.34,9.62,0.43,-0.00,-0.01,-0.01
-8713,2.93,-11118,3.12,564,2,14536,11_41_02_28_10_2024,-0.34,9.60,0.40,-0.00,-0.01,-0.01
-9020,2.96,-11181,3.12,564,2,14577,11_41_02_28_10_2024,-0.35,9.61,0.40,0.00,-0.01,-0.01
-8767,2.94,-11053,3.11,564,2,14616,11_41_02_28_10_2024,-0.35,9.61,0.41,-0.00,-0.01,-0.01
-8772,2.94,-11027,3.11,565,2,14657,11_41_02_28_10_2024,-0.35,9.60,0.41,-0.00,-0.01,-0.01
-8692,2.93,-11135,3.12,564,2,14700,11_41_02_28_10_2024,-0.35,9.62,0.42,-0.00,-0.01,-0.01
-8702,2.93,-11278,3.13,565,2,14740,11_41_02_28_10_2024,-0.34,9.61,0.41,-0.00,-0.01,-0.01
-8827,2.94,-11175,3.12,564,2,14780,11_41_02_28_10_2024,-0.36,9.61,0.41,-0.00,-0.01,-0.01
-8852,2.94,-11052,3.11,564,2,14820,11_41_02_28_10_2024,-0.35,9.61,0.41,0.00,-0.01,-0.01
-8678,2.93,-11131,3.12,566,2,14860,11_41_02_28_10_2024,-0.34,9.60,0.42,0.00,-0.01,-0.01
-8647,2.93,-11202,3.12,564,2,14900,11_41_02_28_10_2024,-0.35,9.60,0.41,0.00,-0.01,-0.01
-8632,2.93,-11013,3.11,565,2,14950,11_41_02_28_10_2024,-0.35,9.61,0.41,0.00,-0.01,-0.01
-8890,2.95,-11050,3.11,565,2,14992,11_41_02_28_10_2024,-0.36,9.60,0.40,-0.00,-0.01,-0.01
-8873,2.94,-11146,3.12,562,2,15031,11_41_02_28_10_2024,-0.33,9.58,0.40,0.00,-0.01,-0.01
-8816,2.94,-11135,3.12,565,2,15071,11_41_02_28_10_2024,-0.36,9.61,0.40,-0.00,-0.01,-0.00
-8634,2.93,-11053,3.11,565,2,15111,11_41_02_28_10_2024,-0.35,9.62,0.41,0.01,-0.01,-0.00
-8610,2.92,-11164,3.12,565,2,15153,11_41_03_28_10_2024,-0.36,9.64,0.38,0.04,-0.01,0.01
-8771,2.94,-11102,3.11,565,2,15192,11_41_03_28_10_2024,-0.34,9.63,0.43,-0.02,-0.02,-0.02
-8818,2.94,-10991,3.11,564,2,15232,11_41_03_28_10_2024,-0.31,9.60,0.37,-0.01,-0.01,-0.01
-8440,2.91,-11021,3.11,565,2,15271,11_41_03_28_10_2024,-0.35,9.63,0.46,0.00,-0.01,-0.01
-8719,2.93,-11361,3.13,564,2,15311,11_41_03_28_10_2024,-0.30,9.63,0.38,0.00,-0.01,0.00
-8690,2.93,-11053,3.11,565,2,15351,11_41_03_28_10_2024,-0.46,9.64,0.42,0.01,-0.01,-0.00
-8628,2.93,-11135,3.12,564,2,15401,11_41_03_28_10_2024,-0.29,9.60,0.34,0.01,-0.01,-0.01
-8655,2.93,-11207,3.12,565,2,15442,11_41_03_28_10_2024,-0.37,9.62,0.41,-0.00,-0.01,-0.01
-8744,2.94,-11233,3.12,564,2,15482,11_41_03_28_10_2024,-0.31,9.62,0.37,0.01,-0.01,0.00
-8744,2.94,-11098,3.11,564,2,15521,11_41_03_28_10_2024,-0.35,9.60,0.45,-0.01,-0.01,-0.01
-8606,2.92,-11237,3.12,565,2,15562,11_41_03_28_10_2024,-0.35,9.63,0.36,-0.00,-0.01,-0.01
-8524,2.92,-11148,3.12,564,2,15602,11_41_03_28_10_2024,-0.33,9.61,0.43,-0.00,-0.01,-0.01
-8609,2.92,-11112,3.11,565,2,15644,11_41_03_28_10_2024,-0.33,9.62,0.40,-0.00,-0.01,-0.01
-8666,2.93,-10933,3.10,565,2,15685,11_41_03_28_10_2024,-0.34,9.62,0.39,0.00,-0.01,-0.01
-8746,2.94,-11140,3.12,565,2,15724,11_41_03_28_10_2024,-0.34,9.61,0.41,0.00,-0.01,-0.01
-8542,2.92,-10934,3.10,565,2,15764,11_41_03_28_10_2024,-0.34,9.59,0.39,0.00,-0.01,-0.01
-8861,2.94,-10980,3.10,564,2,15804,11_41_03_28_10_2024,-0.35,9.62,0.39,-0.00,-0.01,-0.01
-8696,2.93,-11117,3.11,564,2,15844,11_41_03_28_10_2024,-0.37,9.60,0.40,0.00,-0.01,-0.00
-8128,2.89,-11044,3.11,565,2,15888,11_41_03_28_10_2024,-0.26,9.65,0.38,0.02,-0.00,0.05
-9071,2.96,-11141,3.12,564,2,15928,11_41_03_28_10_2024,-0.32,9.67,0.36,-0.01,-0.02,-0.05
-8994,2.95,-11237,3.12,565,2,15968,11_41_03_28_10_2024,-0.46,9.58,0.44,-0.01,-0.01,-0.01
-8561,2.92,-11216,3.12,565,2,16008,11_41_03_28_10_2024,-0.41,9.60,0.38,0.02,-0.01,0.03
-8287,2.90,-10687,3.08,565,2,16048,11_41_03_28_10_2024,-0.33,9.63,0.35,0.01,-0.01,0.00
-8498,2.92,-10458,3.07,565,2,16092,11_41_03_28_10_2024,-0.27,9.61,0.35,0.00,-0.01,-0.01
-8785,2.94,-10241,3.05,563,2,16133,11_41_03_28_10_2024,-0.28,9.62,0.38,0.00,-0.01,-0.01
-9179,2.97,-10973,3.10,565,2,16173,11_41_04_28_10_2024,-0.32,9.66,0.42,-0.00,-0.01,-0.02
-8916,2.95,-11251,3.13,564,2,16212,11_41_04_28_10_2024,-0.33,9.61,0.36,0.00,-0.01,-0.01
-8669,2.93,-11192,3.12,564,2,16253,11_41_04_28_10_2024,-0.23,9.63,0.28,0.04,-0.01,0.02
-9064,2.96,-11558,3.15,563,2,16292,11_41_04_28_10_2024,-0.30,9.64,0.39,0.01,-0.01,-0.00
-9031,2.96,-10746,3.09,564,2,16343,11_41_04_28_10_2024,-0.29,9.61,0.33,0.00,-0.01,-0.01
-9103,2.96,-11261,3.13,564,2,16382,11_41_04_28_10_2024,-0.32,9.63,0.35,0.01,-0.01,-0.01
-8881,2.95,-11181,3.12,565,2,16422,11_41_04_28_10_2024,-0.32,9.61,0.39,0.01,-0.01,0.01
-8940,2.95,-12315,3.21,565,2,16462,11_41_04_28_10_2024,-0.28,9.58,0.33,0.03,-0.01,0.02
-8873,2.94,-13545,3.30,564,2,16501,11_41_04_28_10_2024,-0.23,9.60,0.31,0.04,-0.01,0.03
-8949,2.95,-14539,3.37,565,2,16540,11_41_04_28_10_2024,-0.32,9.65,0.34,0.00,-0.01,-0.02
-9118,2.96,-16058,3.49,564,2,16583,11_41_04_28_10_2024,-0.27,9.57,0.32,0.03,-0.00,0.03
-9100,2.96,-20808,3.85,564,2,16623,11_41_04_28_10_2024,-0.33,9.58,0.28,0.06,-0.00,0.03
-8052,2.88,-23464,4.05,565,2,16662,11_41_04_28_10_2024,-0.22,9.65,0.30,0.04,0.00,0.03
-8311,2.90,-25831,4.23,562,2,16702,11_41_04_28_10_2024,-0.23,9.60,0.26,0.02,0.00,-0.01
-7813,2.86,-28409,4.42,564,2,16741,11_41_04_28_10_2024,-0.20,9.49,0.35,0.03,0.00,0.06
-8300,2.90,-34231,4.87,565,2,16781,11_41_04_28_10_2024,-0.21,9.52,0.13,0.05,-0.00,0.01
-9003,2.95,-37681,5.13,564,2,16831,11_41_04_28_10_2024,-0.19,9.56,0.26,0.03,-0.01,-0.02
-8881,2.95,-41180,5.39,564,2,16871,11_41_04_28_10_2024,-0.21,9.61,0.22,0.00,-0.01,0.01
-8839,2.94,-44280,5.63,564,2,16911,11_41_04_28_10_2024,-0.19,9.59,0.21,0.02,-0.01,0.02
-9274,2.98,-45560,5.72,565,2,16951,11_41_04_28_10_2024,-0.14,9.62,0.25,0.01,-0.01,-0.00
-9324,2.98,-45242,5.70,565,2,16991,11_41_04_28_10_2024,-0.17,9.62,0.15,0.01,-0.01,0.00
-9134,2.96,-44419,5.64,565,2,17034,11_41_04_28_10_2024,-0.18,9.62,0.22,-0.00,-0.01,-0.01
-8885,2.95,-43345,5.56,564,2,17074,11_41_04_28_10_2024,-0.20,9.61,0.24,0.01,-0.01,-0.00
-8471,2.91,-43717,5.58,564,2,17114,11_41_04_28_10_2024,-0.17,9.60,0.20,0.01,-0.01,0.00
-8694,2.93,-43670,5.58,565,2,17154,11_41_05_28_10_2024,-0.17,9.63,0.19,0.01,-0.02,0.00
-8522,2.92,-43866,5.60,564,2,17196,11_41_05_28_10_2024,-0.08,9.64,0.19,0.04,-0.01,0.01
-9124,2.96,-43802,5.59,565,2,17236,11_41_05_28_10_2024,-0.16,9.63,0.19,0.00,-0.01,-0.01
-8956,2.95,-43430,5.56,565,2,17286,11_41_05_28_10_2024,-0.16,9.63,0.20,0.00,-0.01,-0.00
-9079,2.96,-42988,5.53,564,2,17325,11_41_05_28_10_2024,-0.15,9.62,0.20,0.00,-0.01,-0.00
-8881,2.95,-43246,5.55,565,2,17365,11_41_05_28_10_2024,-0.16,9.61,0.20,0.00,-0.01,-0.00
-8752,2.94,-42124,5.46,565,2,17405,11_41_05_28_10_2024,-0.15,9.61,0.19,-0.00,-0.01,-0.00
-8662,2.93,-40212,5.32,565,2,17444,11_41_05_28_10_2024,-0.15,9.63,0.19,0.00,-0.01,-0.01
-9089,2.96,-37638,5.12,564,2,17485,11_41_05_28_10_2024,-0.15,9.61,0.19,-0.00,-0.01,-0.01
-8889,2.95,-33197,4.79,564,2,17527,11_41_05_28_10_2024,-0.14,9.60,0.19,0.00,-0.01,-0.01
-8902,2.95,-28705,4.45,564,2,17567,11_41_05_28_10_2024,-0.17,9.62,0.20,-0.01,-0.01,-0.02
-9028,2.96,-24871,4.16,562,2,17606,11_41_05_28_10_2024,-0.15,9.62,0.17,0.00,-0.01,0.00
-9060,2.96,-23081,4.02,564,2,17645,11_41_05_28_10_2024,-0.16,9.61,0.18,0.01,-0.01,-0.00
-8890,2.95,-22947,4.01,564,2,17685,11_41_05_28_10_2024,-0.17,9.63,0.17,0.01,-0.01,-0.01
-8777,2.94,-24492,4.13,565,2,17725,11_41_05_28_10_2024,-0.15,9.63,0.18,0.00,-0.01,-0.01
-8665,2.93,-27763,4.38,565,2,17775,11_41_05_28_10_2024,-0.15,9.61,0.20,-0.00,-0.01,-0.01
-8881,2.95,-28449,4.43,565,2,17815,11_41_05_28_10_2024,-0.16,9.61,0.16,-0.00,-0.01,-0.01
-8973,2.95,-26413,4.27,564,2,17854,11_41_05_28_10_2024,-0.16,9.60,0.18,0.00,-0.01,-0.01
-8971,2.95,-23109,4.02,562,2,17894,11_41_05_28_10_2024,-0.15,9.63,0.18,0.00,-0.01,-0.01
-8984,2.95,-17635,3.61,564,2,17933,11_41_05_28_10_2024,-0.13,9.61,0.19,-0.00,-0.01,-0.02
-9059,2.96,-14374,3.36,565,2,17976,11_41_05_28_10_2024,-0.15,9.60,0.18,0.00,-0.01,-0.01
-9223,2.97,-13321,3.28,565,2,18015,11_41_05_28_10_2024,-0.18,9.61,0.19,0.01,-0.01,-0.01
-9037,2.96,-12287,3.20,564,2,18055,11_41_05_28_10_2024,-0.18,9.61,0.19,0.00,-0.01,-0.01
-8846,2.94,-11792,3.17,565,2,18094,11_41_05_28_10_2024,-0.15,9.62,0.18,0.00,-0.01,-0.00
-9017,2.96,-11412,3.14,565,2,18134,11_41_05_28_10_2024,-0.15,9.63,0.17,0.00,-0.01,-0.00
-8973,2.95,-10859,3.10,565,2,18174,11_41_06_28_10_2024,-0.22,9.61,0.19,0.00,-0.01,-0.01
-9074,2.96,-10471,3.07,564,2,18227,11_41_06_28_10_2024,-0.13,9.63,0.18,0.00,-0.01,-0.00
-8970,2.95,-10500,3.07,564,2,18267,11_41_06_28_10_2024,-0.17,9.60,0.16,0.00,-0.01,-0.00
-8882,2.95,-10281,3.05,565,2,18306,11_41_06_28_10_2024,-0.18,9.62,0.17,0.00,-0.01,-0.01
-8583,2.92,-10071,3.04,565,2,18347,11_41_06_28_10_2024,-0.15,9.61,0.18,0.00,-0.01,-0.00
-8913,2.95,-10071,3.04,564,2,18387,11_41_06_28_10_2024,-0.16,9.62,0.16,0.00,-0.01,-0.01
-8440,2.91,-10471,3.07,564,2,18426,11_41_06_28_10_2024,-0.16,9.60,0.17,0.00,-0.01,-0.00
-8546,2.92,-10552,3.07,564,2,18470,11_41_06_28_10_2024,-0.14,9.62,0.16,0.01,-0.01,0.00
-8610,2.92,-10514,3.07,565,2,18510,11_41_06_28_10_2024,-0.17,9.62,0.19,-0.00,-0.01,-0.01
-8680,2.93,-10541,3.07,564,2,18549,11_41_06_28_10_2024,-0.17,9.62,0.17,-0.01,-0.01,-0.01
-8781,2.94,-10509,3.07,564,2,18590,11_41_06_28_10_2024,-0.17,9.63,0.16,-0.00,-0.01,-0.01
-8712,2.93,-10566,3.07,565,2,18630,11_41_06_28_10_2024,-0.17,9.59,0.17,0.00,-0.01,-0.00
-8627,2.93,-10603,3.08,564,2,18670,11_41_06_28_10_2024,-0.18,9.64,0.17,0.00,-0.01,-0.01
-8532,2.92,-10431,3.06,565,2,18719,11_41_06_28_10_2024,-0.15,9.63,0.16,-0.00,-0.01,-0.01
-8954,2.95,-10359,3.06,565,2,18759,11_41_06_28_10_2024,-0.15,9.62,0.17,0.00,-0.01,-0.01
-8612,2.93,-10509,3.07,564,2,18799,11_41_06_28_10_2024,-0.15,9.62,0.16,0.00,-0.01,-0.00
-8369,2.91,-10656,3.08,562,2,18838,11_41_06_28_10_2024,-0.16,9.61,0.18,0.00,-0.01,-0.01
-8619,2.93,-10567,3.07,564,2,18878,11_41_06_28_10_2024,-0.15,9.61,0.17,0.00,-0.01,-0.01
-8799,2.94,-10568,3.07,564,2,18921,11_41_06_28_10_2024,-0.16,9.61,0.17,0.00,-0.01,-0.01
-8625,2.93,-10578,3.07,564,2,18960,11_41_06_28_10_2024,-0.15,9.62,0.17,0.00,-0.01,-0.01
-8460,2.91,-10454,3.06,562,2,18999,11_41_06_28_10_2024,-0.15,9.62,0.18,-0.00,-0.01,-0.01
-8408,2.91,-10625,3.08,564,2,19040,11_41_06_28_10_2024,-0.16,9.62,0.18,-0.00,-0.01,-0.01
-8473,2.91,-10521,3.07,564,2,19079,11_41_06_28_10_2024,-0.17,9.61,0.17,0.00,-0.01,-0.01
-8606,2.92,-10558,3.07,564,2,19118,11_41_06_28_10_2024,-0.17,9.62,0.17,0.00,-0.01,-0.01
-8665,2.93,-10379,3.06,564,2,19169,11_41_07_28_10_2024,0.24,9.21,0.23,0.10,0.02,0.16
-8774,2.94,-10241,3.05,564,2,19208,11_41_07_28_10_2024,-0.09,9.51,0.12,0.06,0.01,0.08
-9230,2.97,-10469,3.07,564,2,19249,11_41_07_28_10_2024,0.00,9.48,0.10,0.07,0.00,0.06
-8748,2.94,-10430,3.06,565,2,19289,11_41_07_28_10_2024,-0.09,9.68,0.13,0.00,-0.00,0.03
-8602,2.92,-10606,3.08,564,2,19330,11_41_07_28_10_2024,-0.05,9.72,0.03,0.01,-0.02,-0.04
-8538,2.92,-10266,3.05,564,2,19371,11_41_07_28_10_2024,-0.10,9.63,0.13,0.01,-0.01,-0.00
-8566,2.92,-10418,3.06,564,2,19413,11_41_07_28_10_2024,-0.02,9.61,0.11,-0.00,-0.01,0.00
-8768,2.94,-10595,3.08,565,2,19453,11_41_07_28_10_2024,-0.08,9.63,0.10,-0.01,-0.01,-0.03
-8508,2.92,-10152,3.04,564,2,19493,11_41_07_28_10_2024,-0.10,9.61,0.08,-0.01,-0.02,-0.02
-8658,2.93,-10501,3.07,564,2,19533,11_41_07_28_10_2024,0.01,9.54,0.06,0.02,-0.01,-0.00
-9202,2.97,-10506,3.07,564,2,19573,11_41_07_28_10_2024,-0.16,9.68,0.11,0.01,-0.01,-0.02
-9823,3.02,-10509,3.07,564,2,19613,11_41_07_28_10_2024,-0.16,9.62,0.03,-0.03,-0.02,-0.06
-11535,3.15,-10625,3.08,565,2,19663,11_41_07_28_10_2024,0.11,9.68,0.03,0.03,-0.02,-0.02
-12557,3.22,-10675,3.08,565,2,19703,11_41_07_28_10_2024,-0.15,9.63,0.17,-0.05,-0.03,-0.05
-15208,3.42,-10545,3.07,565,2,19742,11_41_07_28_10_2024,-0.05,9.60,0.00,-0.02,-0.03,-0.07
-16795,3.55,-10509,3.07,564,2,19782,11_41_07_28_10_2024,-0.20,9.67,0.16,-0.09,-0.04,-0.11
-20655,3.84,-10428,3.06,564,2,19822,11_41_07_28_10_2024,-0.15,9.56,0.13,0.00,-0.02,-0.02
-27376,4.35,-10442,3.06,564,2,20022,11_41_07_28_10_2024,-0.12,9.54,0.12,0.05,0.01,0.08
-30050,4.55,-10356,3.06,564,2,20090,11_41_07_28_10_2024,-0.08,9.61,0.02,0.03,-0.01,0.00
-31075,4.63,-10412,3.06,565,2,20132,11_41_07_28_10_2024,-0.07,9.60,0.06,-0.02,-0.02,-0.04
-32904,4.77,-10432,3.06,565,2,20176,11_41_08_28_10_2024,-0.06,9.62,0.09,-0.00,-0.01,-0.01
-37538,5.12,-10527,3.07,565,2,20219,11_41_08_28_10_2024,-0.06,9.60,0.06,-0.01,-0.03,-0.05
-41381,5.41,-10841,3.09,564,2,20262,11_41_08_28_10_2024,-0.11,9.65,0.11,-0.02,-0.01,-0.01
-46285,5.78,-10723,3.09,565,2,20316,11_41_08_28_10_2024,-0.20,9.66,0.09,-0.00,-0.03,-0.05
-50788,6.12,-10950,3.10,565,2,20360,11_41_08_28_10_2024,-0.10,9.63,0.08,-0.02,-0.02,-0.06
-58079,6.67,-10572,3.07,565,2,20403,11_41_08_28_10_2024,-0.19,9.50,0.17,0.01,-0.02,0.00
-61093,6.90,-10565,3.07,562,2,20445,11_41_08_28_10_2024,-0.21,9.60,0.04,-0.00,-0.03,-0.04
-62268,6.99,-10924,3.10,564,2,20488,11_41_08_28_10_2024,-0.10,9.59,0.16,0.01,0.00,0.04
-67328,7.37,-10859,3.10,564,2,20530,11_41_08_28_10_2024,-0.11,9.65,0.10,-0.02,-0.03,-0.05
-70054,7.58,-10927,3.10,564,2,20576,11_41_08_28_10_2024,-0.17,9.61,0.14,-0.01,-0.01,0.01
-72211,7.74,-10958,3.10,564,2,20619,11_41_08_28_10_2024,-0.16,9.60,0.17,-0.03,-0.03,-0.03
-76504,8.07,-10981,3.10,565,2,20663,11_41_08_28_10_2024,-0.13,9.62,0.11,0.00,-0.01,-0.01
-78470,8.22,-11027,3.11,565,2,20706,11_41_08_28_10_2024,-0.21,9.65,0.14,-0.02,-0.02,-0.08
-80424,8.37,-10825,3.09,565,2,20749,11_41_08_28_10_2024,-0.10,9.54,0.18,0.01,-0.02,-0.00
-82427,8.52,-10611,3.08,565,2,20803,11_41_08_28_10_2024,-0.17,9.66,0.10,0.00,-0.00,-0.00
-85325,8.74,-10939,3.10,564,2,20846,11_41_08_28_10_2024,-0.17,9.61,0.13,0.01,-0.00,-0.01
-86550,8.83,-10955,3.10,565,2,20889,11_41_08_28_10_2024,-0.15,9.64,0.11,0.00,-0.01,-0.02
-89003,9.02,-11006,3.11,564,2,20932,11_41_08_28_10_2024,-0.19,9.58,0.12,-0.00,-0.02,-0.02
-87844,8.93,-11183,3.12,565,2,20975,11_41_08_28_10_2024,-0.15,9.61,0.13,0.01,-0.01,0.00
-87490,8.90,-10817,3.09,565,2,21018,11_41_08_28_10_2024,-0.20,9.62,0.13,0.00,-0.01,-0.01
-86789,8.85,-10885,3.10,564,2,21064,11_41_08_28_10_2024,-0.18,9.60,0.11,0.00,-0.00,-0.01
-85637,8.76,-11077,3.11,564,2,21108,11_41_08_28_10_2024,-0.16,9.58,0.16,0.01,-0.02,-0.01
-85025,8.71,-10916,3.10,565,2,21150,11_41_09_28_10_2024,-0.18,9.61,0.10,0.00,-0.01,-0.01
-85287,8.73,-10549,3.07,565,2,21193,11_41_09_28_10_2024,-0.19,9.62,0.11,-0.00,-0.02,-0.00
-82965,8.56,-10630,3.08,565,2,21236,11_41_09_28_10_2024,-0.18,9.60,0.13,0.00,-0.02,-0.01
-82808,8.55,-10706,3.08,565,2,21280,11_41_09_28_10_2024,-0.19,9.61,0.12,0.00,-0.01,-0.00
-81677,8.46,-10802,3.09,564,2,21331,11_41_09_28_10_2024,-0.16,9.62,0.13,-0.01,-0.01,-0.02
-81500,8.45,-10648,3.08,565,2,21371,11_41_09_28_10_2024,-0.15,9.59,0.14,-0.01,-0.02,-0.02
-80746,8.39,-10712,3.08,564,2,21412,11_41_09_28_10_2024,-0.20,9.60,0.11,0.01,-0.02,-0.00
-79688,8.31,-10763,3.09,564,2,21451,11_41_09_28_10_2024,-0.20,9.63,0.12,0.00,-0.01,0.00
-76432,8.06,-10907,3.10,565,2,21491,11_41_09_28_10_2024,-0.18,9.61,0.12,0.00,-0.01,0.00
-71717,7.71,-10990,3.11,565,2,21534,11_41_09_28_10_2024,-0.18,9.61,0.12,0.02,-0.01,0.01
-66982,7.35,-10917,3.10,564,2,21573,11_41_09_28_10_2024,-0.16,9.60,0.13,0.00,-0.02,0.00
-57305,6.61,-10786,3.09,564,2,21613,11_41_09_28_10_2024,-0.15,9.65,0.14,0.00,-0.01,0.01
-51413,6.17,-10827,3.09,565,2,21654,11_41_09_28_10_2024,-0.19,9.59,0.10,0.02,-0.01,0.01
-42701,5.51,-10866,3.10,565,2,21693,11_41_09_28_10_2024,-0.20,9.62,0.10,0.00,-0.01,0.01
-37703,5.13,-10615,3.08,564,2,21733,11_41_09_28_10_2024,-0.17,9.62,0.10,0.04,0.01,0.06
-31643,4.67,-10419,3.06,565,2,21783,11_41_09_28_10_2024,-0.07,9.65,0.15,0.00,-0.00,-0.01
-24863,4.16,-10535,3.07,564,2,21822,11_41_09_28_10_2024,-0.01,9.46,0.03,0.02,-0.03,-0.07
-12482,3.22,-10792,3.09,564,2,21862,11_41_09_28_10_2024,-0.29,9.67,0.21,0.22,-0.02,0.15
-8973,2.95,-10449,3.06,564,2,21902,11_41_09_28_10_2024,0.09,9.50,0.07,0.33,0.07,0.41
-9428,2.99,-10587,3.07,564,2,21941,11_41_09_28_10_2024,0.50,9.98,-0.48,0.20,0.06,0.08
-9151,2.97,-10640,3.08,564,2,21981,11_41_09_28_10_2024,0.03,9.45,0.05,-0.14,-0.05,-0.11
-9306,2.98,-10714,3.08,564,2,22023,11_41_09_28_10_2024,0.24,9.65,-0.33,0.08,0.01,0.08
-9145,2.97,-10521,3.07,564,2,22063,11_41_09_28_10_2024,0.21,9.60,-0.11,-0.03,-0.02,-0.02
-8866,2.94,-10611,3.08,564,2,22103,11_41_09_28_10_2024,0.14,9.64,-0.10,0.00,-0.01,-0.01
-9065,2.96,-10466,3.07,565,2,22142,11_41_09_28_10_2024,0.13,9.59,-0.22,0.00,-0.01,-0.01
-9204,2.97,-10640,3.08,564,2,22182,11_41_10_28_10_2024,0.17,9.64,-0.13,-0.00,-0.01,-0.01
-9083,2.96,-10950,3.10,564,2,22222,11_41_10_28_10_2024,0.10,9.60,-0.17,0.01,-0.02,0.00
-9171,2.97,-10921,3.10,564,2,22272,11_41_10_28_10_2024,0.15,9.58,-0.19,0.00,-0.01,0.00
-8970,2.95,-10865,3.10,565,2,22315,11_41_10_28_10_2024,0.21,9.56,-0.05,-0.00,-0.01,0.00
-9281,2.98,-10585,3.07,565,2,22354,11_41_10_28_10_2024,0.02,9.55,-0.35,0.04,-0.01,-0.00
-9182,2.97,-10577,3.07,565,2,22395,11_41_10_28_10_2024,0.16,9.54,-0.33,0.01,-0.01,-0.01
-9241,2.97,-10633,3.08,564,2,22435,11_41_10_28_10_2024,0.12,9.59,-0.25,0.04,-0.01,-0.00
-8987,2.95,-10612,3.08,564,2,22475,11_41_10_28_10_2024,0.13,9.58,-0.23,0.03,-0.01,-0.00
-9084,2.96,-10589,3.07,565,2,22519,11_41_10_28_10_2024,0.15,9.59,-0.15,0.01,-0.01,-0.00
-9238,2.97,-10637,3.08,564,2,22558,11_41_10_28_10_2024,0.16,9.59,-0.15,0.01,-0.01,-0.01
-9410,2.99,-10691,3.08,564,2,22598,11_41_10_28_10_2024,0.16,9.61,-0.17,-0.00,-0.01,-0.01
-9229,2.97,-10634,3.08,564,2,22639,11_41_10_28_10_2024,0.16,9.60,-0.17,0.00,-0.01,-0.01
-9291,2.98,-10667,3.08,565,2,22678,11_41_10_28_10_2024,0.15,9.62,-0.16,0.00,-0.01,-0.01
-9396,2.98,-10557,3.07,564,2,22729,11_41_10_28_10_2024,0.16,9.61,-0.18,0.00,-0.01,-0.01
-9221,2.97,-10767,3.09,565,2,22769,11_41_10_28_10_2024,0.16,9.61,-0.17,-0.00,-0.01,-0.01
-9089,2.96,-10718,3.08,564,2,22808,11_41_10_28_10_2024,0.16,9.61,-0.17,0.00,-0.01,-0.01
-8954,2.95,-10530,3.07,564,2,22848,11_41_10_28_10_2024,0.17,9.61,-0.18,0.00,-0.01,-0.01
-9419,2.99,-10651,3.08,564,2,22888,11_41_10_28_10_2024,0.16,9.61,-0.17,-0.00,-0.01,-0.01
-9154,2.97,-10675,3.08,565,2,22927,11_41_10_28_10_2024,0.16,9.61,-0.16,0.00,-0.01,-0.01
-9230,2.97,-10845,3.09,564,2,22970,11_41_10_28_10_2024,0.16,9.60,-0.18,0.00,-0.01,-0.01
-9133,2.96,-10616,3.08,564,2,23010,11_41_10_28_10_2024,0.17,9.61,-0.18,0.00,-0.01,-0.01
-9196,2.97,-10524,3.07,565,2,23049,11_41_10_28_10_2024,0.16,9.59,-0.17,0.00,-0.01,-0.01
-9244,2.97,-10576,3.07,562,2,23089,11_41_10_28_10_2024,0.16,9.59,-0.19,0.00,-0.01,-0.01
-9137,2.96,-10662,3.08,564,2,23129,11_41_10_28_10_2024,0.16,9.61,-0.16,0.00,-0.01,-0.01
-9351,2.98,-10911,3.10,564,2,23168,11_41_11_28_10_2024,0.16,9.62,-0.16,0.00,-0.01,-0.01
-9262,2.97,-10822,3.09,564,2,23219,11_41_11_28_10_2024,0.16,9.61,-0.17,-0.00,-0.01,-0.01
-9373,2.98,-10822,3.09,564,2,23258,11_41_11_28_10_2024,0.15,9.61,-0.17,0.00,-0.01,-0.01
-9403,2.99,-10733,3.09,565,2,23299,11_41_11_28_10_2024,0.16,9.60,-0.17,0.00,-0.01,-0.01
-9206,2.97,-10669,3.08,565,2,23339,11_41_11_28_10_2024,0.16,9.61,-0.18,0.00,-0.01,-0.01
-9190,2.97,-10793,3.09,564,2,23379,11_41_11_28_10_2024,0.16,9.61,-0.18,0.00,-0.01,-0.01
-9336,2.98,-10679,3.08,565,2,23421,11_41_11_28_10_2024,0.16,9.60,-0.18,0.00,-0.01,-0.01
-9139,2.97,-11041,3.11,564,2,23459,11_41_11_28_10_2024,0.16,9.60,-0.19,0.00,-0.01,-0.01
-9342,2.98,-10714,3.08,564,2,23498,11_41_11_28_10_2024,0.16,9.62,-0.18,0.00,-0.01,-0.01
-9223,2.97,-10713,3.08,565,2,23539,11_41_11_28_10_2024,0.16,9.60,-0.18,-0.00,-0.01,-0.01
-9315,2.98,-10725,3.09,565,2,23579,11_41_11_28_10_2024,0.16,9.62,-0.18,0.00,-0.01,-0.01
-9284,2.98,-10796,3.09,564,2,23619,11_41_11_28_10_2024,0.16,9.61,-0.18,0.00,-0.01,-0.01
-9282,2.98,-10896,3.10,564,2,23668,11_41_11_28_10_2024,0.15,9.61,-0.17,0.00,-0.01,-0.01
-9290,2.98,-10811,3.09,564,2,23708,11_41_11_28_10_2024,0.15,9.61,-0.18,0.00,-0.01,-0.01
-9177,2.97,-10871,3.10,565,2,23748,11_41_11_28_10_2024,0.16,9.60,-0.18,0.00,-0.01,-0.01
-9438,2.99,-10923,3.10,564,2,23788,11_41_11_28_10_2024,0.15,9.62,-0.19,0.00,-0.01,-0.01
-9443,2.99,-10853,3.09,564,2,23828,11_41_11_28_10_2024,0.16,9.61,-0.18,0.01,-0.01,-0.01
-9293,2.98,-10743,3.09,565,2,23868,11_41_11_28_10_2024,0.17,9.62,-0.18,0.00,-0.01,0.00
-9335,2.98,-10939,3.10,564,2,23910,11_41_11_28_10_2024,0.15,9.61,-0.20,0.01,-0.01,-0.00
-9364,2.98,-10791,3.09,565,2,23950,11_41_11_28_10_2024,0.16,9.64,-0.15,-0.01,-0.01,-0.01
-9150,2.97,-10718,3.08,565,2,23991,11_41_11_28_10_2024,0.14,9.59,-0.18,-0.00,-0.01,-0.01
-9170,2.97,-10890,3.10,564,2,24030,11_41_11_28_10_2024,0.18,9.60,-0.22,0.01,-0.01,-0.01
-9154,2.97,-10597,3.08,565,2,24070,11_41_11_28_10_2024,0.14,9.64,-0.15,-0.01,-0.01,-0.01
-9092,2.96,-10800,3.09,564,2,24111,11_41_11_28_10_2024,0.17,9.60,-0.17,-0.00,-0.01,-0.01
-9381,2.98,-10837,3.09,564,2,24161,11_41_12_28_10_2024,0.11,9.63,-0.15,-0.00,-0.01,-0.01
-9415,2.99,-10714,3.08,565,2,24201,11_41_12_28_10_2024,0.17,9.64,-0.15,-0.02,-0.01,-0.01
-9274,2.98,-10882,3.10,564,2,24241,11_41_12_28_10_2024,0.15,9.61,-0.16,0.00,-0.01,-0.01
-9320,2.98,-10750,3.09,564,2,24280,11_41_12_28_10_2024,0.16,9.60,-0.18,0.00,-0.01,-0.01
-9450,2.99,-10788,3.09,565,2,24320,11_41_12_28_10_2024,0.15,9.61,-0.18,-0.00,-0.01,-0.01
-9252,2.97,-10732,3.09,565,2,24363,11_41_12_28_10_2024,0.16,9.60,-0.17,0.00,-0.01,-0.01
-9241,2.97,-10675,3.08,564,2,24402,11_41_12_28_10_2024,0.15,9.61,-0.19,0.00,-0.01,-0.01
-9426,2.99,-10800,3.09,564,2,24442,11_41_12_28_10_2024,0.16,9.60,-0.17,-0.00,-0.01,-0.01
-9112,2.96,-10709,3.08,565,2,24482,11_41_12_28_10_2024,0.16,9.61,-0.17,0.00,-0.01,-0.01
-9332,2.98,-10958,3.10,564,2,24523,11_41_12_28_10_2024,0.15,9.60,-0.19,0.00,-0.01,-0.01
-9263,2.97,-10660,3.08,564,2,24564,11_41_12_28_10_2024,0.19,9.57,-0.23,0.00,-0.01,-0.01
-9372,2.98,-10857,3.10,565,2,24614,11_41_12_28_10_2024,0.14,9.62,-0.11,0.03,-0.01,-0.01
-9288,2.98,-10826,3.09,564,2,24655,11_41_12_28_10_2024,0.21,9.60,-0.17,0.02,-0.01,0.00
-9276,2.98,-10813,3.09,564,2,24695,11_41_12_28_10_2024,0.07,9.63,-0.15,-0.02,-0.01,-0.02
-9252,2.97,-10843,3.09,565,2,24735,11_41_12_28_10_2024,0.22,9.60,-0.16,-0.00,-0.01,0.00
-9209,2.97,-10843,3.09,565,2,24775,11_41_12_28_10_2024,0.14,9.65,-0.13,-0.00,-0.01,-0.01
-9261,2.97,-10877,3.10,565,2,24815,11_41_12_28_10_2024,0.14,9.60,-0.25,-0.00,-0.01,-0.01
-9355,2.98,-10795,3.09,564,2,24858,11_41_12_28_10_2024,0.16,9.62,-0.13,-0.01,-0.01,-0.01
-9261,2.97,-10745,3.09,565,2,24898,11_41_12_28_10_2024,0.14,9.62,-0.19,0.00,-0.01,-0.01
-9162,2.97,-10669,3.08,564,2,24937,11_41_12_28_10_2024,0.16,9.60,-0.20,-0.00,-0.01,-0.01
-9668,3.01,-10842,3.09,564,2,24978,11_41_12_28_10_2024,0.15,9.61,-0.16,-0.00,-0.01,-0.01
-9259,2.97,-10908,3.10,564,2,25017,11_41_12_28_10_2024,0.15,9.60,-0.18,0.00,-0.01,-0.01
-9370,2.98,-10774,3.09,564,2,25057,11_41_12_28_10_2024,0.14,9.61,-0.22,0.00,-0.01,-0.01
-9271,2.98,-10886,3.10,565,2,25107,11_41_12_28_10_2024,0.17,9.61,-0.15,0.00,-0.01,-0.00
-9304,2.98,-10677,3.08,564,2,25146,11_41_13_28_10_2024,0.14,9.61,-0.19,0.00,-0.01,-0.01
-9225,2.97,-10734,3.09,565,2,25186,11_41_13_28_10_2024,0.15,9.61,-0.19,0.00,-0.01,-0.01
-9368,2.98,-10644,3.08,565,2,25226,11_41_13_28_10_2024,0.16,9.60,-0.16,0.00,-0.01,-0.01
-9372,2.98,-10888,3.10,564,2,25265,11_41_13_28_10_2024,0.15,9.61,-0.18,0.00,-0.01,-0.01
-9385,2.98,-10733,3.09,564,2,25313,11_41_13_28_10_2024,0.15,9.61,-0.19,-0.00,-0.01,-0.01
-9307,2.98,-10660,3.08,565,2,25353,11_41_13_28_10_2024,0.16,9.61,-0.15,-0.00,-0.01,-0.01
-9250,2.97,-10778,3.09,565,2,25392,11_41_13_28_10_2024,0.15,9.61,-0.20,0.00,-0.01,-0.01
-9471,2.99,-10719,3.08,564,2,25433,11_41_13_28_10_2024,0.16,9.61,-0.19,0.00,-0.01,-0.01
-9327,2.98,-10774,3.09,565,2,25472,11_41_13_28_10_2024,0.16,9.60,-0.16,-0.00,-0.01,-0.01
-9330,2.98,-10888,3.10,564,2,25512,11_41_13_28_10_2024,0.14,9.60,-0.19,0.00,-0.01,-0.01
-9107,2.96,-10871,3.10,565,2,25562,11_41_13_28_10_2024,0.16,9.60,-0.17,-0.00,-0.01,-0.01
-9570,3.00,-10752,3.09,564,2,25603,11_41_13_28_10_2024,0.16,9.60,-0.18,0.00,-0.01,-0.01
-9275,2.98,-10800,3.09,564,2,25643,11_41_13_28_10_2024,0.15,9.61,-0.19,0.00,-0.01,-0.01
-9308,2.98,-10770,3.09,565,2,25682,11_41_13_28_10_2024,0.15,9.60,-0.18,-0.00,-0.01,-0.01
-9378,2.98,-10810,3.09,565,2,25722,11_41_13_28_10_2024,0.15,9.61,-0.19,-0.00,-0.01,-0.01
-9346,2.98,-10861,3.10,564,2,25763,11_41_13_28_10_2024,0.15,9.60,-0.19,0.00,-0.01,-0.01
-9216,2.97,-10904,3.10,565,2,25805,11_41_13_28_10_2024,0.16,9.61,-0.18,0.00,-0.01,-0.01
-9663,3.00,-10760,3.09,565,2,25844,11_41_13_28_10_2024,0.16,9.61,-0.18,0.00,-0.01,-0.01
-9441,2.99,-10760,3.09,564,2,25885,11_41_13_28_10_2024,0.16,9.61,-0.18,0.00,-0.01,-0.01
-9342,2.98,-10770,3.09,565,2,25925,11_41_13_28_10_2024,0.15,9.60,-0.18,0.00,-0.01,-0.01
-9421,2.99,-10854,3.10,564,2,25964,11_41_13_28_10_2024,0.16,9.60,-0.18,0.00,-0.01,-0.01
-9611,3.00,-10879,3.10,565,2,26005,11_41_13_28_10_2024,0.15,9.61,-0.19,-0.00,-0.01,-0.01
-9538,3.00,-10785,3.09,564,2,26055,11_41_13_28_10_2024,0.16,9.61,-0.18,0.00,-0.01,-0.01
-9291,2.98,-10898,3.10,565,2,26095,11_41_13_28_10_2024,0.17,9.61,-0.17,-0.00,-0.01,-0.01
-9352,2.98,-10688,3.08,564,2,26135,11_41_13_28_10_2024,0.15,9.61,-0.19,0.00,-0.01,-0.01
-9388,2.98,-10892,3.10,565,2,26174,11_41_14_28_10_2024,0.16,9.61,-0.18,0.00,-0.01,-0.01
-9213,2.97,-10898,3.10,564,2,26214,11_41_14_28_10_2024,0.16,9.61,-0.18,-0.00,-0.01,-0.01
-9451,2.99,-10877,3.10,564,2,26256,11_41_14_28_10_2024,0.15,9.60,-0.18,-0.00,-0.01,-0.01
-9364,2.98,-10948,3.10,565,2,26296,11_41_14_28_10_2024,0.16,9.61,-0.18,-0.00,-0.01,-0.01
-9329,2.98,-10906,3.10,564,2,26336,11_41_14_28_10_2024,0.16,9.61,-0.18,0.00,-0.01,-0.01
-9433,2.99,-10730,3.09,564,2,26376,11_41_14_28_10_2024,0.17,9.61,-0.18,0.00,-0.01,-0.01
-9281,2.98,-11036,3.11,564,2,26415,11_41_14_28_10_2024,-0.03,9.57,0.09,-0.15,-0.02,-0.04
-9195,2.97,-10816,3.09,564,2,26455,11_41_14_28_10_2024,0.19,9.64,-0.14,0.06,-0.00,0.02
-9435,2.99,-10991,3.11,564,2,26505,11_41_14_28_10_2024,0.05,9.59,0.17,-0.21,-0.02,-0.09
-9481,2.99,-10703,3.08,564,2,26546,11_41_14_28_10_2024,0.19,9.65,-0.34,-0.01,-0.02,0.08
-9411,2.99,-10752,3.09,564,2,26586,11_41_14_28_10_2024,0.11,9.81,0.31,-0.20,0.04,-0.23
-9269,2.97,-10808,3.09,564,2,26626,11_41_14_28_10_2024,0.34,9.04,0.45,-0.24,0.06,-0.14
-9429,2.99,-11019,3.11,564,2,26667,11_41_14_28_10_2024,-0.05,10.17,-0.78,0.41,0.03,0.16
-9381,2.98,-10911,3.10,564,2,26708,11_41_14_28_10_2024,0.33,9.56,-0.40,0.49,-0.07,0.44
-9240,2.97,-10824,3.09,564,2,26752,11_41_14_28_10_2024,0.41,10.13,-0.72,0.27,-0.09,0.51
-9387,2.98,-10804,3.09,565,2,26791,11_41_14_28_10_2024,0.42,9.20,-0.24,0.12,-0.08,0.73
-9319,2.98,-10725,3.09,564,2,26831,11_41_14_28_10_2024,0.87,9.76,-0.85,0.27,-0.05,0.39
-9344,2.98,-10745,3.09,564,2,26871,11_41_14_28_10_2024,1.20,9.10,-1.38,0.95,-0.06,0.76
-9003,2.95,-10853,3.09,561,2,26911,11_41_14_28_10_2024,1.52,9.59,-1.43,0.42,-0.04,0.54
-9350,2.98,-10749,3.09,563,2,26951,11_41_14_28_10_2024,1.41,9.19,-1.40,-0.14,0.04,0.10
-8921,2.95,-10842,3.09,565,2,27001,11_41_14_28_10_2024,1.56,9.27,-1.27,0.24,0.02,-0.07
-9419,2.99,-10608,3.08,564,2,27040,11_41_14_28_10_2024,0.96,9.55,-1.65,0.24,-0.02,-0.13
-9380,2.98,-10760,3.09,564,2,27081,11_41_14_28_10_2024,1.72,9.64,-1.60,0.07,-0.01,-0.11
-9026,2.96,-10710,3.08,564,2,27120,11_41_14_28_10_2024,1.62,9.82,-0.38,-0.05,0.18,-0.35
-9306,2.98,-10490,3.07,564,2,27160,11_41_15_28_10_2024,0.91,9.71,-1.41,0.21,-0.01,-0.19
-9255,2.97,-10768,3.09,564,2,27203,11_41_15_28_10_2024,1.13,9.83,-1.78,-0.38,0.19,0.32
-9206,2.97,-10658,3.08,565,2,27242,11_41_15_28_10_2024,1.89,9.11,-0.88,-0.28,0.00,0.56
-9293,2.98,-10691,3.08,565,2,27282,11_41_15_28_10_2024,1.80,10.13,-0.42,-0.05,-0.07,-0.77
-9228,2.97,-10612,3.08,567,2,27322,11_41_15_28_10_2024,0.42,12.90,-1.20,-0.25,0.46,-0.49
-9251,2.97,-11026,3.11,569,2,27361,11_41_15_28_10_2024,1.47,9.95,-1.60,-0.11,0.23,0.05
-9109,2.96,-10758,3.09,581,2,27401,11_41_15_28_10_2024,0.64,8.87,-2.03,-0.09,0.41,0.64
-9099,2.96,-10869,3.10,580,2,27451,11_41_15_28_10_2024,1.82,9.37,-1.39,0.07,0.51,0.36
-9360,2.98,-10794,3.09,582,2,27491,11_41_15_28_10_2024,1.79,9.47,-1.21,-0.06,0.48,-0.09
-9155,2.97,-10804,3.09,583,2,27532,11_41_15_28_10_2024,1.84,9.41,-0.61,-0.05,0.05,-0.20
-9265,2.97,-10613,3.08,581,2,27571,11_41_15_28_10_2024,1.79,9.50,-0.47,-0.54,0.23,-0.07
-9177,2.97,-10781,3.09,578,2,27611,11_41_15_28_10_2024,2.37,9.80,0.06,0.23,-0.38,-0.39
-9235,2.97,-10661,3.08,569,2,27652,11_41_15_28_10_2024,1.59,9.12,-1.41,-0.38,-0.46,1.14
-9194,2.97,-10630,3.08,563,2,27695,11_41_15_28_10_2024,2.52,10.46,0.37,0.03,0.14,0.17
-9232,2.97,-10931,3.10,562,2,27735,11_41_15_28_10_2024,1.88,10.13,-1.16,-0.17,0.18,0.05
-9135,2.96,-10749,3.09,570,2,27777,11_41_15_28_10_2024,1.68,8.21,-1.30,-0.03,0.32,-0.11
-9090,2.96,-10877,3.10,576,2,27817,11_41_15_28_10_2024,2.18,9.07,-0.70,-0.06,0.18,-0.04
-9339,2.98,-10931,3.10,564,2,27858,11_41_15_28_10_2024,1.63,9.36,0.38,-1.53,-0.48,-2.79
-8938,2.95,-10828,3.09,565,2,27897,11_41_15_28_10_2024,0.75,10.47,-0.49,-0.30,-0.94,-1.42
-8927,2.95,-10972,3.10,565,2,27948,11_41_15_28_10_2024,0.05,9.92,0.24,-0.09,-0.16,-0.87
-9140,2.97,-10767,3.09,564,2,27988,11_41_15_28_10_2024,0.13,9.32,0.05,-0.34,-0.36,-0.96
-9165,2.97,-10926,3.10,565,2,28027,11_41_15_28_10_2024,-0.58,9.05,-0.03,-0.60,-0.17,-0.43
-9020,2.96,-10712,3.08,565,2,28068,11_41_15_28_10_2024,-0.91,9.77,0.08,-0.41,-0.04,-0.23
-8853,2.94,-10572,3.07,564,2,28107,11_41_15_28_10_2024,-0.49,9.93,0.62,-0.59,0.04,0.04
-8886,2.95,-10673,3.08,565,2,28150,11_41_16_28_10_2024,-0.60,9.75,0.85,-0.78,0.15,0.06
-9097,2.96,-10719,3.08,564,2,28191,11_41_16_28_10_2024,-0.66,9.29,0.76,-0.49,0.11,-0.12
-9268,2.97,-10911,3.10,564,2,28230,11_41_16_28_10_2024,-0.51,9.80,1.42,-0.43,0.04,-0.03
-9212,2.97,-10784,3.09,564,2,28270,11_41_16_28_10_2024,-0.62,9.56,1.37,-0.34,0.13,-0.48
-9245,2.97,-10733,3.09,565,2,28310,11_41_16_28_10_2024,-1.12,9.34,0.99,-0.40,0.17,-0.10
